{"loss": 3.0076277256011963, "class_log_probabilities": [-0.2287789136171341, -6.667695045471191, -6.775392532348633, -8.508087158203125], "predictions": [23, 26, 4, 4, 4, 4], "target_tokens": ["[IN:SEND_MESSAGE", "[SL:GROUP", "@ptr6", "SL:GROUP]", "IN:SEND_MESSAGE]"], "predicted_tokens": ["[IN:SEND_MESSAGE", "IN:SEND_MESSAGE]"]}
{"loss": 2.9096226692199707, "class_log_probabilities": [-2.315629482269287, -3.592120409011841, -4.356308937072754, -4.954164028167725], "predictions": [23, 8, 401, 402, 403, 404, 405, 406, 25, 26, 4, 4, 4, 4], "target_tokens": ["[IN:SEND_MESSAGE", "[SL:GROUP", "@ptr8", "@ptr9", "@ptr10", "@ptr11", "SL:GROUP]", "IN:SEND_MESSAGE]"], "predicted_tokens": ["[IN:SEND_MESSAGE", "[SL:TYPE_CONTENT", "@ptr6", "@ptr7", "@ptr8", "@ptr9", "@ptr10", "@ptr11", "SL:CONTENT_EXACT]", "IN:SEND_MESSAGE]"]}
{"loss": 1.0260885953903198, "class_log_probabilities": [-1.1958661079406738, -3.337332248687744, -4.099674224853516, -4.815724849700928], "predictions": [23, 269, 400, 270, 26, 4, 4], "target_tokens": ["[IN:SEND_MESSAGE", "[SL:GROUP", "@ptr5", "SL:GROUP]", "IN:SEND_MESSAGE]"], "predicted_tokens": ["[IN:SEND_MESSAGE", "[SL:GROUP", "@ptr5", "SL:GROUP]", "IN:SEND_MESSAGE]"]}
{"loss": 1.1907190084457397, "class_log_probabilities": [-3.248638153076172, -3.347710609436035, -4.325159072875977, -5.673692226409912], "predictions": [23, 10, 401, 11, 10, 403, 11, 10, 403, 11, 8, 406, 9, 26, 4, 4], "target_tokens": ["[IN:SEND_MESSAGE", "[SL:RECIPIENT", "@ptr6", "SL:RECIPIENT]", "[SL:RECIPIENT", "@ptr8", "SL:RECIPIENT]", "[SL:TYPE_CONTENT", "@ptr11", "SL:TYPE_CONTENT]", "IN:SEND_MESSAGE]"], "predicted_tokens": ["[IN:SEND_MESSAGE", "[SL:RECIPIENT", "@ptr6", "SL:RECIPIENT]", "[SL:RECIPIENT", "@ptr8", "SL:RECIPIENT]", "[SL:RECIPIENT", "@ptr8", "SL:RECIPIENT]", "[SL:TYPE_CONTENT", "@ptr11", "SL:TYPE_CONTENT]", "IN:SEND_MESSAGE]"]}
{"loss": 2.186192035675049, "class_log_probabilities": [-1.3458034992218018, -3.5341832637786865, -3.571687698364258, -4.587141990661621], "predictions": [23, 8, 397, 9, 10, 401, 402, 403, 11, 26, 4], "target_tokens": ["[IN:SEND_MESSAGE", "[SL:TYPE_CONTENT", "@ptr2", "SL:TYPE_CONTENT]", "[SL:GROUP", "@ptr7", "SL:GROUP]", "IN:SEND_MESSAGE]"], "predicted_tokens": ["[IN:SEND_MESSAGE", "[SL:TYPE_CONTENT", "@ptr2", "SL:TYPE_CONTENT]", "[SL:RECIPIENT", "@ptr6", "@ptr7", "@ptr8", "SL:RECIPIENT]", "IN:SEND_MESSAGE]"]}
{"loss": 1.0386466979980469, "class_log_probabilities": [-0.6470258235931396, -4.384893894195557, -4.771888256072998, -4.889269828796387], "predictions": [5, 59, 70, 71, 401, 72, 6, 402, 7, 73, 60, 12, 4], "target_tokens": ["[IN:GET_MESSAGE", "[SL:SENDER", "[IN:GET_CONTACT", "[SL:TYPE_RELATION", "@ptr6", "SL:TYPE_RELATION]", "[SL:CONTACT", "@ptr7", "SL:CONTACT]", "IN:GET_CONTACT]", "SL:SENDER]", "IN:GET_MESSAGE]"], "predicted_tokens": ["[IN:GET_MESSAGE", "[SL:SENDER", "[IN:GET_CONTACT", "[SL:TYPE_RELATION", "@ptr6", "SL:TYPE_RELATION]", "[SL:CONTACT", "@ptr7", "SL:CONTACT]", "IN:GET_CONTACT]", "SL:SENDER]", "IN:GET_MESSAGE]"]}
{"loss": 4.406684398651123, "class_log_probabilities": [-2.049161195755005, -3.9239118099212646, -4.7403411865234375, -5.055656433105469], "predictions": [23, 10, 395, 11, 8, 397, 9, 10, 399, 11, 26, 4], "target_tokens": ["[IN:GET_MESSAGE", "[SL:SENDER", "@ptr4", "SL:SENDER]", "IN:GET_MESSAGE]"], "predicted_tokens": ["[IN:SEND_MESSAGE", "[SL:RECIPIENT", "@ptr0", "SL:RECIPIENT]", "[SL:TYPE_CONTENT", "@ptr2", "SL:TYPE_CONTENT]", "[SL:RECIPIENT", "@ptr4", "SL:RECIPIENT]", "IN:SEND_MESSAGE]"]}
{"loss": 1.2014281749725342, "class_log_probabilities": [-2.2854790687561035, -3.6758198738098145, -5.384036540985107, -6.110016822814941], "predictions": [23, 76, 403, 77, 26, 4, 4, 4, 4], "target_tokens": ["[IN:SEND_MESSAGE", "[SL:NAME_APP", "@ptr8", "SL:NAME_APP]", "IN:SEND_MESSAGE]"], "predicted_tokens": ["[IN:SEND_MESSAGE", "[SL:NAME_APP", "@ptr8", "SL:NAME_APP]", "IN:SEND_MESSAGE]"]}
{"loss": 2.9006330966949463, "class_log_probabilities": [-2.6058592796325684, -3.315566062927246, -3.5492844581604004, -4.862260818481445], "predictions": [23, 8, 405, 9, 10, 408, 11, 26, 4, 4, 4, 4], "target_tokens": ["[IN:SEND_MESSAGE", "[SL:TYPE_CONTENT", "@ptr10", "SL:TYPE_CONTENT]", "[SL:RECIPIENT", "@ptr12", "SL:RECIPIENT]", "[SL:NAME_APP", "@ptr14", "SL:NAME_APP]", "IN:SEND_MESSAGE]"], "predicted_tokens": ["[IN:SEND_MESSAGE", "[SL:TYPE_CONTENT", "@ptr10", "SL:TYPE_CONTENT]", "[SL:RECIPIENT", "@ptr13", "SL:RECIPIENT]", "IN:SEND_MESSAGE]"]}
{"loss": 1.2460845708847046, "class_log_probabilities": [-0.5258561968803406, -2.2618725299835205, -7.417385578155518, -7.578483581542969], "predictions": [75, 6, 401, 7, 78, 4, 4, 4], "target_tokens": ["[IN:CREATE_CALL", "[SL:CONTACT", "@ptr5", "SL:CONTACT]", "IN:CREATE_CALL]"], "predicted_tokens": ["[IN:CREATE_CALL", "[SL:CONTACT", "@ptr6", "SL:CONTACT]", "IN:CREATE_CALL]"]}
{"loss": 1.212146282196045, "class_log_probabilities": [-2.4504966735839844, -2.930133104324341, -3.07600474357605, -3.1401913166046143], "predictions": [75, 269, 404, 406, 270, 78, 4, 4], "target_tokens": ["[IN:CREATE_CALL", "[SL:GROUP", "@ptr9", "@ptr10", "@ptr11", "SL:GROUP]", "IN:CREATE_CALL]"], "predicted_tokens": ["[IN:CREATE_CALL", "[SL:GROUP", "@ptr9", "@ptr11", "SL:GROUP]", "IN:CREATE_CALL]"]}
{"loss": 1.6684390306472778, "class_log_probabilities": [-0.883081316947937, -2.558609962463379, -5.483009338378906, -5.7451395988464355], "predictions": [75, 6, 397, 7, 78, 4, 4], "target_tokens": ["[IN:CREATE_CALL", "[SL:GROUP", "@ptr2", "SL:GROUP]", "IN:CREATE_CALL]"], "predicted_tokens": ["[IN:CREATE_CALL", "[SL:CONTACT", "@ptr2", "SL:CONTACT]", "IN:CREATE_CALL]"]}
{"loss": 1.7600106000900269, "class_log_probabilities": [-1.1210038661956787, -2.3599774837493896, -3.8555665016174316, -4.206160068511963], "predictions": [75, 269, 399, 400, 270, 76, 402, 77, 78, 4], "target_tokens": ["[IN:CREATE_CALL", "[SL:GROUP", "@ptr4", "SL:GROUP]", "[SL:NAME_APP", "@ptr6", "SL:NAME_APP]", "IN:CREATE_CALL]"], "predicted_tokens": ["[IN:CREATE_CALL", "[SL:GROUP", "@ptr4", "@ptr5", "SL:GROUP]", "[SL:NAME_APP", "@ptr7", "SL:NAME_APP]", "IN:CREATE_CALL]"]}
{"loss": 1.0913240909576416, "class_log_probabilities": [-1.867726445198059, -3.3116137981414795, -3.9770383834838867, -4.965510845184326], "predictions": [247, 156, 403, 404, 405, 406, 157, 248, 4], "target_tokens": ["[IN:SET_RSVP_INTERESTED", "[SL:TITLE_EVENT", "@ptr8", "@ptr9", "@ptr10", "@ptr11", "SL:TITLE_EVENT]", "IN:SET_RSVP_INTERESTED]"], "predicted_tokens": ["[IN:SET_RSVP_INTERESTED", "[SL:TITLE_EVENT", "@ptr8", "@ptr9", "@ptr10", "@ptr11", "SL:TITLE_EVENT]", "IN:SET_RSVP_INTERESTED]"]}
{"loss": 1.2767667770385742, "class_log_probabilities": [-1.2390798330307007, -3.9185216426849365, -5.428134918212891, -5.615159034729004], "predictions": [247, 156, 398, 399, 400, 401, 402, 403, 157, 248, 4], "target_tokens": ["[IN:SET_RSVP_INTERESTED", "[SL:TITLE_EVENT", "@ptr4", "@ptr5", "@ptr6", "@ptr7", "@ptr8", "SL:TITLE_EVENT]", "IN:SET_RSVP_INTERESTED]"], "predicted_tokens": ["[IN:SET_RSVP_INTERESTED", "[SL:TITLE_EVENT", "@ptr3", "@ptr4", "@ptr5", "@ptr6", "@ptr7", "@ptr8", "SL:TITLE_EVENT]", "IN:SET_RSVP_INTERESTED]"]}
{"loss": 1.1528676748275757, "class_log_probabilities": [-1.785645604133606, -1.933089256286621, -2.4943108558654785, -3.864077568054199], "predictions": [247, 20, 404, 21, 248, 4], "target_tokens": ["[IN:SET_RSVP_INTERESTED", "[SL:ORDINAL", "@ptr9", "SL:ORDINAL]", "IN:SET_RSVP_INTERESTED]"], "predicted_tokens": ["[IN:SET_RSVP_INTERESTED", "[SL:ORDINAL", "@ptr9", "SL:ORDINAL]", "IN:SET_RSVP_INTERESTED]"]}
{"loss": 4.474833011627197, "class_log_probabilities": [-1.24570631980896, -2.5561771392822266, -3.788986921310425, -4.200340747833252], "predictions": [23, 10, 395, 11, 24, 400, 401, 402, 403, 404, 405, 406, 407, 25, 26, 4, 4], "target_tokens": ["[IN:SET_RSVP_NO", "[SL:TITLE_EVENT", "@ptr9", "@ptr10", "@ptr11", "@ptr12", "SL:TITLE_EVENT]", "IN:SET_RSVP_NO]"], "predicted_tokens": ["[IN:SEND_MESSAGE", "[SL:RECIPIENT", "@ptr0", "SL:RECIPIENT]", "[SL:CONTENT_EXACT", "@ptr5", "@ptr6", "@ptr7", "@ptr8", "@ptr9", "@ptr10", "@ptr11", "@ptr12", "SL:CONTENT_EXACT]", "IN:SEND_MESSAGE]"]}
{"loss": 1.6820175647735596, "class_log_probabilities": [-2.2510437965393066, -2.3912270069122314, -3.466269016265869, -4.029658794403076], "predictions": [327, 8, 401, 9, 10, 403, 11, 328, 4], "target_tokens": ["[IN:CANCEL_MESSAGE", "[SL:TYPE_CONTENT", "@ptr5", "SL:TYPE_CONTENT]", "[SL:RECIPIENT", "@ptr7", "SL:RECIPIENT]", "IN:CANCEL_MESSAGE]"], "predicted_tokens": ["[IN:CANCEL_MESSAGE", "[SL:TYPE_CONTENT", "@ptr6", "SL:TYPE_CONTENT]", "[SL:RECIPIENT", "@ptr8", "SL:RECIPIENT]", "IN:CANCEL_MESSAGE]"]}
{"loss": 0.9981456398963928, "class_log_probabilities": [-0.1402975171804428, -7.504971981048584, -7.5507378578186035, -7.5579833984375], "predictions": [245, 246, 4], "target_tokens": ["[IN:UPDATE_METHOD_CALL", "IN:UPDATE_METHOD_CALL]"], "predicted_tokens": ["[IN:UPDATE_METHOD_CALL", "IN:UPDATE_METHOD_CALL]"]}
{"loss": 1.8848845958709717, "class_log_probabilities": [-0.9705193042755127, -3.34871768951416, -3.3868045806884766, -3.4465696811676025], "predictions": [183, 16, 397, 17, 16, 399, 400, 17, 184, 4, 4], "target_tokens": ["[IN:ADD_TIME_TIMER", "[SL:METHOD_TIMER", "@ptr2", "SL:METHOD_TIMER]", "[SL:DATE_TIME", "@ptr3", "@ptr4", "@ptr5", "SL:DATE_TIME]", "IN:ADD_TIME_TIMER]"], "predicted_tokens": ["[IN:ADD_TIME_TIMER", "[SL:DATE_TIME", "@ptr2", "SL:DATE_TIME]", "[SL:DATE_TIME", "@ptr4", "@ptr5", "SL:DATE_TIME]", "IN:ADD_TIME_TIMER]"]}
{"loss": 4.298447132110596, "class_log_probabilities": [-2.033824920654297, -2.9833388328552246, -3.4956746101379395, -4.573276042938232], "predictions": [27, 30, 4, 4, 4, 4], "target_tokens": ["[IN:GET_TIMER", "[SL:TIMER_NAME", "@ptr12", "@ptr13", "@ptr14", "@ptr15", "SL:TIMER_NAME]", "[SL:METHOD_TIMER", "@ptr10", "SL:METHOD_TIMER]", "IN:GET_TIMER]"], "predicted_tokens": ["[IN:GET_INFO_RECIPES", "IN:GET_INFO_RECIPES]"]}
{"loss": 0.962935209274292, "class_log_probabilities": [-0.19405372440814972, -6.230057239532471, -7.357922077178955, -7.581662178039551], "predictions": [81, 82, 4], "target_tokens": ["[IN:END_CALL", "IN:END_CALL]"], "predicted_tokens": ["[IN:END_CALL", "IN:END_CALL]"]}
{"loss": 1.9221630096435547, "class_log_probabilities": [-1.3733880519866943, -4.684630870819092, -4.8783698081970215, -5.058464527130127], "predictions": [63, 66, 395, 396, 397, 398, 67, 68, 4], "target_tokens": ["[IN:PLAY_MUSIC", "[SL:MUSIC_ARTIST_NAME", "@ptr1", "@ptr2", "@ptr3", "SL:MUSIC_ARTIST_NAME]", "IN:PLAY_MUSIC]"], "predicted_tokens": ["[IN:PLAY_MUSIC", "[SL:MUSIC_ARTIST_NAME", "@ptr0", "@ptr1", "@ptr2", "@ptr3", "SL:MUSIC_ARTIST_NAME]", "IN:PLAY_MUSIC]"]}
{"loss": 2.0824296474456787, "class_log_probabilities": [-0.4820944368839264, -6.4049224853515625, -7.364598274230957, -7.483478546142578], "predictions": [63, 66, 395, 396, 397, 67, 68, 4], "target_tokens": ["[IN:PLAY_MUSIC", "[SL:MUSIC_ARTIST_NAME", "@ptr1", "@ptr2", "SL:MUSIC_ARTIST_NAME]", "IN:PLAY_MUSIC]"], "predicted_tokens": ["[IN:PLAY_MUSIC", "[SL:MUSIC_ARTIST_NAME", "@ptr0", "@ptr1", "@ptr2", "SL:MUSIC_ARTIST_NAME]", "IN:PLAY_MUSIC]"]}
{"loss": 1.7917656898498535, "class_log_probabilities": [-0.48160797357559204, -6.716407299041748, -7.037137031555176, -7.313894748687744], "predictions": [45, 16, 399, 400, 401, 17, 46, 4, 4], "target_tokens": ["[IN:CREATE_ALARM", "[SL:DATE_TIME", "@ptr3", "@ptr4", "@ptr5", "@ptr6", "SL:DATE_TIME]", "IN:CREATE_ALARM]"], "predicted_tokens": ["[IN:CREATE_ALARM", "[SL:DATE_TIME", "@ptr4", "@ptr5", "@ptr6", "SL:DATE_TIME]", "IN:CREATE_ALARM]"]}
{"loss": 1.5159310102462769, "class_log_probabilities": [-1.0356651544570923, -3.4605910778045654, -4.653306007385254, -6.3258161544799805], "predictions": [45, 16, 399, 400, 401, 402, 403, 17, 46, 4, 4, 4, 4], "target_tokens": ["[IN:CREATE_ALARM", "[SL:DATE_TIME", "@ptr4", "@ptr5", "@ptr6", "@ptr7", "SL:DATE_TIME]", "IN:CREATE_ALARM]"], "predicted_tokens": ["[IN:CREATE_ALARM", "[SL:DATE_TIME", "@ptr4", "@ptr5", "@ptr6", "@ptr7", "@ptr8", "SL:DATE_TIME]", "IN:CREATE_ALARM]"]}
{"loss": 4.503171443939209, "class_log_probabilities": [-2.5471320152282715, -3.828925848007202, -3.906245231628418, -5.837090492248535], "predictions": [27, 113, 397, 114, 129, 402, 130, 30, 4, 4], "target_tokens": ["[IN:CREATE_TIMER", "[SL:TIMER_NAME", "@ptr4", "@ptr5", "@ptr6", "@ptr7", "SL:TIMER_NAME]", "[SL:METHOD_TIMER", "@ptr2", "SL:METHOD_TIMER]", "IN:CREATE_TIMER]"], "predicted_tokens": ["[IN:GET_INFO_RECIPES", "[SL:RECIPES_COOKING_METHOD", "@ptr2", "SL:RECIPES_COOKING_METHOD]", "[SL:RECIPES_INCLUDED_INGREDIENT", "@ptr7", "SL:RECIPES_INCLUDED_INGREDIENT]", "IN:GET_INFO_RECIPES]"]}
{"loss": 2.6179986000061035, "class_log_probabilities": [-5.194388389587402, -5.315606594085693, -5.664650917053223, -6.409492492675781], "predictions": [27, 16, 396, 397, 398, 17, 113, 401, 114, 30, 4], "target_tokens": ["[IN:ADD_TIME_TIMER", "[SL:DATE_TIME", "@ptr1", "@ptr2", "SL:DATE_TIME]", "[SL:TIMER_NAME", "@ptr6", "SL:TIMER_NAME]", "[SL:METHOD_TIMER", "@ptr5", "SL:METHOD_TIMER]", "IN:ADD_TIME_TIMER]"], "predicted_tokens": ["[IN:GET_INFO_RECIPES", "[SL:DATE_TIME", "@ptr1", "@ptr2", "@ptr3", "SL:DATE_TIME]", "[SL:RECIPES_COOKING_METHOD", "@ptr6", "SL:RECIPES_COOKING_METHOD]", "IN:GET_INFO_RECIPES]"]}
{"loss": 5.407193660736084, "class_log_probabilities": [-0.5215185284614563, -4.976784706115723, -5.3852386474609375, -6.414596080780029], "predictions": [23, 10, 395, 396, 11, 26, 4], "target_tokens": ["[IN:CREATE_CALL", "[SL:NAME_APP", "@ptr3", "SL:NAME_APP]", "[SL:CONTACT", "@ptr1", "SL:CONTACT]", "IN:CREATE_CALL]"], "predicted_tokens": ["[IN:SEND_MESSAGE", "[SL:RECIPIENT", "@ptr0", "@ptr1", "SL:RECIPIENT]", "IN:SEND_MESSAGE]"]}
{"loss": 1.8850538730621338, "class_log_probabilities": [-0.9807826280593872, -4.602487087249756, -5.531492710113525, -5.835229873657227], "predictions": [75, 6, 397, 7, 6, 398, 7, 78, 4], "target_tokens": ["[IN:CREATE_CALL", "[SL:CONTACT", "@ptr1", "SL:CONTACT]", "[SL:CONTACT", "@ptr3", "SL:CONTACT]", "IN:CREATE_CALL]"], "predicted_tokens": ["[IN:CREATE_CALL", "[SL:CONTACT", "@ptr2", "SL:CONTACT]", "[SL:CONTACT", "@ptr3", "SL:CONTACT]", "IN:CREATE_CALL]"]}
{"loss": 1.882438063621521, "class_log_probabilities": [-0.7164718508720398, -5.384339332580566, -5.52861213684082, -5.78672981262207], "predictions": [75, 6, 397, 7, 6, 398, 7, 78, 4], "target_tokens": ["[IN:CREATE_CALL", "[SL:CONTACT", "@ptr1", "SL:CONTACT]", "[SL:CONTACT", "@ptr3", "SL:CONTACT]", "IN:CREATE_CALL]"], "predicted_tokens": ["[IN:CREATE_CALL", "[SL:CONTACT", "@ptr2", "SL:CONTACT]", "[SL:CONTACT", "@ptr3", "SL:CONTACT]", "IN:CREATE_CALL]"]}
{"loss": 4.318933963775635, "class_log_probabilities": [-0.503994345664978, -6.185516834259033, -7.27589750289917, -7.315058708190918], "predictions": [75, 6, 395, 396, 397, 7, 78, 4, 4, 4], "target_tokens": ["[IN:UPDATE_CALL", "[SL:CONTACT_REMOVED", "@ptr1", "@ptr2", "SL:CONTACT_REMOVED]", "IN:UPDATE_CALL]"], "predicted_tokens": ["[IN:CREATE_CALL", "[SL:CONTACT", "@ptr0", "@ptr1", "@ptr2", "SL:CONTACT]", "IN:CREATE_CALL]"]}
{"loss": 1.9919785261154175, "class_log_probabilities": [-2.5159409046173096, -3.453956365585327, -3.53212571144104, -6.128284454345703], "predictions": [63, 68, 4, 4, 4, 4], "target_tokens": ["[IN:GET_EVENT", "[SL:CATEGORY_EVENT", "@ptr5", "SL:CATEGORY_EVENT]", "IN:GET_EVENT]"], "predicted_tokens": ["[IN:PLAY_MUSIC", "IN:PLAY_MUSIC]"]}
{"loss": 2.8356008529663086, "class_log_probabilities": [-0.2787068784236908, -7.783548355102539, -7.821671485900879, -7.923757553100586], "predictions": [211, 6, 401, 7, 212, 4], "target_tokens": ["[IN:GET_LOCATION", "[SL:TITLE_EVENT", "@ptr6", "SL:TITLE_EVENT]", "IN:GET_LOCATION]"], "predicted_tokens": ["[IN:GET_LOCATION", "[SL:CONTACT", "@ptr6", "SL:CONTACT]", "IN:GET_LOCATION]"]}
{"loss": 1.7868671417236328, "class_log_probabilities": [-3.1661758422851562, -3.972076892852783, -4.124645233154297, -4.302623748779297], "predictions": [61, 14, 403, 404, 405, 15, 16, 407, 17, 62, 4], "target_tokens": ["[IN:GET_EVENT", "[SL:LOCATION", "@ptr8", "@ptr9", "SL:LOCATION]", "[SL:DATE_TIME", "@ptr10", "@ptr11", "SL:DATE_TIME]", "IN:GET_EVENT]"], "predicted_tokens": ["[IN:GET_EVENT", "[SL:LOCATION", "@ptr8", "@ptr9", "@ptr10", "SL:LOCATION]", "[SL:DATE_TIME", "@ptr12", "SL:DATE_TIME]", "IN:GET_EVENT]"]}
{"loss": 0.9576900005340576, "class_log_probabilities": [-0.38214653730392456, -6.93205451965332, -7.304649829864502, -7.555459976196289], "predictions": [75, 6, 399, 7, 78, 4, 4, 4], "target_tokens": ["[IN:CREATE_CALL", "[SL:CONTACT", "@ptr4", "SL:CONTACT]", "IN:CREATE_CALL]"], "predicted_tokens": ["[IN:CREATE_CALL", "[SL:CONTACT", "@ptr4", "SL:CONTACT]", "IN:CREATE_CALL]"]}
{"loss": 0.9595432281494141, "class_log_probabilities": [-0.47300419211387634, -6.064585208892822, -7.242987155914307, -7.363868713378906], "predictions": [75, 6, 400, 401, 7, 78, 4, 4, 4], "target_tokens": ["[IN:CREATE_CALL", "[SL:CONTACT", "@ptr5", "@ptr6", "SL:CONTACT]", "IN:CREATE_CALL]"], "predicted_tokens": ["[IN:CREATE_CALL", "[SL:CONTACT", "@ptr5", "@ptr6", "SL:CONTACT]", "IN:CREATE_CALL]"]}
{"loss": 1.1226509809494019, "class_log_probabilities": [-1.06984281539917, -1.3747906684875488, -7.127262115478516, -7.703100204467773], "predictions": [23, 8, 400, 9, 26, 4], "target_tokens": ["[IN:SEND_MESSAGE", "[SL:TYPE_CONTENT", "@ptr4", "SL:TYPE_CONTENT]", "IN:SEND_MESSAGE]"], "predicted_tokens": ["[IN:SEND_MESSAGE", "[SL:TYPE_CONTENT", "@ptr5", "SL:TYPE_CONTENT]", "IN:SEND_MESSAGE]"]}
{"loss": 0.9781679511070251, "class_log_probabilities": [-1.0804814100265503, -4.251091003417969, -4.61588716506958, -5.036562442779541], "predictions": [23, 8, 401, 9, 10, 403, 11, 26, 4, 4, 4, 4], "target_tokens": ["[IN:SEND_MESSAGE", "[SL:TYPE_CONTENT", "@ptr6", "SL:TYPE_CONTENT]", "[SL:RECIPIENT", "@ptr8", "SL:RECIPIENT]", "IN:SEND_MESSAGE]"], "predicted_tokens": ["[IN:SEND_MESSAGE", "[SL:TYPE_CONTENT", "@ptr6", "SL:TYPE_CONTENT]", "[SL:RECIPIENT", "@ptr8", "SL:RECIPIENT]", "IN:SEND_MESSAGE]"]}
{"loss": 1.1798133850097656, "class_log_probabilities": [-1.4303135871887207, -1.641515851020813, -2.6020047664642334, -3.576629638671875], "predictions": [23, 8, 398, 9, 10, 401, 11, 26, 4], "target_tokens": ["[IN:SEND_MESSAGE", "[SL:TYPE_CONTENT", "@ptr3", "SL:TYPE_CONTENT]", "[SL:RECIPIENT", "@ptr5", "SL:RECIPIENT]", "IN:SEND_MESSAGE]"], "predicted_tokens": ["[IN:SEND_MESSAGE", "[SL:TYPE_CONTENT", "@ptr3", "SL:TYPE_CONTENT]", "[SL:RECIPIENT", "@ptr6", "SL:RECIPIENT]", "IN:SEND_MESSAGE]"]}
{"loss": 0.9807527661323547, "class_log_probabilities": [-0.34049469232559204, -7.292664527893066, -7.356205940246582, -7.517403602600098], "predictions": [23, 8, 398, 9, 26, 4, 4, 4, 4], "target_tokens": ["[IN:SEND_MESSAGE", "[SL:TYPE_CONTENT", "@ptr3", "SL:TYPE_CONTENT]", "IN:SEND_MESSAGE]"], "predicted_tokens": ["[IN:SEND_MESSAGE", "[SL:TYPE_CONTENT", "@ptr3", "SL:TYPE_CONTENT]", "IN:SEND_MESSAGE]"]}
{"loss": 2.365482807159424, "class_log_probabilities": [-0.8278906941413879, -3.148426055908203, -4.94735860824585, -5.262048244476318], "predictions": [75, 6, 399, 400, 401, 7, 78, 4, 4], "target_tokens": ["[IN:CREATE_CALL", "[SL:CONTACT", "@ptr3", "@ptr4", "@ptr5", "SL:CONTACT]", "IN:CREATE_CALL]"], "predicted_tokens": ["[IN:CREATE_CALL", "[SL:CONTACT", "@ptr4", "@ptr5", "@ptr6", "SL:CONTACT]", "IN:CREATE_CALL]"]}
{"loss": 2.4902455806732178, "class_log_probabilities": [-0.8615919947624207, -3.4543027877807617, -4.787817478179932, -4.822368621826172], "predictions": [75, 6, 399, 400, 401, 7, 78, 4, 4], "target_tokens": ["[IN:CREATE_CALL", "[SL:CONTACT", "@ptr3", "@ptr4", "@ptr5", "SL:CONTACT]", "IN:CREATE_CALL]"], "predicted_tokens": ["[IN:CREATE_CALL", "[SL:CONTACT", "@ptr4", "@ptr5", "@ptr6", "SL:CONTACT]", "IN:CREATE_CALL]"]}
{"loss": 0.9809451699256897, "class_log_probabilities": [-0.7081563472747803, -6.185837745666504, -6.252665996551514, -6.600793361663818], "predictions": [107, 108, 70, 93, 396, 94, 71, 397, 72, 73, 109, 110, 4], "target_tokens": ["[IN:UPDATE_CALL", "[SL:CONTACT_ADDED", "[IN:GET_CONTACT", "[SL:CONTACT_RELATED", "@ptr1", "SL:CONTACT_RELATED]", "[SL:TYPE_RELATION", "@ptr2", "SL:TYPE_RELATION]", "IN:GET_CONTACT]", "SL:CONTACT_ADDED]", "IN:UPDATE_CALL]"], "predicted_tokens": ["[IN:UPDATE_CALL", "[SL:CONTACT_ADDED", "[IN:GET_CONTACT", "[SL:CONTACT_RELATED", "@ptr1", "SL:CONTACT_RELATED]", "[SL:TYPE_RELATION", "@ptr2", "SL:TYPE_RELATION]", "IN:GET_CONTACT]", "SL:CONTACT_ADDED]", "IN:UPDATE_CALL]"]}
{"loss": 0.9927317500114441, "class_log_probabilities": [-0.32642561197280884, -4.499917507171631, -5.549675464630127, -6.439695835113525], "predictions": [107, 108, 396, 109, 110, 4], "target_tokens": ["[IN:UPDATE_CALL", "[SL:CONTACT_ADDED", "@ptr1", "SL:CONTACT_ADDED]", "IN:UPDATE_CALL]"], "predicted_tokens": ["[IN:UPDATE_CALL", "[SL:CONTACT_ADDED", "@ptr1", "SL:CONTACT_ADDED]", "IN:UPDATE_CALL]"]}
{"loss": 2.3644206523895264, "class_log_probabilities": [-0.9727526903152466, -1.3136444091796875, -5.964874744415283, -6.0545783042907715], "predictions": [185, 16, 401, 17, 186, 4, 4], "target_tokens": ["[IN:GET_CALL", "[SL:DATE_TIME", "@ptr5", "@ptr6", "SL:DATE_TIME]", "IN:GET_CALL]"], "predicted_tokens": ["[IN:GET_CALL", "[SL:DATE_TIME", "@ptr6", "SL:DATE_TIME]", "IN:GET_CALL]"]}
{"loss": 1.0149128437042236, "class_log_probabilities": [-0.1319669783115387, -6.7465057373046875, -6.863128662109375, -6.885061264038086], "predictions": [209, 210, 4], "target_tokens": ["[IN:GET_CALL_CONTACT", "IN:GET_CALL_CONTACT]"], "predicted_tokens": ["[IN:GET_CALL_CONTACT", "IN:GET_CALL_CONTACT]"]}
{"loss": 1.3052819967269897, "class_log_probabilities": [-1.2031044960021973, -3.6940691471099854, -3.7304883003234863, -4.255268096923828], "predictions": [75, 6, 70, 93, 402, 94, 71, 404, 72, 73, 7, 78, 4], "target_tokens": ["[IN:CREATE_CALL", "[SL:CONTACT", "[IN:GET_CONTACT", "[SL:CONTACT_RELATED", "@ptr6", "SL:CONTACT_RELATED]", "[SL:TYPE_RELATION", "@ptr7", "SL:TYPE_RELATION]", "IN:GET_CONTACT]", "SL:CONTACT]", "IN:CREATE_CALL]"], "predicted_tokens": ["[IN:CREATE_CALL", "[SL:CONTACT", "[IN:GET_CONTACT", "[SL:CONTACT_RELATED", "@ptr7", "SL:CONTACT_RELATED]", "[SL:TYPE_RELATION", "@ptr9", "SL:TYPE_RELATION]", "IN:GET_CONTACT]", "SL:CONTACT]", "IN:CREATE_CALL]"]}
{"loss": 2.961648464202881, "class_log_probabilities": [-0.35918673872947693, -7.5739030838012695, -7.692668914794922, -7.774581432342529], "predictions": [13, 79, 402, 80, 18, 4, 4], "target_tokens": ["[IN:GET_WEATHER", "[SL:WEATHER_ATTRIBUTE", "@ptr7", "SL:WEATHER_ATTRIBUTE]", "[SL:DATE_TIME", "@ptr8", "@ptr9", "SL:DATE_TIME]", "IN:GET_WEATHER]"], "predicted_tokens": ["[IN:GET_WEATHER", "[SL:WEATHER_ATTRIBUTE", "@ptr7", "SL:WEATHER_ATTRIBUTE]", "IN:GET_WEATHER]"]}
{"loss": 1.8345625400543213, "class_log_probabilities": [-2.2783069610595703, -3.118673801422119, -3.245206832885742, -3.528472900390625], "predictions": [13, 14, 403, 404, 15, 18, 4, 4, 4, 4], "target_tokens": ["[IN:GET_WEATHER", "[SL:LOCATION", "@ptr8", "@ptr9", "@ptr10", "@ptr11", "SL:LOCATION]", "IN:GET_WEATHER]"], "predicted_tokens": ["[IN:GET_WEATHER", "[SL:LOCATION", "@ptr8", "@ptr9", "SL:LOCATION]", "IN:GET_WEATHER]"]}
{"loss": 0.9624814987182617, "class_log_probabilities": [-0.7448252439498901, -5.647525787353516, -5.809964656829834, -5.980195045471191], "predictions": [13, 79, 397, 80, 16, 398, 399, 400, 401, 17, 18, 4, 4], "target_tokens": ["[IN:GET_WEATHER", "[SL:WEATHER_ATTRIBUTE", "@ptr2", "SL:WEATHER_ATTRIBUTE]", "[SL:DATE_TIME", "@ptr3", "@ptr4", "@ptr5", "@ptr6", "SL:DATE_TIME]", "IN:GET_WEATHER]"], "predicted_tokens": ["[IN:GET_WEATHER", "[SL:WEATHER_ATTRIBUTE", "@ptr2", "SL:WEATHER_ATTRIBUTE]", "[SL:DATE_TIME", "@ptr3", "@ptr4", "@ptr5", "@ptr6", "SL:DATE_TIME]", "IN:GET_WEATHER]"]}
{"loss": 1.6264798641204834, "class_log_probabilities": [-1.047319769859314, -1.7372479438781738, -6.517055988311768, -7.246503829956055], "predictions": [45, 16, 398, 399, 400, 401, 402, 17, 46, 4], "target_tokens": ["[IN:CREATE_ALARM", "[SL:DATE_TIME", "@ptr3", "@ptr4", "@ptr5", "@ptr6", "SL:DATE_TIME]", "IN:CREATE_ALARM]"], "predicted_tokens": ["[IN:CREATE_ALARM", "[SL:DATE_TIME", "@ptr3", "@ptr4", "@ptr5", "@ptr6", "@ptr7", "SL:DATE_TIME]", "IN:CREATE_ALARM]"]}
{"loss": 1.4963083267211914, "class_log_probabilities": [-2.2527570724487305, -2.9922454357147217, -3.370262861251831, -3.629271984100342], "predictions": [45, 16, 399, 400, 401, 402, 17, 46, 4], "target_tokens": ["[IN:CREATE_ALARM", "[SL:DATE_TIME", "@ptr5", "@ptr6", "@ptr7", "SL:DATE_TIME]", "IN:CREATE_ALARM]"], "predicted_tokens": ["[IN:CREATE_ALARM", "[SL:DATE_TIME", "@ptr4", "@ptr5", "@ptr6", "@ptr7", "SL:DATE_TIME]", "IN:CREATE_ALARM]"]}
{"loss": 1.013142704963684, "class_log_probabilities": [-0.8322706818580627, -2.611304759979248, -4.350954055786133, -5.004458904266357], "predictions": [19, 120, 399, 121, 22, 4], "target_tokens": ["[IN:GET_ALARM", "[SL:AMOUNT", "@ptr4", "SL:AMOUNT]", "IN:GET_ALARM]"], "predicted_tokens": ["[IN:GET_ALARM", "[SL:AMOUNT", "@ptr4", "SL:AMOUNT]", "IN:GET_ALARM]"]}
{"loss": 4.4896063804626465, "class_log_probabilities": [-0.844268798828125, -5.523102760314941, -5.890497207641602, -5.919844150543213], "predictions": [63, 66, 395, 396, 67, 68, 4], "target_tokens": ["[IN:END_CALL", "[SL:CONTACT", "@ptr1", "SL:CONTACT]", "IN:END_CALL]"], "predicted_tokens": ["[IN:PLAY_MUSIC", "[SL:MUSIC_ARTIST_NAME", "@ptr0", "@ptr1", "SL:MUSIC_ARTIST_NAME]", "IN:PLAY_MUSIC]"]}
{"loss": 2.2974133491516113, "class_log_probabilities": [-0.5656495094299316, -5.6126227378845215, -6.108767509460449, -6.205718040466309], "predictions": [45, 16, 399, 400, 17, 46, 4, 4], "target_tokens": ["[IN:CREATE_ALARM", "[SL:DATE_TIME", "@ptr3", "@ptr4", "SL:DATE_TIME]", "IN:CREATE_ALARM]"], "predicted_tokens": ["[IN:CREATE_ALARM", "[SL:DATE_TIME", "@ptr4", "@ptr5", "SL:DATE_TIME]", "IN:CREATE_ALARM]"]}
{"loss": 1.9855692386627197, "class_log_probabilities": [-0.5866252779960632, -2.8981587886810303, -6.287537574768066, -8.151482582092285], "predictions": [45, 16, 400, 401, 402, 17, 46, 4, 4], "target_tokens": ["[IN:CREATE_ALARM", "[SL:DATE_TIME", "@ptr4", "@ptr5", "@ptr6", "@ptr7", "SL:DATE_TIME]", "IN:CREATE_ALARM]"], "predicted_tokens": ["[IN:CREATE_ALARM", "[SL:DATE_TIME", "@ptr5", "@ptr6", "@ptr7", "SL:DATE_TIME]", "IN:CREATE_ALARM]"]}
{"loss": 2.5283946990966797, "class_log_probabilities": [-0.5653765201568604, -3.4852335453033447, -6.140462875366211, -7.360462188720703], "predictions": [45, 16, 400, 401, 402, 17, 46, 4], "target_tokens": ["[IN:CREATE_ALARM", "[SL:DATE_TIME", "@ptr4", "@ptr5", "@ptr6", "SL:DATE_TIME]", "IN:CREATE_ALARM]"], "predicted_tokens": ["[IN:CREATE_ALARM", "[SL:DATE_TIME", "@ptr5", "@ptr6", "@ptr7", "SL:DATE_TIME]", "IN:CREATE_ALARM]"]}
{"loss": 0.9915308952331543, "class_log_probabilities": [-0.5777330994606018, -5.017154693603516, -5.124272346496582, -5.313250541687012], "predictions": [275, 90, 398, 91, 276, 4], "target_tokens": ["[IN:RESUME_TIMER", "[SL:METHOD_TIMER", "@ptr3", "SL:METHOD_TIMER]", "IN:RESUME_TIMER]"], "predicted_tokens": ["[IN:RESUME_TIMER", "[SL:METHOD_TIMER", "@ptr3", "SL:METHOD_TIMER]", "IN:RESUME_TIMER]"]}
{"loss": 4.255215644836426, "class_log_probabilities": [-0.6430824398994446, -4.044283866882324, -5.153598785400391, -5.4487528800964355], "predictions": [45, 16, 399, 400, 401, 17, 46, 4], "target_tokens": ["[IN:SNOOZE_ALARM", "[SL:DATE_TIME", "@ptr3", "@ptr4", "@ptr5", "SL:DATE_TIME]", "IN:SNOOZE_ALARM]"], "predicted_tokens": ["[IN:CREATE_ALARM", "[SL:DATE_TIME", "@ptr4", "@ptr5", "@ptr6", "SL:DATE_TIME]", "IN:CREATE_ALARM]"]}
{"loss": 2.670551061630249, "class_log_probabilities": [-0.5453321933746338, -6.268193244934082, -6.824763298034668, -7.368494987487793], "predictions": [45, 16, 398, 399, 400, 401, 17, 46, 4], "target_tokens": ["[IN:CREATE_ALARM", "[SL:DATE_TIME", "@ptr4", "@ptr5", "SL:DATE_TIME]", "IN:CREATE_ALARM]"], "predicted_tokens": ["[IN:CREATE_ALARM", "[SL:DATE_TIME", "@ptr3", "@ptr4", "@ptr5", "@ptr6", "SL:DATE_TIME]", "IN:CREATE_ALARM]"]}
{"loss": 1.068115234375, "class_log_probabilities": [-2.605409622192383, -2.7458648681640625, -3.0659453868865967, -3.0763683319091797], "predictions": [45, 16, 398, 399, 400, 17, 16, 401, 402, 403, 404, 405, 406, 17, 46, 4], "target_tokens": ["[IN:CREATE_ALARM", "[SL:DATE_TIME", "@ptr3", "@ptr4", "@ptr5", "SL:DATE_TIME]", "[SL:DATE_TIME", "@ptr6", "@ptr7", "@ptr8", "@ptr9", "@ptr10", "@ptr11", "SL:DATE_TIME]", "IN:CREATE_ALARM]"], "predicted_tokens": ["[IN:CREATE_ALARM", "[SL:DATE_TIME", "@ptr3", "@ptr4", "@ptr5", "SL:DATE_TIME]", "[SL:DATE_TIME", "@ptr6", "@ptr7", "@ptr8", "@ptr9", "@ptr10", "@ptr11", "SL:DATE_TIME]", "IN:CREATE_ALARM]"]}
{"loss": 1.7776180505752563, "class_log_probabilities": [-1.7149806022644043, -2.3118975162506104, -2.873542308807373, -2.8791961669921875], "predictions": [45, 249, 400, 250, 16, 403, 404, 405, 17, 46, 4, 4], "target_tokens": ["[IN:CREATE_ALARM", "[SL:ALARM_NAME", "@ptr5", "SL:ALARM_NAME]", "[SL:DATE_TIME", "@ptr7", "@ptr8", "@ptr9", "SL:DATE_TIME]", "IN:CREATE_ALARM]"], "predicted_tokens": ["[IN:CREATE_ALARM", "[SL:ALARM_NAME", "@ptr5", "SL:ALARM_NAME]", "[SL:DATE_TIME", "@ptr8", "@ptr9", "@ptr10", "SL:DATE_TIME]", "IN:CREATE_ALARM]"]}
{"loss": 1.3208764791488647, "class_log_probabilities": [-2.2326316833496094, -2.255246639251709, -2.9629933834075928, -3.594883680343628], "predictions": [45, 249, 399, 400, 401, 250, 16, 402, 403, 17, 46, 4], "target_tokens": ["[IN:CREATE_ALARM", "[SL:ALARM_NAME", "@ptr4", "@ptr5", "SL:ALARM_NAME]", "[SL:DATE_TIME", "@ptr6", "@ptr7", "@ptr8", "SL:DATE_TIME]", "IN:CREATE_ALARM]"], "predicted_tokens": ["[IN:CREATE_ALARM", "[SL:ALARM_NAME", "@ptr4", "@ptr5", "@ptr6", "SL:ALARM_NAME]", "[SL:DATE_TIME", "@ptr7", "@ptr8", "SL:DATE_TIME]", "IN:CREATE_ALARM]"]}
{"loss": 0.9835283756256104, "class_log_probabilities": [-0.6079521775245667, -3.7862613201141357, -4.111223220825195, -6.486908912658691], "predictions": [19, 120, 400, 121, 22, 4, 4], "target_tokens": ["[IN:GET_ALARM", "[SL:AMOUNT", "@ptr5", "SL:AMOUNT]", "IN:GET_ALARM]"], "predicted_tokens": ["[IN:GET_ALARM", "[SL:AMOUNT", "@ptr5", "SL:AMOUNT]", "IN:GET_ALARM]"]}
{"loss": 1.4124338626861572, "class_log_probabilities": [-0.45765337347984314, -4.0800933837890625, -4.383073806762695, -5.2947587966918945], "predictions": [13, 14, 403, 404, 15, 18, 4, 4], "target_tokens": ["[IN:GET_WEATHER", "[SL:LOCATION", "@ptr8", "@ptr9", "@ptr10", "SL:LOCATION]", "IN:GET_WEATHER]"], "predicted_tokens": ["[IN:GET_WEATHER", "[SL:LOCATION", "@ptr8", "@ptr9", "SL:LOCATION]", "IN:GET_WEATHER]"]}
{"loss": 3.3238847255706787, "class_log_probabilities": [-0.6917917728424072, -3.9448788166046143, -4.501839637756348, -6.853168487548828], "predictions": [63, 223, 396, 224, 103, 398, 104, 68, 4, 4, 4, 4], "target_tokens": ["[IN:PLAY_MUSIC", "[SL:MUSIC_PROVIDER_NAME", "@ptr3", "SL:MUSIC_PROVIDER_NAME]", "[SL:MUSIC_RADIO_ID", "@ptr1", "SL:MUSIC_RADIO_ID]", "IN:PLAY_MUSIC]"], "predicted_tokens": ["[IN:PLAY_MUSIC", "[SL:MUSIC_RADIO_ID", "@ptr1", "SL:MUSIC_RADIO_ID]", "[SL:MUSIC_PROVIDER_NAME", "@ptr3", "SL:MUSIC_PROVIDER_NAME]", "IN:PLAY_MUSIC]"]}
{"loss": 2.731936454772949, "class_log_probabilities": [-1.9059367179870605, -3.557847023010254, -4.694671154022217, -4.729321002960205], "predictions": [23, 10, 395, 396, 397, 398, 11, 26, 4], "target_tokens": ["[IN:CREATE_CALL", "[SL:CONTACT", "@ptr1", "@ptr2", "@ptr3", "SL:CONTACT]", "IN:CREATE_CALL]"], "predicted_tokens": ["[IN:SEND_MESSAGE", "[SL:RECIPIENT", "@ptr0", "@ptr1", "@ptr2", "@ptr3", "SL:RECIPIENT]", "IN:SEND_MESSAGE]"]}
{"loss": 2.1142728328704834, "class_log_probabilities": [-2.3341968059539795, -3.023907423019409, -3.5217766761779785, -3.972888946533203], "predictions": [13, 79, 402, 403, 80, 16, 405, 407, 17, 18, 4, 4], "target_tokens": ["[IN:GET_WEATHER", "[SL:WEATHER_ATTRIBUTE", "@ptr7", "@ptr8", "@ptr9", "SL:WEATHER_ATTRIBUTE]", "[SL:DATE_TIME", "@ptr10", "@ptr11", "@ptr12", "@ptr13", "SL:DATE_TIME]", "IN:GET_WEATHER]"], "predicted_tokens": ["[IN:GET_WEATHER", "[SL:WEATHER_ATTRIBUTE", "@ptr7", "@ptr8", "SL:WEATHER_ATTRIBUTE]", "[SL:DATE_TIME", "@ptr10", "@ptr12", "SL:DATE_TIME]", "IN:GET_WEATHER]"]}
{"loss": 0.9667350649833679, "class_log_probabilities": [-0.6835644841194153, -6.222475051879883, -6.29330587387085, -7.290167331695557], "predictions": [13, 14, 400, 15, 16, 401, 402, 403, 404, 17, 18, 4, 4], "target_tokens": ["[IN:GET_WEATHER", "[SL:LOCATION", "@ptr5", "SL:LOCATION]", "[SL:DATE_TIME", "@ptr6", "@ptr7", "@ptr8", "@ptr9", "SL:DATE_TIME]", "IN:GET_WEATHER]"], "predicted_tokens": ["[IN:GET_WEATHER", "[SL:LOCATION", "@ptr5", "SL:LOCATION]", "[SL:DATE_TIME", "@ptr6", "@ptr7", "@ptr8", "@ptr9", "SL:DATE_TIME]", "IN:GET_WEATHER]"]}
{"loss": 1.1564371585845947, "class_log_probabilities": [-2.51774525642395, -3.5037295818328857, -3.5949957370758057, -3.663597583770752], "predictions": [13, 14, 402, 403, 404, 15, 18, 4], "target_tokens": ["[IN:GET_WEATHER", "[SL:LOCATION", "@ptr7", "@ptr8", "@ptr9", "SL:LOCATION]", "IN:GET_WEATHER]"], "predicted_tokens": ["[IN:GET_WEATHER", "[SL:LOCATION", "@ptr7", "@ptr8", "@ptr9", "SL:LOCATION]", "IN:GET_WEATHER]"]}
{"loss": 0.961036205291748, "class_log_probabilities": [-0.442562460899353, -5.830796241760254, -7.752140998840332, -8.72018814086914], "predictions": [13, 16, 402, 17, 18, 4], "target_tokens": ["[IN:GET_WEATHER", "[SL:DATE_TIME", "@ptr7", "SL:DATE_TIME]", "IN:GET_WEATHER]"], "predicted_tokens": ["[IN:GET_WEATHER", "[SL:DATE_TIME", "@ptr7", "SL:DATE_TIME]", "IN:GET_WEATHER]"]}
{"loss": 2.494138479232788, "class_log_probabilities": [-0.6930558085441589, -3.6622514724731445, -4.35823392868042, -4.568774700164795], "predictions": [13, 16, 400, 17, 18, 4, 4], "target_tokens": ["[IN:GET_WEATHER", "[SL:DATE_TIME", "@ptr4", "@ptr5", "SL:DATE_TIME]", "IN:GET_WEATHER]"], "predicted_tokens": ["[IN:GET_WEATHER", "[SL:DATE_TIME", "@ptr5", "SL:DATE_TIME]", "IN:GET_WEATHER]"]}
{"loss": 1.0953636169433594, "class_log_probabilities": [-1.1795899868011475, -1.376423716545105, -6.522548198699951, -7.618792533874512], "predictions": [13, 14, 402, 15, 18, 4, 4, 4], "target_tokens": ["[IN:GET_WEATHER", "[SL:LOCATION", "@ptr6", "SL:LOCATION]", "IN:GET_WEATHER]"], "predicted_tokens": ["[IN:GET_WEATHER", "[SL:LOCATION", "@ptr7", "SL:LOCATION]", "IN:GET_WEATHER]"]}
{"loss": 0.9613566994667053, "class_log_probabilities": [-0.3559728264808655, -7.246088027954102, -7.527255058288574, -7.764803409576416], "predictions": [13, 14, 398, 15, 18, 4], "target_tokens": ["[IN:GET_WEATHER", "[SL:LOCATION", "@ptr3", "SL:LOCATION]", "IN:GET_WEATHER]"], "predicted_tokens": ["[IN:GET_WEATHER", "[SL:LOCATION", "@ptr3", "SL:LOCATION]", "IN:GET_WEATHER]"]}
{"loss": 0.9639544486999512, "class_log_probabilities": [-0.34015780687332153, -7.460881233215332, -7.738638877868652, -7.763457775115967], "predictions": [13, 14, 400, 15, 18, 4], "target_tokens": ["[IN:GET_WEATHER", "[SL:LOCATION", "@ptr5", "SL:LOCATION]", "IN:GET_WEATHER]"], "predicted_tokens": ["[IN:GET_WEATHER", "[SL:LOCATION", "@ptr5", "SL:LOCATION]", "IN:GET_WEATHER]"]}
{"loss": 1.0471031665802002, "class_log_probabilities": [-1.7079341411590576, -1.7365635633468628, -4.083106994628906, -6.077707290649414], "predictions": [45, 16, 398, 399, 400, 17, 46, 4], "target_tokens": ["[IN:CREATE_ALARM", "[SL:DATE_TIME", "@ptr3", "@ptr4", "@ptr5", "SL:DATE_TIME]", "IN:CREATE_ALARM]"], "predicted_tokens": ["[IN:CREATE_ALARM", "[SL:DATE_TIME", "@ptr3", "@ptr4", "@ptr5", "SL:DATE_TIME]", "IN:CREATE_ALARM]"]}
{"loss": 1.9311065673828125, "class_log_probabilities": [-2.1102137565612793, -2.790787935256958, -2.9170308113098145, -4.049103736877441], "predictions": [45, 16, 401, 402, 403, 404, 405, 406, 408, 17, 46, 4, 4, 4, 4], "target_tokens": ["[IN:CREATE_ALARM", "[SL:AMOUNT", "@ptr1", "SL:AMOUNT]", "[SL:DATE_TIME", "@ptr5", "@ptr6", "@ptr7", "@ptr8", "@ptr9", "@ptr10", "@ptr11", "@ptr12", "SL:DATE_TIME]", "IN:CREATE_ALARM]"], "predicted_tokens": ["[IN:CREATE_ALARM", "[SL:DATE_TIME", "@ptr6", "@ptr7", "@ptr8", "@ptr9", "@ptr10", "@ptr11", "@ptr13", "SL:DATE_TIME]", "IN:CREATE_ALARM]"]}
{"loss": 1.2107723951339722, "class_log_probabilities": [-1.9006530046463013, -2.418686866760254, -2.866820812225342, -4.267556667327881], "predictions": [45, 16, 395, 396, 397, 398, 399, 17, 16, 404, 406, 407, 17, 46, 4, 4], "target_tokens": ["[IN:CREATE_ALARM", "[SL:DATE_TIME", "@ptr0", "@ptr1", "@ptr2", "@ptr3", "@ptr4", "SL:DATE_TIME]", "[SL:DATE_TIME", "@ptr9", "@ptr10", "@ptr11", "@ptr12", "@ptr13", "SL:DATE_TIME]", "IN:CREATE_ALARM]"], "predicted_tokens": ["[IN:CREATE_ALARM", "[SL:DATE_TIME", "@ptr0", "@ptr1", "@ptr2", "@ptr3", "@ptr4", "SL:DATE_TIME]", "[SL:DATE_TIME", "@ptr9", "@ptr11", "@ptr12", "SL:DATE_TIME]", "IN:CREATE_ALARM]"]}
{"loss": 1.0594356060028076, "class_log_probabilities": [-2.0918684005737305, -3.6645262241363525, -3.970633029937744, -4.012954235076904], "predictions": [45, 16, 400, 401, 402, 403, 404, 405, 406, 407, 17, 46, 4], "target_tokens": ["[IN:CREATE_ALARM", "[SL:DATE_TIME", "@ptr5", "@ptr6", "@ptr7", "@ptr8", "@ptr9", "@ptr10", "@ptr11", "@ptr12", "SL:DATE_TIME]", "IN:CREATE_ALARM]"], "predicted_tokens": ["[IN:CREATE_ALARM", "[SL:DATE_TIME", "@ptr5", "@ptr6", "@ptr7", "@ptr8", "@ptr9", "@ptr10", "@ptr11", "@ptr12", "SL:DATE_TIME]", "IN:CREATE_ALARM]"]}
{"loss": 1.9274797439575195, "class_log_probabilities": [-3.08530855178833, -3.1904845237731934, -4.143980026245117, -4.145134449005127], "predictions": [45, 16, 398, 399, 400, 401, 402, 403, 404, 405, 17, 16, 406, 407, 17, 46, 4, 4], "target_tokens": ["[IN:CREATE_ALARM", "[SL:DATE_TIME", "@ptr3", "@ptr4", "@ptr5", "@ptr6", "@ptr7", "@ptr8", "@ptr9", "SL:DATE_TIME]", "[SL:DATE_TIME", "@ptr10", "@ptr11", "@ptr12", "SL:DATE_TIME]", "IN:CREATE_ALARM]"], "predicted_tokens": ["[IN:CREATE_ALARM", "[SL:DATE_TIME", "@ptr3", "@ptr4", "@ptr5", "@ptr6", "@ptr7", "@ptr8", "@ptr9", "@ptr10", "SL:DATE_TIME]", "[SL:DATE_TIME", "@ptr11", "@ptr12", "SL:DATE_TIME]", "IN:CREATE_ALARM]"]}
{"loss": 1.6305317878723145, "class_log_probabilities": [-0.6718093156814575, -3.7255449295043945, -5.5126166343688965, -7.37530517578125], "predictions": [45, 16, 399, 400, 401, 402, 403, 404, 17, 46, 4, 4, 4, 4], "target_tokens": ["[IN:CREATE_ALARM", "[SL:DATE_TIME", "@ptr3", "@ptr4", "@ptr5", "@ptr6", "@ptr7", "@ptr8", "SL:DATE_TIME]", "IN:CREATE_ALARM]"], "predicted_tokens": ["[IN:CREATE_ALARM", "[SL:DATE_TIME", "@ptr4", "@ptr5", "@ptr6", "@ptr7", "@ptr8", "@ptr9", "SL:DATE_TIME]", "IN:CREATE_ALARM]"]}
{"loss": 1.014442801475525, "class_log_probabilities": [-0.6022693514823914, -3.4984638690948486, -4.614655017852783, -4.698350429534912], "predictions": [45, 46, 4], "target_tokens": ["[IN:CREATE_ALARM", "IN:CREATE_ALARM]"], "predicted_tokens": ["[IN:CREATE_ALARM", "IN:CREATE_ALARM]"]}
{"loss": 0.9925172924995422, "class_log_probabilities": [-0.8212555050849915, -2.9523370265960693, -5.194150924682617, -6.33263635635376], "predictions": [171, 6, 395, 7, 172, 4], "target_tokens": ["[IN:GET_AVAILABILITY", "[SL:CONTACT", "@ptr0", "SL:CONTACT]", "IN:GET_AVAILABILITY]"], "predicted_tokens": ["[IN:GET_AVAILABILITY", "[SL:CONTACT", "@ptr0", "SL:CONTACT]", "IN:GET_AVAILABILITY]"]}
{"loss": 0.9608840942382812, "class_log_probabilities": [-0.38167035579681396, -6.782472133636475, -6.962838172912598, -7.154343128204346], "predictions": [171, 6, 399, 7, 172, 4], "target_tokens": ["[IN:GET_AVAILABILITY", "[SL:CONTACT", "@ptr4", "SL:CONTACT]", "IN:GET_AVAILABILITY]"], "predicted_tokens": ["[IN:GET_AVAILABILITY", "[SL:CONTACT", "@ptr4", "SL:CONTACT]", "IN:GET_AVAILABILITY]"]}
{"loss": 0.9929542541503906, "class_log_probabilities": [-0.3159262537956238, -6.399583339691162, -6.743093013763428, -7.000622272491455], "predictions": [69, 6, 398, 7, 74, 4], "target_tokens": ["[IN:GET_CALL_TIME", "[SL:CONTACT", "@ptr3", "SL:CONTACT]", "IN:GET_CALL_TIME]"], "predicted_tokens": ["[IN:GET_CALL_TIME", "[SL:CONTACT", "@ptr3", "SL:CONTACT]", "IN:GET_CALL_TIME]"]}
{"loss": 0.963620662689209, "class_log_probabilities": [-0.18565481901168823, -7.519668102264404, -7.595605373382568, -7.659614086151123], "predictions": [81, 82, 4, 4], "target_tokens": ["[IN:END_CALL", "IN:END_CALL]"], "predicted_tokens": ["[IN:END_CALL", "IN:END_CALL]"]}
{"loss": 0.9668221473693848, "class_log_probabilities": [-0.17617173492908478, -7.40429162979126, -7.659874439239502, -7.675014972686768], "predictions": [81, 82, 4, 4], "target_tokens": ["[IN:END_CALL", "IN:END_CALL]"], "predicted_tokens": ["[IN:END_CALL", "IN:END_CALL]"]}
{"loss": 1.0123012065887451, "class_log_probabilities": [-0.8247609734535217, -2.0102698802948, -3.2021656036376953, -5.081197738647461], "predictions": [75, 6, 400, 7, 78, 4, 4, 4, 4], "target_tokens": ["[IN:CREATE_CALL", "[SL:CONTACT", "@ptr5", "SL:CONTACT]", "IN:CREATE_CALL]"], "predicted_tokens": ["[IN:CREATE_CALL", "[SL:CONTACT", "@ptr5", "SL:CONTACT]", "IN:CREATE_CALL]"]}
{"loss": 0.9592559337615967, "class_log_probabilities": [-0.36694157123565674, -7.65462589263916, -7.9284749031066895, -8.117422103881836], "predictions": [75, 6, 399, 7, 78, 4, 4, 4], "target_tokens": ["[IN:CREATE_CALL", "[SL:CONTACT", "@ptr4", "SL:CONTACT]", "IN:CREATE_CALL]"], "predicted_tokens": ["[IN:CREATE_CALL", "[SL:CONTACT", "@ptr4", "SL:CONTACT]", "IN:CREATE_CALL]"]}
{"loss": 0.9926479458808899, "class_log_probabilities": [-0.13480588793754578, -7.424068927764893, -7.503459453582764, -7.832745552062988], "predictions": [245, 246, 4, 4], "target_tokens": ["[IN:UPDATE_METHOD_CALL", "IN:UPDATE_METHOD_CALL]"], "predicted_tokens": ["[IN:UPDATE_METHOD_CALL", "IN:UPDATE_METHOD_CALL]"]}
{"loss": 0.9788095355033875, "class_log_probabilities": [-0.25745704770088196, -4.202552318572998, -6.209967613220215, -6.399999141693115], "predictions": [245, 246, 4], "target_tokens": ["[IN:UPDATE_METHOD_CALL", "IN:UPDATE_METHOD_CALL]"], "predicted_tokens": ["[IN:UPDATE_METHOD_CALL", "IN:UPDATE_METHOD_CALL]"]}
{"loss": 0.9973816871643066, "class_log_probabilities": [-0.12633198499679565, -8.190206527709961, -8.490669250488281, -8.520076751708984], "predictions": [245, 246, 4], "target_tokens": ["[IN:UPDATE_METHOD_CALL", "IN:UPDATE_METHOD_CALL]"], "predicted_tokens": ["[IN:UPDATE_METHOD_CALL", "IN:UPDATE_METHOD_CALL]"]}
{"loss": 1.5411272048950195, "class_log_probabilities": [-1.9823063611984253, -3.609591007232666, -3.898876667022705, -4.136843681335449], "predictions": [245, 6, 70, 93, 396, 94, 71, 397, 72, 73, 7, 246, 4, 4], "target_tokens": ["[IN:UPDATE_CALL", "[SL:CONTACT_REMOVED", "[IN:GET_CONTACT", "[SL:CONTACT_RELATED", "@ptr1", "SL:CONTACT_RELATED]", "[SL:TYPE_RELATION", "@ptr2", "@ptr3", "SL:TYPE_RELATION]", "IN:GET_CONTACT]", "SL:CONTACT_REMOVED]", "IN:UPDATE_CALL]"], "predicted_tokens": ["[IN:UPDATE_METHOD_CALL", "[SL:CONTACT", "[IN:GET_CONTACT", "[SL:CONTACT_RELATED", "@ptr1", "SL:CONTACT_RELATED]", "[SL:TYPE_RELATION", "@ptr2", "SL:TYPE_RELATION]", "IN:GET_CONTACT]", "SL:CONTACT]", "IN:UPDATE_METHOD_CALL]"]}
{"loss": 2.2764272689819336, "class_log_probabilities": [-0.4677174389362335, -6.615750789642334, -6.758049488067627, -6.936039447784424], "predictions": [63, 66, 395, 396, 67, 103, 398, 104, 68, 4], "target_tokens": ["[IN:PLAY_MUSIC", "[SL:MUSIC_TRACK_TITLE", "@ptr1", "SL:MUSIC_TRACK_TITLE]", "[SL:MUSIC_PROVIDER_NAME", "@ptr3", "SL:MUSIC_PROVIDER_NAME]", "IN:PLAY_MUSIC]"], "predicted_tokens": ["[IN:PLAY_MUSIC", "[SL:MUSIC_ARTIST_NAME", "@ptr0", "@ptr1", "SL:MUSIC_ARTIST_NAME]", "[SL:MUSIC_PROVIDER_NAME", "@ptr3", "SL:MUSIC_PROVIDER_NAME]", "IN:PLAY_MUSIC]"]}
{"loss": 1.364081621170044, "class_log_probabilities": [-1.7112510204315186, -1.931146502494812, -4.599168300628662, -6.119980812072754], "predictions": [75, 6, 70, 71, 397, 398, 399, 72, 6, 401, 7, 78, 4, 4, 4], "target_tokens": ["[IN:CREATE_CALL", "[SL:CONTACT", "[IN:GET_CONTACT", "[SL:CONTACT_RELATED", "@ptr6", "SL:CONTACT_RELATED]", "[SL:TYPE_RELATION", "@ptr2", "@ptr3", "@ptr4", "SL:TYPE_RELATION]", "IN:GET_CONTACT]", "SL:CONTACT]", "IN:CREATE_CALL]"], "predicted_tokens": ["[IN:CREATE_CALL", "[SL:CONTACT", "[IN:GET_CONTACT", "[SL:TYPE_RELATION", "@ptr2", "@ptr3", "@ptr4", "SL:TYPE_RELATION]", "[SL:CONTACT", "@ptr6", "SL:CONTACT]", "IN:CREATE_CALL]"]}
{"loss": 1.512236475944519, "class_log_probabilities": [-1.0407764911651611, -4.302425861358643, -4.53925895690918, -4.65815544128418], "predictions": [75, 6, 70, 71, 397, 72, 6, 399, 7, 73, 7, 78, 4, 4, 4], "target_tokens": ["[IN:CREATE_CALL", "[SL:CONTACT", "[IN:GET_CONTACT", "[SL:CONTACT_RELATED", "@ptr4", "SL:CONTACT_RELATED]", "[SL:TYPE_RELATION", "@ptr2", "SL:TYPE_RELATION]", "IN:GET_CONTACT]", "SL:CONTACT]", "IN:CREATE_CALL]"], "predicted_tokens": ["[IN:CREATE_CALL", "[SL:CONTACT", "[IN:GET_CONTACT", "[SL:TYPE_RELATION", "@ptr2", "SL:TYPE_RELATION]", "[SL:CONTACT", "@ptr4", "SL:CONTACT]", "IN:GET_CONTACT]", "SL:CONTACT]", "IN:CREATE_CALL]"]}
{"loss": 0.9879443645477295, "class_log_probabilities": [-0.5219804048538208, -5.426787376403809, -6.588925838470459, -6.7019853591918945], "predictions": [61, 83, 397, 398, 399, 84, 16, 404, 17, 62, 4], "target_tokens": ["[IN:GET_EVENT", "[SL:CATEGORY_EVENT", "@ptr2", "@ptr3", "@ptr4", "SL:CATEGORY_EVENT]", "[SL:DATE_TIME", "@ptr9", "SL:DATE_TIME]", "IN:GET_EVENT]"], "predicted_tokens": ["[IN:GET_EVENT", "[SL:CATEGORY_EVENT", "@ptr2", "@ptr3", "@ptr4", "SL:CATEGORY_EVENT]", "[SL:DATE_TIME", "@ptr9", "SL:DATE_TIME]", "IN:GET_EVENT]"]}
{"loss": 1.6661186218261719, "class_log_probabilities": [-1.437358021736145, -3.537120819091797, -4.166458606719971, -4.33788537979126], "predictions": [70, 71, 397, 72, 93, 399, 94, 16, 402, 403, 17, 73, 4, 4, 4, 4], "target_tokens": ["[IN:GET_CONTACT", "[SL:CONTACT_RELATED", "@ptr4", "SL:CONTACT_RELATED]", "[SL:TYPE_RELATION", "@ptr2", "SL:TYPE_RELATION]", "[SL:DATE_TIME", "@ptr7", "@ptr8", "SL:DATE_TIME]", "IN:GET_CONTACT]"], "predicted_tokens": ["[IN:GET_CONTACT", "[SL:TYPE_RELATION", "@ptr2", "SL:TYPE_RELATION]", "[SL:CONTACT_RELATED", "@ptr4", "SL:CONTACT_RELATED]", "[SL:DATE_TIME", "@ptr7", "@ptr8", "SL:DATE_TIME]", "IN:GET_CONTACT]"]}
{"loss": 2.5883915424346924, "class_log_probabilities": [-4.54172420501709, -4.943521499633789, -7.926670551300049, -8.933317184448242], "predictions": [70, 71, 402, 403, 404, 406, 17, 73, 4, 4, 4, 4, 4, 4, 4], "target_tokens": ["[IN:GET_CONTACT", "[SL:CONTACT_RELATED", "@ptr14", "SL:CONTACT_RELATED]", "[SL:TYPE_RELATION", "@ptr10", "@ptr11", "@ptr12", "SL:TYPE_RELATION]", "[SL:DATE_TIME", "@ptr18", "@ptr19", "@ptr20", "@ptr21", "SL:DATE_TIME]", "IN:GET_CONTACT]"], "predicted_tokens": ["[IN:GET_CONTACT", "[SL:TYPE_RELATION", "@ptr7", "@ptr8", "@ptr9", "@ptr11", "SL:DATE_TIME]", "IN:GET_CONTACT]"]}
{"loss": 1.5022292137145996, "class_log_probabilities": [-1.158921718597412, -2.5729639530181885, -4.759317874908447, -4.967271327972412], "predictions": [49, 34, 396, 35, 16, 400, 401, 402, 403, 404, 405, 406, 17, 50, 4, 4, 4], "target_tokens": ["[IN:CREATE_REMINDER", "[SL:DATE_TIME", "@ptr5", "@ptr6", "@ptr7", "@ptr8", "@ptr9", "@ptr10", "@ptr11", "SL:DATE_TIME]", "IN:CREATE_REMINDER]"], "predicted_tokens": ["[IN:CREATE_REMINDER", "[SL:PERSON_REMINDED", "@ptr1", "SL:PERSON_REMINDED]", "[SL:DATE_TIME", "@ptr5", "@ptr6", "@ptr7", "@ptr8", "@ptr9", "@ptr10", "@ptr11", "SL:DATE_TIME]", "IN:CREATE_REMINDER]"]}
{"loss": 1.7799535989761353, "class_log_probabilities": [-1.7801471948623657, -3.069279670715332, -3.11946439743042, -3.1637279987335205], "predictions": [49, 36, 397, 398, 399, 37, 16, 404, 406, 17, 50, 4, 4, 4], "target_tokens": ["[IN:CREATE_REMINDER", "[SL:TODO", "@ptr3", "@ptr4", "@ptr5", "SL:TODO]", "[SL:DATE_TIME", "@ptr9", "@ptr10", "@ptr11", "@ptr12", "SL:DATE_TIME]", "IN:CREATE_REMINDER]"], "predicted_tokens": ["[IN:CREATE_REMINDER", "[SL:TODO", "@ptr2", "@ptr3", "@ptr4", "SL:TODO]", "[SL:DATE_TIME", "@ptr9", "@ptr11", "SL:DATE_TIME]", "IN:CREATE_REMINDER]"]}
{"loss": 0.979900062084198, "class_log_probabilities": [-0.15251827239990234, -7.784040927886963, -7.83408784866333, -8.704512596130371], "predictions": [5, 12, 4, 4, 4], "target_tokens": ["[IN:GET_MESSAGE", "IN:GET_MESSAGE]"], "predicted_tokens": ["[IN:GET_MESSAGE", "IN:GET_MESSAGE]"]}
{"loss": 2.3056657314300537, "class_log_probabilities": [-0.6204610466957092, -5.03136682510376, -5.392670154571533, -6.33475923538208], "predictions": [75, 6, 399, 400, 7, 78, 4, 4, 4], "target_tokens": ["[IN:CREATE_CALL", "[SL:CONTACT", "@ptr3", "@ptr4", "SL:CONTACT]", "IN:CREATE_CALL]"], "predicted_tokens": ["[IN:CREATE_CALL", "[SL:CONTACT", "@ptr4", "@ptr5", "SL:CONTACT]", "IN:CREATE_CALL]"]}
{"loss": 0.9669762253761292, "class_log_probabilities": [-0.1702219545841217, -7.4967451095581055, -7.609093189239502, -8.092662811279297], "predictions": [81, 82, 4, 4], "target_tokens": ["[IN:END_CALL", "IN:END_CALL]"], "predicted_tokens": ["[IN:END_CALL", "IN:END_CALL]"]}
{"loss": 0.959271252155304, "class_log_probabilities": [-0.18670979142189026, -7.695468425750732, -7.9047160148620605, -9.013274192810059], "predictions": [171, 172, 4, 4, 4], "target_tokens": ["[IN:GET_AVAILABILITY", "IN:GET_AVAILABILITY]"], "predicted_tokens": ["[IN:GET_AVAILABILITY", "IN:GET_AVAILABILITY]"]}
{"loss": 0.9592239260673523, "class_log_probabilities": [-0.18778279423713684, -7.512190818786621, -8.383620262145996, -8.398822784423828], "predictions": [171, 172, 4], "target_tokens": ["[IN:GET_AVAILABILITY", "IN:GET_AVAILABILITY]"], "predicted_tokens": ["[IN:GET_AVAILABILITY", "IN:GET_AVAILABILITY]"]}
{"loss": 0.990469753742218, "class_log_probabilities": [-0.4367510974407196, -5.125659942626953, -5.918172836303711, -6.435780048370361], "predictions": [31, 32, 4, 4, 4, 4], "target_tokens": ["[IN:SET_UNAVAILABLE", "IN:SET_UNAVAILABLE]"], "predicted_tokens": ["[IN:SET_UNAVAILABLE", "IN:SET_UNAVAILABLE]"]}
{"loss": 0.9733572006225586, "class_log_probabilities": [-0.16528208553791046, -6.934643745422363, -7.328926086425781, -7.5086565017700195], "predictions": [189, 190, 4], "target_tokens": ["[IN:SET_AVAILABLE", "IN:SET_AVAILABLE]"], "predicted_tokens": ["[IN:SET_AVAILABLE", "IN:SET_AVAILABLE]"]}
{"loss": 0.9684432148933411, "class_log_probabilities": [-0.16877061128616333, -7.675716400146484, -7.81192684173584, -8.089591979980469], "predictions": [81, 82, 4, 4], "target_tokens": ["[IN:END_CALL", "IN:END_CALL]"], "predicted_tokens": ["[IN:END_CALL", "IN:END_CALL]"]}
{"loss": 0.9770338535308838, "class_log_probabilities": [-0.15175262093544006, -8.286739349365234, -8.393208503723145, -8.40825080871582], "predictions": [31, 32, 4], "target_tokens": ["[IN:SET_UNAVAILABLE", "IN:SET_UNAVAILABLE]"], "predicted_tokens": ["[IN:SET_UNAVAILABLE", "IN:SET_UNAVAILABLE]"]}
{"loss": 2.025357723236084, "class_log_probabilities": [-0.8021451234817505, -3.422051191329956, -3.510206937789917, -3.850468635559082], "predictions": [215, 20, 397, 21, 216, 4], "target_tokens": ["[IN:SWITCH_CALL", "IN:SWITCH_CALL]"], "predicted_tokens": ["[IN:SWITCH_CALL", "[SL:ORDINAL", "@ptr2", "SL:ORDINAL]", "IN:SWITCH_CALL]"]}
{"loss": 0.960047721862793, "class_log_probabilities": [-0.1865776777267456, -7.700608730316162, -8.241705894470215, -8.380138397216797], "predictions": [171, 172, 4], "target_tokens": ["[IN:GET_AVAILABILITY", "IN:GET_AVAILABILITY]"], "predicted_tokens": ["[IN:GET_AVAILABILITY", "IN:GET_AVAILABILITY]"]}
{"loss": 0.9574851989746094, "class_log_probabilities": [-0.19708439707756042, -7.437729358673096, -7.683041572570801, -8.963994979858398], "predictions": [171, 172, 4, 4], "target_tokens": ["[IN:GET_AVAILABILITY", "IN:GET_AVAILABILITY]"], "predicted_tokens": ["[IN:GET_AVAILABILITY", "IN:GET_AVAILABILITY]"]}
{"loss": 0.958672821521759, "class_log_probabilities": [-0.19164127111434937, -7.5263590812683105, -8.192373275756836, -8.464824676513672], "predictions": [171, 172, 4], "target_tokens": ["[IN:GET_AVAILABILITY", "IN:GET_AVAILABILITY]"], "predicted_tokens": ["[IN:GET_AVAILABILITY", "IN:GET_AVAILABILITY]"]}
{"loss": 1.2183114290237427, "class_log_probabilities": [-1.3866217136383057, -3.7935192584991455, -5.328561782836914, -8.896513938903809], "predictions": [171, 172, 4, 4, 4, 4, 4], "target_tokens": ["[IN:GET_AVAILABILITY", "IN:GET_AVAILABILITY]"], "predicted_tokens": ["[IN:GET_AVAILABILITY", "IN:GET_AVAILABILITY]"]}
{"loss": 0.9602678418159485, "class_log_probabilities": [-0.18382063508033752, -7.784547805786133, -8.174262046813965, -8.426684379577637], "predictions": [171, 172, 4], "target_tokens": ["[IN:GET_AVAILABILITY", "IN:GET_AVAILABILITY]"], "predicted_tokens": ["[IN:GET_AVAILABILITY", "IN:GET_AVAILABILITY]"]}
{"loss": 0.9736380577087402, "class_log_probabilities": [-0.31487032771110535, -6.645162105560303, -7.454274654388428, -7.476835250854492], "predictions": [107, 108, 396, 109, 110, 4, 4, 4, 4], "target_tokens": ["[IN:UPDATE_CALL", "[SL:CONTACT_ADDED", "@ptr1", "SL:CONTACT_ADDED]", "IN:UPDATE_CALL]"], "predicted_tokens": ["[IN:UPDATE_CALL", "[SL:CONTACT_ADDED", "@ptr1", "SL:CONTACT_ADDED]", "IN:UPDATE_CALL]"]}
{"loss": 3.8391802310943604, "class_log_probabilities": [-0.42883065342903137, -5.717464923858643, -5.85060977935791, -8.132678985595703], "predictions": [75, 6, 399, 7, 78, 4, 4, 4, 4, 4, 4], "target_tokens": ["[IN:UPDATE_CALL", "[SL:CONTACT_ADDED", "@ptr4", "SL:CONTACT_ADDED]", "IN:UPDATE_CALL]"], "predicted_tokens": ["[IN:CREATE_CALL", "[SL:CONTACT", "@ptr4", "SL:CONTACT]", "IN:CREATE_CALL]"]}
{"loss": 1.5635708570480347, "class_log_probabilities": [-0.7014629244804382, -3.9772896766662598, -6.089071273803711, -7.197272300720215], "predictions": [75, 6, 70, 71, 401, 72, 73, 7, 78, 4, 4, 4, 4], "target_tokens": ["[IN:CREATE_CALL", "[SL:CONTACT", "[IN:GET_CONTACT", "[SL:CONTACT_RELATED", "@ptr3", "SL:CONTACT_RELATED]", "[SL:TYPE_RELATION", "@ptr6", "SL:TYPE_RELATION]", "IN:GET_CONTACT]", "SL:CONTACT]", "IN:CREATE_CALL]"], "predicted_tokens": ["[IN:CREATE_CALL", "[SL:CONTACT", "[IN:GET_CONTACT", "[SL:TYPE_RELATION", "@ptr6", "SL:TYPE_RELATION]", "IN:GET_CONTACT]", "SL:CONTACT]", "IN:CREATE_CALL]"]}
{"loss": 2.820932388305664, "class_log_probabilities": [-2.4818246364593506, -2.6677045822143555, -4.416033744812012, -4.562737941741943], "predictions": [63, 66, 395, 396, 67, 68, 4], "target_tokens": ["[IN:CREATE_CALL", "[SL:CONTACT", "@ptr1", "SL:CONTACT]", "IN:CREATE_CALL]"], "predicted_tokens": ["[IN:PLAY_MUSIC", "[SL:MUSIC_ARTIST_NAME", "@ptr0", "@ptr1", "SL:MUSIC_ARTIST_NAME]", "IN:PLAY_MUSIC]"]}
{"loss": 1.5010300874710083, "class_log_probabilities": [-0.8303121328353882, -5.979835033416748, -6.006610870361328, -6.22123908996582], "predictions": [107, 108, 70, 93, 396, 94, 71, 397, 398, 399, 72, 73, 109, 110, 4], "target_tokens": ["[IN:UPDATE_CALL", "[SL:CONTACT_ADDED", "[IN:GET_CONTACT", "[SL:TYPE_RELATION", "@ptr2", "@ptr3", "@ptr4", "SL:TYPE_RELATION]", "IN:GET_CONTACT]", "SL:CONTACT_ADDED]", "IN:UPDATE_CALL]"], "predicted_tokens": ["[IN:UPDATE_CALL", "[SL:CONTACT_ADDED", "[IN:GET_CONTACT", "[SL:CONTACT_RELATED", "@ptr1", "SL:CONTACT_RELATED]", "[SL:TYPE_RELATION", "@ptr2", "@ptr3", "@ptr4", "SL:TYPE_RELATION]", "IN:GET_CONTACT]", "SL:CONTACT_ADDED]", "IN:UPDATE_CALL]"]}
{"loss": 0.9946319460868835, "class_log_probabilities": [-0.8157052993774414, -5.347071647644043, -5.560914993286133, -6.7314581871032715], "predictions": [107, 108, 70, 71, 396, 397, 398, 72, 73, 109, 110, 4, 4, 4, 4, 4, 4], "target_tokens": ["[IN:UPDATE_CALL", "[SL:CONTACT_ADDED", "[IN:GET_CONTACT", "[SL:TYPE_RELATION", "@ptr1", "@ptr2", "@ptr3", "SL:TYPE_RELATION]", "IN:GET_CONTACT]", "SL:CONTACT_ADDED]", "IN:UPDATE_CALL]"], "predicted_tokens": ["[IN:UPDATE_CALL", "[SL:CONTACT_ADDED", "[IN:GET_CONTACT", "[SL:TYPE_RELATION", "@ptr1", "@ptr2", "@ptr3", "SL:TYPE_RELATION]", "IN:GET_CONTACT]", "SL:CONTACT_ADDED]", "IN:UPDATE_CALL]"]}
{"loss": 1.1478418111801147, "class_log_probabilities": [-2.065082550048828, -2.265355348587036, -3.4238641262054443, -3.46425724029541], "predictions": [75, 6, 70, 93, 399, 94, 71, 400, 72, 73, 7, 78, 4], "target_tokens": ["[IN:CREATE_CALL", "[SL:CONTACT", "[IN:GET_CONTACT", "[SL:CONTACT_RELATED", "@ptr3", "SL:CONTACT_RELATED]", "[SL:TYPE_RELATION", "@ptr4", "SL:TYPE_RELATION]", "IN:GET_CONTACT]", "SL:CONTACT]", "IN:CREATE_CALL]"], "predicted_tokens": ["[IN:CREATE_CALL", "[SL:CONTACT", "[IN:GET_CONTACT", "[SL:CONTACT_RELATED", "@ptr4", "SL:CONTACT_RELATED]", "[SL:TYPE_RELATION", "@ptr5", "SL:TYPE_RELATION]", "IN:GET_CONTACT]", "SL:CONTACT]", "IN:CREATE_CALL]"]}
{"loss": 0.9733712077140808, "class_log_probabilities": [-0.6753880381584167, -6.553704261779785, -6.914146900177002, -7.196777820587158], "predictions": [75, 6, 70, 93, 399, 94, 71, 400, 72, 73, 7, 78, 4, 4, 4], "target_tokens": ["[IN:CREATE_CALL", "[SL:CONTACT", "[IN:GET_CONTACT", "[SL:CONTACT_RELATED", "@ptr4", "SL:CONTACT_RELATED]", "[SL:TYPE_RELATION", "@ptr5", "SL:TYPE_RELATION]", "IN:GET_CONTACT]", "SL:CONTACT]", "IN:CREATE_CALL]"], "predicted_tokens": ["[IN:CREATE_CALL", "[SL:CONTACT", "[IN:GET_CONTACT", "[SL:CONTACT_RELATED", "@ptr4", "SL:CONTACT_RELATED]", "[SL:TYPE_RELATION", "@ptr5", "SL:TYPE_RELATION]", "IN:GET_CONTACT]", "SL:CONTACT]", "IN:CREATE_CALL]"]}
{"loss": 1.1990938186645508, "class_log_probabilities": [-3.621082305908203, -63.001468658447266, -63.08309555053711, -63.24712371826172], "predictions": [23, 10, 399, 11, 24, 404, 405, 406, 407, 408, 25, 26, 4, 4, 4, 4, 4, 4, 4, 4, 4, 4, 4, 4, 4, 4, 4, 4, 4, 4, 4, 4, 4, 4, 4, 4, 4, 4, 4, 4, 4, 4, 4, 4, 4, 4, 4, 4, 4, 4, 4, 4, 4, 4, 4, 4, 4, 4, 4, 4, 4, 4, 4, 4, 4, 4, 4, 4, 4, 4, 4, 4, 4, 4, 4, 4, 4, 4, 4, 4, 4, 4, 4, 4, 4, 4, 4, 4, 4, 4, 4, 4, 4, 4, 4, 4, 4, 4, 4, 4], "target_tokens": ["[IN:SEND_MESSAGE", "[SL:RECIPIENT", "@ptr4", "SL:RECIPIENT]", "[SL:CONTENT_EXACT", "@ptr9", "@ptr10", "@ptr11", "@ptr12", "@ptr13", "@ptr14", "SL:CONTENT_EXACT]", "IN:SEND_MESSAGE]"], "predicted_tokens": ["[IN:SEND_MESSAGE", "[SL:RECIPIENT", "@ptr4", "SL:RECIPIENT]", "[SL:CONTENT_EXACT", "@ptr9", "@ptr10", "@ptr11", "@ptr12", "@ptr13", "SL:CONTENT_EXACT]", "IN:SEND_MESSAGE]"]}
{"loss": 1.199363112449646, "class_log_probabilities": [-3.511781692504883, -9.382408142089844, -12.165462493896484, -14.952383995056152], "predictions": [23, 10, 70, 93, 399, 94, 71, 401, 72, 73, 11, 26, 4, 4, 4, 4, 4, 4, 4, 4, 4, 4, 4, 4, 4, 4, 4, 4, 4, 4, 4, 4, 4, 4, 4], "target_tokens": ["[IN:SEND_MESSAGE", "[SL:RECIPIENT", "[IN:GET_CONTACT", "[SL:CONTACT_RELATED", "@ptr4", "SL:CONTACT_RELATED]", "[SL:TYPE_RELATION", "@ptr5", "SL:TYPE_RELATION]", "IN:GET_CONTACT]", "SL:RECIPIENT]", "[SL:CONTENT_EXACT", "@ptr7", "@ptr8", "@ptr9", "@ptr10", "@ptr11", "@ptr12", "@ptr13", "@ptr14", "@ptr15", "@ptr16", "@ptr17", "@ptr18", "SL:CONTENT_EXACT]", "IN:SEND_MESSAGE]"], "predicted_tokens": ["[IN:SEND_MESSAGE", "[SL:RECIPIENT", "[IN:GET_CONTACT", "[SL:CONTACT_RELATED", "@ptr4", "SL:CONTACT_RELATED]", "[SL:TYPE_RELATION", "@ptr6", "SL:TYPE_RELATION]", "IN:GET_CONTACT]", "SL:RECIPIENT]", "IN:SEND_MESSAGE]"]}
{"loss": 1.0872652530670166, "class_log_probabilities": [-2.423248291015625, -2.6119847297668457, -2.7211222648620605, -2.873483896255493], "predictions": [23, 10, 70, 71, 397, 72, 73, 11, 24, 403, 404, 405, 406, 25, 26, 4, 4], "target_tokens": ["[IN:SEND_MESSAGE", "[SL:RECIPIENT", "[IN:GET_CONTACT", "[SL:TYPE_RELATION", "@ptr2", "SL:TYPE_RELATION]", "IN:GET_CONTACT]", "SL:RECIPIENT]", "[SL:CONTENT_EXACT", "@ptr7", "@ptr8", "@ptr9", "@ptr10", "SL:CONTENT_EXACT]", "IN:SEND_MESSAGE]"], "predicted_tokens": ["[IN:SEND_MESSAGE", "[SL:RECIPIENT", "[IN:GET_CONTACT", "[SL:TYPE_RELATION", "@ptr2", "SL:TYPE_RELATION]", "IN:GET_CONTACT]", "SL:RECIPIENT]", "[SL:CONTENT_EXACT", "@ptr8", "@ptr9", "@ptr10", "@ptr11", "SL:CONTENT_EXACT]", "IN:SEND_MESSAGE]"]}
{"loss": 3.115139961242676, "class_log_probabilities": [-3.338942766189575, -4.3593244552612305, -5.428994178771973, -88.87896728515625], "predictions": [23, 10, 399, 11, 24, 405, 25, 26, 4, 4, 4, 4, 4, 4, 4, 4, 4, 4, 4, 4, 4, 4, 4, 4, 4, 4, 4, 4, 4, 4, 4, 4, 4, 4, 4, 4, 4, 4, 4, 4, 4, 4, 4, 4, 4, 4, 4, 4, 4, 4, 4, 4, 4, 4, 4, 4, 4, 4, 4, 4, 4, 4, 4, 4, 4, 4, 4, 4, 4, 4, 4, 4, 4, 4, 4, 4, 4, 4, 4, 4, 4, 4, 4, 4, 4, 4, 4, 4, 4, 4, 4, 4, 4, 4, 4, 4, 4, 4, 4, 4], "target_tokens": ["[IN:SEND_MESSAGE", "[SL:RECIPIENT", "@ptr4", "SL:RECIPIENT]", "[SL:CONTENT_EXACT", "@ptr10", "@ptr11", "@ptr12", "@ptr13", "@ptr14", "@ptr15", "@ptr16", "@ptr17", "@ptr18", "@ptr19", "@ptr20", "@ptr21", "@ptr22", "@ptr23", "@ptr24", "@ptr25", "@ptr26", "@ptr27", "@ptr28", "SL:CONTENT_EXACT]", "IN:SEND_MESSAGE]"], "predicted_tokens": ["[IN:SEND_MESSAGE", "[SL:RECIPIENT", "@ptr4", "SL:RECIPIENT]", "[SL:CONTENT_EXACT", "@ptr10", "SL:CONTENT_EXACT]", "IN:SEND_MESSAGE]"]}
{"loss": 1.0527280569076538, "class_log_probabilities": [-1.199353575706482, -2.3958654403686523, -4.495321750640869, -4.631082534790039], "predictions": [23, 10, 397, 11, 24, 398, 399, 400, 401, 402, 403, 404, 405, 406, 407, 408, 409, 25, 26, 4, 4], "target_tokens": ["[IN:SEND_MESSAGE", "[SL:RECIPIENT", "@ptr2", "SL:RECIPIENT]", "[SL:CONTENT_EXACT", "@ptr3", "@ptr4", "@ptr5", "@ptr6", "@ptr7", "@ptr8", "@ptr9", "@ptr10", "@ptr11", "@ptr12", "@ptr13", "@ptr14", "SL:CONTENT_EXACT]", "IN:SEND_MESSAGE]"], "predicted_tokens": ["[IN:SEND_MESSAGE", "[SL:RECIPIENT", "@ptr2", "SL:RECIPIENT]", "[SL:CONTENT_EXACT", "@ptr3", "@ptr4", "@ptr5", "@ptr6", "@ptr7", "@ptr8", "@ptr9", "@ptr10", "@ptr11", "@ptr12", "@ptr13", "@ptr14", "SL:CONTENT_EXACT]", "IN:SEND_MESSAGE]"]}
{"loss": 1.4743669033050537, "class_log_probabilities": [-7.238864421844482, -14.881489753723145, -66.49372100830078, -95.60565948486328], "predictions": [23, 10, 399, 11, 24, 404, 405, 406, 407, 408, 409, 410, 412, 413, 415, 416, 25, 26, 4, 4, 4, 4, 4, 4, 4, 4, 4, 4, 4, 4, 4, 4, 4, 4, 4, 4, 4, 4, 4, 4, 4, 4, 4, 4, 4, 4, 4, 4, 4, 4, 4, 4, 4, 4, 4, 4, 4, 4, 4, 4, 4, 4, 4, 4, 4, 4, 4, 4, 4, 4, 4, 4, 4, 4, 4, 4, 4, 4, 4, 4, 4, 4, 4, 4, 4, 4, 4, 4, 4, 4, 4, 4, 4, 4, 4, 4, 4, 4, 4, 4], "target_tokens": ["[IN:SEND_MESSAGE", "[SL:RECIPIENT", "@ptr4", "SL:RECIPIENT]", "[SL:CONTENT_EXACT", "@ptr9", "@ptr10", "@ptr11", "@ptr12", "@ptr13", "@ptr14", "@ptr15", "@ptr16", "@ptr17", "@ptr18", "@ptr19", "@ptr20", "SL:CONTENT_EXACT]", "IN:SEND_MESSAGE]"], "predicted_tokens": ["[IN:SEND_MESSAGE", "[SL:RECIPIENT", "@ptr4", "SL:RECIPIENT]", "[SL:CONTENT_EXACT", "@ptr9", "@ptr10", "@ptr11", "@ptr12", "@ptr13", "@ptr14", "@ptr15", "@ptr17", "@ptr18", "@ptr20", "@ptr21", "SL:CONTENT_EXACT]", "IN:SEND_MESSAGE]"]}
{"loss": 1.2630268335342407, "class_log_probabilities": [-4.97314977645874, -5.300210952758789, -6.014732360839844, -6.499961853027344], "predictions": [23, 10, 399, 11, 24, 404, 405, 406, 407, 408, 409, 410, 411, 25, 26, 4, 4], "target_tokens": ["[IN:SEND_MESSAGE", "[SL:RECIPIENT", "@ptr4", "SL:RECIPIENT]", "[SL:CONTENT_EXACT", "@ptr9", "@ptr10", "@ptr11", "@ptr12", "@ptr13", "@ptr14", "@ptr15", "@ptr16", "@ptr17", "@ptr18", "SL:CONTENT_EXACT]", "IN:SEND_MESSAGE]"], "predicted_tokens": ["[IN:SEND_MESSAGE", "[SL:RECIPIENT", "@ptr4", "SL:RECIPIENT]", "[SL:CONTENT_EXACT", "@ptr9", "@ptr10", "@ptr11", "@ptr12", "@ptr13", "@ptr14", "@ptr15", "@ptr16", "SL:CONTENT_EXACT]", "IN:SEND_MESSAGE]"]}
{"loss": 1.1032428741455078, "class_log_probabilities": [-2.250282049179077, -3.5703585147857666, -3.6700809001922607, -5.21288537979126], "predictions": [23, 10, 397, 398, 399, 400, 401, 402, 403, 404, 405, 25, 26, 4, 4, 4, 4], "target_tokens": ["[IN:SEND_MESSAGE", "[SL:RECIPIENT", "@ptr2", "SL:RECIPIENT]", "[SL:CONTENT_EXACT", "@ptr3", "@ptr4", "@ptr5", "@ptr6", "@ptr7", "@ptr8", "@ptr9", "@ptr10", "SL:CONTENT_EXACT]", "IN:SEND_MESSAGE]"], "predicted_tokens": ["[IN:SEND_MESSAGE", "[SL:RECIPIENT", "@ptr2", "@ptr3", "@ptr4", "@ptr5", "@ptr6", "@ptr7", "@ptr8", "@ptr9", "@ptr10", "SL:CONTENT_EXACT]", "IN:SEND_MESSAGE]"]}
{"loss": 1.1142281293869019, "class_log_probabilities": [-3.123044967651367, -3.394834280014038, -3.63643741607666, -4.09539270401001], "predictions": [23, 10, 70, 71, 397, 72, 73, 11, 24, 399, 400, 401, 402, 403, 404, 405, 406, 407, 25, 26, 4, 4, 4, 4], "target_tokens": ["[IN:SEND_MESSAGE", "[SL:RECIPIENT", "[IN:GET_CONTACT", "[SL:TYPE_RELATION", "@ptr2", "SL:TYPE_RELATION]", "IN:GET_CONTACT]", "SL:RECIPIENT]", "[SL:CONTENT_EXACT", "@ptr4", "@ptr5", "@ptr6", "@ptr7", "@ptr8", "@ptr9", "@ptr10", "@ptr11", "@ptr12", "@ptr13", "@ptr14", "@ptr15", "SL:CONTENT_EXACT]", "IN:SEND_MESSAGE]"], "predicted_tokens": ["[IN:SEND_MESSAGE", "[SL:RECIPIENT", "[IN:GET_CONTACT", "[SL:TYPE_RELATION", "@ptr2", "SL:TYPE_RELATION]", "IN:GET_CONTACT]", "SL:RECIPIENT]", "[SL:CONTENT_EXACT", "@ptr4", "@ptr5", "@ptr6", "@ptr7", "@ptr8", "@ptr9", "@ptr10", "@ptr11", "@ptr12", "SL:CONTENT_EXACT]", "IN:SEND_MESSAGE]"]}
{"loss": 1.5436480045318604, "class_log_probabilities": [-3.956587076187134, -4.884670257568359, -5.093966484069824, -5.642324447631836], "predictions": [23, 24, 401, 402, 403, 404, 405, 406, 407, 408, 409, 410, 411, 412, 413, 25, 10, 417, 11, 26, 4, 4, 4], "target_tokens": ["[IN:SEND_MESSAGE", "[SL:CONTENT_EXACT", "@ptr6", "@ptr7", "@ptr8", "@ptr9", "@ptr10", "@ptr11", "@ptr12", "@ptr13", "@ptr14", "@ptr15", "@ptr16", "@ptr17", "SL:CONTENT_EXACT]", "[SL:RECIPIENT", "@ptr20", "SL:RECIPIENT]", "IN:SEND_MESSAGE]"], "predicted_tokens": ["[IN:SEND_MESSAGE", "[SL:CONTENT_EXACT", "@ptr6", "@ptr7", "@ptr8", "@ptr9", "@ptr10", "@ptr11", "@ptr12", "@ptr13", "@ptr14", "@ptr15", "@ptr16", "@ptr17", "@ptr18", "SL:CONTENT_EXACT]", "[SL:RECIPIENT", "@ptr22", "SL:RECIPIENT]", "IN:SEND_MESSAGE]"]}
{"loss": 1.2603365182876587, "class_log_probabilities": [-2.636589527130127, -5.924540042877197, -6.972354888916016, -8.029252052307129], "predictions": [23, 10, 70, 93, 399, 94, 71, 400, 72, 73, 11, 26, 4, 4, 4, 4, 4, 4, 4, 4, 4, 4], "target_tokens": ["[IN:SEND_MESSAGE", "[SL:RECIPIENT", "[IN:GET_CONTACT", "[SL:CONTACT_RELATED", "@ptr4", "SL:CONTACT_RELATED]", "[SL:TYPE_RELATION", "@ptr5", "SL:TYPE_RELATION]", "IN:GET_CONTACT]", "SL:RECIPIENT]", "[SL:CONTENT_EXACT", "@ptr11", "@ptr12", "@ptr13", "SL:CONTENT_EXACT]", "IN:SEND_MESSAGE]"], "predicted_tokens": ["[IN:SEND_MESSAGE", "[SL:RECIPIENT", "[IN:GET_CONTACT", "[SL:CONTACT_RELATED", "@ptr4", "SL:CONTACT_RELATED]", "[SL:TYPE_RELATION", "@ptr5", "SL:TYPE_RELATION]", "IN:GET_CONTACT]", "SL:RECIPIENT]", "IN:SEND_MESSAGE]"]}
{"loss": 1.1027768850326538, "class_log_probabilities": [-3.389047622680664, -3.611693859100342, -3.977055549621582, -4.153697490692139], "predictions": [23, 10, 397, 11, 24, 398, 399, 400, 401, 402, 403, 404, 405, 406, 407, 25, 26, 4, 4], "target_tokens": ["[IN:SEND_MESSAGE", "[SL:RECIPIENT", "@ptr2", "SL:RECIPIENT]", "[SL:CONTENT_EXACT", "@ptr3", "@ptr4", "@ptr5", "@ptr6", "@ptr7", "@ptr8", "@ptr9", "@ptr10", "@ptr11", "@ptr12", "SL:CONTENT_EXACT]", "IN:SEND_MESSAGE]"], "predicted_tokens": ["[IN:SEND_MESSAGE", "[SL:RECIPIENT", "@ptr2", "SL:RECIPIENT]", "[SL:CONTENT_EXACT", "@ptr3", "@ptr4", "@ptr5", "@ptr6", "@ptr7", "@ptr8", "@ptr9", "@ptr10", "@ptr11", "@ptr12", "SL:CONTENT_EXACT]", "IN:SEND_MESSAGE]"]}
{"loss": 1.0617380142211914, "class_log_probabilities": [-1.9409244060516357, -2.905406951904297, -3.2488842010498047, -3.554527759552002], "predictions": [23, 10, 399, 11, 24, 403, 404, 405, 406, 407, 25, 26, 4, 4], "target_tokens": ["[IN:SEND_MESSAGE", "[SL:RECIPIENT", "@ptr4", "SL:RECIPIENT]", "[SL:CONTENT_EXACT", "@ptr8", "@ptr9", "@ptr10", "@ptr11", "@ptr12", "SL:CONTENT_EXACT]", "IN:SEND_MESSAGE]"], "predicted_tokens": ["[IN:SEND_MESSAGE", "[SL:RECIPIENT", "@ptr4", "SL:RECIPIENT]", "[SL:CONTENT_EXACT", "@ptr8", "@ptr9", "@ptr10", "@ptr11", "@ptr12", "SL:CONTENT_EXACT]", "IN:SEND_MESSAGE]"]}
{"loss": 1.1338552236557007, "class_log_probabilities": [-1.6824671030044556, -1.957840919494629, -2.418046712875366, -2.7025773525238037], "predictions": [23, 10, 399, 11, 24, 403, 405, 25, 26, 4, 4], "target_tokens": ["[IN:SEND_MESSAGE", "[SL:RECIPIENT", "@ptr4", "SL:RECIPIENT]", "[SL:CONTENT_EXACT", "@ptr8", "@ptr9", "@ptr10", "SL:CONTENT_EXACT]", "IN:SEND_MESSAGE]"], "predicted_tokens": ["[IN:SEND_MESSAGE", "[SL:RECIPIENT", "@ptr4", "SL:RECIPIENT]", "[SL:CONTENT_EXACT", "@ptr8", "@ptr10", "SL:CONTENT_EXACT]", "IN:SEND_MESSAGE]"]}
{"loss": 1.0400224924087524, "class_log_probabilities": [-1.7181928157806396, -2.750471830368042, -3.3645501136779785, -4.130104064941406], "predictions": [23, 10, 399, 11, 24, 401, 402, 403, 404, 25, 26, 4, 4], "target_tokens": ["[IN:SEND_MESSAGE", "[SL:RECIPIENT", "@ptr4", "SL:RECIPIENT]", "[SL:CONTENT_EXACT", "@ptr6", "@ptr7", "@ptr8", "@ptr9", "SL:CONTENT_EXACT]", "IN:SEND_MESSAGE]"], "predicted_tokens": ["[IN:SEND_MESSAGE", "[SL:RECIPIENT", "@ptr4", "SL:RECIPIENT]", "[SL:CONTENT_EXACT", "@ptr6", "@ptr7", "@ptr8", "@ptr9", "SL:CONTENT_EXACT]", "IN:SEND_MESSAGE]"]}
{"loss": 1.0351195335388184, "class_log_probabilities": [-1.850708246231079, -3.563422679901123, -4.651051044464111, -7.423648834228516], "predictions": [49, 34, 397, 35, 36, 399, 400, 401, 402, 403, 404, 405, 37, 50, 4, 4, 4, 4, 4, 4, 4, 4], "target_tokens": ["[IN:CREATE_REMINDER", "[SL:PERSON_REMINDED", "@ptr2", "SL:PERSON_REMINDED]", "[SL:TODO", "@ptr4", "@ptr5", "@ptr6", "@ptr7", "@ptr8", "@ptr9", "@ptr10", "SL:TODO]", "IN:CREATE_REMINDER]"], "predicted_tokens": ["[IN:CREATE_REMINDER", "[SL:PERSON_REMINDED", "@ptr2", "SL:PERSON_REMINDED]", "[SL:TODO", "@ptr4", "@ptr5", "@ptr6", "@ptr7", "@ptr8", "@ptr9", "@ptr10", "SL:TODO]", "IN:CREATE_REMINDER]"]}
{"loss": 1.692010521888733, "class_log_probabilities": [-2.473011016845703, -2.7334535121917725, -2.9527392387390137, -3.5026187896728516], "predictions": [49, 34, 397, 35, 36, 399, 400, 401, 402, 403, 404, 37, 16, 405, 406, 17, 50, 4], "target_tokens": ["[IN:CREATE_REMINDER", "[SL:PERSON_REMINDED", "@ptr2", "SL:PERSON_REMINDED]", "[SL:DATE_TIME", "@ptr9", "@ptr10", "SL:DATE_TIME]", "[SL:TODO", "@ptr4", "@ptr5", "@ptr6", "@ptr7", "@ptr8", "SL:TODO]", "IN:CREATE_REMINDER]"], "predicted_tokens": ["[IN:CREATE_REMINDER", "[SL:PERSON_REMINDED", "@ptr2", "SL:PERSON_REMINDED]", "[SL:TODO", "@ptr4", "@ptr5", "@ptr6", "@ptr7", "@ptr8", "@ptr9", "SL:TODO]", "[SL:DATE_TIME", "@ptr10", "@ptr11", "SL:DATE_TIME]", "IN:CREATE_REMINDER]"]}
{"loss": 1.2623058557510376, "class_log_probabilities": [-1.558188796043396, -3.173335313796997, -3.5058648586273193, -3.5315651893615723], "predictions": [49, 34, 397, 35, 36, 399, 400, 37, 16, 403, 404, 405, 406, 17, 50, 4, 4], "target_tokens": ["[IN:CREATE_REMINDER", "[SL:PERSON_REMINDED", "@ptr2", "SL:PERSON_REMINDED]", "[SL:TODO", "@ptr4", "@ptr5", "@ptr6", "SL:TODO]", "[SL:DATE_TIME", "@ptr7", "@ptr8", "@ptr9", "@ptr10", "@ptr11", "SL:DATE_TIME]", "IN:CREATE_REMINDER]"], "predicted_tokens": ["[IN:CREATE_REMINDER", "[SL:PERSON_REMINDED", "@ptr2", "SL:PERSON_REMINDED]", "[SL:TODO", "@ptr4", "@ptr5", "SL:TODO]", "[SL:DATE_TIME", "@ptr8", "@ptr9", "@ptr10", "@ptr11", "SL:DATE_TIME]", "IN:CREATE_REMINDER]"]}
{"loss": 1.1257232427597046, "class_log_probabilities": [-1.604978322982788, -2.2357406616210938, -3.161414861679077, -3.913203716278076], "predictions": [49, 34, 397, 35, 36, 399, 400, 401, 402, 403, 404, 37, 16, 406, 17, 50, 4, 4], "target_tokens": ["[IN:CREATE_REMINDER", "[SL:PERSON_REMINDED", "@ptr2", "SL:PERSON_REMINDED]", "[SL:TODO", "@ptr4", "@ptr5", "@ptr6", "@ptr7", "@ptr8", "@ptr9", "SL:TODO]", "[SL:DATE_TIME", "@ptr10", "SL:DATE_TIME]", "IN:CREATE_REMINDER]"], "predicted_tokens": ["[IN:CREATE_REMINDER", "[SL:PERSON_REMINDED", "@ptr2", "SL:PERSON_REMINDED]", "[SL:TODO", "@ptr4", "@ptr5", "@ptr6", "@ptr7", "@ptr8", "@ptr9", "SL:TODO]", "[SL:DATE_TIME", "@ptr11", "SL:DATE_TIME]", "IN:CREATE_REMINDER]"]}
{"loss": 2.3514819145202637, "class_log_probabilities": [-0.6243228912353516, -5.286369323730469, -5.354516983032227, -5.915901184082031], "predictions": [49, 36, 395, 37, 16, 398, 399, 17, 50, 4, 4, 4], "target_tokens": ["[IN:CREATE_REMINDER", "[SL:DATE_TIME", "@ptr3", "@ptr4", "SL:DATE_TIME]", "IN:CREATE_REMINDER]"], "predicted_tokens": ["[IN:CREATE_REMINDER", "[SL:TODO", "@ptr0", "SL:TODO]", "[SL:DATE_TIME", "@ptr3", "@ptr4", "SL:DATE_TIME]", "IN:CREATE_REMINDER]"]}
{"loss": 0.9974426627159119, "class_log_probabilities": [-0.9475435018539429, -2.952876567840576, -4.227618217468262, -5.633489608764648], "predictions": [49, 34, 397, 35, 36, 399, 400, 401, 402, 403, 37, 50, 4, 4], "target_tokens": ["[IN:CREATE_REMINDER", "[SL:PERSON_REMINDED", "@ptr2", "SL:PERSON_REMINDED]", "[SL:TODO", "@ptr4", "@ptr5", "@ptr6", "@ptr7", "@ptr8", "SL:TODO]", "IN:CREATE_REMINDER]"], "predicted_tokens": ["[IN:CREATE_REMINDER", "[SL:PERSON_REMINDED", "@ptr2", "SL:PERSON_REMINDED]", "[SL:TODO", "@ptr4", "@ptr5", "@ptr6", "@ptr7", "@ptr8", "SL:TODO]", "IN:CREATE_REMINDER]"]}
{"loss": 1.0218173265457153, "class_log_probabilities": [-1.2175180912017822, -2.7781877517700195, -4.0949530601501465, -5.112635135650635], "predictions": [49, 34, 397, 35, 36, 399, 400, 401, 402, 403, 404, 405, 406, 407, 408, 37, 50, 4, 4], "target_tokens": ["[IN:CREATE_REMINDER", "[SL:PERSON_REMINDED", "@ptr2", "SL:PERSON_REMINDED]", "[SL:TODO", "@ptr4", "@ptr5", "@ptr6", "@ptr7", "@ptr8", "@ptr9", "@ptr10", "@ptr11", "@ptr12", "@ptr13", "SL:TODO]", "IN:CREATE_REMINDER]"], "predicted_tokens": ["[IN:CREATE_REMINDER", "[SL:PERSON_REMINDED", "@ptr2", "SL:PERSON_REMINDED]", "[SL:TODO", "@ptr4", "@ptr5", "@ptr6", "@ptr7", "@ptr8", "@ptr9", "@ptr10", "@ptr11", "@ptr12", "@ptr13", "SL:TODO]", "IN:CREATE_REMINDER]"]}
{"loss": 1.0441503524780273, "class_log_probabilities": [-1.4603972434997559, -4.921868801116943, -4.932713508605957, -5.372028350830078], "predictions": [49, 36, 399, 400, 401, 37, 50, 4], "target_tokens": ["[IN:CREATE_REMINDER", "[SL:TODO", "@ptr4", "@ptr5", "@ptr6", "SL:TODO]", "IN:CREATE_REMINDER]"], "predicted_tokens": ["[IN:CREATE_REMINDER", "[SL:TODO", "@ptr4", "@ptr5", "@ptr6", "SL:TODO]", "IN:CREATE_REMINDER]"]}
{"loss": 1.763963222503662, "class_log_probabilities": [-1.1730067729949951, -2.1947579383850098, -4.3777875900268555, -4.948720932006836], "predictions": [49, 36, 399, 400, 37, 16, 401, 402, 403, 17, 50, 4, 4, 4, 4], "target_tokens": ["[IN:CREATE_REMINDER", "[SL:TODO", "@ptr5", "SL:TODO]", "[SL:DATE_TIME", "@ptr6", "@ptr7", "@ptr8", "SL:DATE_TIME]", "IN:CREATE_REMINDER]"], "predicted_tokens": ["[IN:CREATE_REMINDER", "[SL:TODO", "@ptr4", "@ptr5", "SL:TODO]", "[SL:DATE_TIME", "@ptr6", "@ptr7", "@ptr8", "SL:DATE_TIME]", "IN:CREATE_REMINDER]"]}
{"loss": 2.797311782836914, "class_log_probabilities": [-0.40936511754989624, -6.758152008056641, -7.2616705894470215, -7.488356590270996], "predictions": [45, 16, 398, 399, 17, 46, 4], "target_tokens": ["[IN:CREATE_REMINDER", "[SL:DATE_TIME", "@ptr3", "@ptr4", "SL:DATE_TIME]", "IN:CREATE_REMINDER]"], "predicted_tokens": ["[IN:CREATE_ALARM", "[SL:DATE_TIME", "@ptr3", "@ptr4", "SL:DATE_TIME]", "IN:CREATE_ALARM]"]}
{"loss": 0.9906544089317322, "class_log_probabilities": [-0.5710585117340088, -3.629059076309204, -7.044940948486328, -7.185014247894287], "predictions": [33, 34, 396, 35, 36, 399, 400, 401, 37, 38, 4, 4], "target_tokens": ["[IN:DELETE_REMINDER", "[SL:PERSON_REMINDED", "@ptr1", "SL:PERSON_REMINDED]", "[SL:TODO", "@ptr4", "@ptr5", "@ptr6", "SL:TODO]", "IN:DELETE_REMINDER]"], "predicted_tokens": ["[IN:DELETE_REMINDER", "[SL:PERSON_REMINDED", "@ptr1", "SL:PERSON_REMINDED]", "[SL:TODO", "@ptr4", "@ptr5", "@ptr6", "SL:TODO]", "IN:DELETE_REMINDER]"]}
{"loss": 2.501220703125, "class_log_probabilities": [-0.7703407406806946, -3.3600809574127197, -5.762415885925293, -6.070311069488525], "predictions": [119, 120, 397, 121, 122, 4], "target_tokens": ["[IN:DELETE_REMINDER", "[SL:AMOUNT", "@ptr1", "SL:AMOUNT]", "IN:DELETE_REMINDER]"], "predicted_tokens": ["[IN:DELETE_ALARM", "[SL:AMOUNT", "@ptr2", "SL:AMOUNT]", "IN:DELETE_ALARM]"]}
{"loss": 1.0572854280471802, "class_log_probabilities": [-2.2342796325683594, -2.577418565750122, -2.832329511642456, -3.1856513023376465], "predictions": [49, 34, 397, 35, 36, 399, 400, 401, 402, 37, 16, 403, 17, 50, 4, 4], "target_tokens": ["[IN:CREATE_REMINDER", "[SL:PERSON_REMINDED", "@ptr2", "SL:PERSON_REMINDED]", "[SL:TODO", "@ptr4", "@ptr5", "@ptr6", "@ptr7", "SL:TODO]", "[SL:DATE_TIME", "@ptr8", "SL:DATE_TIME]", "IN:CREATE_REMINDER]"], "predicted_tokens": ["[IN:CREATE_REMINDER", "[SL:PERSON_REMINDED", "@ptr2", "SL:PERSON_REMINDED]", "[SL:TODO", "@ptr4", "@ptr5", "@ptr6", "@ptr7", "SL:TODO]", "[SL:DATE_TIME", "@ptr8", "SL:DATE_TIME]", "IN:CREATE_REMINDER]"]}
{"loss": 1.1709073781967163, "class_log_probabilities": [-1.4138892889022827, -3.3266701698303223, -3.777087688446045, -3.99125337600708], "predictions": [49, 16, 399, 400, 17, 36, 402, 403, 404, 37, 50, 4, 4, 4], "target_tokens": ["[IN:CREATE_REMINDER", "[SL:DATE_TIME", "@ptr3", "@ptr4", "@ptr5", "SL:DATE_TIME]", "[SL:TODO", "@ptr7", "@ptr8", "@ptr9", "SL:TODO]", "IN:CREATE_REMINDER]"], "predicted_tokens": ["[IN:CREATE_REMINDER", "[SL:DATE_TIME", "@ptr4", "@ptr5", "SL:DATE_TIME]", "[SL:TODO", "@ptr7", "@ptr8", "@ptr9", "SL:TODO]", "IN:CREATE_REMINDER]"]}
{"loss": 1.4640357494354248, "class_log_probabilities": [-1.4620250463485718, -1.6741937398910522, -3.8192780017852783, -4.263729095458984], "predictions": [33, 34, 396, 35, 36, 399, 400, 401, 402, 37, 16, 404, 17, 38, 4, 4], "target_tokens": ["[IN:DELETE_REMINDER", "[SL:PERSON_REMINDED", "@ptr1", "SL:PERSON_REMINDED]", "[SL:TODO", "@ptr4", "@ptr5", "@ptr6", "@ptr7", "SL:TODO]", "[SL:DATE_TIME", "@ptr8", "@ptr9", "SL:DATE_TIME]", "IN:DELETE_REMINDER]"], "predicted_tokens": ["[IN:DELETE_REMINDER", "[SL:PERSON_REMINDED", "@ptr1", "SL:PERSON_REMINDED]", "[SL:TODO", "@ptr4", "@ptr5", "@ptr6", "@ptr7", "SL:TODO]", "[SL:DATE_TIME", "@ptr9", "SL:DATE_TIME]", "IN:DELETE_REMINDER]"]}
{"loss": 2.1339974403381348, "class_log_probabilities": [-5.551595687866211, -6.042720317840576, -7.882757186889648, -9.124395370483398], "predictions": [47, 34, 405, 35, 36, 408, 409, 37, 16, 411, 17, 48, 4, 4, 4, 4, 4, 4, 4], "target_tokens": ["[IN:GET_REMINDER_LOCATION", "[SL:PERSON_REMINDED", "@ptr10", "SL:PERSON_REMINDED]", "[SL:TODO", "@ptr14", "SL:TODO]", "[SL:DATE_TIME", "@ptr15", "@ptr16", "SL:DATE_TIME]", "IN:GET_REMINDER_LOCATION]"], "predicted_tokens": ["[IN:GET_REMINDER", "[SL:PERSON_REMINDED", "@ptr10", "SL:PERSON_REMINDED]", "[SL:TODO", "@ptr13", "@ptr14", "SL:TODO]", "[SL:DATE_TIME", "@ptr16", "SL:DATE_TIME]", "IN:GET_REMINDER]"]}
{"loss": 2.8884615898132324, "class_log_probabilities": [-4.396359920501709, -10.64392375946045, -17.51417350769043, -46.04716110229492], "predictions": [49, 34, 397, 35, 36, 402, 403, 37, 34, 405, 35, 16, 408, 17, 50, 4, 4, 4, 4, 4, 4, 4, 4, 4, 4, 4, 4, 4, 4, 4, 4, 4, 4, 4, 4, 4, 4, 4, 4, 4, 4, 4, 4, 4, 4, 4, 4, 4, 4, 4, 4, 4, 4, 4, 4, 4, 4, 4, 4, 4, 4, 4, 4, 4, 4, 4, 4, 4, 4, 4, 4, 4, 4, 4, 4, 4, 4, 4, 4, 4, 4, 4, 4, 4, 4, 4, 4, 4, 4, 4, 4, 4, 4, 4, 4, 4, 4, 4, 4, 4], "target_tokens": ["[IN:GET_REMINDER", "[SL:METHOD_RETRIEVAL_REMINDER", "@ptr0", "SL:METHOD_RETRIEVAL_REMINDER]", "[SL:PERSON_REMINDED", "@ptr2", "SL:PERSON_REMINDED]", "[SL:AMOUNT", "@ptr3", "SL:AMOUNT]", "[SL:TODO", "@ptr7", "@ptr8", "@ptr9", "@ptr10", "@ptr11", "SL:TODO]", "[SL:DATE_TIME", "@ptr12", "@ptr13", "SL:DATE_TIME]", "IN:GET_REMINDER]"], "predicted_tokens": ["[IN:CREATE_REMINDER", "[SL:PERSON_REMINDED", "@ptr2", "SL:PERSON_REMINDED]", "[SL:TODO", "@ptr7", "@ptr8", "SL:TODO]", "[SL:PERSON_REMINDED", "@ptr10", "SL:PERSON_REMINDED]", "[SL:DATE_TIME", "@ptr13", "SL:DATE_TIME]", "IN:CREATE_REMINDER]"]}
{"loss": 0.9857876300811768, "class_log_probabilities": [-0.9087401628494263, -4.035784721374512, -4.700198650360107, -11.531105995178223], "predictions": [47, 36, 399, 400, 401, 402, 37, 48, 4, 4, 4, 4, 4], "target_tokens": ["[IN:GET_REMINDER", "[SL:TODO", "@ptr4", "@ptr5", "@ptr6", "@ptr7", "SL:TODO]", "IN:GET_REMINDER]"], "predicted_tokens": ["[IN:GET_REMINDER", "[SL:TODO", "@ptr4", "@ptr5", "@ptr6", "@ptr7", "SL:TODO]", "IN:GET_REMINDER]"]}
{"loss": 2.567214250564575, "class_log_probabilities": [-2.9584896564483643, -4.142086505889893, -4.493865966796875, -4.602832317352295], "predictions": [49, 34, 398, 35, 36, 401, 402, 403, 404, 405, 406, 407, 37, 50, 4], "target_tokens": ["[IN:GET_REMINDER", "[SL:METHOD_RETRIEVAL_REMINDER", "@ptr0", "SL:METHOD_RETRIEVAL_REMINDER]", "[SL:PERSON_REMINDED", "@ptr2", "SL:PERSON_REMINDED]", "[SL:TODO", "@ptr6", "@ptr7", "@ptr8", "@ptr9", "@ptr10", "@ptr11", "@ptr12", "@ptr13", "@ptr14", "SL:TODO]", "IN:GET_REMINDER]"], "predicted_tokens": ["[IN:CREATE_REMINDER", "[SL:PERSON_REMINDED", "@ptr3", "SL:PERSON_REMINDED]", "[SL:TODO", "@ptr6", "@ptr7", "@ptr8", "@ptr9", "@ptr10", "@ptr11", "@ptr12", "SL:TODO]", "IN:CREATE_REMINDER]"]}
{"loss": 2.497789144515991, "class_log_probabilities": [-4.626380920410156, -4.678420066833496, -5.482651710510254, -78.1163558959961], "predictions": [33, 36, 402, 403, 404, 405, 406, 407, 37, 16, 410, 412, 413, 17, 38, 4, 4, 4, 4, 4, 4, 4, 4, 4, 4, 4, 4, 4, 4, 4, 4, 4, 4, 4, 4, 4, 4, 4, 4, 4, 4, 4, 4, 4, 4, 4, 4, 4, 4, 4, 4, 4, 4, 4, 4, 4, 4, 4, 4, 4, 4, 4, 4, 4, 4, 4, 4, 4, 4, 4, 4, 4, 4, 4, 4, 4, 4, 4, 4, 4, 4, 4, 4, 4, 4, 4, 4, 4, 4, 4, 4, 4, 4, 4, 4, 4, 4, 4, 4, 4], "target_tokens": ["[IN:DELETE_REMINDER", "[SL:TODO", "@ptr6", "@ptr7", "@ptr8", "@ptr9", "@ptr10", "@ptr11", "@ptr12", "SL:TODO]", "[SL:DATE_TIME", "@ptr13", "@ptr14", "@ptr15", "@ptr16", "SL:DATE_TIME]", "IN:DELETE_REMINDER]"], "predicted_tokens": ["[IN:DELETE_REMINDER", "[SL:TODO", "@ptr7", "@ptr8", "@ptr9", "@ptr10", "@ptr11", "@ptr12", "SL:TODO]", "[SL:DATE_TIME", "@ptr15", "@ptr17", "@ptr18", "SL:DATE_TIME]", "IN:DELETE_REMINDER]"]}
{"loss": 2.2569401264190674, "class_log_probabilities": [-6.145796775817871, -6.148134231567383, -7.622460842132568, -39.209739685058594], "predictions": [49, 36, 399, 37, 36, 401, 402, 403, 404, 405, 406, 407, 408, 410, 411, 50, 4, 4, 4, 4, 4, 4, 4, 4, 4, 4, 4, 4, 4, 4, 4, 4, 4, 4, 4, 4, 4, 4, 4, 4, 4, 4, 4, 4, 4, 4, 4, 4, 4, 4, 4, 4, 4, 4, 4, 4, 4, 4, 4, 4, 4, 4, 4, 4, 4, 4, 4, 4, 4, 4, 4, 4, 4, 4, 4, 4, 4, 4, 4, 4, 4, 4, 4, 4, 4, 4, 4, 4, 4, 4, 4, 4, 4, 4, 4, 4, 4, 4, 4, 4], "target_tokens": ["[IN:CREATE_REMINDER", "[SL:PERSON_REMINDED", "@ptr5", "SL:PERSON_REMINDED]", "[SL:TODO", "@ptr6", "@ptr7", "@ptr8", "@ptr9", "@ptr10", "@ptr11", "@ptr12", "@ptr13", "@ptr14", "SL:TODO]", "[SL:DATE_TIME", "@ptr15", "@ptr16", "@ptr17", "@ptr18", "@ptr19", "SL:DATE_TIME]", "IN:CREATE_REMINDER]"], "predicted_tokens": ["[IN:CREATE_REMINDER", "[SL:TODO", "@ptr4", "SL:TODO]", "[SL:TODO", "@ptr6", "@ptr7", "@ptr8", "@ptr9", "@ptr10", "@ptr11", "@ptr12", "@ptr13", "@ptr15", "@ptr16", "IN:CREATE_REMINDER]"]}
{"loss": 1.0188294649124146, "class_log_probabilities": [-0.9709683060646057, -2.265113353729248, -3.8996939659118652, -5.191486835479736], "predictions": [33, 36, 399, 400, 401, 402, 403, 404, 37, 38, 4, 4, 4, 4], "target_tokens": ["[IN:DELETE_REMINDER", "[SL:TODO", "@ptr4", "@ptr5", "@ptr6", "@ptr7", "@ptr8", "@ptr9", "SL:TODO]", "IN:DELETE_REMINDER]"], "predicted_tokens": ["[IN:DELETE_REMINDER", "[SL:TODO", "@ptr4", "@ptr5", "@ptr6", "@ptr7", "@ptr8", "@ptr9", "SL:TODO]", "IN:DELETE_REMINDER]"]}
{"loss": 2.1692428588867188, "class_log_probabilities": [-14.290244102478027, -17.374155044555664, -44.808597564697266, -45.50148010253906], "predictions": [47, 34, 397, 35, 120, 398, 121, 36, 402, 403, 404, 405, 37, 144, 37, 144, 37, 16, 408, 17, 144, 37, 144, 37, 144, 37, 144, 37, 144, 37, 144, 37, 144, 37, 48, 4, 4, 4, 4, 4, 4, 4, 4, 4, 4, 4, 4, 4, 4, 4, 4, 4, 4, 4, 4, 4, 4, 4, 4, 4, 4, 4, 4, 4, 4, 4, 4, 4, 4, 4, 4, 4, 4, 4, 4, 4, 4, 4, 4, 4, 4, 4, 4, 4, 4, 4, 4, 4, 4, 4, 4, 4, 4, 4, 4, 4, 4, 4, 4, 4], "target_tokens": ["[IN:GET_REMINDER", "[SL:PERSON_REMINDED", "@ptr2", "SL:PERSON_REMINDED]", "[SL:AMOUNT", "@ptr3", "SL:AMOUNT]", "[SL:TODO", "[IN:GET_TODO", "[SL:DATE_TIME", "@ptr12", "@ptr13", "SL:DATE_TIME]", "[SL:TODO", "@ptr7", "@ptr8", "@ptr9", "SL:TODO]", "[SL:ATTENDEE", "@ptr11", "SL:ATTENDEE]", "IN:GET_TODO]", "SL:TODO]", "IN:GET_REMINDER]"], "predicted_tokens": ["[IN:GET_REMINDER", "[SL:PERSON_REMINDED", "@ptr2", "SL:PERSON_REMINDED]", "[SL:AMOUNT", "@ptr3", "SL:AMOUNT]", "[SL:TODO", "@ptr7", "@ptr8", "@ptr9", "@ptr10", "SL:TODO]", "IN:GET_TODO]", "SL:TODO]", "IN:GET_TODO]", "SL:TODO]", "[SL:DATE_TIME", "@ptr13", "SL:DATE_TIME]", "IN:GET_TODO]", "SL:TODO]", "IN:GET_TODO]", "SL:TODO]", "IN:GET_TODO]", "SL:TODO]", "IN:GET_TODO]", "SL:TODO]", "IN:GET_TODO]", "SL:TODO]", "IN:GET_TODO]", "SL:TODO]", "IN:GET_TODO]", "SL:TODO]", "IN:GET_REMINDER]"]}
{"loss": 0.9979720115661621, "class_log_probabilities": [-0.9095038175582886, -2.3883607387542725, -3.8735744953155518, -5.082902908325195], "predictions": [70, 16, 401, 402, 403, 404, 405, 17, 73, 4], "target_tokens": ["[IN:GET_CONTACT", "[SL:DATE_TIME", "@ptr6", "@ptr7", "@ptr8", "@ptr9", "@ptr10", "SL:DATE_TIME]", "IN:GET_CONTACT]"], "predicted_tokens": ["[IN:GET_CONTACT", "[SL:DATE_TIME", "@ptr6", "@ptr7", "@ptr8", "@ptr9", "@ptr10", "SL:DATE_TIME]", "IN:GET_CONTACT]"]}
{"loss": 1.324942708015442, "class_log_probabilities": [-2.1374454498291016, -4.074071407318115, -4.189558029174805, -4.820048809051514], "predictions": [33, 34, 396, 35, 36, 399, 400, 401, 402, 403, 37, 38, 4], "target_tokens": ["[IN:DELETE_REMINDER", "[SL:PERSON_REMINDED", "@ptr1", "SL:PERSON_REMINDED]", "[SL:TODO", "@ptr3", "@ptr4", "@ptr5", "@ptr6", "@ptr7", "@ptr8", "SL:TODO]", "IN:DELETE_REMINDER]"], "predicted_tokens": ["[IN:DELETE_REMINDER", "[SL:PERSON_REMINDED", "@ptr1", "SL:PERSON_REMINDED]", "[SL:TODO", "@ptr4", "@ptr5", "@ptr6", "@ptr7", "@ptr8", "SL:TODO]", "IN:DELETE_REMINDER]"]}
{"loss": 1.5386559963226318, "class_log_probabilities": [-4.065130233764648, -4.882637977600098, -5.121740341186523, -5.184604644775391], "predictions": [49, 34, 397, 35, 36, 399, 400, 401, 402, 37, 34, 404, 405, 35, 16, 406, 17, 50, 4, 4, 4, 4], "target_tokens": ["[IN:CREATE_REMINDER", "[SL:PERSON_REMINDED", "@ptr2", "SL:PERSON_REMINDED]", "[SL:TODO", "@ptr4", "@ptr5", "@ptr6", "@ptr7", "@ptr8", "@ptr9", "SL:TODO]", "[SL:DATE_TIME", "@ptr10", "@ptr11", "SL:DATE_TIME]", "IN:CREATE_REMINDER]"], "predicted_tokens": ["[IN:CREATE_REMINDER", "[SL:PERSON_REMINDED", "@ptr2", "SL:PERSON_REMINDED]", "[SL:TODO", "@ptr4", "@ptr5", "@ptr6", "@ptr7", "SL:TODO]", "[SL:PERSON_REMINDED", "@ptr9", "@ptr10", "SL:PERSON_REMINDED]", "[SL:DATE_TIME", "@ptr11", "SL:DATE_TIME]", "IN:CREATE_REMINDER]"]}
{"loss": 1.0037806034088135, "class_log_probabilities": [-1.2226237058639526, -4.026788711547852, -5.291764259338379, -5.590343952178955], "predictions": [49, 34, 397, 35, 36, 399, 400, 401, 402, 403, 404, 37, 16, 405, 17, 50, 4, 4], "target_tokens": ["[IN:CREATE_REMINDER", "[SL:PERSON_REMINDED", "@ptr2", "SL:PERSON_REMINDED]", "[SL:TODO", "@ptr4", "@ptr5", "@ptr6", "@ptr7", "@ptr8", "@ptr9", "SL:TODO]", "[SL:DATE_TIME", "@ptr10", "SL:DATE_TIME]", "IN:CREATE_REMINDER]"], "predicted_tokens": ["[IN:CREATE_REMINDER", "[SL:PERSON_REMINDED", "@ptr2", "SL:PERSON_REMINDED]", "[SL:TODO", "@ptr4", "@ptr5", "@ptr6", "@ptr7", "@ptr8", "@ptr9", "SL:TODO]", "[SL:DATE_TIME", "@ptr10", "SL:DATE_TIME]", "IN:CREATE_REMINDER]"]}
{"loss": 1.5807346105575562, "class_log_probabilities": [-2.981476306915283, -3.168184518814087, -3.77809476852417, -3.9348037242889404], "predictions": [49, 34, 396, 35, 36, 398, 399, 400, 401, 37, 16, 403, 404, 405, 17, 50, 4], "target_tokens": ["[IN:CREATE_REMINDER", "[SL:PERSON_REMINDED", "@ptr2", "SL:PERSON_REMINDED]", "[SL:TODO", "@ptr4", "@ptr5", "@ptr6", "@ptr7", "SL:TODO]", "[SL:DATE_TIME", "@ptr8", "@ptr9", "@ptr10", "@ptr11", "SL:DATE_TIME]", "IN:CREATE_REMINDER]"], "predicted_tokens": ["[IN:CREATE_REMINDER", "[SL:PERSON_REMINDED", "@ptr1", "SL:PERSON_REMINDED]", "[SL:TODO", "@ptr3", "@ptr4", "@ptr5", "@ptr6", "SL:TODO]", "[SL:DATE_TIME", "@ptr8", "@ptr9", "@ptr10", "SL:DATE_TIME]", "IN:CREATE_REMINDER]"]}
{"loss": 2.3547310829162598, "class_log_probabilities": [-5.057668209075928, -5.329028129577637, -6.067714691162109, -6.073520660400391], "predictions": [117, 36, 143, 16, 398, 17, 34, 400, 35, 36, 403, 404, 405, 406, 407, 37, 118, 4, 4], "target_tokens": ["[IN:GET_REMINDER_DATE_TIME", "[SL:PERSON_REMINDED", "@ptr5", "SL:PERSON_REMINDED]", "[SL:TODO", "@ptr6", "@ptr7", "@ptr8", "@ptr9", "@ptr10", "@ptr11", "@ptr12", "@ptr13", "SL:TODO]", "IN:GET_REMINDER_DATE_TIME]"], "predicted_tokens": ["[IN:GET_REMINDER_DATE_TIME", "[SL:TODO", "[IN:GET_TODO", "[SL:DATE_TIME", "@ptr3", "SL:DATE_TIME]", "[SL:PERSON_REMINDED", "@ptr5", "SL:PERSON_REMINDED]", "[SL:TODO", "@ptr8", "@ptr9", "@ptr10", "@ptr11", "@ptr12", "SL:TODO]", "IN:GET_REMINDER_DATE_TIME]"]}
{"loss": 3.049098253250122, "class_log_probabilities": [-4.344171047210693, -4.587040901184082, -43.05635452270508, -52.236656188964844], "predictions": [49, 34, 397, 35, 36, 399, 400, 401, 402, 403, 404, 405, 406, 407, 408, 37, 16, 409, 411, 17, 50, 4, 4, 4, 4, 4, 4, 4, 4, 4, 4, 4, 4, 4, 4, 4, 4, 4, 4, 4, 4, 4, 4, 4, 4, 4, 4, 4, 4, 4, 4, 4, 4, 4, 4, 4, 4, 4, 4, 4, 4, 4, 4, 4, 4, 4, 4, 4, 4, 4, 4, 4, 4, 4, 4, 4, 4, 4, 4, 4, 4, 4, 4, 4, 4, 4, 4, 4, 4, 4, 4, 4, 4, 4, 4, 4, 4, 4, 4, 4], "target_tokens": ["[IN:CREATE_REMINDER", "[SL:PERSON_REMINDED", "@ptr2", "SL:PERSON_REMINDED]", "[SL:TODO", "[IN:REPLY_MESSAGE", "[SL:RECIPIENT", "@ptr6", "SL:RECIPIENT]", "[SL:CONTENT_EXACT", "@ptr10", "@ptr11", "@ptr12", "@ptr13", "SL:CONTENT_EXACT]", "IN:REPLY_MESSAGE]", "SL:TODO]", "[SL:DATE_TIME", "@ptr14", "@ptr15", "@ptr16", "@ptr17", "SL:DATE_TIME]", "IN:CREATE_REMINDER]"], "predicted_tokens": ["[IN:CREATE_REMINDER", "[SL:PERSON_REMINDED", "@ptr2", "SL:PERSON_REMINDED]", "[SL:TODO", "@ptr4", "@ptr5", "@ptr6", "@ptr7", "@ptr8", "@ptr9", "@ptr10", "@ptr11", "@ptr12", "@ptr13", "SL:TODO]", "[SL:DATE_TIME", "@ptr14", "@ptr16", "SL:DATE_TIME]", "IN:CREATE_REMINDER]"]}
{"loss": 1.5629029273986816, "class_log_probabilities": [-4.31736421585083, -5.41461181640625, -29.96723175048828, -31.526870727539062], "predictions": [49, 34, 399, 35, 36, 75, 6, 399, 7, 78, 37, 16, 407, 17, 50, 4, 4, 4, 4, 4, 4, 4, 4, 4, 4, 4, 4, 4, 4, 4, 4, 4, 4, 4, 4, 4, 4, 4, 4, 4, 4, 4, 4, 4, 4, 4, 4, 4, 4, 4, 4, 4, 4, 4, 4, 4, 4, 4, 4, 4, 4, 4, 4, 4, 4, 4, 4, 4, 4, 4, 4, 4, 4, 4, 4, 4, 4, 4, 4, 4, 4, 4, 4, 4, 4, 4, 4, 4, 4, 4, 4, 4, 4, 4, 4, 4, 4, 4, 4, 4], "target_tokens": ["[IN:CREATE_REMINDER", "[SL:PERSON_REMINDED", "@ptr4", "SL:PERSON_REMINDED]", "[SL:TODO", "[IN:CREATE_CALL", "[SL:CONTACT", "[IN:GET_CONTACT", "[SL:CONTACT_RELATED", "@ptr9", "SL:CONTACT_RELATED]", "[SL:TYPE_RELATION", "@ptr10", "SL:TYPE_RELATION]", "IN:GET_CONTACT]", "SL:CONTACT]", "IN:CREATE_CALL]", "SL:TODO]", "[SL:DATE_TIME", "@ptr11", "@ptr12", "SL:DATE_TIME]", "IN:CREATE_REMINDER]"], "predicted_tokens": ["[IN:CREATE_REMINDER", "[SL:PERSON_REMINDED", "@ptr4", "SL:PERSON_REMINDED]", "[SL:TODO", "[IN:CREATE_CALL", "[SL:CONTACT", "@ptr4", "SL:CONTACT]", "IN:CREATE_CALL]", "SL:TODO]", "[SL:DATE_TIME", "@ptr12", "SL:DATE_TIME]", "IN:CREATE_REMINDER]"]}
{"loss": 0.9967982172966003, "class_log_probabilities": [-0.8790178894996643, -5.309384822845459, -6.040589332580566, -6.174114227294922], "predictions": [49, 34, 397, 35, 36, 399, 400, 401, 402, 403, 404, 37, 16, 405, 17, 50, 4, 4], "target_tokens": ["[IN:CREATE_REMINDER", "[SL:PERSON_REMINDED", "@ptr2", "SL:PERSON_REMINDED]", "[SL:TODO", "@ptr4", "@ptr5", "@ptr6", "@ptr7", "@ptr8", "@ptr9", "SL:TODO]", "[SL:DATE_TIME", "@ptr10", "SL:DATE_TIME]", "IN:CREATE_REMINDER]"], "predicted_tokens": ["[IN:CREATE_REMINDER", "[SL:PERSON_REMINDED", "@ptr2", "SL:PERSON_REMINDED]", "[SL:TODO", "@ptr4", "@ptr5", "@ptr6", "@ptr7", "@ptr8", "@ptr9", "SL:TODO]", "[SL:DATE_TIME", "@ptr10", "SL:DATE_TIME]", "IN:CREATE_REMINDER]"]}
{"loss": 1.2870515584945679, "class_log_probabilities": [-0.9961914420127869, -4.019283294677734, -4.491084575653076, -5.074130535125732], "predictions": [81, 6, 400, 401, 7, 82, 4, 4, 4, 4, 4], "target_tokens": ["[IN:DELETE_REMINDER", "[SL:TODO", "[IN:CREATE_CALL", "[SL:CONTACT", "@ptr5", "@ptr6", "SL:CONTACT]", "IN:CREATE_CALL]", "SL:TODO]", "IN:DELETE_REMINDER]"], "predicted_tokens": ["[IN:END_CALL", "[SL:CONTACT", "@ptr5", "@ptr6", "SL:CONTACT]", "IN:END_CALL]"]}
{"loss": 2.1507136821746826, "class_log_probabilities": [-6.882006645202637, -9.358878135681152, -9.950308799743652, -10.36215591430664], "predictions": [23, 10, 397, 11, 24, 399, 400, 25, 10, 406, 11, 26, 4, 4, 4, 4, 4, 4, 4], "target_tokens": ["[IN:CREATE_REMINDER", "[SL:PERSON_REMINDED", "@ptr2", "SL:PERSON_REMINDED]", "[SL:TODO", "[IN:SEND_MESSAGE", "[SL:METHOD_MESSAGE", "@ptr6", "@ptr7", "@ptr8", "SL:METHOD_MESSAGE]", "[SL:RECIPIENT", "@ptr10", "SL:RECIPIENT]", "[SL:CONTENT_EXACT", "@ptr14", "SL:CONTENT_EXACT]", "IN:SEND_MESSAGE]", "SL:TODO]", "IN:CREATE_REMINDER]"], "predicted_tokens": ["[IN:SEND_MESSAGE", "[SL:RECIPIENT", "@ptr2", "SL:RECIPIENT]", "[SL:CONTENT_EXACT", "@ptr4", "@ptr5", "SL:CONTENT_EXACT]", "[SL:RECIPIENT", "@ptr11", "SL:RECIPIENT]", "IN:SEND_MESSAGE]"]}
{"loss": 2.305948257446289, "class_log_probabilities": [-5.045347213745117, -5.133442401885986, -8.526094436645508, -12.470291137695312], "predictions": [49, 36, 402, 403, 404, 405, 407, 37, 16, 411, 412, 17, 50, 4, 4, 4, 4, 4, 4, 4, 4, 4, 4, 4, 4], "target_tokens": ["[IN:CREATE_REMINDER", "[SL:TODO", "@ptr7", "@ptr8", "@ptr9", "@ptr10", "@ptr11", "@ptr12", "@ptr13", "SL:TODO]", "[SL:DATE_TIME", "@ptr14", "@ptr15", "@ptr16", "SL:DATE_TIME]", "IN:CREATE_REMINDER]"], "predicted_tokens": ["[IN:CREATE_REMINDER", "[SL:TODO", "@ptr7", "@ptr8", "@ptr9", "@ptr10", "@ptr12", "SL:TODO]", "[SL:DATE_TIME", "@ptr16", "@ptr17", "SL:DATE_TIME]", "IN:CREATE_REMINDER]"]}
{"loss": 1.8626337051391602, "class_log_probabilities": [-4.702403545379639, -6.949123382568359, -9.180624008178711, -43.10071563720703], "predictions": [49, 36, 75, 6, 400, 401, 402, 403, 7, 78, 4, 4, 4, 4, 4, 4, 4, 4, 4, 4, 4, 4, 4, 4, 4, 4, 4, 4, 4, 4, 4, 4, 4, 4, 4, 4, 4, 4, 4, 4, 4, 4, 4, 4, 4, 4, 4, 4, 4, 4, 4, 4, 4, 4, 4, 4, 4, 4, 4, 4, 4, 4, 4, 4, 4, 4, 4, 4, 4, 4, 4, 4, 4, 4, 4, 4, 4, 4, 4, 4, 4, 4, 4, 4, 4, 4, 4, 4, 4, 4, 4, 4, 4, 4, 4, 4, 4, 4, 4, 4], "target_tokens": ["[IN:CREATE_REMINDER", "[SL:TODO", "[IN:GET_TODO", "[SL:TODO", "[IN:CREATE_CALL", "[SL:CONTACT", "@ptr5", "@ptr6", "@ptr7", "@ptr8", "SL:CONTACT]", "IN:CREATE_CALL]", "SL:TODO]", "[SL:TODO", "@ptr10", "@ptr11", "@ptr12", "@ptr13", "@ptr14", "@ptr15", "@ptr16", "@ptr17", "@ptr18", "@ptr19", "@ptr20", "@ptr21", "@ptr22", "SL:TODO]", "IN:GET_TODO]", "SL:TODO]", "IN:CREATE_REMINDER]"], "predicted_tokens": ["[IN:CREATE_REMINDER", "[SL:TODO", "[IN:CREATE_CALL", "[SL:CONTACT", "@ptr5", "@ptr6", "@ptr7", "@ptr8", "SL:CONTACT]", "IN:CREATE_CALL]"]}
{"loss": 1.441009759902954, "class_log_probabilities": [-4.621038913726807, -4.628274917602539, -4.914106369018555, -5.417212963104248], "predictions": [49, 36, 402, 403, 404, 405, 406, 407, 37, 16, 410, 17, 50, 4, 4], "target_tokens": ["[IN:CREATE_REMINDER", "[SL:TODO", "@ptr7", "@ptr8", "@ptr9", "@ptr10", "@ptr11", "@ptr12", "SL:TODO]", "[SL:DATE_TIME", "@ptr13", "@ptr14", "SL:DATE_TIME]", "IN:CREATE_REMINDER]"], "predicted_tokens": ["[IN:CREATE_REMINDER", "[SL:TODO", "@ptr7", "@ptr8", "@ptr9", "@ptr10", "@ptr11", "@ptr12", "SL:TODO]", "[SL:DATE_TIME", "@ptr15", "SL:DATE_TIME]", "IN:CREATE_REMINDER]"]}
{"loss": 1.0665721893310547, "class_log_probabilities": [-1.4719690084457397, -1.982393503189087, -3.238633871078491, -3.4185969829559326], "predictions": [39, 40, 399, 41, 56, 403, 57, 42, 4, 4], "target_tokens": ["[IN:GET_STORIES_NEWS", "[SL:NEWS_TYPE", "@ptr4", "SL:NEWS_TYPE]", "[SL:NEWS_TOPIC", "@ptr8", "SL:NEWS_TOPIC]", "IN:GET_STORIES_NEWS]"], "predicted_tokens": ["[IN:GET_STORIES_NEWS", "[SL:NEWS_TYPE", "@ptr4", "SL:NEWS_TYPE]", "[SL:NEWS_TOPIC", "@ptr8", "SL:NEWS_TOPIC]", "IN:GET_STORIES_NEWS]"]}
{"loss": 0.9842271208763123, "class_log_probabilities": [-0.1715417504310608, -6.641529083251953, -7.040971279144287, -8.195418357849121], "predictions": [95, 96, 4, 4, 4, 4], "target_tokens": ["[IN:IGNORE_CALL", "IN:IGNORE_CALL]"], "predicted_tokens": ["[IN:IGNORE_CALL", "IN:IGNORE_CALL]"]}
{"loss": 1.1093297004699707, "class_log_probabilities": [-0.9595231413841248, -3.8123111724853516, -4.073696136474609, -5.141002178192139], "predictions": [81, 82, 4], "target_tokens": ["[IN:END_CALL", "IN:END_CALL]"], "predicted_tokens": ["[IN:END_CALL", "IN:END_CALL]"]}
{"loss": 2.101393461227417, "class_log_probabilities": [-2.586059331893921, -3.263638973236084, -4.796368598937988, -6.503852367401123], "predictions": [61, 83, 396, 397, 398, 399, 400, 84, 14, 403, 15, 62, 4, 4, 4, 4, 4, 4], "target_tokens": ["[IN:GET_EVENT", "[SL:CATEGORY_EVENT", "@ptr4", "@ptr5", "SL:CATEGORY_EVENT]", "[SL:LOCATION", "@ptr7", "SL:LOCATION]", "[SL:DATE_TIME", "@ptr8", "@ptr9", "SL:DATE_TIME]", "IN:GET_EVENT]"], "predicted_tokens": ["[IN:GET_EVENT", "[SL:CATEGORY_EVENT", "@ptr1", "@ptr2", "@ptr3", "@ptr4", "@ptr5", "SL:CATEGORY_EVENT]", "[SL:LOCATION", "@ptr8", "SL:LOCATION]", "IN:GET_EVENT]"]}
{"loss": 1.6185740232467651, "class_log_probabilities": [-0.7984426617622375, -2.9958019256591797, -3.5288681983947754, -5.298166751861572], "predictions": [61, 14, 397, 15, 16, 399, 400, 401, 17, 62, 4, 4, 4], "target_tokens": ["[IN:GET_EVENT", "[SL:LOCATION", "@ptr2", "SL:LOCATION]", "[SL:DATE_TIME", "@ptr3", "@ptr4", "@ptr5", "@ptr6", "SL:DATE_TIME]", "IN:GET_EVENT]"], "predicted_tokens": ["[IN:GET_EVENT", "[SL:LOCATION", "@ptr2", "SL:LOCATION]", "[SL:DATE_TIME", "@ptr4", "@ptr5", "@ptr6", "SL:DATE_TIME]", "IN:GET_EVENT]"]}
{"loss": 1.0872918367385864, "class_log_probabilities": [-1.5881308317184448, -2.054030656814575, -3.0723471641540527, -3.92048978805542], "predictions": [61, 83, 402, 84, 16, 403, 17, 14, 404, 15, 62, 4], "target_tokens": ["[IN:GET_EVENT", "[SL:CATEGORY_EVENT", "@ptr7", "SL:CATEGORY_EVENT]", "[SL:DATE_TIME", "@ptr8", "SL:DATE_TIME]", "[SL:LOCATION", "@ptr10", "SL:LOCATION]", "IN:GET_EVENT]"], "predicted_tokens": ["[IN:GET_EVENT", "[SL:CATEGORY_EVENT", "@ptr7", "SL:CATEGORY_EVENT]", "[SL:DATE_TIME", "@ptr8", "SL:DATE_TIME]", "[SL:LOCATION", "@ptr9", "SL:LOCATION]", "IN:GET_EVENT]"]}
{"loss": 1.652665376663208, "class_log_probabilities": [-1.5006520748138428, -2.1620290279388428, -3.7107863426208496, -3.898923873901367], "predictions": [61, 14, 404, 15, 16, 406, 17, 62, 4, 4, 4], "target_tokens": ["[IN:GET_EVENT", "[SL:LOCATION", "@ptr9", "SL:LOCATION]", "[SL:DATE_TIME", "@ptr10", "@ptr11", "SL:DATE_TIME]", "IN:GET_EVENT]"], "predicted_tokens": ["[IN:GET_EVENT", "[SL:LOCATION", "@ptr9", "SL:LOCATION]", "[SL:DATE_TIME", "@ptr11", "SL:DATE_TIME]", "IN:GET_EVENT]"]}
{"loss": 2.9083292484283447, "class_log_probabilities": [-1.4118623733520508, -1.981848955154419, -2.2914302349090576, -2.9272336959838867], "predictions": [13, 16, 403, 17, 79, 410, 80, 18, 4, 4], "target_tokens": ["[IN:GET_EVENT", "[SL:DATE_TIME", "@ptr8", "@ptr9", "SL:DATE_TIME]", "IN:GET_EVENT]"], "predicted_tokens": ["[IN:GET_WEATHER", "[SL:DATE_TIME", "@ptr8", "SL:DATE_TIME]", "[SL:WEATHER_ATTRIBUTE", "@ptr15", "SL:WEATHER_ATTRIBUTE]", "IN:GET_WEATHER]"]}
{"loss": 1.761209487915039, "class_log_probabilities": [-0.3866440951824188, -5.728935241699219, -7.279867172241211, -7.388452529907227], "predictions": [61, 16, 403, 17, 62, 4, 4], "target_tokens": ["[IN:GET_EVENT", "[SL:DATE_TIME", "@ptr7", "SL:DATE_TIME]", "IN:GET_EVENT]"], "predicted_tokens": ["[IN:GET_EVENT", "[SL:DATE_TIME", "@ptr8", "SL:DATE_TIME]", "IN:GET_EVENT]"]}
{"loss": 0.9685145020484924, "class_log_probabilities": [-0.7224915623664856, -5.9394354820251465, -6.659068584442139, -6.943070411682129], "predictions": [61, 14, 399, 15, 16, 400, 401, 402, 403, 404, 17, 62, 4], "target_tokens": ["[IN:GET_EVENT", "[SL:LOCATION", "@ptr4", "SL:LOCATION]", "[SL:DATE_TIME", "@ptr5", "@ptr6", "@ptr7", "@ptr8", "@ptr9", "SL:DATE_TIME]", "IN:GET_EVENT]"], "predicted_tokens": ["[IN:GET_EVENT", "[SL:LOCATION", "@ptr4", "SL:LOCATION]", "[SL:DATE_TIME", "@ptr5", "@ptr6", "@ptr7", "@ptr8", "@ptr9", "SL:DATE_TIME]", "IN:GET_EVENT]"]}
{"loss": 1.002084732055664, "class_log_probabilities": [-1.32156503200531, -3.621363639831543, -3.629976987838745, -3.7754344940185547], "predictions": [61, 16, 402, 403, 404, 405, 17, 62, 4], "target_tokens": ["[IN:GET_EVENT", "[SL:DATE_TIME", "@ptr7", "@ptr8", "@ptr9", "@ptr10", "SL:DATE_TIME]", "IN:GET_EVENT]"], "predicted_tokens": ["[IN:GET_EVENT", "[SL:DATE_TIME", "@ptr7", "@ptr8", "@ptr9", "@ptr10", "SL:DATE_TIME]", "IN:GET_EVENT]"]}
{"loss": 0.9605221152305603, "class_log_probabilities": [-0.4471563398838043, -4.871170997619629, -6.082769393920898, -6.1776533126831055], "predictions": [61, 16, 407, 17, 62, 4, 4], "target_tokens": ["[IN:GET_EVENT", "[SL:DATE_TIME", "@ptr12", "SL:DATE_TIME]", "IN:GET_EVENT]"], "predicted_tokens": ["[IN:GET_EVENT", "[SL:DATE_TIME", "@ptr12", "SL:DATE_TIME]", "IN:GET_EVENT]"]}
{"loss": 0.9790592789649963, "class_log_probabilities": [-0.38642245531082153, -7.546887397766113, -7.618725776672363, -7.770839691162109], "predictions": [61, 83, 398, 84, 62, 4, 4, 4], "target_tokens": ["[IN:GET_EVENT", "[SL:CATEGORY_EVENT", "@ptr3", "SL:CATEGORY_EVENT]", "IN:GET_EVENT]"], "predicted_tokens": ["[IN:GET_EVENT", "[SL:CATEGORY_EVENT", "@ptr3", "SL:CATEGORY_EVENT]", "IN:GET_EVENT]"]}
{"loss": 2.265526294708252, "class_log_probabilities": [-0.510073184967041, -6.734030246734619, -6.805233955383301, -6.934987545013428], "predictions": [75, 6, 399, 7, 78, 4], "target_tokens": ["[IN:GET_INFO_CONTACT", "[SL:CONTACT", "@ptr4", "SL:CONTACT]", "IN:GET_INFO_CONTACT]"], "predicted_tokens": ["[IN:CREATE_CALL", "[SL:CONTACT", "@ptr4", "SL:CONTACT]", "IN:CREATE_CALL]"]}
{"loss": 0.9626808166503906, "class_log_probabilities": [-0.5309169292449951, -5.482631683349609, -5.633296012878418, -5.750733375549316], "predictions": [137, 6, 396, 397, 7, 140, 4], "target_tokens": ["[IN:GET_EMPLOYER", "[SL:CONTACT", "@ptr1", "@ptr2", "SL:CONTACT]", "IN:GET_EMPLOYER]"], "predicted_tokens": ["[IN:GET_EMPLOYER", "[SL:CONTACT", "@ptr1", "@ptr2", "SL:CONTACT]", "IN:GET_EMPLOYER]"]}
{"loss": 1.0083304643630981, "class_log_probabilities": [-0.40717560052871704, -5.611002445220947, -6.92475700378418, -6.932927131652832], "predictions": [125, 126, 4, 4, 4, 4], "target_tokens": ["[IN:GET_AGE", "IN:GET_AGE]"], "predicted_tokens": ["[IN:GET_AGE", "IN:GET_AGE]"]}
{"loss": 2.405092477798462, "class_log_probabilities": [-1.5999020338058472, -2.437711477279663, -3.2695107460021973, -4.066282749176025], "predictions": [70, 71, 401, 72, 6, 404, 7, 73, 4, 4], "target_tokens": ["[IN:GET_CONTACT", "[SL:CONTACT_RELATED", "@ptr9", "SL:CONTACT_RELATED]", "[SL:TYPE_RELATION", "@ptr6", "@ptr7", "SL:TYPE_RELATION]", "IN:GET_CONTACT]"], "predicted_tokens": ["[IN:GET_CONTACT", "[SL:TYPE_RELATION", "@ptr6", "SL:TYPE_RELATION]", "[SL:CONTACT", "@ptr9", "SL:CONTACT]", "IN:GET_CONTACT]"]}
{"loss": 3.8662526607513428, "class_log_probabilities": [-0.3013005554676056, -7.353376388549805, -7.6002583503723145, -8.097843170166016], "predictions": [70, 138, 398, 139, 73, 4, 4, 4], "target_tokens": ["[IN:GET_EMPLOYER", "[SL:CONTACT", "@ptr3", "SL:CONTACT]", "IN:GET_EMPLOYER]"], "predicted_tokens": ["[IN:GET_CONTACT", "[SL:EMPLOYER", "@ptr3", "SL:EMPLOYER]", "IN:GET_CONTACT]"]}
{"loss": 1.5634231567382812, "class_log_probabilities": [-0.4338754117488861, -5.053253650665283, -5.122209548950195, -5.520095348358154], "predictions": [193, 6, 399, 7, 138, 403, 139, 196, 4], "target_tokens": ["[IN:GET_EMPLOYER", "[SL:CONTACT", "@ptr4", "SL:CONTACT]", "[SL:EMPLOYER", "@ptr8", "SL:EMPLOYER]", "IN:GET_EMPLOYER]"], "predicted_tokens": ["[IN:GET_EMPLOYMENT_TIME", "[SL:CONTACT", "@ptr4", "SL:CONTACT]", "[SL:EMPLOYER", "@ptr8", "SL:EMPLOYER]", "IN:GET_EMPLOYMENT_TIME]"]}
{"loss": 0.9844534397125244, "class_log_probabilities": [-0.554402768611908, -4.56837272644043, -5.313565254211426, -5.509944438934326], "predictions": [193, 6, 397, 7, 138, 403, 139, 196, 4], "target_tokens": ["[IN:GET_EMPLOYMENT_TIME", "[SL:CONTACT", "@ptr2", "SL:CONTACT]", "[SL:EMPLOYER", "@ptr8", "SL:EMPLOYER]", "IN:GET_EMPLOYMENT_TIME]"], "predicted_tokens": ["[IN:GET_EMPLOYMENT_TIME", "[SL:CONTACT", "@ptr2", "SL:CONTACT]", "[SL:EMPLOYER", "@ptr8", "SL:EMPLOYER]", "IN:GET_EMPLOYMENT_TIME]"]}
{"loss": 2.3063247203826904, "class_log_probabilities": [-1.6783479452133179, -3.4779160022735596, -3.5582468509674072, -3.617645502090454], "predictions": [303, 6, 395, 7, 98, 399, 99, 304, 4], "target_tokens": ["[IN:GET_UNDERGRAD", "[SL:CONTACT", "@ptr0", "SL:CONTACT]", "[SL:SCHOOL", "@ptr6", "SL:SCHOOL]", "IN:GET_UNDERGRAD]"], "predicted_tokens": ["[IN:GET_EDUCATION_DEGREE", "[SL:CONTACT", "@ptr0", "SL:CONTACT]", "[SL:LIFE_EVENT", "@ptr4", "SL:LIFE_EVENT]", "IN:GET_EDUCATION_DEGREE]"]}
{"loss": 0.9685795903205872, "class_log_probabilities": [-0.3301320970058441, -7.073176383972168, -7.408316612243652, -7.622465133666992], "predictions": [211, 6, 398, 7, 212, 4, 4], "target_tokens": ["[IN:GET_LOCATION", "[SL:CONTACT", "@ptr3", "SL:CONTACT]", "IN:GET_LOCATION]"], "predicted_tokens": ["[IN:GET_LOCATION", "[SL:CONTACT", "@ptr3", "SL:CONTACT]", "IN:GET_LOCATION]"]}
{"loss": 0.9784058332443237, "class_log_probabilities": [-0.44171765446662903, -5.309032440185547, -6.748846054077148, -7.142834186553955], "predictions": [211, 6, 399, 7, 14, 401, 15, 212, 4, 4, 4, 4], "target_tokens": ["[IN:GET_LOCATION", "[SL:CONTACT", "@ptr4", "SL:CONTACT]", "[SL:LOCATION", "@ptr6", "SL:LOCATION]", "IN:GET_LOCATION]"], "predicted_tokens": ["[IN:GET_LOCATION", "[SL:CONTACT", "@ptr4", "SL:CONTACT]", "[SL:LOCATION", "@ptr6", "SL:LOCATION]", "IN:GET_LOCATION]"]}
{"loss": 0.9865797162055969, "class_log_probabilities": [-0.521395742893219, -2.3782644271850586, -6.570309162139893, -7.277369976043701], "predictions": [211, 6, 401, 7, 212, 4, 4], "target_tokens": ["[IN:GET_LOCATION", "[SL:CONTACT", "@ptr6", "SL:CONTACT]", "IN:GET_LOCATION]"], "predicted_tokens": ["[IN:GET_LOCATION", "[SL:CONTACT", "@ptr6", "SL:CONTACT]", "IN:GET_LOCATION]"]}
{"loss": 0.970732569694519, "class_log_probabilities": [-0.3788303732872009, -6.865606784820557, -7.063453674316406, -7.205009937286377], "predictions": [70, 138, 398, 399, 139, 73, 4, 4], "target_tokens": ["[IN:GET_CONTACT", "[SL:EMPLOYER", "@ptr3", "@ptr4", "SL:EMPLOYER]", "IN:GET_CONTACT]"], "predicted_tokens": ["[IN:GET_CONTACT", "[SL:EMPLOYER", "@ptr3", "@ptr4", "SL:EMPLOYER]", "IN:GET_CONTACT]"]}
{"loss": 0.9731941223144531, "class_log_probabilities": [-0.36328423023223877, -7.226809978485107, -7.374663829803467, -7.436479568481445], "predictions": [70, 138, 398, 399, 139, 73, 4, 4], "target_tokens": ["[IN:GET_CONTACT", "[SL:EMPLOYER", "@ptr3", "@ptr4", "SL:EMPLOYER]", "IN:GET_CONTACT]"], "predicted_tokens": ["[IN:GET_CONTACT", "[SL:EMPLOYER", "@ptr3", "@ptr4", "SL:EMPLOYER]", "IN:GET_CONTACT]"]}
{"loss": 2.5733790397644043, "class_log_probabilities": [-0.7679654955863953, -3.919970989227295, -4.525336742401123, -4.697202205657959], "predictions": [70, 93, 397, 94, 138, 401, 402, 403, 139, 73, 4], "target_tokens": ["[IN:GET_CONTACT", "[SL:EMPLOYER", "@ptr7", "@ptr8", "SL:EMPLOYER]", "IN:GET_CONTACT]"], "predicted_tokens": ["[IN:GET_CONTACT", "[SL:CONTACT_RELATED", "@ptr2", "SL:CONTACT_RELATED]", "[SL:EMPLOYER", "@ptr6", "@ptr7", "@ptr8", "SL:EMPLOYER]", "IN:GET_CONTACT]"]}
{"loss": 1.166359782218933, "class_log_probabilities": [-3.4101409912109375, -4.458864212036133, -7.138473987579346, -7.685683727264404], "predictions": [70, 71, 396, 72, 257, 401, 402, 403, 258, 73, 4, 4], "target_tokens": ["[IN:GET_CONTACT", "[SL:TYPE_RELATION", "@ptr1", "SL:TYPE_RELATION]", "[SL:SCHOOL", "@ptr6", "@ptr7", "@ptr8", "SL:SCHOOL]", "IN:GET_CONTACT]"], "predicted_tokens": ["[IN:GET_CONTACT", "[SL:TYPE_RELATION", "@ptr1", "SL:TYPE_RELATION]", "[SL:SCHOOL", "@ptr6", "@ptr7", "@ptr8", "SL:SCHOOL]", "IN:GET_CONTACT]"]}
{"loss": 2.6648809909820557, "class_log_probabilities": [-2.3677337169647217, -3.010392189025879, -5.053304195404053, -5.360583305358887], "predictions": [70, 257, 400, 401, 403, 404, 258, 73, 4, 4, 4, 4], "target_tokens": ["[IN:GET_CONTACT", "[SL:SCHOOL", "@ptr6", "@ptr7", "@ptr8", "@ptr9", "SL:SCHOOL]", "IN:GET_CONTACT]"], "predicted_tokens": ["[IN:GET_CONTACT", "[SL:SCHOOL", "@ptr5", "@ptr6", "@ptr8", "@ptr9", "SL:SCHOOL]", "IN:GET_CONTACT]"]}
{"loss": 0.9625419974327087, "class_log_probabilities": [-0.3601600229740143, -7.512362480163574, -7.526275157928467, -7.635335445404053], "predictions": [70, 14, 399, 15, 73, 4, 4, 4], "target_tokens": ["[IN:GET_CONTACT", "[SL:LOCATION", "@ptr4", "SL:LOCATION]", "IN:GET_CONTACT]"], "predicted_tokens": ["[IN:GET_CONTACT", "[SL:LOCATION", "@ptr4", "SL:LOCATION]", "IN:GET_CONTACT]"]}
{"loss": 1.0847305059432983, "class_log_probabilities": [-2.595667839050293, -2.8241560459136963, -3.0511417388916016, -4.907269477844238], "predictions": [211, 93, 397, 94, 71, 398, 72, 14, 401, 402, 403, 15, 212, 4], "target_tokens": ["[IN:GET_CONTACT", "[SL:CONTACT_RELATED", "@ptr2", "SL:CONTACT_RELATED]", "[SL:TYPE_RELATION", "@ptr3", "SL:TYPE_RELATION]", "[SL:LOCATION", "@ptr6", "@ptr7", "@ptr8", "SL:LOCATION]", "IN:GET_CONTACT]"], "predicted_tokens": ["[IN:GET_LOCATION", "[SL:CONTACT_RELATED", "@ptr2", "SL:CONTACT_RELATED]", "[SL:TYPE_RELATION", "@ptr3", "SL:TYPE_RELATION]", "[SL:LOCATION", "@ptr6", "@ptr7", "@ptr8", "SL:LOCATION]", "IN:GET_LOCATION]"]}
{"loss": 0.9623749852180481, "class_log_probabilities": [-0.46193552017211914, -6.218061923980713, -6.8696112632751465, -7.229208469390869], "predictions": [70, 14, 399, 400, 15, 73, 4], "target_tokens": ["[IN:GET_CONTACT", "[SL:LOCATION", "@ptr4", "@ptr5", "SL:LOCATION]", "IN:GET_CONTACT]"], "predicted_tokens": ["[IN:GET_CONTACT", "[SL:LOCATION", "@ptr4", "@ptr5", "SL:LOCATION]", "IN:GET_CONTACT]"]}
{"loss": 1.643383502960205, "class_log_probabilities": [-0.8615026473999023, -3.922130823135376, -5.7279438972473145, -5.827661514282227], "predictions": [70, 71, 399, 72, 93, 401, 94, 73, 4, 4, 4, 4], "target_tokens": ["[IN:GET_CONTACT", "[SL:CONTACT_RELATED", "@ptr6", "SL:CONTACT_RELATED]", "[SL:TYPE_RELATION", "@ptr4", "SL:TYPE_RELATION]", "IN:GET_CONTACT]"], "predicted_tokens": ["[IN:GET_CONTACT", "[SL:TYPE_RELATION", "@ptr4", "SL:TYPE_RELATION]", "[SL:CONTACT_RELATED", "@ptr6", "SL:CONTACT_RELATED]", "IN:GET_CONTACT]"]}
{"loss": 0.9682769775390625, "class_log_probabilities": [-0.5465777516365051, -7.169245719909668, -7.379092216491699, -7.4082536697387695], "predictions": [70, 93, 399, 94, 71, 400, 72, 73, 4], "target_tokens": ["[IN:GET_CONTACT", "[SL:CONTACT_RELATED", "@ptr4", "SL:CONTACT_RELATED]", "[SL:TYPE_RELATION", "@ptr5", "SL:TYPE_RELATION]", "IN:GET_CONTACT]"], "predicted_tokens": ["[IN:GET_CONTACT", "[SL:CONTACT_RELATED", "@ptr4", "SL:CONTACT_RELATED]", "[SL:TYPE_RELATION", "@ptr5", "SL:TYPE_RELATION]", "IN:GET_CONTACT]"]}
{"loss": 3.9436044692993164, "class_log_probabilities": [-2.098475694656372, -2.784278392791748, -3.06103515625, -3.5439493656158447], "predictions": [239, 93, 395, 396, 94, 71, 399, 72, 240, 4, 4, 4, 4, 4, 4, 4], "target_tokens": ["[IN:GET_MUTUAL_FRIENDS", "[SL:CONTACT_RELATED", "@ptr6", "SL:CONTACT_RELATED]", "[SL:CONTACT_RELATED", "@ptr9", "SL:CONTACT_RELATED]", "IN:GET_MUTUAL_FRIENDS]"], "predicted_tokens": ["[IN:GET_MUTUAL_FRIENDS", "[SL:CONTACT_RELATED", "@ptr0", "@ptr1", "SL:CONTACT_RELATED]", "[SL:TYPE_RELATION", "@ptr4", "SL:TYPE_RELATION]", "IN:GET_MUTUAL_FRIENDS]"]}
{"loss": 3.1939404010772705, "class_log_probabilities": [-0.747431755065918, -4.678959369659424, -5.572574615478516, -5.952940940856934], "predictions": [165, 52, 399, 400, 53, 113, 402, 403, 114, 166, 4, 4], "target_tokens": ["[IN:IS_TRUE_RECIPES", "[SL:RECIPES_COOKING_METHOD", "@ptr7", "@ptr8", "@ptr9", "SL:RECIPES_COOKING_METHOD]", "[SL:RECIPES_DISH", "@ptr4", "@ptr5", "SL:RECIPES_DISH]", "IN:IS_TRUE_RECIPES]"], "predicted_tokens": ["[IN:IS_TRUE_RECIPES", "[SL:RECIPES_DISH", "@ptr4", "@ptr5", "SL:RECIPES_DISH]", "[SL:RECIPES_COOKING_METHOD", "@ptr7", "@ptr8", "SL:RECIPES_COOKING_METHOD]", "IN:IS_TRUE_RECIPES]"]}
{"loss": 2.0183541774749756, "class_log_probabilities": [-2.414226531982422, -2.59611439704895, -3.1367239952087402, -47.86783218383789], "predictions": [51, 52, 403, 404, 405, 407, 53, 54, 4, 4, 4, 4, 4, 4, 4, 4, 4, 4, 4, 4, 4, 4, 4, 4, 4, 4, 4, 4, 4, 4, 4, 4, 4, 4, 4, 4, 4, 4, 4, 4, 4, 4, 4, 4, 4, 4, 4, 4, 4, 4, 4, 4, 4, 4, 4, 4, 4, 4, 4, 4, 4, 4, 4, 4, 4, 4, 4, 4, 4, 4, 4, 4, 4, 4, 4, 4, 4, 4, 4, 4, 4, 4, 4, 4, 4, 4, 4, 4, 4, 4, 4, 4, 4, 4, 4, 4, 4, 4, 4, 4], "target_tokens": ["[IN:GET_RECIPES", "[SL:RECIPES_DISH", "@ptr9", "@ptr10", "@ptr11", "@ptr12", "SL:RECIPES_DISH]", "IN:GET_RECIPES]"], "predicted_tokens": ["[IN:GET_RECIPES", "[SL:RECIPES_DISH", "@ptr8", "@ptr9", "@ptr10", "@ptr12", "SL:RECIPES_DISH]", "IN:GET_RECIPES]"]}
{"loss": 2.147630214691162, "class_log_probabilities": [-0.48058247566223145, -4.720001220703125, -5.879362106323242, -5.892156600952148], "predictions": [51, 52, 397, 398, 399, 53, 54, 4], "target_tokens": ["[IN:GET_RECIPES", "[SL:RECIPES_TYPE", "@ptr2", "@ptr3", "@ptr4", "SL:RECIPES_TYPE]", "IN:GET_RECIPES]"], "predicted_tokens": ["[IN:GET_RECIPES", "[SL:RECIPES_DISH", "@ptr2", "@ptr3", "@ptr4", "SL:RECIPES_DISH]", "IN:GET_RECIPES]"]}
{"loss": 0.9664152264595032, "class_log_probabilities": [-0.4219200611114502, -6.408049583435059, -7.152959823608398, -7.180604457855225], "predictions": [51, 52, 398, 399, 53, 54, 4], "target_tokens": ["[IN:GET_RECIPES", "[SL:RECIPES_DISH", "@ptr3", "@ptr4", "SL:RECIPES_DISH]", "IN:GET_RECIPES]"], "predicted_tokens": ["[IN:GET_RECIPES", "[SL:RECIPES_DISH", "@ptr3", "@ptr4", "SL:RECIPES_DISH]", "IN:GET_RECIPES]"]}
{"loss": 2.9323947429656982, "class_log_probabilities": [-1.4796934127807617, -3.1851186752319336, -4.866367816925049, -5.063553810119629], "predictions": [255, 90, 399, 91, 256, 4], "target_tokens": ["[IN:SILENCE_ALARM", "[SL:AMOUNT", "@ptr1", "SL:AMOUNT]", "IN:SILENCE_ALARM]"], "predicted_tokens": ["[IN:PAUSE_TIMER", "[SL:METHOD_TIMER", "@ptr4", "SL:METHOD_TIMER]", "IN:PAUSE_TIMER]"]}
{"loss": 2.4897522926330566, "class_log_probabilities": [-4.585638999938965, -6.3144025802612305, -6.966387748718262, -8.023651123046875], "predictions": [45, 16, 404, 405, 407, 17, 46, 4, 4, 4, 4, 4, 4], "target_tokens": ["[IN:CREATE_ALARM", "[SL:DATE_TIME", "@ptr8", "@ptr9", "@ptr10", "@ptr11", "@ptr12", "@ptr13", "@ptr14", "@ptr15", "@ptr16", "SL:DATE_TIME]", "IN:CREATE_ALARM]"], "predicted_tokens": ["[IN:CREATE_ALARM", "[SL:DATE_TIME", "@ptr9", "@ptr10", "@ptr12", "SL:DATE_TIME]", "IN:CREATE_ALARM]"]}
{"loss": 1.4090029001235962, "class_log_probabilities": [-1.2711361646652222, -3.2862889766693115, -3.5713744163513184, -3.9222517013549805], "predictions": [273, 90, 397, 91, 274, 4], "target_tokens": ["[IN:RESUME_TIMER", "[SL:METHOD_TIMER", "@ptr2", "SL:METHOD_TIMER]", "IN:RESUME_TIMER]"], "predicted_tokens": ["[IN:RESTART_TIMER", "[SL:METHOD_TIMER", "@ptr2", "SL:METHOD_TIMER]", "IN:RESTART_TIMER]"]}
{"loss": 2.596553087234497, "class_log_probabilities": [-69.37699890136719, -69.45011138916016, -70.39125061035156, -70.45921325683594], "predictions": [39, 56, 402, 403, 404, 405, 406, 407, 408, 408, 57, 408, 57, 408, 57, 408, 57, 408, 57, 408, 57, 408, 57, 408, 57, 408, 57, 408, 57, 408, 57, 408, 57, 408, 57, 408, 57, 408, 57, 408, 57, 408, 57, 408, 57, 408, 57, 408, 57, 408, 57, 408, 57, 408, 57, 408, 57, 408, 57, 408, 57, 408, 57, 408, 57, 408, 57, 408, 57, 408, 57, 408, 57, 408, 57, 408, 57, 408, 57, 408, 57, 408, 57, 408, 57, 408, 57, 408, 57, 408, 57, 408, 57, 408, 57, 408, 57, 408, 57, 408], "target_tokens": ["[IN:GET_STORIES_NEWS", "[SL:NEWS_TYPE", "@ptr4", "@ptr5", "@ptr6", "SL:NEWS_TYPE]", "[SL:NEWS_TOPIC", "@ptr8", "@ptr9", "@ptr10", "@ptr11", "@ptr12", "@ptr13", "@ptr14", "@ptr15", "SL:NEWS_TOPIC]", "IN:GET_STORIES_NEWS]"], "predicted_tokens": ["[IN:GET_STORIES_NEWS", "[SL:NEWS_TOPIC", "@ptr7", "@ptr8", "@ptr9", "@ptr10", "@ptr11", "@ptr12", "@ptr13", "@ptr13", "SL:NEWS_TOPIC]", "@ptr13", "SL:NEWS_TOPIC]", "@ptr13", "SL:NEWS_TOPIC]", "@ptr13", "SL:NEWS_TOPIC]", "@ptr13", "SL:NEWS_TOPIC]", "@ptr13", "SL:NEWS_TOPIC]", "@ptr13", "SL:NEWS_TOPIC]", "@ptr13", "SL:NEWS_TOPIC]", "@ptr13", "SL:NEWS_TOPIC]", "@ptr13", "SL:NEWS_TOPIC]", "@ptr13", "SL:NEWS_TOPIC]", "@ptr13", "SL:NEWS_TOPIC]", "@ptr13", "SL:NEWS_TOPIC]", "@ptr13", "SL:NEWS_TOPIC]", "@ptr13", "SL:NEWS_TOPIC]", "@ptr13", "SL:NEWS_TOPIC]", "@ptr13", "SL:NEWS_TOPIC]", "@ptr13", "SL:NEWS_TOPIC]", "@ptr13", "SL:NEWS_TOPIC]", "@ptr13", "SL:NEWS_TOPIC]", "@ptr13", "SL:NEWS_TOPIC]", "@ptr13", "SL:NEWS_TOPIC]", "@ptr13", "SL:NEWS_TOPIC]", "@ptr13", "SL:NEWS_TOPIC]", "@ptr13", "SL:NEWS_TOPIC]", "@ptr13", "SL:NEWS_TOPIC]", "@ptr13", "SL:NEWS_TOPIC]", "@ptr13", "SL:NEWS_TOPIC]", "@ptr13", "SL:NEWS_TOPIC]", "@ptr13", "SL:NEWS_TOPIC]", "@ptr13", "SL:NEWS_TOPIC]", "@ptr13", "SL:NEWS_TOPIC]", "@ptr13", "SL:NEWS_TOPIC]", "@ptr13", "SL:NEWS_TOPIC]", "@ptr13", "SL:NEWS_TOPIC]", "@ptr13", "SL:NEWS_TOPIC]", "@ptr13", "SL:NEWS_TOPIC]", "@ptr13", "SL:NEWS_TOPIC]", "@ptr13", "SL:NEWS_TOPIC]", "@ptr13", "SL:NEWS_TOPIC]", "@ptr13", "SL:NEWS_TOPIC]", "@ptr13", "SL:NEWS_TOPIC]", "@ptr13", "SL:NEWS_TOPIC]", "@ptr13", "SL:NEWS_TOPIC]", "@ptr13", "SL:NEWS_TOPIC]", "@ptr13"]}
{"loss": 3.4909794330596924, "class_log_probabilities": [-1.780842661857605, -2.551849126815796, -3.2070188522338867, -4.132730007171631], "predictions": [227, 90, 397, 91, 16, 399, 17, 228, 4], "target_tokens": ["[IN:RESUME_TIMER", "[SL:METHOD_TIMER", "@ptr2", "SL:METHOD_TIMER]", "IN:RESUME_TIMER]"], "predicted_tokens": ["[IN:UPDATE_TIMER", "[SL:METHOD_TIMER", "@ptr2", "SL:METHOD_TIMER]", "[SL:DATE_TIME", "@ptr4", "SL:DATE_TIME]", "IN:UPDATE_TIMER]"]}
{"loss": 3.3523478507995605, "class_log_probabilities": [-2.809760093688965, -3.157909870147705, -4.562480926513672, -6.4020209312438965], "predictions": [115, 116, 4, 4, 4, 4], "target_tokens": ["[IN:GET_TIMER", "[SL:ORDINAL", "@ptr4", "SL:ORDINAL]", "[SL:METHOD_TIMER", "@ptr7", "SL:METHOD_TIMER]", "IN:GET_TIMER]"], "predicted_tokens": ["[IN:GET_TIMER", "IN:GET_TIMER]"]}
{"loss": 1.3907779455184937, "class_log_probabilities": [-3.3895952701568604, -3.5652003288269043, -3.5713274478912354, -3.9010181427001953], "predictions": [273, 112, 4, 4, 4, 4], "target_tokens": ["[IN:RESTART_TIMER", "[SL:METHOD_TIMER", "@ptr2", "SL:METHOD_TIMER]", "IN:RESTART_TIMER]"], "predicted_tokens": ["[IN:RESTART_TIMER", "IN:UPDATE_REMINDER_DATE_TIME]"]}
{"loss": 3.772782564163208, "class_log_probabilities": [-0.214328795671463, -5.5768656730651855, -5.642055988311768, -6.06704044342041], "predictions": [225, 226, 4], "target_tokens": ["[IN:GET_TIMER", "IN:GET_TIMER]"], "predicted_tokens": ["[IN:DELETE_TIMER", "IN:DELETE_TIMER]"]}
{"loss": 1.2418394088745117, "class_log_probabilities": [-0.6638155579566956, -4.933798313140869, -5.69241189956665, -5.904425144195557], "predictions": [13, 16, 399, 400, 401, 402, 403, 17, 14, 405, 15, 18, 4, 4], "target_tokens": ["[IN:GET_WEATHER", "[SL:DATE_TIME", "@ptr4", "@ptr5", "@ptr6", "@ptr7", "@ptr8", "SL:DATE_TIME]", "[SL:LOCATION", "@ptr10", "@ptr11", "SL:LOCATION]", "IN:GET_WEATHER]"], "predicted_tokens": ["[IN:GET_WEATHER", "[SL:DATE_TIME", "@ptr4", "@ptr5", "@ptr6", "@ptr7", "@ptr8", "SL:DATE_TIME]", "[SL:LOCATION", "@ptr10", "SL:LOCATION]", "IN:GET_WEATHER]"]}
{"loss": 0.9837209582328796, "class_log_probabilities": [-0.5154472589492798, -5.158614635467529, -6.0822930335998535, -6.5341410636901855], "predictions": [183, 16, 396, 397, 17, 90, 399, 91, 184, 4, 4], "target_tokens": ["[IN:ADD_TIME_TIMER", "[SL:DATE_TIME", "@ptr1", "@ptr2", "SL:DATE_TIME]", "[SL:METHOD_TIMER", "@ptr4", "SL:METHOD_TIMER]", "IN:ADD_TIME_TIMER]"], "predicted_tokens": ["[IN:ADD_TIME_TIMER", "[SL:DATE_TIME", "@ptr1", "@ptr2", "SL:DATE_TIME]", "[SL:METHOD_TIMER", "@ptr4", "SL:METHOD_TIMER]", "IN:ADD_TIME_TIMER]"]}
{"loss": 1.038588047027588, "class_log_probabilities": [-1.5714269876480103, -1.6766735315322876, -6.723947525024414, -7.417862415313721], "predictions": [45, 141, 398, 399, 142, 16, 400, 401, 402, 17, 46, 4], "target_tokens": ["[IN:CREATE_ALARM", "[SL:PERIOD", "@ptr3", "@ptr4", "SL:PERIOD]", "[SL:DATE_TIME", "@ptr5", "@ptr6", "@ptr7", "SL:DATE_TIME]", "IN:CREATE_ALARM]"], "predicted_tokens": ["[IN:CREATE_ALARM", "[SL:PERIOD", "@ptr3", "@ptr4", "SL:PERIOD]", "[SL:DATE_TIME", "@ptr5", "@ptr6", "@ptr7", "SL:DATE_TIME]", "IN:CREATE_ALARM]"]}
{"loss": 3.304917097091675, "class_log_probabilities": [-0.4315122663974762, -6.095547199249268, -6.48305606842041, -6.514031887054443], "predictions": [259, 16, 399, 400, 17, 260, 4], "target_tokens": ["[IN:UPDATE_ALARM", "[SL:DATE_TIME", "@ptr3", "@ptr4", "SL:DATE_TIME]", "IN:UPDATE_ALARM]"], "predicted_tokens": ["[IN:UPDATE_ALARM", "[SL:DATE_TIME", "@ptr4", "@ptr5", "SL:DATE_TIME]", "IN:UPDATE_ALARM]"]}
{"loss": 1.2664979696273804, "class_log_probabilities": [-0.7911281585693359, -3.222351551055908, -3.8316104412078857, -5.525805950164795], "predictions": [183, 16, 396, 397, 398, 17, 90, 399, 91, 184, 4], "target_tokens": ["[IN:ADD_TIME_TIMER", "[SL:DATE_TIME", "@ptr1", "@ptr2", "SL:DATE_TIME]", "[SL:METHOD_TIMER", "@ptr4", "SL:METHOD_TIMER]", "IN:ADD_TIME_TIMER]"], "predicted_tokens": ["[IN:ADD_TIME_TIMER", "[SL:DATE_TIME", "@ptr1", "@ptr2", "@ptr3", "SL:DATE_TIME]", "[SL:METHOD_TIMER", "@ptr4", "SL:METHOD_TIMER]", "IN:ADD_TIME_TIMER]"]}
{"loss": 0.9630146026611328, "class_log_probabilities": [-0.5473024249076843, -7.022132396697998, -7.870814800262451, -7.945062637329102], "predictions": [45, 16, 400, 401, 402, 17, 46, 4], "target_tokens": ["[IN:CREATE_ALARM", "[SL:DATE_TIME", "@ptr5", "@ptr6", "@ptr7", "SL:DATE_TIME]", "IN:CREATE_ALARM]"], "predicted_tokens": ["[IN:CREATE_ALARM", "[SL:DATE_TIME", "@ptr5", "@ptr6", "@ptr7", "SL:DATE_TIME]", "IN:CREATE_ALARM]"]}
{"loss": 4.346583843231201, "class_log_probabilities": [-0.7235144376754761, -3.1437416076660156, -5.113406181335449, -6.147424221038818], "predictions": [45, 16, 399, 400, 401, 17, 46, 4, 4], "target_tokens": ["[IN:SNOOZE_ALARM", "[SL:DATE_TIME", "@ptr3", "@ptr4", "@ptr5", "SL:DATE_TIME]", "IN:SNOOZE_ALARM]"], "predicted_tokens": ["[IN:CREATE_ALARM", "[SL:DATE_TIME", "@ptr4", "@ptr5", "@ptr6", "SL:DATE_TIME]", "IN:CREATE_ALARM]"]}
{"loss": 0.983658492565155, "class_log_probabilities": [-0.2977411150932312, -6.915078639984131, -7.011303424835205, -7.391566753387451], "predictions": [225, 90, 397, 91, 226, 4], "target_tokens": ["[IN:DELETE_TIMER", "[SL:METHOD_TIMER", "@ptr2", "SL:METHOD_TIMER]", "IN:DELETE_TIMER]"], "predicted_tokens": ["[IN:DELETE_TIMER", "[SL:METHOD_TIMER", "@ptr2", "SL:METHOD_TIMER]", "IN:DELETE_TIMER]"]}
{"loss": 1.9821504354476929, "class_log_probabilities": [-0.9518516659736633, -1.9863497018814087, -4.631893634796143, -5.676607131958008], "predictions": [219, 16, 396, 397, 17, 90, 400, 91, 220, 4], "target_tokens": ["[IN:SUBTRACT_TIME_TIMER", "[SL:METHOD_TIMER", "@ptr5", "SL:METHOD_TIMER]", "[SL:DATE_TIME", "@ptr1", "@ptr2", "SL:DATE_TIME]", "IN:SUBTRACT_TIME_TIMER]"], "predicted_tokens": ["[IN:SUBTRACT_TIME_TIMER", "[SL:DATE_TIME", "@ptr1", "@ptr2", "SL:DATE_TIME]", "[SL:METHOD_TIMER", "@ptr5", "SL:METHOD_TIMER]", "IN:SUBTRACT_TIME_TIMER]"]}
{"loss": 2.2521960735321045, "class_log_probabilities": [-1.285718321800232, -1.7321200370788574, -2.4478490352630615, -3.587972402572632], "predictions": [39, 40, 399, 41, 43, 401, 44, 42, 4, 4], "target_tokens": ["[IN:GET_STORIES_NEWS", "[SL:NEWS_CATEGORY", "@ptr7", "SL:NEWS_CATEGORY]", "[SL:NEWS_TYPE", "@ptr4", "SL:NEWS_TYPE]", "IN:GET_STORIES_NEWS]"], "predicted_tokens": ["[IN:GET_STORIES_NEWS", "[SL:NEWS_TYPE", "@ptr4", "SL:NEWS_TYPE]", "[SL:NEWS_CATEGORY", "@ptr6", "SL:NEWS_CATEGORY]", "IN:GET_STORIES_NEWS]"]}
{"loss": 3.8658454418182373, "class_log_probabilities": [-0.20859378576278687, -6.094630718231201, -6.4194016456604, -7.138894081115723], "predictions": [45, 46, 4], "target_tokens": ["[IN:CREATE_ALARM", "[SL:ALARM_NAME", "@ptr2", "@ptr3", "@ptr4", "SL:ALARM_NAME]", "IN:CREATE_ALARM]"], "predicted_tokens": ["[IN:CREATE_ALARM", "IN:CREATE_ALARM]"]}
{"loss": 1.024570107460022, "class_log_probabilities": [-0.9122568964958191, -1.7496501207351685, -5.008028984069824, -6.6850714683532715], "predictions": [51, 52, 401, 53, 54, 4, 4, 4, 4], "target_tokens": ["[IN:GET_RECIPES", "[SL:RECIPES_DISH", "@ptr6", "SL:RECIPES_DISH]", "IN:GET_RECIPES]"], "predicted_tokens": ["[IN:GET_RECIPES", "[SL:RECIPES_DISH", "@ptr6", "SL:RECIPES_DISH]", "IN:GET_RECIPES]"]}
{"loss": 1.614611029624939, "class_log_probabilities": [-0.43650224804878235, -5.464818954467773, -6.062446594238281, -6.993790626525879], "predictions": [27, 30, 4, 4, 4, 4, 4, 4, 4], "target_tokens": ["[IN:GET_INFO_RECIPES", "[SL:RECIPES_QUALIFIER_NUTRITION", "@ptr5", "@ptr6", "SL:RECIPES_QUALIFIER_NUTRITION]", "[SL:RECIPES_TYPE_NUTRITION", "@ptr8", "SL:RECIPES_TYPE_NUTRITION]", "IN:GET_INFO_RECIPES]"], "predicted_tokens": ["[IN:GET_INFO_RECIPES", "IN:GET_INFO_RECIPES]"]}
{"loss": 1.414287805557251, "class_log_probabilities": [-0.5473952293395996, -4.457286834716797, -5.131271839141846, -6.275887489318848], "predictions": [51, 52, 397, 53, 113, 400, 114, 54, 4], "target_tokens": ["[IN:GET_RECIPES", "[SL:RECIPES_INCLUDED_INGREDIENT", "@ptr2", "SL:RECIPES_INCLUDED_INGREDIENT]", "[SL:RECIPES_COOKING_METHOD", "@ptr5", "SL:RECIPES_COOKING_METHOD]", "IN:GET_RECIPES]"], "predicted_tokens": ["[IN:GET_RECIPES", "[SL:RECIPES_DISH", "@ptr2", "SL:RECIPES_DISH]", "[SL:RECIPES_COOKING_METHOD", "@ptr5", "SL:RECIPES_COOKING_METHOD]", "IN:GET_RECIPES]"]}
{"loss": 1.0637139081954956, "class_log_probabilities": [-1.9883073568344116, -2.4309115409851074, -4.1383056640625, -4.702188968658447], "predictions": [51, 145, 400, 146, 52, 402, 53, 54, 4], "target_tokens": ["[IN:GET_RECIPES", "[SL:RECIPES_TYPE", "@ptr5", "SL:RECIPES_TYPE]", "[SL:RECIPES_DISH", "@ptr7", "SL:RECIPES_DISH]", "IN:GET_RECIPES]"], "predicted_tokens": ["[IN:GET_RECIPES", "[SL:RECIPES_TYPE", "@ptr5", "SL:RECIPES_TYPE]", "[SL:RECIPES_DISH", "@ptr7", "SL:RECIPES_DISH]", "IN:GET_RECIPES]"]}
{"loss": 1.201738715171814, "class_log_probabilities": [-1.1732193231582642, -2.902442693710327, -3.4307031631469727, -3.5947108268737793], "predictions": [27, 28, 395, 29, 52, 397, 398, 399, 53, 30, 4], "target_tokens": ["[IN:GET_INFO_RECIPES", "[SL:RECIPES_ATTRIBUTE", "@ptr0", "SL:RECIPES_ATTRIBUTE]", "[SL:RECIPES_DISH", "@ptr2", "@ptr3", "SL:RECIPES_DISH]", "IN:GET_INFO_RECIPES]"], "predicted_tokens": ["[IN:GET_INFO_RECIPES", "[SL:RECIPES_ATTRIBUTE", "@ptr0", "SL:RECIPES_ATTRIBUTE]", "[SL:RECIPES_DISH", "@ptr2", "@ptr3", "@ptr4", "SL:RECIPES_DISH]", "IN:GET_INFO_RECIPES]"]}
{"loss": 1.6382192373275757, "class_log_probabilities": [-0.6837526559829712, -5.731561660766602, -6.290255069732666, -6.459244728088379], "predictions": [63, 64, 398, 65, 66, 400, 401, 67, 68, 4], "target_tokens": ["[IN:PLAY_MUSIC", "[SL:MUSIC_ARTIST_NAME", "@ptr5", "@ptr6", "SL:MUSIC_ARTIST_NAME]", "[SL:MUSIC_TYPE", "@ptr3", "SL:MUSIC_TYPE]", "IN:PLAY_MUSIC]"], "predicted_tokens": ["[IN:PLAY_MUSIC", "[SL:MUSIC_TYPE", "@ptr3", "SL:MUSIC_TYPE]", "[SL:MUSIC_ARTIST_NAME", "@ptr5", "@ptr6", "SL:MUSIC_ARTIST_NAME]", "IN:PLAY_MUSIC]"]}
{"loss": 0.9998714327812195, "class_log_probabilities": [-0.3010726273059845, -5.036404609680176, -5.839529037475586, -5.937349796295166], "predictions": [123, 64, 397, 65, 124, 4], "target_tokens": ["[IN:PAUSE_MUSIC", "[SL:MUSIC_TYPE", "@ptr2", "SL:MUSIC_TYPE]", "IN:PAUSE_MUSIC]"], "predicted_tokens": ["[IN:PAUSE_MUSIC", "[SL:MUSIC_TYPE", "@ptr2", "SL:MUSIC_TYPE]", "IN:PAUSE_MUSIC]"]}
{"loss": 1.015950083732605, "class_log_probabilities": [-0.23358094692230225, -7.387044429779053, -7.390666484832764, -7.4733123779296875], "predictions": [205, 64, 397, 65, 208, 4], "target_tokens": ["[IN:START_SHUFFLE_MUSIC", "[SL:MUSIC_TYPE", "@ptr2", "SL:MUSIC_TYPE]", "IN:START_SHUFFLE_MUSIC]"], "predicted_tokens": ["[IN:START_SHUFFLE_MUSIC", "[SL:MUSIC_TYPE", "@ptr2", "SL:MUSIC_TYPE]", "IN:START_SHUFFLE_MUSIC]"]}
{"loss": 2.1735680103302, "class_log_probabilities": [-0.8620206117630005, -4.550265789031982, -4.5957441329956055, -4.807818412780762], "predictions": [251, 64, 398, 65, 66, 403, 404, 67, 252, 4], "target_tokens": ["[IN:QUESTION_MUSIC", "[SL:MUSIC_ARTIST_NAME", "@ptr8", "@ptr9", "SL:MUSIC_ARTIST_NAME]", "[SL:MUSIC_TYPE", "@ptr3", "SL:MUSIC_TYPE]", "IN:QUESTION_MUSIC]"], "predicted_tokens": ["[IN:QUESTION_MUSIC", "[SL:MUSIC_TYPE", "@ptr3", "SL:MUSIC_TYPE]", "[SL:MUSIC_ARTIST_NAME", "@ptr8", "@ptr9", "SL:MUSIC_ARTIST_NAME]", "IN:QUESTION_MUSIC]"]}
{"loss": 0.9825908541679382, "class_log_probabilities": [-0.8323907852172852, -3.1629631519317627, -4.144251346588135, -6.406198024749756], "predictions": [13, 14, 401, 402, 403, 15, 16, 404, 405, 17, 18, 4, 4], "target_tokens": ["[IN:GET_WEATHER", "[SL:LOCATION", "@ptr6", "@ptr7", "@ptr8", "SL:LOCATION]", "[SL:DATE_TIME", "@ptr9", "@ptr10", "SL:DATE_TIME]", "IN:GET_WEATHER]"], "predicted_tokens": ["[IN:GET_WEATHER", "[SL:LOCATION", "@ptr6", "@ptr7", "@ptr8", "SL:LOCATION]", "[SL:DATE_TIME", "@ptr9", "@ptr10", "SL:DATE_TIME]", "IN:GET_WEATHER]"]}
{"loss": 0.9769541621208191, "class_log_probabilities": [-0.48023632168769836, -5.623128890991211, -5.677419185638428, -5.7514967918396], "predictions": [63, 64, 397, 65, 68, 4], "target_tokens": ["[IN:PLAY_MUSIC", "[SL:MUSIC_TYPE", "@ptr2", "SL:MUSIC_TYPE]", "IN:PLAY_MUSIC]"], "predicted_tokens": ["[IN:PLAY_MUSIC", "[SL:MUSIC_TYPE", "@ptr2", "SL:MUSIC_TYPE]", "IN:PLAY_MUSIC]"]}
{"loss": 0.9740853905677795, "class_log_probabilities": [-0.573799729347229, -3.339228868484497, -6.379276752471924, -7.550420761108398], "predictions": [13, 79, 398, 399, 80, 18, 4, 4, 4], "target_tokens": ["[IN:GET_WEATHER", "[SL:WEATHER_ATTRIBUTE", "@ptr3", "@ptr4", "SL:WEATHER_ATTRIBUTE]", "IN:GET_WEATHER]"], "predicted_tokens": ["[IN:GET_WEATHER", "[SL:WEATHER_ATTRIBUTE", "@ptr3", "@ptr4", "SL:WEATHER_ATTRIBUTE]", "IN:GET_WEATHER]"]}
{"loss": 1.5381953716278076, "class_log_probabilities": [-0.5283806324005127, -5.656795501708984, -6.619660377502441, -7.253936767578125], "predictions": [13, 79, 400, 80, 14, 401, 15, 18, 4], "target_tokens": ["[IN:GET_WEATHER", "[SL:WEATHER_ATTRIBUTE", "@ptr5", "SL:WEATHER_ATTRIBUTE]", "[SL:DATE_TIME", "@ptr6", "SL:DATE_TIME]", "IN:GET_WEATHER]"], "predicted_tokens": ["[IN:GET_WEATHER", "[SL:WEATHER_ATTRIBUTE", "@ptr5", "SL:WEATHER_ATTRIBUTE]", "[SL:LOCATION", "@ptr6", "SL:LOCATION]", "IN:GET_WEATHER]"]}
{"loss": 0.9647772312164307, "class_log_probabilities": [-0.33189696073532104, -7.893309593200684, -9.050220489501953, -9.098804473876953], "predictions": [13, 79, 401, 80, 18, 4, 4, 4], "target_tokens": ["[IN:GET_WEATHER", "[SL:WEATHER_ATTRIBUTE", "@ptr6", "SL:WEATHER_ATTRIBUTE]", "IN:GET_WEATHER]"], "predicted_tokens": ["[IN:GET_WEATHER", "[SL:WEATHER_ATTRIBUTE", "@ptr6", "SL:WEATHER_ATTRIBUTE]", "IN:GET_WEATHER]"]}
{"loss": 0.9926296472549438, "class_log_probabilities": [-1.192395806312561, -3.7907228469848633, -4.346329212188721, -5.6332783699035645], "predictions": [13, 79, 399, 80, 16, 400, 401, 17, 18, 4], "target_tokens": ["[IN:GET_WEATHER", "[SL:WEATHER_ATTRIBUTE", "@ptr4", "SL:WEATHER_ATTRIBUTE]", "[SL:DATE_TIME", "@ptr5", "@ptr6", "SL:DATE_TIME]", "IN:GET_WEATHER]"], "predicted_tokens": ["[IN:GET_WEATHER", "[SL:WEATHER_ATTRIBUTE", "@ptr4", "SL:WEATHER_ATTRIBUTE]", "[SL:DATE_TIME", "@ptr5", "@ptr6", "SL:DATE_TIME]", "IN:GET_WEATHER]"]}
{"loss": 2.2786495685577393, "class_log_probabilities": [-0.4479053020477295, -7.3432841300964355, -7.408762454986572, -8.506339073181152], "predictions": [13, 16, 400, 401, 17, 18, 4, 4], "target_tokens": ["[IN:GET_WEATHER", "[SL:DATE_TIME", "@ptr4", "@ptr5", "@ptr6", "SL:DATE_TIME]", "IN:GET_WEATHER]"], "predicted_tokens": ["[IN:GET_WEATHER", "[SL:DATE_TIME", "@ptr5", "@ptr6", "SL:DATE_TIME]", "IN:GET_WEATHER]"]}
{"loss": 2.873934030532837, "class_log_probabilities": [-1.7263600826263428, -4.212342262268066, -4.257175445556641, -4.63613748550415], "predictions": [63, 151, 395, 152, 151, 398, 152, 68, 4, 4, 4, 4], "target_tokens": ["[IN:PLAY_MUSIC", "[SL:MUSIC_GENRE", "@ptr4", "SL:MUSIC_GENRE]", "[SL:MUSIC_TYPE", "@ptr3", "SL:MUSIC_TYPE]", "IN:PLAY_MUSIC]"], "predicted_tokens": ["[IN:PLAY_MUSIC", "[SL:MUSIC_GENRE", "@ptr0", "SL:MUSIC_GENRE]", "[SL:MUSIC_GENRE", "@ptr3", "SL:MUSIC_GENRE]", "IN:PLAY_MUSIC]"]}
{"loss": 0.9770709872245789, "class_log_probabilities": [-0.31947362422943115, -6.75663948059082, -6.785119533538818, -7.650298118591309], "predictions": [115, 90, 398, 91, 116, 4], "target_tokens": ["[IN:GET_TIMER", "[SL:METHOD_TIMER", "@ptr3", "SL:METHOD_TIMER]", "IN:GET_TIMER]"], "predicted_tokens": ["[IN:GET_TIMER", "[SL:METHOD_TIMER", "@ptr3", "SL:METHOD_TIMER]", "IN:GET_TIMER]"]}
{"loss": 0.9635607600212097, "class_log_probabilities": [-0.4323824346065521, -4.906854629516602, -6.1028923988342285, -6.7585062980651855], "predictions": [115, 90, 396, 91, 116, 4], "target_tokens": ["[IN:GET_TIMER", "[SL:METHOD_TIMER", "@ptr1", "SL:METHOD_TIMER]", "IN:GET_TIMER]"], "predicted_tokens": ["[IN:GET_TIMER", "[SL:METHOD_TIMER", "@ptr1", "SL:METHOD_TIMER]", "IN:GET_TIMER]"]}
{"loss": 1.531314730644226, "class_log_probabilities": [-2.2443878650665283, -3.3952951431274414, -3.9977805614471436, -4.505194187164307], "predictions": [345, 346, 4, 4, 4, 4, 4], "target_tokens": ["[IN:FAST_FORWARD_MUSIC", "IN:FAST_FORWARD_MUSIC]"], "predicted_tokens": ["[IN:FAST_FORWARD_MUSIC", "IN:FAST_FORWARD_MUSIC]"]}
{"loss": 1.481566071510315, "class_log_probabilities": [-2.0793168544769287, -2.21187424659729, -2.8200981616973877, -3.6135692596435547], "predictions": [89, 90, 397, 91, 92, 4], "target_tokens": ["[IN:RESUME_TIMER", "[SL:METHOD_TIMER", "@ptr2", "SL:METHOD_TIMER]", "IN:RESUME_TIMER]"], "predicted_tokens": ["[IN:CREATE_TIMER", "[SL:METHOD_TIMER", "@ptr2", "SL:METHOD_TIMER]", "IN:CREATE_TIMER]"]}
{"loss": 2.2581472396850586, "class_log_probabilities": [-1.9566445350646973, -2.669987678527832, -2.955465793609619, -4.216392993927002], "predictions": [39, 16, 399, 17, 43, 401, 44, 40, 400, 41, 42, 4, 4], "target_tokens": ["[IN:GET_STORIES_NEWS", "[SL:NEWS_CATEGORY", "@ptr6", "SL:NEWS_CATEGORY]", "[SL:NEWS_TYPE", "@ptr5", "SL:NEWS_TYPE]", "IN:GET_STORIES_NEWS]"], "predicted_tokens": ["[IN:GET_STORIES_NEWS", "[SL:DATE_TIME", "@ptr4", "SL:DATE_TIME]", "[SL:NEWS_CATEGORY", "@ptr6", "SL:NEWS_CATEGORY]", "[SL:NEWS_TYPE", "@ptr5", "SL:NEWS_TYPE]", "IN:GET_STORIES_NEWS]"]}
{"loss": 1.106818675994873, "class_log_probabilities": [-1.3094300031661987, -2.1057002544403076, -3.3946642875671387, -4.237242221832275], "predictions": [13, 79, 399, 80, 16, 401, 17, 18, 4, 4, 4, 4], "target_tokens": ["[IN:GET_WEATHER", "[SL:WEATHER_ATTRIBUTE", "@ptr5", "SL:WEATHER_ATTRIBUTE]", "[SL:DATE_TIME", "@ptr6", "SL:DATE_TIME]", "IN:GET_WEATHER]"], "predicted_tokens": ["[IN:GET_WEATHER", "[SL:WEATHER_ATTRIBUTE", "@ptr4", "SL:WEATHER_ATTRIBUTE]", "[SL:DATE_TIME", "@ptr6", "SL:DATE_TIME]", "IN:GET_WEATHER]"]}
{"loss": 0.9678535461425781, "class_log_probabilities": [-0.6494600772857666, -3.958179473876953, -5.19295072555542, -5.838115692138672], "predictions": [13, 79, 399, 80, 16, 405, 17, 18, 4, 4], "target_tokens": ["[IN:GET_WEATHER", "[SL:WEATHER_ATTRIBUTE", "@ptr4", "SL:WEATHER_ATTRIBUTE]", "[SL:DATE_TIME", "@ptr10", "SL:DATE_TIME]", "IN:GET_WEATHER]"], "predicted_tokens": ["[IN:GET_WEATHER", "[SL:WEATHER_ATTRIBUTE", "@ptr4", "SL:WEATHER_ATTRIBUTE]", "[SL:DATE_TIME", "@ptr10", "SL:DATE_TIME]", "IN:GET_WEATHER]"]}
{"loss": 0.9826760292053223, "class_log_probabilities": [-0.3042886555194855, -6.9668755531311035, -6.999272346496582, -7.137922763824463], "predictions": [217, 64, 401, 65, 218, 4], "target_tokens": ["[IN:GET_TRACK_INFO_MUSIC", "[SL:MUSIC_TYPE", "@ptr6", "SL:MUSIC_TYPE]", "IN:GET_TRACK_INFO_MUSIC]"], "predicted_tokens": ["[IN:GET_TRACK_INFO_MUSIC", "[SL:MUSIC_TYPE", "@ptr6", "SL:MUSIC_TYPE]", "IN:GET_TRACK_INFO_MUSIC]"]}
{"loss": 0.9742696285247803, "class_log_probabilities": [-0.3202194571495056, -6.74011754989624, -7.111961364746094, -7.366359233856201], "predictions": [115, 90, 403, 91, 116, 4], "target_tokens": ["[IN:GET_TIMER", "[SL:METHOD_TIMER", "@ptr8", "SL:METHOD_TIMER]", "IN:GET_TIMER]"], "predicted_tokens": ["[IN:GET_TIMER", "[SL:METHOD_TIMER", "@ptr8", "SL:METHOD_TIMER]", "IN:GET_TIMER]"]}
{"loss": 0.9808037877082825, "class_log_probabilities": [-0.14670437574386597, -7.804285526275635, -8.031120300292969, -8.07043743133545], "predictions": [19, 22, 4], "target_tokens": ["[IN:GET_ALARM", "IN:GET_ALARM]"], "predicted_tokens": ["[IN:GET_ALARM", "IN:GET_ALARM]"]}
{"loss": 2.619302749633789, "class_log_probabilities": [-0.6891629695892334, -6.0918450355529785, -6.213991165161133, -6.753991603851318], "predictions": [13, 14, 401, 402, 15, 16, 403, 17, 18, 4, 4, 4], "target_tokens": ["[IN:GET_WEATHER", "[SL:DATE_TIME", "@ptr8", "SL:DATE_TIME]", "[SL:LOCATION", "@ptr6", "SL:LOCATION]", "IN:GET_WEATHER]"], "predicted_tokens": ["[IN:GET_WEATHER", "[SL:LOCATION", "@ptr6", "@ptr7", "SL:LOCATION]", "[SL:DATE_TIME", "@ptr8", "SL:DATE_TIME]", "IN:GET_WEATHER]"]}
{"loss": 0.9673020839691162, "class_log_probabilities": [-0.6402630805969238, -3.648576021194458, -4.650381565093994, -6.583068370819092], "predictions": [13, 79, 399, 80, 79, 402, 80, 18, 4], "target_tokens": ["[IN:GET_WEATHER", "[SL:WEATHER_ATTRIBUTE", "@ptr4", "SL:WEATHER_ATTRIBUTE]", "[SL:WEATHER_ATTRIBUTE", "@ptr7", "SL:WEATHER_ATTRIBUTE]", "IN:GET_WEATHER]"], "predicted_tokens": ["[IN:GET_WEATHER", "[SL:WEATHER_ATTRIBUTE", "@ptr4", "SL:WEATHER_ATTRIBUTE]", "[SL:WEATHER_ATTRIBUTE", "@ptr7", "SL:WEATHER_ATTRIBUTE]", "IN:GET_WEATHER]"]}
{"loss": 0.9929656982421875, "class_log_probabilities": [-0.7757259607315063, -2.977863073348999, -6.445847988128662, -7.411892890930176], "predictions": [13, 79, 400, 80, 14, 402, 15, 18, 4, 4, 4], "target_tokens": ["[IN:GET_WEATHER", "[SL:WEATHER_ATTRIBUTE", "@ptr5", "SL:WEATHER_ATTRIBUTE]", "[SL:LOCATION", "@ptr7", "SL:LOCATION]", "IN:GET_WEATHER]"], "predicted_tokens": ["[IN:GET_WEATHER", "[SL:WEATHER_ATTRIBUTE", "@ptr5", "SL:WEATHER_ATTRIBUTE]", "[SL:LOCATION", "@ptr7", "SL:LOCATION]", "IN:GET_WEATHER]"]}
{"loss": 0.9703772664070129, "class_log_probabilities": [-0.3818971812725067, -5.6192169189453125, -6.141402244567871, -6.340010643005371], "predictions": [115, 90, 399, 91, 116, 4], "target_tokens": ["[IN:GET_TIMER", "[SL:METHOD_TIMER", "@ptr4", "SL:METHOD_TIMER]", "IN:GET_TIMER]"], "predicted_tokens": ["[IN:GET_TIMER", "[SL:METHOD_TIMER", "@ptr4", "SL:METHOD_TIMER]", "IN:GET_TIMER]"]}
{"loss": 2.1673521995544434, "class_log_probabilities": [-0.6566867828369141, -3.714754581451416, -6.650060653686523, -6.766143321990967], "predictions": [89, 90, 397, 91, 16, 399, 400, 401, 17, 92, 4, 4], "target_tokens": ["[IN:CREATE_TIMER", "[SL:METHOD_TIMER", "@ptr2", "SL:METHOD_TIMER]", "[SL:DATE_TIME", "@ptr3", "@ptr4", "@ptr5", "SL:DATE_TIME]", "IN:CREATE_TIMER]"], "predicted_tokens": ["[IN:CREATE_TIMER", "[SL:METHOD_TIMER", "@ptr2", "SL:METHOD_TIMER]", "[SL:DATE_TIME", "@ptr4", "@ptr5", "@ptr6", "SL:DATE_TIME]", "IN:CREATE_TIMER]"]}
{"loss": 3.1428442001342773, "class_log_probabilities": [-4.090649127960205, -4.430220603942871, -9.617440223693848, -12.698582649230957], "predictions": [75, 6, 395, 7, 78, 4, 4, 4, 4, 4, 4, 4, 4, 4, 4, 4, 4], "target_tokens": ["[IN:GET_STORIES_NEWS", "[SL:NEWS_CATEGORY", "@ptr5", "SL:NEWS_CATEGORY]", "[SL:NEWS_TYPE", "@ptr4", "SL:NEWS_TYPE]", "IN:GET_STORIES_NEWS]"], "predicted_tokens": ["[IN:CREATE_CALL", "[SL:CONTACT", "@ptr0", "SL:CONTACT]", "IN:CREATE_CALL]"]}
{"loss": 1.062942624092102, "class_log_probabilities": [-1.6725572347640991, -3.93670916557312, -5.299363613128662, -5.37468147277832], "predictions": [63, 151, 401, 152, 68, 4, 4], "target_tokens": ["[IN:PLAY_MUSIC", "[SL:MUSIC_GENRE", "@ptr6", "SL:MUSIC_GENRE]", "IN:PLAY_MUSIC]"], "predicted_tokens": ["[IN:PLAY_MUSIC", "[SL:MUSIC_GENRE", "@ptr6", "SL:MUSIC_GENRE]", "IN:PLAY_MUSIC]"]}
{"loss": 0.9637937545776367, "class_log_probabilities": [-0.34541359543800354, -7.50962495803833, -7.689168453216553, -8.0215425491333], "predictions": [13, 79, 403, 80, 18, 4, 4, 4], "target_tokens": ["[IN:GET_WEATHER", "[SL:WEATHER_ATTRIBUTE", "@ptr8", "SL:WEATHER_ATTRIBUTE]", "IN:GET_WEATHER]"], "predicted_tokens": ["[IN:GET_WEATHER", "[SL:WEATHER_ATTRIBUTE", "@ptr8", "SL:WEATHER_ATTRIBUTE]", "IN:GET_WEATHER]"]}
{"loss": 0.9794655442237854, "class_log_probabilities": [-0.14923717081546783, -7.671185493469238, -7.892182350158691, -7.970569133758545], "predictions": [19, 22, 4], "target_tokens": ["[IN:GET_ALARM", "IN:GET_ALARM]"], "predicted_tokens": ["[IN:GET_ALARM", "IN:GET_ALARM]"]}
{"loss": 2.9286797046661377, "class_log_probabilities": [-3.442342519760132, -3.470181465148926, -5.091524600982666, -5.2869439125061035], "predictions": [55, 58, 4, 4, 4, 4, 4, 4, 4, 4, 4, 4, 4], "target_tokens": ["[IN:QUESTION_NEWS", "[SL:NEWS_TOPIC", "@ptr2", "@ptr3", "@ptr4", "@ptr5", "@ptr6", "@ptr7", "SL:NEWS_TOPIC]", "IN:QUESTION_NEWS]"], "predicted_tokens": ["[IN:QUESTION_NEWS", "IN:QUESTION_NEWS]"]}
{"loss": 0.9798559546470642, "class_log_probabilities": [-0.1479850709438324, -7.477222919464111, -7.879303455352783, -8.054466247558594], "predictions": [19, 22, 4], "target_tokens": ["[IN:GET_ALARM", "IN:GET_ALARM]"], "predicted_tokens": ["[IN:GET_ALARM", "IN:GET_ALARM]"]}
{"loss": 0.9646366238594055, "class_log_probabilities": [-0.33269184827804565, -7.899782180786133, -8.109763145446777, -9.042454719543457], "predictions": [13, 79, 399, 80, 18, 4, 4, 4], "target_tokens": ["[IN:GET_WEATHER", "[SL:WEATHER_ATTRIBUTE", "@ptr4", "SL:WEATHER_ATTRIBUTE]", "IN:GET_WEATHER]"], "predicted_tokens": ["[IN:GET_WEATHER", "[SL:WEATHER_ATTRIBUTE", "@ptr4", "SL:WEATHER_ATTRIBUTE]", "IN:GET_WEATHER]"]}
{"loss": 1.8420326709747314, "class_log_probabilities": [-4.058276176452637, -4.740738391876221, -5.680697441101074, -5.798259735107422], "predictions": [39, 133, 404, 134, 58, 4, 4, 4, 4], "target_tokens": ["[IN:GET_STORIES_NEWS", "[SL:NEWS_TYPE", "@ptr6", "@ptr7", "SL:NEWS_TYPE]", "[SL:NEWS_SOURCE", "@ptr9", "SL:NEWS_SOURCE]", "IN:GET_STORIES_NEWS]"], "predicted_tokens": ["[IN:GET_STORIES_NEWS", "[SL:NEWS_SOURCE", "@ptr9", "SL:NEWS_SOURCE]", "IN:QUESTION_NEWS]"]}
{"loss": 1.5899581909179688, "class_log_probabilities": [-1.4235082864761353, -2.3385181427001953, -2.676478385925293, -3.1942198276519775], "predictions": [45, 249, 400, 250, 16, 401, 402, 403, 17, 46, 4, 4], "target_tokens": ["[IN:CREATE_ALARM", "[SL:ALARM_NAME", "@ptr4", "SL:ALARM_NAME]", "[SL:DATE_TIME", "@ptr5", "@ptr6", "@ptr7", "@ptr8", "SL:DATE_TIME]", "IN:CREATE_ALARM]"], "predicted_tokens": ["[IN:CREATE_ALARM", "[SL:ALARM_NAME", "@ptr5", "SL:ALARM_NAME]", "[SL:DATE_TIME", "@ptr6", "@ptr7", "@ptr8", "SL:DATE_TIME]", "IN:CREATE_ALARM]"]}
{"loss": 0.9720438718795776, "class_log_probabilities": [-0.653718113899231, -4.935502529144287, -5.7159600257873535, -6.2755126953125], "predictions": [63, 64, 397, 65, 66, 399, 400, 67, 68, 4, 4], "target_tokens": ["[IN:PLAY_MUSIC", "[SL:MUSIC_TYPE", "@ptr2", "SL:MUSIC_TYPE]", "[SL:MUSIC_ARTIST_NAME", "@ptr4", "@ptr5", "SL:MUSIC_ARTIST_NAME]", "IN:PLAY_MUSIC]"], "predicted_tokens": ["[IN:PLAY_MUSIC", "[SL:MUSIC_TYPE", "@ptr2", "SL:MUSIC_TYPE]", "[SL:MUSIC_ARTIST_NAME", "@ptr4", "@ptr5", "SL:MUSIC_ARTIST_NAME]", "IN:PLAY_MUSIC]"]}
{"loss": 0.9625482559204102, "class_log_probabilities": [-0.5075318217277527, -6.890321254730225, -7.708268642425537, -8.19369125366211], "predictions": [13, 16, 399, 400, 401, 402, 17, 18, 4], "target_tokens": ["[IN:GET_WEATHER", "[SL:DATE_TIME", "@ptr4", "@ptr5", "@ptr6", "@ptr7", "SL:DATE_TIME]", "IN:GET_WEATHER]"], "predicted_tokens": ["[IN:GET_WEATHER", "[SL:DATE_TIME", "@ptr4", "@ptr5", "@ptr6", "@ptr7", "SL:DATE_TIME]", "IN:GET_WEATHER]"]}
{"loss": 1.1648180484771729, "class_log_probabilities": [-0.9436372518539429, -2.600553274154663, -3.6167209148406982, -5.938112258911133], "predictions": [45, 16, 401, 402, 17, 46, 4, 4, 4, 4, 4], "target_tokens": ["[IN:CREATE_ALARM", "[SL:DATE_TIME", "@ptr5", "@ptr6", "@ptr7", "SL:DATE_TIME]", "IN:CREATE_ALARM]"], "predicted_tokens": ["[IN:CREATE_ALARM", "[SL:DATE_TIME", "@ptr6", "@ptr7", "SL:DATE_TIME]", "IN:CREATE_ALARM]"]}
{"loss": 1.5931369066238403, "class_log_probabilities": [-3.11929988861084, -3.4815046787261963, -3.5006401538848877, -3.734750747680664], "predictions": [89, 16, 398, 17, 16, 399, 400, 17, 92, 4], "target_tokens": ["[IN:CREATE_TIMER", "[SL:METHOD_TIMER", "@ptr2", "SL:METHOD_TIMER]", "[SL:DATE_TIME", "@ptr3", "@ptr4", "@ptr5", "SL:DATE_TIME]", "IN:CREATE_TIMER]"], "predicted_tokens": ["[IN:CREATE_TIMER", "[SL:DATE_TIME", "@ptr3", "SL:DATE_TIME]", "[SL:DATE_TIME", "@ptr4", "@ptr5", "SL:DATE_TIME]", "IN:CREATE_TIMER]"]}
{"loss": 1.7870819568634033, "class_log_probabilities": [-0.9051931500434875, -1.9512264728546143, -3.8812289237976074, -5.477332592010498], "predictions": [89, 90, 397, 91, 16, 404, 405, 17, 92, 4, 4], "target_tokens": ["[IN:CREATE_TIMER", "[SL:METHOD_TIMER", "@ptr2", "SL:METHOD_TIMER]", "[SL:DATE_TIME", "@ptr8", "@ptr9", "@ptr10", "SL:DATE_TIME]", "IN:CREATE_TIMER]"], "predicted_tokens": ["[IN:CREATE_TIMER", "[SL:METHOD_TIMER", "@ptr2", "SL:METHOD_TIMER]", "[SL:DATE_TIME", "@ptr9", "@ptr10", "SL:DATE_TIME]", "IN:CREATE_TIMER]"]}
{"loss": 2.9754903316497803, "class_log_probabilities": [-0.47760283946990967, -6.496482849121094, -6.799127101898193, -6.994502067565918], "predictions": [63, 151, 395, 396, 397, 152, 68, 4], "target_tokens": ["[IN:PLAY_MUSIC", "[SL:MUSIC_GENRE", "@ptr2", "@ptr3", "SL:MUSIC_GENRE]", "IN:PLAY_MUSIC]"], "predicted_tokens": ["[IN:PLAY_MUSIC", "[SL:MUSIC_GENRE", "@ptr0", "@ptr1", "@ptr2", "SL:MUSIC_GENRE]", "IN:PLAY_MUSIC]"]}
{"loss": 2.21333909034729, "class_log_probabilities": [-3.8269243240356445, -3.8583688735961914, -4.119053840637207, -5.787701606750488], "predictions": [89, 16, 398, 399, 400, 17, 92, 4, 4, 4, 4], "target_tokens": ["[IN:CREATE_TIMER", "[SL:METHOD_TIMER", "@ptr2", "SL:METHOD_TIMER]", "[SL:DATE_TIME", "@ptr3", "@ptr4", "@ptr5", "SL:DATE_TIME]", "IN:CREATE_TIMER]"], "predicted_tokens": ["[IN:CREATE_TIMER", "[SL:DATE_TIME", "@ptr3", "@ptr4", "@ptr5", "SL:DATE_TIME]", "IN:CREATE_TIMER]"]}
{"loss": 1.2981616258621216, "class_log_probabilities": [-2.9675488471984863, -3.7623956203460693, -3.8537509441375732, -4.593663215637207], "predictions": [45, 16, 402, 403, 404, 405, 406, 408, 17, 46, 4, 4], "target_tokens": ["[IN:CREATE_ALARM", "[SL:DATE_TIME", "@ptr6", "@ptr7", "@ptr8", "@ptr9", "@ptr10", "@ptr11", "@ptr12", "@ptr13", "SL:DATE_TIME]", "IN:CREATE_ALARM]"], "predicted_tokens": ["[IN:CREATE_ALARM", "[SL:DATE_TIME", "@ptr7", "@ptr8", "@ptr9", "@ptr10", "@ptr11", "@ptr13", "SL:DATE_TIME]", "IN:CREATE_ALARM]"]}
{"loss": 0.9666041731834412, "class_log_probabilities": [-0.327467679977417, -7.198685646057129, -7.530837535858154, -7.576207160949707], "predictions": [13, 79, 403, 80, 18, 4, 4, 4], "target_tokens": ["[IN:GET_WEATHER", "[SL:WEATHER_ATTRIBUTE", "@ptr8", "SL:WEATHER_ATTRIBUTE]", "IN:GET_WEATHER]"], "predicted_tokens": ["[IN:GET_WEATHER", "[SL:WEATHER_ATTRIBUTE", "@ptr8", "SL:WEATHER_ATTRIBUTE]", "IN:GET_WEATHER]"]}
{"loss": 1.3056901693344116, "class_log_probabilities": [-0.7349226474761963, -2.7294504642486572, -4.514598369598389, -5.0845723152160645], "predictions": [213, 120, 397, 121, 214, 4], "target_tokens": ["[IN:SILENCE_ALARM", "[SL:AMOUNT", "@ptr1", "SL:AMOUNT]", "IN:SILENCE_ALARM]"], "predicted_tokens": ["[IN:SILENCE_ALARM", "[SL:AMOUNT", "@ptr2", "SL:AMOUNT]", "IN:SILENCE_ALARM]"]}
{"loss": 1.6305041313171387, "class_log_probabilities": [-0.9024563431739807, -3.772979974746704, -5.082552909851074, -6.750750541687012], "predictions": [115, 90, 399, 91, 116, 4], "target_tokens": ["[IN:GET_TIMER", "[SL:METHOD_TIMER", "@ptr3", "SL:METHOD_TIMER]", "IN:GET_TIMER]"], "predicted_tokens": ["[IN:GET_TIMER", "[SL:METHOD_TIMER", "@ptr4", "SL:METHOD_TIMER]", "IN:GET_TIMER]"]}
{"loss": 1.0495010614395142, "class_log_probabilities": [-1.1475458145141602, -2.03416109085083, -4.237886428833008, -4.530101299285889], "predictions": [119, 120, 396, 121, 122, 4], "target_tokens": ["[IN:DELETE_ALARM", "[SL:AMOUNT", "@ptr1", "SL:AMOUNT]", "IN:DELETE_ALARM]"], "predicted_tokens": ["[IN:DELETE_ALARM", "[SL:AMOUNT", "@ptr1", "SL:AMOUNT]", "IN:DELETE_ALARM]"]}
{"loss": 1.1012818813323975, "class_log_probabilities": [-0.9946179389953613, -2.7961883544921875, -4.579381942749023, -4.692422866821289], "predictions": [13, 79, 400, 80, 16, 402, 403, 404, 405, 17, 18, 4, 4], "target_tokens": ["[IN:GET_WEATHER", "[SL:WEATHER_ATTRIBUTE", "@ptr5", "SL:WEATHER_ATTRIBUTE]", "[SL:DATE_TIME", "@ptr6", "@ptr7", "@ptr8", "@ptr9", "@ptr10", "SL:DATE_TIME]", "IN:GET_WEATHER]"], "predicted_tokens": ["[IN:GET_WEATHER", "[SL:WEATHER_ATTRIBUTE", "@ptr5", "SL:WEATHER_ATTRIBUTE]", "[SL:DATE_TIME", "@ptr7", "@ptr8", "@ptr9", "@ptr10", "SL:DATE_TIME]", "IN:GET_WEATHER]"]}
{"loss": 1.0188237428665161, "class_log_probabilities": [-0.9428809881210327, -2.224138021469116, -3.963651657104492, -5.693029880523682], "predictions": [119, 20, 398, 21, 122, 4], "target_tokens": ["[IN:DELETE_ALARM", "[SL:ORDINAL", "@ptr3", "SL:ORDINAL]", "IN:DELETE_ALARM]"], "predicted_tokens": ["[IN:DELETE_ALARM", "[SL:ORDINAL", "@ptr3", "SL:ORDINAL]", "IN:DELETE_ALARM]"]}
{"loss": 2.7864956855773926, "class_log_probabilities": [-1.0694150924682617, -4.05794620513916, -5.075134754180908, -5.292891979217529], "predictions": [287, 64, 397, 65, 288, 4], "target_tokens": ["[IN:REPLAY_MUSIC", "[SL:MUSIC_TYPE", "@ptr2", "@ptr3", "@ptr4", "SL:MUSIC_TYPE]", "IN:REPLAY_MUSIC]"], "predicted_tokens": ["[IN:REPLAY_MUSIC", "[SL:MUSIC_TYPE", "@ptr2", "SL:MUSIC_TYPE]", "IN:REPLAY_MUSIC]"]}
{"loss": 1.7213157415390015, "class_log_probabilities": [-1.0270096063613892, -1.624948501586914, -3.705134153366089, -5.381646156311035], "predictions": [45, 16, 399, 400, 401, 17, 46, 4], "target_tokens": ["[IN:CREATE_ALARM", "[SL:DATE_TIME", "@ptr3", "@ptr4", "@ptr5", "SL:DATE_TIME]", "IN:CREATE_ALARM]"], "predicted_tokens": ["[IN:CREATE_ALARM", "[SL:DATE_TIME", "@ptr4", "@ptr5", "@ptr6", "SL:DATE_TIME]", "IN:CREATE_ALARM]"]}
{"loss": 1.7427403926849365, "class_log_probabilities": [-0.9423884749412537, -1.7421869039535522, -6.806247234344482, -7.200368881225586], "predictions": [45, 16, 399, 400, 401, 402, 17, 46, 4], "target_tokens": ["[IN:CREATE_ALARM", "[SL:DATE_TIME", "@ptr3", "@ptr4", "@ptr5", "@ptr6", "SL:DATE_TIME]", "IN:CREATE_ALARM]"], "predicted_tokens": ["[IN:CREATE_ALARM", "[SL:DATE_TIME", "@ptr4", "@ptr5", "@ptr6", "@ptr7", "SL:DATE_TIME]", "IN:CREATE_ALARM]"]}
{"loss": 1.6783543825149536, "class_log_probabilities": [-0.8973073959350586, -4.174684047698975, -4.402698993682861, -4.670793056488037], "predictions": [63, 66, 395, 396, 397, 398, 399, 67, 103, 401, 104, 68, 4, 4], "target_tokens": ["[IN:PLAY_MUSIC", "[SL:MUSIC_ARTIST_NAME", "@ptr1", "@ptr2", "@ptr3", "@ptr4", "SL:MUSIC_ARTIST_NAME]", "[SL:MUSIC_PROVIDER_NAME", "@ptr6", "SL:MUSIC_PROVIDER_NAME]", "IN:PLAY_MUSIC]"], "predicted_tokens": ["[IN:PLAY_MUSIC", "[SL:MUSIC_ARTIST_NAME", "@ptr0", "@ptr1", "@ptr2", "@ptr3", "@ptr4", "SL:MUSIC_ARTIST_NAME]", "[SL:MUSIC_PROVIDER_NAME", "@ptr6", "SL:MUSIC_PROVIDER_NAME]", "IN:PLAY_MUSIC]"]}
{"loss": 2.349236011505127, "class_log_probabilities": [-1.4880383014678955, -3.676706552505493, -4.364003658294678, -4.5824785232543945], "predictions": [63, 64, 400, 65, 66, 402, 403, 67, 68, 4, 4, 4, 4], "target_tokens": ["[IN:PLAY_MUSIC", "[SL:MUSIC_ARTIST_NAME", "@ptr7", "@ptr8", "SL:MUSIC_ARTIST_NAME]", "[SL:MUSIC_TYPE", "@ptr5", "SL:MUSIC_TYPE]", "IN:PLAY_MUSIC]"], "predicted_tokens": ["[IN:PLAY_MUSIC", "[SL:MUSIC_TYPE", "@ptr5", "SL:MUSIC_TYPE]", "[SL:MUSIC_ARTIST_NAME", "@ptr7", "@ptr8", "SL:MUSIC_ARTIST_NAME]", "IN:PLAY_MUSIC]"]}
{"loss": 2.213438034057617, "class_log_probabilities": [-0.5491593480110168, -6.190605163574219, -6.268969535827637, -6.667191028594971], "predictions": [63, 64, 397, 65, 66, 398, 399, 67, 68, 4], "target_tokens": ["[IN:PLAY_MUSIC", "[SL:MUSIC_PLAYLIST_TITLE", "@ptr3", "@ptr4", "SL:MUSIC_PLAYLIST_TITLE]", "[SL:MUSIC_TYPE", "@ptr2", "SL:MUSIC_TYPE]", "IN:PLAY_MUSIC]"], "predicted_tokens": ["[IN:PLAY_MUSIC", "[SL:MUSIC_TYPE", "@ptr2", "SL:MUSIC_TYPE]", "[SL:MUSIC_ARTIST_NAME", "@ptr3", "@ptr4", "SL:MUSIC_ARTIST_NAME]", "IN:PLAY_MUSIC]"]}
{"loss": 1.9492367506027222, "class_log_probabilities": [-1.2872869968414307, -1.3274619579315186, -6.397732734680176, -7.00200080871582], "predictions": [89, 90, 397, 91, 16, 399, 400, 401, 17, 92, 4, 4], "target_tokens": ["[IN:CREATE_TIMER", "[SL:METHOD_TIMER", "@ptr2", "SL:METHOD_TIMER]", "[SL:DATE_TIME", "@ptr3", "@ptr4", "@ptr5", "SL:DATE_TIME]", "IN:CREATE_TIMER]"], "predicted_tokens": ["[IN:CREATE_TIMER", "[SL:METHOD_TIMER", "@ptr2", "SL:METHOD_TIMER]", "[SL:DATE_TIME", "@ptr4", "@ptr5", "@ptr6", "SL:DATE_TIME]", "IN:CREATE_TIMER]"]}
{"loss": 1.3564612865447998, "class_log_probabilities": [-0.5920341610908508, -3.489546298980713, -4.132365703582764, -5.809466361999512], "predictions": [159, 16, 401, 402, 17, 160, 4, 4], "target_tokens": ["[IN:SNOOZE_ALARM", "[SL:DATE_TIME", "@ptr5", "@ptr6", "@ptr7", "SL:DATE_TIME]", "IN:SNOOZE_ALARM]"], "predicted_tokens": ["[IN:SNOOZE_ALARM", "[SL:DATE_TIME", "@ptr6", "@ptr7", "SL:DATE_TIME]", "IN:SNOOZE_ALARM]"]}
{"loss": 2.423508882522583, "class_log_probabilities": [-0.339608758687973, -5.39681339263916, -6.722200870513916, -6.951247692108154], "predictions": [287, 64, 400, 65, 288, 4], "target_tokens": ["[IN:RESUME_MUSIC", "[SL:MUSIC_TYPE", "@ptr5", "SL:MUSIC_TYPE]", "IN:RESUME_MUSIC]"], "predicted_tokens": ["[IN:REPLAY_MUSIC", "[SL:MUSIC_TYPE", "@ptr5", "SL:MUSIC_TYPE]", "IN:REPLAY_MUSIC]"]}
{"loss": 2.172703266143799, "class_log_probabilities": [-2.7529261112213135, -3.9071197509765625, -3.983086109161377, -5.1784796714782715], "predictions": [63, 151, 401, 402, 152, 68, 4, 4], "target_tokens": ["[IN:PLAY_MUSIC", "[SL:MUSIC_PLAYLIST_TITLE", "@ptr1", "@ptr2", "@ptr3", "@ptr4", "@ptr5", "@ptr6", "@ptr7", "SL:MUSIC_PLAYLIST_TITLE]", "IN:PLAY_MUSIC]"], "predicted_tokens": ["[IN:PLAY_MUSIC", "[SL:MUSIC_GENRE", "@ptr6", "@ptr7", "SL:MUSIC_GENRE]", "IN:PLAY_MUSIC]"]}
{"loss": 1.0362982749938965, "class_log_probabilities": [-1.0570067167282104, -2.145242929458618, -3.634080171585083, -3.7280077934265137], "predictions": [89, 90, 397, 91, 92, 4], "target_tokens": ["[IN:CREATE_TIMER", "[SL:METHOD_TIMER", "@ptr2", "SL:METHOD_TIMER]", "IN:CREATE_TIMER]"], "predicted_tokens": ["[IN:CREATE_TIMER", "[SL:METHOD_TIMER", "@ptr2", "SL:METHOD_TIMER]", "IN:CREATE_TIMER]"]}
{"loss": 3.842099666595459, "class_log_probabilities": [-2.2327256202697754, -2.9268391132354736, -2.9317479133605957, -4.029605388641357], "predictions": [39, 16, 398, 399, 17, 43, 400, 44, 40, 401, 44, 42, 4], "target_tokens": ["[IN:GET_STORIES_NEWS", "[SL:NEWS_CATEGORY", "@ptr6", "SL:NEWS_CATEGORY]", "[SL:NEWS_TYPE", "@ptr4", "@ptr5", "SL:NEWS_TYPE]", "IN:GET_STORIES_NEWS]"], "predicted_tokens": ["[IN:GET_STORIES_NEWS", "[SL:DATE_TIME", "@ptr3", "@ptr4", "SL:DATE_TIME]", "[SL:NEWS_CATEGORY", "@ptr5", "SL:NEWS_CATEGORY]", "[SL:NEWS_TYPE", "@ptr6", "SL:NEWS_CATEGORY]", "IN:GET_STORIES_NEWS]"]}
{"loss": 2.572740316390991, "class_log_probabilities": [-4.115556240081787, -4.151488780975342, -4.474802017211914, -5.125185012817383], "predictions": [287, 66, 397, 67, 288, 4, 4], "target_tokens": ["[IN:RESTART_TIMER", "[SL:METHOD_TIMER", "@ptr2", "SL:METHOD_TIMER]", "IN:RESTART_TIMER]"], "predicted_tokens": ["[IN:REPLAY_MUSIC", "[SL:MUSIC_ARTIST_NAME", "@ptr2", "SL:MUSIC_ARTIST_NAME]", "IN:REPLAY_MUSIC]"]}
{"loss": 1.539609670639038, "class_log_probabilities": [-0.6502441167831421, -4.543224811553955, -4.848343372344971, -5.103682994842529], "predictions": [45, 16, 398, 399, 400, 17, 46, 4], "target_tokens": ["[IN:CREATE_ALARM", "[SL:DATE_TIME", "@ptr3", "@ptr4", "SL:DATE_TIME]", "IN:CREATE_ALARM]"], "predicted_tokens": ["[IN:CREATE_ALARM", "[SL:DATE_TIME", "@ptr3", "@ptr4", "@ptr5", "SL:DATE_TIME]", "IN:CREATE_ALARM]"]}
{"loss": 1.871178150177002, "class_log_probabilities": [-1.387561559677124, -1.6170461177825928, -3.8605902194976807, -5.059166431427002], "predictions": [63, 151, 399, 152, 151, 400, 152, 68, 4, 4], "target_tokens": ["[IN:PLAY_MUSIC", "[SL:MUSIC_GENRE", "@ptr5", "SL:MUSIC_GENRE]", "[SL:MUSIC_TYPE", "@ptr4", "SL:MUSIC_TYPE]", "IN:PLAY_MUSIC]"], "predicted_tokens": ["[IN:PLAY_MUSIC", "[SL:MUSIC_GENRE", "@ptr4", "SL:MUSIC_GENRE]", "[SL:MUSIC_GENRE", "@ptr5", "SL:MUSIC_GENRE]", "IN:PLAY_MUSIC]"]}
{"loss": 3.605698585510254, "class_log_probabilities": [-1.8946367502212524, -2.8555572032928467, -3.108311176300049, -3.255476474761963], "predictions": [165, 113, 398, 114, 129, 400, 130, 113, 402, 114, 166, 4, 4], "target_tokens": ["[IN:IS_TRUE_RECIPES", "[SL:RECIPES_DISH", "@ptr5", "@ptr6", "@ptr7", "SL:RECIPES_DISH]", "IN:IS_TRUE_RECIPES]"], "predicted_tokens": ["[IN:IS_TRUE_RECIPES", "[SL:RECIPES_COOKING_METHOD", "@ptr3", "SL:RECIPES_COOKING_METHOD]", "[SL:RECIPES_INCLUDED_INGREDIENT", "@ptr5", "SL:RECIPES_INCLUDED_INGREDIENT]", "[SL:RECIPES_COOKING_METHOD", "@ptr7", "SL:RECIPES_COOKING_METHOD]", "IN:IS_TRUE_RECIPES]"]}
{"loss": 0.9743191003799438, "class_log_probabilities": [-0.4290447533130646, -5.414918899536133, -6.198882579803467, -6.880098819732666], "predictions": [51, 52, 398, 399, 400, 53, 54, 4], "target_tokens": ["[IN:GET_RECIPES", "[SL:RECIPES_DISH", "@ptr3", "@ptr4", "@ptr5", "SL:RECIPES_DISH]", "IN:GET_RECIPES]"], "predicted_tokens": ["[IN:GET_RECIPES", "[SL:RECIPES_DISH", "@ptr3", "@ptr4", "@ptr5", "SL:RECIPES_DISH]", "IN:GET_RECIPES]"]}
{"loss": 2.4384098052978516, "class_log_probabilities": [-2.896592617034912, -3.246150493621826, -3.648641586303711, -4.557016849517822], "predictions": [165, 129, 397, 130, 113, 398, 114, 166, 4, 4], "target_tokens": ["[IN:GET_RECIPES", "[SL:RECIPES_DISH", "@ptr2", "@ptr3", "SL:RECIPES_DISH]", "IN:GET_RECIPES]"], "predicted_tokens": ["[IN:IS_TRUE_RECIPES", "[SL:RECIPES_INCLUDED_INGREDIENT", "@ptr2", "SL:RECIPES_INCLUDED_INGREDIENT]", "[SL:RECIPES_COOKING_METHOD", "@ptr3", "SL:RECIPES_COOKING_METHOD]", "IN:IS_TRUE_RECIPES]"]}
{"loss": 1.1313272714614868, "class_log_probabilities": [-1.6914077997207642, -2.2692220211029053, -3.1155319213867188, -3.2569167613983154], "predictions": [27, 28, 398, 29, 52, 400, 53, 30, 4, 4, 4, 4, 4], "target_tokens": ["[IN:GET_INFO_RECIPES", "[SL:RECIPES_ATTRIBUTE", "@ptr3", "SL:RECIPES_ATTRIBUTE]", "[SL:RECIPES_DISH", "@ptr6", "@ptr7", "@ptr8", "@ptr9", "@ptr10", "SL:RECIPES_DISH]", "IN:GET_INFO_RECIPES]"], "predicted_tokens": ["[IN:GET_INFO_RECIPES", "[SL:RECIPES_ATTRIBUTE", "@ptr3", "SL:RECIPES_ATTRIBUTE]", "[SL:RECIPES_DISH", "@ptr5", "SL:RECIPES_DISH]", "IN:GET_INFO_RECIPES]"]}
{"loss": 3.703277826309204, "class_log_probabilities": [-1.0076816082000732, -2.127368211746216, -3.7775139808654785, -5.317336559295654], "predictions": [51, 52, 402, 53, 54, 4, 4], "target_tokens": ["[IN:GET_RECIPES", "[SL:RECIPES_DISH", "@ptr7", "SL:RECIPES_DISH]", "[SL:RECIPES_ATTRIBUTE", "@ptr8", "@ptr9", "@ptr10", "SL:RECIPES_ATTRIBUTE]", "IN:GET_RECIPES]"], "predicted_tokens": ["[IN:GET_RECIPES", "[SL:RECIPES_DISH", "@ptr7", "SL:RECIPES_DISH]", "IN:GET_RECIPES]"]}
{"loss": 0.964119017124176, "class_log_probabilities": [-0.4362199604511261, -6.476217746734619, -7.195558071136475, -7.622006893157959], "predictions": [51, 52, 401, 53, 54, 4], "target_tokens": ["[IN:GET_RECIPES", "[SL:RECIPES_DISH", "@ptr6", "SL:RECIPES_DISH]", "IN:GET_RECIPES]"], "predicted_tokens": ["[IN:GET_RECIPES", "[SL:RECIPES_DISH", "@ptr6", "SL:RECIPES_DISH]", "IN:GET_RECIPES]"]}
{"loss": 0.9788318872451782, "class_log_probabilities": [-0.6409742832183838, -3.5643813610076904, -4.993842601776123, -6.254779815673828], "predictions": [51, 52, 401, 402, 403, 53, 54, 4, 4, 4, 4], "target_tokens": ["[IN:GET_RECIPES", "[SL:RECIPES_DISH", "@ptr6", "@ptr7", "@ptr8", "SL:RECIPES_DISH]", "IN:GET_RECIPES]"], "predicted_tokens": ["[IN:GET_RECIPES", "[SL:RECIPES_DISH", "@ptr6", "@ptr7", "@ptr8", "SL:RECIPES_DISH]", "IN:GET_RECIPES]"]}
{"loss": 0.9815727472305298, "class_log_probabilities": [-0.7744829058647156, -4.486197471618652, -4.856089115142822, -5.000255107879639], "predictions": [27, 28, 398, 29, 52, 401, 402, 403, 53, 30, 4, 4], "target_tokens": ["[IN:GET_INFO_RECIPES", "[SL:RECIPES_ATTRIBUTE", "@ptr3", "SL:RECIPES_ATTRIBUTE]", "[SL:RECIPES_DISH", "@ptr6", "@ptr7", "@ptr8", "SL:RECIPES_DISH]", "IN:GET_INFO_RECIPES]"], "predicted_tokens": ["[IN:GET_INFO_RECIPES", "[SL:RECIPES_ATTRIBUTE", "@ptr3", "SL:RECIPES_ATTRIBUTE]", "[SL:RECIPES_DISH", "@ptr6", "@ptr7", "@ptr8", "SL:RECIPES_DISH]", "IN:GET_INFO_RECIPES]"]}
{"loss": 2.446197032928467, "class_log_probabilities": [-2.494494676589966, -3.50060772895813, -3.822155714035034, -5.156915664672852], "predictions": [51, 129, 401, 402, 130, 52, 404, 405, 53, 54, 4], "target_tokens": ["[IN:IS_TRUE_RECIPES", "[SL:RECIPES_INCLUDED_INGREDIENT", "@ptr7", "SL:RECIPES_INCLUDED_INGREDIENT]", "[SL:RECIPES_DISH", "@ptr10", "@ptr11", "SL:RECIPES_DISH]", "IN:IS_TRUE_RECIPES]"], "predicted_tokens": ["[IN:GET_RECIPES", "[SL:RECIPES_INCLUDED_INGREDIENT", "@ptr6", "@ptr7", "SL:RECIPES_INCLUDED_INGREDIENT]", "[SL:RECIPES_DISH", "@ptr9", "@ptr10", "SL:RECIPES_DISH]", "IN:GET_RECIPES]"]}
{"loss": 2.3097293376922607, "class_log_probabilities": [-0.5573389530181885, -4.018194675445557, -4.927473068237305, -5.081433296203613], "predictions": [51, 52, 398, 53, 145, 399, 146, 54, 4], "target_tokens": ["[IN:GET_RECIPES", "[SL:RECIPES_DISH", "@ptr3", "@ptr4", "SL:RECIPES_DISH]", "IN:GET_RECIPES]"], "predicted_tokens": ["[IN:GET_RECIPES", "[SL:RECIPES_DISH", "@ptr3", "SL:RECIPES_DISH]", "[SL:RECIPES_TYPE", "@ptr4", "SL:RECIPES_TYPE]", "IN:GET_RECIPES]"]}
{"loss": 1.1280832290649414, "class_log_probabilities": [-0.845067024230957, -1.957092523574829, -4.999395370483398, -5.205713272094727], "predictions": [51, 52, 403, 404, 53, 54, 4, 4], "target_tokens": ["[IN:GET_RECIPES", "[SL:RECIPES_DISH", "@ptr8", "@ptr9", "@ptr10", "SL:RECIPES_DISH]", "IN:GET_RECIPES]"], "predicted_tokens": ["[IN:GET_RECIPES", "[SL:RECIPES_DISH", "@ptr8", "@ptr9", "SL:RECIPES_DISH]", "IN:GET_RECIPES]"]}
{"loss": 1.0538848638534546, "class_log_probabilities": [-1.0386024713516235, -3.9504480361938477, -5.627417087554932, -6.592202186584473], "predictions": [51, 145, 400, 146, 54, 4], "target_tokens": ["[IN:GET_RECIPES", "[SL:RECIPES_TYPE", "@ptr5", "SL:RECIPES_TYPE]", "IN:GET_RECIPES]"], "predicted_tokens": ["[IN:GET_RECIPES", "[SL:RECIPES_TYPE", "@ptr5", "SL:RECIPES_TYPE]", "IN:GET_RECIPES]"]}
{"loss": 2.0127627849578857, "class_log_probabilities": [-1.3366436958312988, -2.748347520828247, -2.8601441383361816, -4.60799503326416], "predictions": [51, 28, 396, 29, 52, 398, 399, 400, 53, 54, 4, 4], "target_tokens": ["[IN:GET_RECIPES", "[SL:RECIPES_ATTRIBUTE", "@ptr1", "SL:RECIPES_ATTRIBUTE]", "[SL:RECIPES_DISH", "@ptr3", "@ptr4", "@ptr5", "SL:RECIPES_DISH]", "[SL:RECIPES_TYPE", "@ptr7", "SL:RECIPES_TYPE]", "IN:GET_RECIPES]"], "predicted_tokens": ["[IN:GET_RECIPES", "[SL:RECIPES_ATTRIBUTE", "@ptr1", "SL:RECIPES_ATTRIBUTE]", "[SL:RECIPES_DISH", "@ptr3", "@ptr4", "@ptr5", "SL:RECIPES_DISH]", "IN:GET_RECIPES]"]}
{"loss": 1.3319530487060547, "class_log_probabilities": [-1.7233539819717407, -3.4012515544891357, -4.924801826477051, -5.1103739738464355], "predictions": [27, 28, 395, 396, 29, 113, 398, 114, 52, 400, 53, 30, 4, 4], "target_tokens": ["[IN:GET_INFO_RECIPES", "[SL:RECIPES_ATTRIBUTE", "@ptr0", "@ptr1", "@ptr2", "SL:RECIPES_ATTRIBUTE]", "[SL:RECIPES_DISH", "@ptr5", "SL:RECIPES_DISH]", "IN:GET_INFO_RECIPES]"], "predicted_tokens": ["[IN:GET_INFO_RECIPES", "[SL:RECIPES_ATTRIBUTE", "@ptr0", "@ptr1", "SL:RECIPES_ATTRIBUTE]", "[SL:RECIPES_COOKING_METHOD", "@ptr3", "SL:RECIPES_COOKING_METHOD]", "[SL:RECIPES_DISH", "@ptr5", "SL:RECIPES_DISH]", "IN:GET_INFO_RECIPES]"]}
{"loss": 2.060943603515625, "class_log_probabilities": [-2.466444492340088, -2.5083227157592773, -2.9250824451446533, -3.5296809673309326], "predictions": [23, 10, 70, 93, 401, 94, 71, 402, 72, 73, 11, 26, 4, 4, 4], "target_tokens": ["[IN:SEND_MESSAGE", "[SL:RECIPIENT", "[IN:GET_CONTACT", "[SL:CONTACT_RELATED", "@ptr6", "SL:CONTACT_RELATED]", "[SL:TYPE_RELATION", "@ptr7", "@ptr8", "@ptr9", "SL:TYPE_RELATION]", "IN:GET_CONTACT]", "SL:RECIPIENT]", "IN:SEND_MESSAGE]"], "predicted_tokens": ["[IN:SEND_MESSAGE", "[SL:RECIPIENT", "[IN:GET_CONTACT", "[SL:CONTACT_RELATED", "@ptr6", "SL:CONTACT_RELATED]", "[SL:TYPE_RELATION", "@ptr7", "SL:TYPE_RELATION]", "IN:GET_CONTACT]", "SL:RECIPIENT]", "IN:SEND_MESSAGE]"]}
{"loss": 3.2746009826660156, "class_log_probabilities": [-1.633345127105713, -2.4867894649505615, -2.8930768966674805, -3.152432441711426], "predictions": [23, 10, 402, 11, 26, 4], "target_tokens": ["[IN:SEND_MESSAGE", "[SL:GROUP", "@ptr6", "@ptr7", "@ptr8", "SL:GROUP]", "IN:SEND_MESSAGE]"], "predicted_tokens": ["[IN:SEND_MESSAGE", "[SL:RECIPIENT", "@ptr7", "SL:RECIPIENT]", "IN:SEND_MESSAGE]"]}
{"loss": 1.959855079650879, "class_log_probabilities": [-1.4908502101898193, -2.8100335597991943, -3.517453908920288, -3.8451898097991943], "predictions": [23, 8, 400, 9, 10, 402, 11, 26, 4, 4, 4, 4], "target_tokens": ["[IN:SEND_MESSAGE", "[SL:TYPE_CONTENT", "@ptr4", "SL:TYPE_CONTENT]", "[SL:RECIPIENT", "@ptr6", "SL:RECIPIENT]", "[SL:RECIPIENT", "@ptr8", "SL:RECIPIENT]", "IN:SEND_MESSAGE]"], "predicted_tokens": ["[IN:SEND_MESSAGE", "[SL:TYPE_CONTENT", "@ptr5", "SL:TYPE_CONTENT]", "[SL:RECIPIENT", "@ptr7", "SL:RECIPIENT]", "IN:SEND_MESSAGE]"]}
{"loss": 2.099517345428467, "class_log_probabilities": [-0.9342225790023804, -2.0215606689453125, -4.775801658630371, -4.948006629943848], "predictions": [23, 10, 403, 11, 10, 405, 11, 26, 4, 4, 4, 4], "target_tokens": ["[IN:SEND_MESSAGE", "[SL:RECIPIENT", "@ptr7", "SL:RECIPIENT]", "[SL:RECIPIENT", "@ptr9", "SL:RECIPIENT]", "IN:SEND_MESSAGE]"], "predicted_tokens": ["[IN:SEND_MESSAGE", "[SL:RECIPIENT", "@ptr8", "SL:RECIPIENT]", "[SL:RECIPIENT", "@ptr10", "SL:RECIPIENT]", "IN:SEND_MESSAGE]"]}
{"loss": 2.075906753540039, "class_log_probabilities": [-3.0409281253814697, -6.054075241088867, -6.8723464012146, -38.36894989013672], "predictions": [23, 10, 399, 11, 10, 401, 11, 26, 4, 4, 4, 4, 4, 4, 4, 4, 4, 4, 4, 4, 4, 4, 4, 4, 4, 4, 4, 4, 4, 4, 4, 4, 4, 4, 4, 4, 4, 4, 4, 4, 4, 4, 4, 4, 4, 4, 4, 4, 4, 4, 4, 4, 4, 4, 4, 4, 4], "target_tokens": ["[IN:SEND_MESSAGE", "[SL:RECIPIENT", "@ptr4", "SL:RECIPIENT]", "[SL:RECIPIENT", "@ptr6", "SL:RECIPIENT]", "[SL:RECIPIENT", "@ptr8", "SL:RECIPIENT]", "[SL:CONTENT_EXACT", "@ptr13", "@ptr14", "@ptr15", "@ptr16", "@ptr17", "SL:CONTENT_EXACT]", "IN:SEND_MESSAGE]"], "predicted_tokens": ["[IN:SEND_MESSAGE", "[SL:RECIPIENT", "@ptr4", "SL:RECIPIENT]", "[SL:RECIPIENT", "@ptr6", "SL:RECIPIENT]", "IN:SEND_MESSAGE]"]}
{"loss": 1.032108187675476, "class_log_probabilities": [-0.8817104697227478, -3.166107416152954, -3.8952417373657227, -6.8239922523498535], "predictions": [23, 269, 400, 270, 26, 4, 4, 4, 4, 4, 4], "target_tokens": ["[IN:SEND_MESSAGE", "[SL:GROUP", "@ptr5", "SL:GROUP]", "IN:SEND_MESSAGE]"], "predicted_tokens": ["[IN:SEND_MESSAGE", "[SL:GROUP", "@ptr5", "SL:GROUP]", "IN:SEND_MESSAGE]"]}
{"loss": 2.2225005626678467, "class_log_probabilities": [-0.7342331409454346, -2.2166123390197754, -5.51287841796875, -5.789925575256348], "predictions": [23, 10, 403, 11, 26, 4, 4, 4, 4], "target_tokens": ["[IN:SEND_MESSAGE", "[SL:RECIPIENT", "@ptr7", "SL:RECIPIENT]", "[SL:RECIPIENT", "@ptr9", "SL:RECIPIENT]", "IN:SEND_MESSAGE]"], "predicted_tokens": ["[IN:SEND_MESSAGE", "[SL:RECIPIENT", "@ptr8", "SL:RECIPIENT]", "IN:SEND_MESSAGE]"]}
{"loss": 1.2407488822937012, "class_log_probabilities": [-2.3823671340942383, -2.7261013984680176, -3.2337048053741455, -3.7515156269073486], "predictions": [5, 8, 398, 9, 10, 400, 11, 12, 4, 4, 4, 4], "target_tokens": ["[IN:GET_MESSAGE", "[SL:TYPE_CONTENT", "@ptr3", "SL:TYPE_CONTENT]", "[SL:RECIPIENT", "@ptr5", "SL:RECIPIENT]", "[SL:RECIPIENT", "@ptr7", "SL:RECIPIENT]", "[SL:RECIPIENT", "@ptr9", "SL:RECIPIENT]", "IN:GET_MESSAGE]"], "predicted_tokens": ["[IN:GET_MESSAGE", "[SL:TYPE_CONTENT", "@ptr3", "SL:TYPE_CONTENT]", "[SL:RECIPIENT", "@ptr5", "SL:RECIPIENT]", "IN:GET_MESSAGE]"]}
{"loss": 1.5689514875411987, "class_log_probabilities": [-0.7430887222290039, -4.720494270324707, -4.7255425453186035, -6.290734767913818], "predictions": [23, 10, 70, 71, 402, 72, 73, 11, 26, 4, 4, 4, 4], "target_tokens": ["[IN:SEND_MESSAGE", "[SL:GROUP", "@ptr7", "SL:GROUP]", "IN:SEND_MESSAGE]"], "predicted_tokens": ["[IN:SEND_MESSAGE", "[SL:RECIPIENT", "[IN:GET_CONTACT", "[SL:TYPE_RELATION", "@ptr7", "SL:TYPE_RELATION]", "IN:GET_CONTACT]", "SL:RECIPIENT]", "IN:SEND_MESSAGE]"]}
{"loss": 2.6700806617736816, "class_log_probabilities": [-1.665380597114563, -2.853700637817383, -3.103506565093994, -3.2009899616241455], "predictions": [23, 10, 403, 11, 10, 406, 407, 11, 26, 4, 4], "target_tokens": ["[IN:SEND_MESSAGE", "[SL:RECIPIENT", "@ptr7", "SL:RECIPIENT]", "[SL:RECIPIENT", "@ptr10", "@ptr11", "SL:RECIPIENT]", "IN:SEND_MESSAGE]"], "predicted_tokens": ["[IN:SEND_MESSAGE", "[SL:RECIPIENT", "@ptr8", "SL:RECIPIENT]", "[SL:RECIPIENT", "@ptr11", "@ptr12", "SL:RECIPIENT]", "IN:SEND_MESSAGE]"]}
{"loss": 1.8425006866455078, "class_log_probabilities": [-1.1437791585922241, -2.808377742767334, -3.1877520084381104, -3.528336763381958], "predictions": [23, 10, 404, 11, 26, 4, 4, 4, 4], "target_tokens": ["[IN:SEND_MESSAGE", "[SL:RECIPIENT", "@ptr7", "SL:RECIPIENT]", "[SL:RECIPIENT", "@ptr9", "SL:RECIPIENT]", "IN:SEND_MESSAGE]"], "predicted_tokens": ["[IN:SEND_MESSAGE", "[SL:RECIPIENT", "@ptr9", "SL:RECIPIENT]", "IN:SEND_MESSAGE]"]}
{"loss": 1.0565590858459473, "class_log_probabilities": [-1.223504900932312, -2.180283546447754, -4.677054405212402, -5.1255364418029785], "predictions": [23, 10, 70, 93, 400, 94, 71, 402, 403, 72, 73, 11, 26, 4, 4], "target_tokens": ["[IN:SEND_MESSAGE", "[SL:RECIPIENT", "[IN:GET_CONTACT", "[SL:CONTACT_RELATED", "@ptr5", "SL:CONTACT_RELATED]", "[SL:TYPE_RELATION", "@ptr6", "@ptr7", "@ptr8", "SL:TYPE_RELATION]", "IN:GET_CONTACT]", "SL:RECIPIENT]", "IN:SEND_MESSAGE]"], "predicted_tokens": ["[IN:SEND_MESSAGE", "[SL:RECIPIENT", "[IN:GET_CONTACT", "[SL:CONTACT_RELATED", "@ptr5", "SL:CONTACT_RELATED]", "[SL:TYPE_RELATION", "@ptr7", "@ptr8", "SL:TYPE_RELATION]", "IN:GET_CONTACT]", "SL:RECIPIENT]", "IN:SEND_MESSAGE]"]}
{"loss": 1.4255492687225342, "class_log_probabilities": [-3.1634716987609863, -3.2842206954956055, -4.952476501464844, -5.297033309936523], "predictions": [5, 8, 398, 9, 10, 70, 93, 400, 94, 71, 401, 72, 6, 402, 7, 73, 60, 12, 4], "target_tokens": ["[IN:GET_MESSAGE", "[SL:TYPE_CONTENT", "@ptr3", "SL:TYPE_CONTENT]", "[SL:SENDER", "[IN:GET_CONTACT", "[SL:TYPE_RELATION", "@ptr6", "SL:TYPE_RELATION]", "[SL:CONTACT", "@ptr7", "SL:CONTACT]", "IN:GET_CONTACT]", "SL:SENDER]", "IN:GET_MESSAGE]"], "predicted_tokens": ["[IN:GET_MESSAGE", "[SL:TYPE_CONTENT", "@ptr3", "SL:TYPE_CONTENT]", "[SL:RECIPIENT", "[IN:GET_CONTACT", "[SL:CONTACT_RELATED", "@ptr5", "SL:CONTACT_RELATED]", "[SL:TYPE_RELATION", "@ptr6", "SL:TYPE_RELATION]", "[SL:CONTACT", "@ptr7", "SL:CONTACT]", "IN:GET_CONTACT]", "SL:SENDER]", "IN:GET_MESSAGE]"]}
{"loss": 1.1061772108078003, "class_log_probabilities": [-2.082979202270508, -2.3430001735687256, -3.4784631729125977, -3.963932752609253], "predictions": [5, 10, 70, 93, 399, 94, 71, 400, 72, 73, 60, 12, 4], "target_tokens": ["[IN:GET_MESSAGE", "[SL:RECIPIENT", "[IN:GET_CONTACT", "[SL:CONTACT_RELATED", "@ptr4", "SL:CONTACT_RELATED]", "[SL:TYPE_RELATION", "@ptr5", "SL:TYPE_RELATION]", "IN:GET_CONTACT]", "SL:RECIPIENT]", "IN:GET_MESSAGE]"], "predicted_tokens": ["[IN:GET_MESSAGE", "[SL:RECIPIENT", "[IN:GET_CONTACT", "[SL:CONTACT_RELATED", "@ptr4", "SL:CONTACT_RELATED]", "[SL:TYPE_RELATION", "@ptr5", "SL:TYPE_RELATION]", "IN:GET_CONTACT]", "SL:SENDER]", "IN:GET_MESSAGE]"]}
{"loss": 1.7907862663269043, "class_log_probabilities": [-3.105790376663208, -3.9944567680358887, -4.917789459228516, -5.5780181884765625], "predictions": [5, 59, 70, 71, 402, 404, 72, 6, 406, 7, 73, 60, 12, 4, 4, 4], "target_tokens": ["[IN:GET_MESSAGE", "[SL:SENDER", "[IN:GET_CONTACT", "[SL:CONTACT_RELATED", "@ptr7", "SL:CONTACT_RELATED]", "[SL:TYPE_RELATION", "@ptr8", "@ptr9", "@ptr10", "SL:TYPE_RELATION]", "[SL:CONTACT", "@ptr11", "SL:CONTACT]", "IN:GET_CONTACT]", "SL:SENDER]", "IN:GET_MESSAGE]"], "predicted_tokens": ["[IN:GET_MESSAGE", "[SL:SENDER", "[IN:GET_CONTACT", "[SL:TYPE_RELATION", "@ptr7", "@ptr9", "SL:TYPE_RELATION]", "[SL:CONTACT", "@ptr11", "SL:CONTACT]", "IN:GET_CONTACT]", "SL:SENDER]", "IN:GET_MESSAGE]"]}
{"loss": 1.4244816303253174, "class_log_probabilities": [-3.5808205604553223, -4.814741134643555, -5.365468978881836, -8.53584098815918], "predictions": [5, 8, 398, 9, 10, 70, 93, 400, 94, 71, 402, 72, 73, 11, 12, 4, 4, 4, 4, 4, 4, 4, 4, 4], "target_tokens": ["[IN:GET_MESSAGE", "[SL:TYPE_CONTENT", "@ptr3", "SL:TYPE_CONTENT]", "[SL:SENDER", "[IN:GET_CONTACT", "[SL:CONTACT_RELATED", "@ptr5", "SL:CONTACT_RELATED]", "[SL:TYPE_RELATION", "@ptr6", "SL:TYPE_RELATION]", "[SL:CONTACT", "@ptr7", "SL:CONTACT]", "IN:GET_CONTACT]", "SL:SENDER]", "IN:GET_MESSAGE]"], "predicted_tokens": ["[IN:GET_MESSAGE", "[SL:TYPE_CONTENT", "@ptr3", "SL:TYPE_CONTENT]", "[SL:RECIPIENT", "[IN:GET_CONTACT", "[SL:CONTACT_RELATED", "@ptr5", "SL:CONTACT_RELATED]", "[SL:TYPE_RELATION", "@ptr7", "SL:TYPE_RELATION]", "IN:GET_CONTACT]", "SL:RECIPIENT]", "IN:GET_MESSAGE]"]}
{"loss": 1.846078634262085, "class_log_probabilities": [-3.980304718017578, -4.868385314941406, -5.572876453399658, -5.689881324768066], "predictions": [5, 8, 398, 9, 10, 70, 93, 400, 94, 71, 402, 72, 73, 11, 12, 4, 4, 4, 4], "target_tokens": ["[IN:GET_MESSAGE", "[SL:TYPE_CONTENT", "@ptr3", "SL:TYPE_CONTENT]", "[SL:SENDER", "[IN:GET_CONTACT", "[SL:TYPE_RELATION", "@ptr6", "SL:TYPE_RELATION]", "[SL:CONTACT", "@ptr7", "SL:CONTACT]", "IN:GET_CONTACT]", "SL:SENDER]", "IN:GET_MESSAGE]"], "predicted_tokens": ["[IN:GET_MESSAGE", "[SL:TYPE_CONTENT", "@ptr3", "SL:TYPE_CONTENT]", "[SL:RECIPIENT", "[IN:GET_CONTACT", "[SL:CONTACT_RELATED", "@ptr5", "SL:CONTACT_RELATED]", "[SL:TYPE_RELATION", "@ptr7", "SL:TYPE_RELATION]", "IN:GET_CONTACT]", "SL:RECIPIENT]", "IN:GET_MESSAGE]"]}
{"loss": 1.4275023937225342, "class_log_probabilities": [-2.5694220066070557, -2.724050998687744, -2.775265693664551, -3.670917272567749], "predictions": [5, 10, 70, 93, 400, 94, 71, 401, 72, 6, 402, 7, 73, 60, 12, 4], "target_tokens": ["[IN:GET_MESSAGE", "[SL:SENDER", "[IN:GET_CONTACT", "[SL:TYPE_RELATION", "@ptr6", "SL:TYPE_RELATION]", "[SL:CONTACT", "@ptr7", "SL:CONTACT]", "IN:GET_CONTACT]", "SL:SENDER]", "IN:GET_MESSAGE]"], "predicted_tokens": ["[IN:GET_MESSAGE", "[SL:RECIPIENT", "[IN:GET_CONTACT", "[SL:CONTACT_RELATED", "@ptr5", "SL:CONTACT_RELATED]", "[SL:TYPE_RELATION", "@ptr6", "SL:TYPE_RELATION]", "[SL:CONTACT", "@ptr7", "SL:CONTACT]", "IN:GET_CONTACT]", "SL:SENDER]", "IN:GET_MESSAGE]"]}
{"loss": 1.704414963722229, "class_log_probabilities": [-2.3279547691345215, -2.5216031074523926, -4.125579833984375, -6.83065938949585], "predictions": [5, 10, 70, 93, 395, 94, 71, 401, 72, 6, 402, 7, 73, 11, 12, 4, 4, 4], "target_tokens": ["[IN:GET_MESSAGE", "[SL:SENDER", "[IN:GET_CONTACT", "[SL:TYPE_RELATION", "@ptr6", "SL:TYPE_RELATION]", "[SL:CONTACT", "@ptr7", "SL:CONTACT]", "IN:GET_CONTACT]", "SL:SENDER]", "IN:GET_MESSAGE]"], "predicted_tokens": ["[IN:GET_MESSAGE", "[SL:RECIPIENT", "[IN:GET_CONTACT", "[SL:CONTACT_RELATED", "@ptr0", "SL:CONTACT_RELATED]", "[SL:TYPE_RELATION", "@ptr6", "SL:TYPE_RELATION]", "[SL:CONTACT", "@ptr7", "SL:CONTACT]", "IN:GET_CONTACT]", "SL:RECIPIENT]", "IN:GET_MESSAGE]"]}
{"loss": 1.0069831609725952, "class_log_probabilities": [-1.1500803232192993, -4.358654975891113, -4.957414627075195, -5.325632095336914], "predictions": [5, 8, 400, 9, 10, 70, 93, 402, 94, 71, 403, 72, 73, 11, 12, 4, 4, 4], "target_tokens": ["[IN:GET_MESSAGE", "[SL:TYPE_CONTENT", "@ptr5", "SL:TYPE_CONTENT]", "[SL:RECIPIENT", "[IN:GET_CONTACT", "[SL:CONTACT_RELATED", "@ptr7", "SL:CONTACT_RELATED]", "[SL:TYPE_RELATION", "@ptr8", "SL:TYPE_RELATION]", "IN:GET_CONTACT]", "SL:RECIPIENT]", "IN:GET_MESSAGE]"], "predicted_tokens": ["[IN:GET_MESSAGE", "[SL:TYPE_CONTENT", "@ptr5", "SL:TYPE_CONTENT]", "[SL:RECIPIENT", "[IN:GET_CONTACT", "[SL:CONTACT_RELATED", "@ptr7", "SL:CONTACT_RELATED]", "[SL:TYPE_RELATION", "@ptr8", "SL:TYPE_RELATION]", "IN:GET_CONTACT]", "SL:RECIPIENT]", "IN:GET_MESSAGE]"]}
{"loss": 1.125357985496521, "class_log_probabilities": [-2.9195709228515625, -2.9236881732940674, -4.042436599731445, -44.5235481262207], "predictions": [23, 10, 397, 11, 8, 400, 9, 76, 400, 9, 26, 4, 4, 4, 4, 4, 4, 4, 4, 4, 4, 4, 4, 4, 4, 4, 4, 4, 4, 4, 4, 4, 4, 4, 4, 4, 4, 4, 4, 4, 4, 4, 4, 4, 4, 4, 4, 4, 4, 4, 4, 4, 4, 4, 4, 4, 4, 4, 4, 4, 4, 4, 4, 4, 4, 4, 4, 4, 4, 4, 4, 4, 4, 4, 4, 4, 4, 4, 4, 4, 4, 4, 4, 4, 4, 4, 4, 4, 4, 4, 4, 4, 4, 4, 4, 4, 4, 4, 4, 4], "target_tokens": ["[IN:SEND_MESSAGE", "[SL:RECIPIENT", "@ptr2", "SL:RECIPIENT]", "[SL:TYPE_CONTENT", "@ptr5", "SL:TYPE_CONTENT]", "[SL:NAME_APP", "@ptr7", "SL:NAME_APP]", "IN:SEND_MESSAGE]"], "predicted_tokens": ["[IN:SEND_MESSAGE", "[SL:RECIPIENT", "@ptr2", "SL:RECIPIENT]", "[SL:TYPE_CONTENT", "@ptr5", "SL:TYPE_CONTENT]", "[SL:NAME_APP", "@ptr5", "SL:TYPE_CONTENT]", "IN:SEND_MESSAGE]"]}
{"loss": 1.7711892127990723, "class_log_probabilities": [-0.6679336428642273, -5.100915431976318, -5.454522609710693, -6.060966491699219], "predictions": [23, 10, 399, 11, 76, 402, 77, 26, 4, 4, 4, 4], "target_tokens": ["[IN:SEND_MESSAGE", "[SL:CONTACT", "@ptr4", "SL:CONTACT]", "[SL:NAME_APP", "@ptr7", "SL:NAME_APP]", "IN:SEND_MESSAGE]"], "predicted_tokens": ["[IN:SEND_MESSAGE", "[SL:RECIPIENT", "@ptr4", "SL:RECIPIENT]", "[SL:NAME_APP", "@ptr7", "SL:NAME_APP]", "IN:SEND_MESSAGE]"]}
{"loss": 0.9982821345329285, "class_log_probabilities": [-0.6995550990104675, -2.5996217727661133, -6.343262672424316, -6.491048812866211], "predictions": [23, 10, 399, 11, 76, 401, 77, 26, 4], "target_tokens": ["[IN:SEND_MESSAGE", "[SL:RECIPIENT", "@ptr4", "SL:RECIPIENT]", "[SL:NAME_APP", "@ptr6", "SL:NAME_APP]", "IN:SEND_MESSAGE]"], "predicted_tokens": ["[IN:SEND_MESSAGE", "[SL:RECIPIENT", "@ptr4", "SL:RECIPIENT]", "[SL:NAME_APP", "@ptr6", "SL:NAME_APP]", "IN:SEND_MESSAGE]"]}
{"loss": 1.0122387409210205, "class_log_probabilities": [-0.7329003810882568, -5.404967308044434, -6.141410827636719, -6.946016311645508], "predictions": [23, 76, 399, 77, 26, 4], "target_tokens": ["[IN:SEND_MESSAGE", "[SL:NAME_APP", "@ptr4", "SL:NAME_APP]", "IN:SEND_MESSAGE]"], "predicted_tokens": ["[IN:SEND_MESSAGE", "[SL:NAME_APP", "@ptr4", "SL:NAME_APP]", "IN:SEND_MESSAGE]"]}
{"loss": 1.0404542684555054, "class_log_probabilities": [-0.870837926864624, -3.131669282913208, -4.566017150878906, -5.4393181800842285], "predictions": [5, 76, 399, 77, 12, 4, 4, 4, 4], "target_tokens": ["[IN:GET_MESSAGE", "[SL:NAME_APP", "@ptr4", "SL:NAME_APP]", "IN:GET_MESSAGE]"], "predicted_tokens": ["[IN:GET_MESSAGE", "[SL:NAME_APP", "@ptr4", "SL:NAME_APP]", "IN:GET_MESSAGE]"]}
{"loss": 1.3506561517715454, "class_log_probabilities": [-2.7162368297576904, -3.2428362369537354, -4.5497965812683105, -5.902877330780029], "predictions": [23, 76, 405, 77, 26, 4, 4, 4, 4], "target_tokens": ["[IN:SEND_MESSAGE", "[SL:NAME_APP", "@ptr9", "SL:NAME_APP]", "IN:SEND_MESSAGE]"], "predicted_tokens": ["[IN:SEND_MESSAGE", "[SL:NAME_APP", "@ptr10", "SL:NAME_APP]", "IN:SEND_MESSAGE]"]}
{"loss": 1.4475659132003784, "class_log_probabilities": [-1.6211210489273071, -2.5755624771118164, -3.4172627925872803, -3.99275803565979], "predictions": [23, 8, 399, 9, 76, 401, 77, 26, 4], "target_tokens": ["[IN:SEND_MESSAGE", "[SL:TYPE_CONTENT", "@ptr3", "SL:TYPE_CONTENT]", "[SL:NAME_APP", "@ptr5", "SL:NAME_APP]", "IN:SEND_MESSAGE]"], "predicted_tokens": ["[IN:SEND_MESSAGE", "[SL:TYPE_CONTENT", "@ptr4", "SL:TYPE_CONTENT]", "[SL:NAME_APP", "@ptr6", "SL:NAME_APP]", "IN:SEND_MESSAGE]"]}
{"loss": 1.1804006099700928, "class_log_probabilities": [-1.0235282182693481, -2.952644109725952, -4.495706558227539, -4.858813762664795], "predictions": [23, 10, 401, 11, 76, 404, 77, 26, 4, 4], "target_tokens": ["[IN:SEND_MESSAGE", "[SL:RECIPIENT", "@ptr6", "SL:RECIPIENT]", "[SL:NAME_APP", "@ptr8", "SL:NAME_APP]", "IN:SEND_MESSAGE]"], "predicted_tokens": ["[IN:SEND_MESSAGE", "[SL:RECIPIENT", "@ptr6", "SL:RECIPIENT]", "[SL:NAME_APP", "@ptr9", "SL:NAME_APP]", "IN:SEND_MESSAGE]"]}
{"loss": 1.228649616241455, "class_log_probabilities": [-1.643346905708313, -2.004343032836914, -3.4364562034606934, -3.4632527828216553], "predictions": [23, 10, 401, 11, 76, 403, 77, 26, 4], "target_tokens": ["[IN:SEND_MESSAGE", "[SL:RECIPIENT", "@ptr5", "SL:RECIPIENT]", "[SL:NAME_APP", "@ptr7", "SL:NAME_APP]", "IN:SEND_MESSAGE]"], "predicted_tokens": ["[IN:SEND_MESSAGE", "[SL:RECIPIENT", "@ptr6", "SL:RECIPIENT]", "[SL:NAME_APP", "@ptr8", "SL:NAME_APP]", "IN:SEND_MESSAGE]"]}
{"loss": 1.8070365190505981, "class_log_probabilities": [-0.9016212224960327, -6.405386924743652, -8.375299453735352, -8.501899719238281], "predictions": [5, 12, 4, 4, 4, 4, 4, 4, 4], "target_tokens": ["[IN:GET_MESSAGE", "[SL:NAME_APP", "@ptr5", "SL:NAME_APP]", "IN:GET_MESSAGE]"], "predicted_tokens": ["[IN:GET_MESSAGE", "IN:GET_MESSAGE]"]}
{"loss": 3.0047080516815186, "class_log_probabilities": [-1.353348970413208, -4.004153251647949, -4.255005359649658, -4.369922637939453], "predictions": [63, 64, 400, 65, 68, 4, 4], "target_tokens": ["[IN:GET_STORIES_NEWS", "[SL:NEWS_SOURCE", "@ptr5", "@ptr6", "SL:NEWS_SOURCE]", "[SL:NEWS_TYPE", "@ptr1", "@ptr2", "SL:NEWS_TYPE]", "IN:GET_STORIES_NEWS]"], "predicted_tokens": ["[IN:PLAY_MUSIC", "[SL:MUSIC_TYPE", "@ptr5", "SL:MUSIC_TYPE]", "IN:PLAY_MUSIC]"]}
{"loss": 4.194206237792969, "class_log_probabilities": [-2.9583258628845215, -3.8302063941955566, -4.098509788513184, -6.3883957862854], "predictions": [63, 68, 4, 4, 4, 4], "target_tokens": ["[IN:GET_STORIES_NEWS", "[SL:NEWS_SOURCE", "@ptr3", "@ptr4", "@ptr5", "SL:NEWS_SOURCE]", "[SL:NEWS_TYPE", "@ptr1", "@ptr2", "SL:NEWS_TYPE]", "IN:GET_STORIES_NEWS]"], "predicted_tokens": ["[IN:PLAY_MUSIC", "IN:PLAY_MUSIC]"]}
{"loss": 0.9556270241737366, "class_log_probabilities": [-0.4658028483390808, -6.754551887512207, -7.503294944763184, -8.143208503723145], "predictions": [75, 6, 396, 397, 7, 78, 4, 4, 4], "target_tokens": ["[IN:CREATE_CALL", "[SL:CONTACT", "@ptr1", "@ptr2", "SL:CONTACT]", "IN:CREATE_CALL]"], "predicted_tokens": ["[IN:CREATE_CALL", "[SL:CONTACT", "@ptr1", "@ptr2", "SL:CONTACT]", "IN:CREATE_CALL]"]}
{"loss": 0.9560406804084778, "class_log_probabilities": [-0.3861837387084961, -7.3803229331970215, -7.868519306182861, -7.908594608306885], "predictions": [75, 6, 396, 7, 78, 4, 4, 4], "target_tokens": ["[IN:CREATE_CALL", "[SL:CONTACT", "@ptr1", "SL:CONTACT]", "IN:CREATE_CALL]"], "predicted_tokens": ["[IN:CREATE_CALL", "[SL:CONTACT", "@ptr1", "SL:CONTACT]", "IN:CREATE_CALL]"]}
{"loss": 0.9562223553657532, "class_log_probabilities": [-0.38247400522232056, -7.777009010314941, -7.850770950317383, -9.208109855651855], "predictions": [75, 6, 396, 7, 78, 4, 4, 4], "target_tokens": ["[IN:CREATE_CALL", "[SL:CONTACT", "@ptr1", "SL:CONTACT]", "IN:CREATE_CALL]"], "predicted_tokens": ["[IN:CREATE_CALL", "[SL:CONTACT", "@ptr1", "SL:CONTACT]", "IN:CREATE_CALL]"]}
{"loss": 1.0117665529251099, "class_log_probabilities": [-1.4488271474838257, -3.0207910537719727, -4.961940288543701, -5.350074291229248], "predictions": [75, 231, 399, 400, 401, 402, 403, 232, 76, 405, 77, 78, 4, 4], "target_tokens": ["[IN:CREATE_CALL", "[SL:PHONE_NUMBER", "@ptr4", "@ptr5", "@ptr6", "@ptr7", "@ptr8", "SL:PHONE_NUMBER]", "[SL:NAME_APP", "@ptr10", "SL:NAME_APP]", "IN:CREATE_CALL]"], "predicted_tokens": ["[IN:CREATE_CALL", "[SL:PHONE_NUMBER", "@ptr4", "@ptr5", "@ptr6", "@ptr7", "@ptr8", "SL:PHONE_NUMBER]", "[SL:NAME_APP", "@ptr10", "SL:NAME_APP]", "IN:CREATE_CALL]"]}
{"loss": 1.5131386518478394, "class_log_probabilities": [-3.2472314834594727, -3.521272659301758, -3.8004724979400635, -25.296630859375], "predictions": [75, 231, 399, 400, 401, 402, 403, 404, 232, 78, 4, 4, 4, 4, 4, 4, 4, 4, 4, 4, 4, 4, 4, 4, 4, 4, 4, 4, 4, 4, 4, 4, 4, 4, 4, 4, 4, 4, 4, 4, 4, 4, 4, 4, 4, 4, 4, 4, 4, 4, 4, 4, 4, 4, 4, 4, 4, 4, 4, 4, 4, 4, 4, 4, 4, 4, 4, 4, 4, 4, 4, 4, 4, 4, 4, 4, 4, 4, 4, 4, 4, 4, 4, 4, 4, 4, 4, 4, 4, 4, 4, 4, 4, 4, 4, 4, 4, 4, 4, 4], "target_tokens": ["[IN:CREATE_CALL", "[SL:PHONE_NUMBER", "@ptr4", "@ptr5", "@ptr6", "@ptr7", "@ptr8", "SL:PHONE_NUMBER]", "IN:CREATE_CALL]"], "predicted_tokens": ["[IN:CREATE_CALL", "[SL:PHONE_NUMBER", "@ptr4", "@ptr5", "@ptr6", "@ptr7", "@ptr8", "@ptr9", "SL:PHONE_NUMBER]", "IN:CREATE_CALL]"]}
{"loss": 1.2123225927352905, "class_log_probabilities": [-0.6195243000984192, -2.1364479064941406, -7.185203552246094, -7.600325584411621], "predictions": [75, 6, 401, 7, 78, 4, 4, 4], "target_tokens": ["[IN:CREATE_CALL", "[SL:CONTACT", "@ptr5", "SL:CONTACT]", "IN:CREATE_CALL]"], "predicted_tokens": ["[IN:CREATE_CALL", "[SL:CONTACT", "@ptr6", "SL:CONTACT]", "IN:CREATE_CALL]"]}
{"loss": 1.811077356338501, "class_log_probabilities": [-6.205591678619385, -6.874054431915283, -8.087674140930176, -10.857285499572754], "predictions": [75, 6, 70, 93, 398, 94, 71, 400, 72, 6, 402, 7, 73, 7, 76, 407, 77, 78, 4, 4, 4, 4, 4, 4, 4], "target_tokens": ["[IN:CREATE_CALL", "[SL:CONTACT", "[IN:GET_CONTACT", "[SL:CONTACT_RELATED", "@ptr3", "SL:CONTACT_RELATED]", "[SL:TYPE_RELATION", "@ptr4", "SL:TYPE_RELATION]", "[SL:CONTACT", "@ptr5", "SL:CONTACT]", "[SL:CONTACT", "@ptr7", "SL:CONTACT]", "[SL:CONTACT", "@ptr9", "SL:CONTACT]", "[SL:CONTACT", "@ptr11", "SL:CONTACT]", "IN:GET_CONTACT]", "SL:CONTACT]", "[SL:NAME_APP", "@ptr13", "SL:NAME_APP]", "IN:CREATE_CALL]"], "predicted_tokens": ["[IN:CREATE_CALL", "[SL:CONTACT", "[IN:GET_CONTACT", "[SL:CONTACT_RELATED", "@ptr3", "SL:CONTACT_RELATED]", "[SL:TYPE_RELATION", "@ptr5", "SL:TYPE_RELATION]", "[SL:CONTACT", "@ptr7", "SL:CONTACT]", "IN:GET_CONTACT]", "SL:CONTACT]", "[SL:NAME_APP", "@ptr12", "SL:NAME_APP]", "IN:CREATE_CALL]"]}
{"loss": 1.8884342908859253, "class_log_probabilities": [-6.791665077209473, -7.531922340393066, -10.406188011169434, -10.912030220031738], "predictions": [75, 6, 70, 93, 398, 94, 71, 400, 72, 6, 402, 7, 73, 7, 76, 407, 77, 78, 4, 4, 4, 4, 4, 4, 4], "target_tokens": ["[IN:CREATE_CALL", "[SL:CONTACT", "[IN:GET_CONTACT", "[SL:CONTACT_RELATED", "@ptr3", "SL:CONTACT_RELATED]", "[SL:TYPE_RELATION", "@ptr4", "SL:TYPE_RELATION]", "[SL:CONTACT", "@ptr5", "SL:CONTACT]", "[SL:CONTACT", "@ptr7", "SL:CONTACT]", "[SL:CONTACT", "@ptr9", "SL:CONTACT]", "[SL:CONTACT", "@ptr11", "SL:CONTACT]", "IN:GET_CONTACT]", "SL:CONTACT]", "[SL:NAME_APP", "@ptr13", "SL:NAME_APP]", "IN:CREATE_CALL]"], "predicted_tokens": ["[IN:CREATE_CALL", "[SL:CONTACT", "[IN:GET_CONTACT", "[SL:CONTACT_RELATED", "@ptr3", "SL:CONTACT_RELATED]", "[SL:TYPE_RELATION", "@ptr5", "SL:TYPE_RELATION]", "[SL:CONTACT", "@ptr7", "SL:CONTACT]", "IN:GET_CONTACT]", "SL:CONTACT]", "[SL:NAME_APP", "@ptr12", "SL:NAME_APP]", "IN:CREATE_CALL]"]}
{"loss": 4.06661319732666, "class_log_probabilities": [-1.32858407497406, -1.8648912906646729, -3.6826517581939697, -4.164875507354736], "predictions": [23, 8, 398, 9, 10, 401, 11, 26, 4, 4, 4, 4], "target_tokens": ["[IN:CREATE_CALL", "[SL:CONTACT", "@ptr5", "SL:CONTACT]", "[SL:CONTACT", "@ptr7", "SL:CONTACT]", "IN:CREATE_CALL]"], "predicted_tokens": ["[IN:SEND_MESSAGE", "[SL:TYPE_CONTENT", "@ptr3", "SL:TYPE_CONTENT]", "[SL:RECIPIENT", "@ptr6", "SL:RECIPIENT]", "IN:SEND_MESSAGE]"]}
{"loss": 2.276857614517212, "class_log_probabilities": [-5.036829948425293, -5.41834831237793, -5.929139137268066, -9.857553482055664], "predictions": [63, 66, 395, 396, 397, 67, 66, 399, 400, 401, 67, 66, 403, 67, 68, 4, 4, 4, 4, 4, 4, 4, 4, 4, 4, 4, 4, 4, 4, 4, 4], "target_tokens": ["[IN:CREATE_CALL", "[SL:CONTACT", "@ptr1", "@ptr2", "SL:CONTACT]", "[SL:CONTACT", "@ptr4", "@ptr5", "SL:CONTACT]", "[SL:CONTACT", "@ptr7", "@ptr8", "SL:CONTACT]", "IN:CREATE_CALL]"], "predicted_tokens": ["[IN:PLAY_MUSIC", "[SL:MUSIC_ARTIST_NAME", "@ptr0", "@ptr1", "@ptr2", "SL:MUSIC_ARTIST_NAME]", "[SL:MUSIC_ARTIST_NAME", "@ptr4", "@ptr5", "@ptr6", "SL:MUSIC_ARTIST_NAME]", "[SL:MUSIC_ARTIST_NAME", "@ptr8", "SL:MUSIC_ARTIST_NAME]", "IN:PLAY_MUSIC]"]}
{"loss": 2.052583694458008, "class_log_probabilities": [-2.2569494247436523, -3.034566640853882, -4.279331207275391, -4.756602764129639], "predictions": [63, 66, 395, 396, 397, 67, 66, 399, 400, 401, 67, 68, 4], "target_tokens": ["[IN:CREATE_CALL", "[SL:CONTACT", "@ptr1", "@ptr2", "SL:CONTACT]", "[SL:CONTACT", "@ptr4", "@ptr5", "SL:CONTACT]", "IN:CREATE_CALL]"], "predicted_tokens": ["[IN:PLAY_MUSIC", "[SL:MUSIC_ARTIST_NAME", "@ptr0", "@ptr1", "@ptr2", "SL:MUSIC_ARTIST_NAME]", "[SL:MUSIC_ARTIST_NAME", "@ptr4", "@ptr5", "@ptr6", "SL:MUSIC_ARTIST_NAME]", "IN:PLAY_MUSIC]"]}
{"loss": 2.55420184135437, "class_log_probabilities": [-6.714040279388428, -8.69615650177002, -9.935598373413086, -63.333900451660156], "predictions": [75, 6, 70, 93, 396, 397, 398, 399, 94, 6, 401, 402, 7, 71, 405, 72, 73, 7, 78, 4, 4, 4, 4, 4, 4, 4, 4, 4, 4, 4, 4, 4, 4, 4, 4, 4, 4, 4, 4, 4, 4, 4, 4, 4, 4, 4, 4, 4, 4, 4, 4, 4, 4, 4, 4, 4, 4, 4, 4, 4, 4, 4, 4, 4, 4, 4, 4, 4, 4, 4, 4, 4, 4, 4, 4, 4, 4, 4, 4, 4, 4, 4, 4, 4, 4, 4, 4, 4, 4, 4, 4, 4, 4, 4, 4, 4, 4, 4, 4, 4], "target_tokens": ["[IN:CREATE_CALL", "[SL:CONTACT", "[IN:GET_CONTACT", "[SL:CONTACT_RELATED", "@ptr1", "SL:CONTACT_RELATED]", "[SL:TYPE_RELATION", "@ptr2", "@ptr3", "@ptr4", "SL:TYPE_RELATION]", "[SL:CONTACT", "@ptr5", "@ptr6", "SL:CONTACT]", "IN:GET_CONTACT]", "SL:CONTACT]", "[SL:CONTACT", "[IN:GET_CONTACT", "[SL:CONTACT_RELATED", "@ptr8", "SL:CONTACT_RELATED]", "[SL:TYPE_RELATION", "@ptr9", "@ptr10", "@ptr11", "SL:TYPE_RELATION]", "[SL:CONTACT", "@ptr12", "@ptr13", "SL:CONTACT]", "IN:GET_CONTACT]", "SL:CONTACT]", "IN:CREATE_CALL]"], "predicted_tokens": ["[IN:CREATE_CALL", "[SL:CONTACT", "[IN:GET_CONTACT", "[SL:CONTACT_RELATED", "@ptr1", "@ptr2", "@ptr3", "@ptr4", "SL:CONTACT_RELATED]", "[SL:CONTACT", "@ptr6", "@ptr7", "SL:CONTACT]", "[SL:TYPE_RELATION", "@ptr10", "SL:TYPE_RELATION]", "IN:GET_CONTACT]", "SL:CONTACT]", "IN:CREATE_CALL]"]}
{"loss": 1.0910624265670776, "class_log_probabilities": [-2.519146203994751, -4.805851459503174, -5.056312084197998, -5.497169017791748], "predictions": [75, 6, 398, 7, 6, 400, 7, 78, 4, 4, 4, 4], "target_tokens": ["[IN:CREATE_CALL", "[SL:CONTACT", "@ptr3", "SL:CONTACT]", "[SL:CONTACT", "@ptr5", "SL:CONTACT]", "IN:CREATE_CALL]"], "predicted_tokens": ["[IN:CREATE_CALL", "[SL:CONTACT", "@ptr3", "SL:CONTACT]", "[SL:CONTACT", "@ptr5", "SL:CONTACT]", "IN:CREATE_CALL]"]}
{"loss": 2.3566982746124268, "class_log_probabilities": [-1.183165431022644, -2.0995407104492188, -5.368392467498779, -6.861608028411865], "predictions": [75, 6, 400, 7, 6, 402, 7, 78, 4, 4, 4, 4], "target_tokens": ["[IN:CREATE_CALL", "[SL:CONTACT", "@ptr4", "SL:CONTACT]", "[SL:CONTACT", "@ptr6", "SL:CONTACT]", "IN:CREATE_CALL]"], "predicted_tokens": ["[IN:CREATE_CALL", "[SL:CONTACT", "@ptr5", "SL:CONTACT]", "[SL:CONTACT", "@ptr7", "SL:CONTACT]", "IN:CREATE_CALL]"]}
{"loss": 1.7477149963378906, "class_log_probabilities": [-1.1063648462295532, -2.828881025314331, -4.582728862762451, -4.661380290985107], "predictions": [75, 269, 402, 403, 404, 405, 270, 76, 407, 77, 78, 4, 4], "target_tokens": ["[IN:CREATE_CALL", "[SL:GROUP", "@ptr8", "@ptr9", "@ptr10", "SL:GROUP]", "[SL:NAME_APP", "@ptr12", "SL:NAME_APP]", "IN:CREATE_CALL]"], "predicted_tokens": ["[IN:CREATE_CALL", "[SL:GROUP", "@ptr7", "@ptr8", "@ptr9", "@ptr10", "SL:GROUP]", "[SL:NAME_APP", "@ptr12", "SL:NAME_APP]", "IN:CREATE_CALL]"]}
{"loss": 2.109809637069702, "class_log_probabilities": [-0.35140591859817505, -7.280920505523682, -7.4869561195373535, -7.576505661010742], "predictions": [75, 6, 397, 7, 78, 4, 4, 4], "target_tokens": ["[IN:CREATE_CALL", "[SL:GROUP", "@ptr2", "SL:GROUP]", "IN:CREATE_CALL]"], "predicted_tokens": ["[IN:CREATE_CALL", "[SL:CONTACT", "@ptr2", "SL:CONTACT]", "IN:CREATE_CALL]"]}
{"loss": 2.040395975112915, "class_log_probabilities": [-2.6705472469329834, -3.023986339569092, -4.408476829528809, -5.339668273925781], "predictions": [75, 6, 395, 7, 269, 398, 270, 76, 400, 77, 78, 4], "target_tokens": ["[IN:CREATE_CALL", "[SL:GROUP", "@ptr3", "SL:GROUP]", "[SL:NAME_APP", "@ptr5", "SL:NAME_APP]", "IN:CREATE_CALL]"], "predicted_tokens": ["[IN:CREATE_CALL", "[SL:CONTACT", "@ptr0", "SL:CONTACT]", "[SL:GROUP", "@ptr3", "SL:GROUP]", "[SL:NAME_APP", "@ptr5", "SL:NAME_APP]", "IN:CREATE_CALL]"]}
{"loss": 2.7677001953125, "class_log_probabilities": [-0.6539034843444824, -4.479601860046387, -4.667107582092285, -5.058195114135742], "predictions": [75, 269, 400, 401, 270, 76, 403, 77, 78, 4], "target_tokens": ["[IN:CREATE_CALL", "[SL:GROUP", "@ptr3", "@ptr4", "@ptr5", "@ptr6", "SL:GROUP]", "[SL:NAME_APP", "@ptr8", "SL:NAME_APP]", "IN:CREATE_CALL]"], "predicted_tokens": ["[IN:CREATE_CALL", "[SL:GROUP", "@ptr5", "@ptr6", "SL:GROUP]", "[SL:NAME_APP", "@ptr8", "SL:NAME_APP]", "IN:CREATE_CALL]"]}
{"loss": 3.4441730976104736, "class_log_probabilities": [-0.6998677849769592, -4.006645679473877, -4.0651116371154785, -4.431946754455566], "predictions": [75, 6, 400, 7, 6, 402, 7, 78, 4, 4], "target_tokens": ["[IN:CREATE_CALL", "[SL:GROUP", "@ptr5", "@ptr6", "@ptr7", "SL:GROUP]", "IN:CREATE_CALL]"], "predicted_tokens": ["[IN:CREATE_CALL", "[SL:CONTACT", "@ptr5", "SL:CONTACT]", "[SL:CONTACT", "@ptr7", "SL:CONTACT]", "IN:CREATE_CALL]"]}
{"loss": 1.0248318910598755, "class_log_probabilities": [-1.1290051937103271, -3.965998888015747, -3.9887325763702393, -4.575150966644287], "predictions": [75, 269, 403, 270, 78, 4], "target_tokens": ["[IN:CREATE_CALL", "[SL:GROUP", "@ptr8", "SL:GROUP]", "IN:CREATE_CALL]"], "predicted_tokens": ["[IN:CREATE_CALL", "[SL:GROUP", "@ptr8", "SL:GROUP]", "IN:CREATE_CALL]"]}
{"loss": 1.5186779499053955, "class_log_probabilities": [-3.9545047283172607, -5.335527420043945, -6.545852184295654, -8.409342765808105], "predictions": [75, 6, 70, 71, 397, 72, 73, 7, 78, 4, 4, 4, 4, 4, 4, 4, 4, 4, 4], "target_tokens": ["[IN:CREATE_CALL", "[SL:GROUP", "@ptr2", "@ptr3", "@ptr4", "@ptr5", "@ptr6", "@ptr7", "SL:GROUP]", "IN:CREATE_CALL]"], "predicted_tokens": ["[IN:CREATE_CALL", "[SL:CONTACT", "[IN:GET_CONTACT", "[SL:TYPE_RELATION", "@ptr2", "SL:TYPE_RELATION]", "IN:GET_CONTACT]", "SL:CONTACT]", "IN:CREATE_CALL]"]}
{"loss": 1.0055378675460815, "class_log_probabilities": [-0.4684150815010071, -5.1201276779174805, -5.494851589202881, -5.828302383422852], "predictions": [155, 156, 398, 399, 400, 157, 158, 4, 4], "target_tokens": ["[IN:SET_RSVP_YES", "[SL:TITLE_EVENT", "@ptr3", "@ptr4", "@ptr5", "SL:TITLE_EVENT]", "IN:SET_RSVP_YES]"], "predicted_tokens": ["[IN:SET_RSVP_YES", "[SL:TITLE_EVENT", "@ptr3", "@ptr4", "@ptr5", "SL:TITLE_EVENT]", "IN:SET_RSVP_YES]"]}
{"loss": 1.0910288095474243, "class_log_probabilities": [-1.916892647743225, -3.6728694438934326, -5.011915683746338, -5.590385437011719], "predictions": [247, 156, 399, 400, 401, 402, 403, 157, 248, 4, 4], "target_tokens": ["[IN:SET_RSVP_INTERESTED", "[SL:TITLE_EVENT", "@ptr4", "@ptr5", "@ptr6", "@ptr7", "@ptr8", "SL:TITLE_EVENT]", "IN:SET_RSVP_INTERESTED]"], "predicted_tokens": ["[IN:SET_RSVP_INTERESTED", "[SL:TITLE_EVENT", "@ptr4", "@ptr5", "@ptr6", "@ptr7", "@ptr8", "SL:TITLE_EVENT]", "IN:SET_RSVP_INTERESTED]"]}
{"loss": 1.0340253114700317, "class_log_probabilities": [-0.9818546772003174, -3.6905572414398193, -4.606430530548096, -5.549569606781006], "predictions": [155, 20, 401, 21, 158, 4, 4], "target_tokens": ["[IN:SET_RSVP_YES", "[SL:ORDINAL", "@ptr6", "SL:ORDINAL]", "IN:SET_RSVP_YES]"], "predicted_tokens": ["[IN:SET_RSVP_YES", "[SL:ORDINAL", "@ptr6", "SL:ORDINAL]", "IN:SET_RSVP_YES]"]}
{"loss": 1.7684818506240845, "class_log_probabilities": [-18.110748291015625, -22.33150291442871, -24.0405216217041, -24.3067569732666], "predictions": [155, 156, 401, 402, 403, 404, 405, 406, 407, 407, 407, 407, 407, 407, 407, 407, 407, 407, 407, 407, 407, 407, 407, 407, 407, 407, 407, 407, 407, 407, 407, 407, 407, 407, 407, 407, 407, 407, 407, 407, 407, 407, 407, 407, 407, 407, 407, 407, 407, 407, 407, 407, 407, 407, 407, 407, 407, 407, 407, 407, 407, 407, 407, 407, 407, 407, 408, 157, 158, 4, 4, 4, 4, 4, 4, 4, 4, 4, 4, 4, 4, 4, 4, 4, 4, 4, 4, 4, 4, 4, 4, 4, 4, 4, 4, 4, 4, 4, 4, 4], "target_tokens": ["[IN:SET_RSVP_YES", "[SL:TITLE_EVENT", "@ptr7", "@ptr8", "@ptr9", "@ptr10", "@ptr11", "@ptr12", "@ptr13", "SL:TITLE_EVENT]", "IN:SET_RSVP_YES]"], "predicted_tokens": ["[IN:SET_RSVP_YES", "[SL:TITLE_EVENT", "@ptr6", "@ptr7", "@ptr8", "@ptr9", "@ptr10", "@ptr11", "@ptr12", "@ptr12", "@ptr12", "@ptr12", "@ptr12", "@ptr12", "@ptr12", "@ptr12", "@ptr12", "@ptr12", "@ptr12", "@ptr12", "@ptr12", "@ptr12", "@ptr12", "@ptr12", "@ptr12", "@ptr12", "@ptr12", "@ptr12", "@ptr12", "@ptr12", "@ptr12", "@ptr12", "@ptr12", "@ptr12", "@ptr12", "@ptr12", "@ptr12", "@ptr12", "@ptr12", "@ptr12", "@ptr12", "@ptr12", "@ptr12", "@ptr12", "@ptr12", "@ptr12", "@ptr12", "@ptr12", "@ptr12", "@ptr12", "@ptr12", "@ptr12", "@ptr12", "@ptr12", "@ptr12", "@ptr12", "@ptr12", "@ptr12", "@ptr12", "@ptr12", "@ptr12", "@ptr12", "@ptr12", "@ptr12", "@ptr12", "@ptr12", "@ptr13", "SL:TITLE_EVENT]", "IN:SET_RSVP_YES]"]}
{"loss": 1.5882489681243896, "class_log_probabilities": [-3.0701746940612793, -3.119682788848877, -3.1802122592926025, -4.488128185272217], "predictions": [321, 156, 402, 403, 404, 405, 406, 407, 157, 322, 4, 4, 4], "target_tokens": ["[IN:SET_RSVP_NO", "[SL:TITLE_EVENT", "@ptr8", "@ptr9", "@ptr10", "@ptr11", "@ptr12", "SL:TITLE_EVENT]", "IN:SET_RSVP_NO]"], "predicted_tokens": ["[IN:SET_RSVP_NO", "[SL:TITLE_EVENT", "@ptr7", "@ptr8", "@ptr9", "@ptr10", "@ptr11", "@ptr12", "SL:TITLE_EVENT]", "IN:SET_RSVP_NO]"]}
{"loss": 2.1231796741485596, "class_log_probabilities": [-5.007214546203613, -59.64237594604492, -60.06034469604492, -60.232749938964844], "predictions": [265, 156, 401, 402, 403, 404, 405, 406, 407, 408, 410, 411, 157, 266, 4, 4, 4, 4, 4, 4, 4, 4, 4, 4, 4, 4, 4, 4, 4, 4, 4, 4, 4, 4, 4, 4, 4, 4, 4, 4, 4, 4, 4, 4, 4, 4, 4, 4, 4, 4, 4, 4, 4, 4, 4, 4, 4, 4, 4, 4, 4, 4, 4, 4, 4, 4, 4, 4, 4, 4, 4, 4, 4, 4, 4, 4, 4, 4, 4, 4, 4, 4, 4, 4, 4, 4, 4, 4, 4, 4, 4, 4, 4, 4, 4, 4, 4, 4, 4, 4], "target_tokens": ["[IN:SET_RSVP_INTERESTED", "[SL:TITLE_EVENT", "@ptr7", "@ptr8", "@ptr9", "@ptr10", "@ptr11", "@ptr12", "@ptr13", "@ptr14", "@ptr15", "@ptr16", "SL:TITLE_EVENT]", "IN:SET_RSVP_INTERESTED]"], "predicted_tokens": ["[IN:GET_ATTENDEE_EVENT", "[SL:TITLE_EVENT", "@ptr6", "@ptr7", "@ptr8", "@ptr9", "@ptr10", "@ptr11", "@ptr12", "@ptr13", "@ptr15", "@ptr16", "SL:TITLE_EVENT]", "IN:GET_ATTENDEE_EVENT]"]}
{"loss": 0.9940989017486572, "class_log_probabilities": [-0.42582499980926514, -5.502022743225098, -6.08612585067749, -6.564609527587891], "predictions": [321, 156, 399, 400, 401, 402, 157, 322, 4], "target_tokens": ["[IN:SET_RSVP_NO", "[SL:TITLE_EVENT", "@ptr4", "@ptr5", "@ptr6", "@ptr7", "SL:TITLE_EVENT]", "IN:SET_RSVP_NO]"], "predicted_tokens": ["[IN:SET_RSVP_NO", "[SL:TITLE_EVENT", "@ptr4", "@ptr5", "@ptr6", "@ptr7", "SL:TITLE_EVENT]", "IN:SET_RSVP_NO]"]}
{"loss": 3.8003921508789062, "class_log_probabilities": [-1.384256362915039, -4.569731712341309, -5.195556640625, -5.862267971038818], "predictions": [23, 24, 395, 396, 397, 398, 399, 400, 401, 402, 403, 404, 25, 26, 4, 4, 4], "target_tokens": ["[IN:SET_RSVP_YES", "[SL:TITLE_EVENT", "@ptr6", "@ptr7", "@ptr8", "@ptr9", "@ptr10", "SL:TITLE_EVENT]", "IN:SET_RSVP_YES]"], "predicted_tokens": ["[IN:SEND_MESSAGE", "[SL:CONTENT_EXACT", "@ptr0", "@ptr1", "@ptr2", "@ptr3", "@ptr4", "@ptr5", "@ptr6", "@ptr7", "@ptr8", "@ptr9", "SL:CONTENT_EXACT]", "IN:SEND_MESSAGE]"]}
{"loss": 1.6765559911727905, "class_log_probabilities": [-2.7887611389160156, -2.8799829483032227, -28.301502227783203, -65.5689697265625], "predictions": [155, 156, 402, 403, 404, 405, 406, 157, 158, 4, 4, 4, 4, 4, 4, 4, 4, 4, 4, 4, 4, 4, 4, 4, 4, 4, 4, 4, 4, 4, 4, 4, 4, 4, 4, 4, 4, 4, 4, 4, 4, 4, 4, 4, 4, 4, 4, 4, 4, 4, 4, 4, 4, 4, 4, 4, 4, 4, 4, 4, 4, 4, 4, 4, 4, 4, 4, 4], "target_tokens": ["[IN:SET_RSVP_INTERESTED", "[SL:TITLE_EVENT", "@ptr8", "@ptr9", "@ptr10", "@ptr11", "@ptr12", "SL:TITLE_EVENT]", "IN:SET_RSVP_INTERESTED]"], "predicted_tokens": ["[IN:SET_RSVP_YES", "[SL:TITLE_EVENT", "@ptr7", "@ptr8", "@ptr9", "@ptr10", "@ptr11", "SL:TITLE_EVENT]", "IN:SET_RSVP_YES]"]}
{"loss": 1.3468536138534546, "class_log_probabilities": [-0.5209619402885437, -2.72422194480896, -5.627577781677246, -6.004873275756836], "predictions": [307, 76, 403, 77, 308, 4], "target_tokens": ["[IN:SET_DEFAULT_PROVIDER_CALLING", "[SL:NAME_APP", "@ptr7", "SL:NAME_APP]", "IN:SET_DEFAULT_PROVIDER_CALLING]"], "predicted_tokens": ["[IN:SET_DEFAULT_PROVIDER_CALLING", "[SL:NAME_APP", "@ptr8", "SL:NAME_APP]", "IN:SET_DEFAULT_PROVIDER_CALLING]"]}
{"loss": 2.173048734664917, "class_log_probabilities": [-1.3005225658416748, -4.114465713500977, -5.179391860961914, -32.974632263183594], "predictions": [23, 8, 401, 9, 10, 404, 11, 26, 4, 4, 4, 4, 4, 4, 4, 4, 4, 4, 4, 4, 4, 4, 4, 4, 4, 4, 4, 4, 4, 4, 4, 4, 4, 4, 4, 4, 4, 4, 4, 4, 4, 4, 4, 4, 4, 4, 4, 4, 4, 4, 4, 4, 4, 4, 4, 4, 4, 4, 4, 4, 4, 4, 4, 4, 4, 4, 4, 4, 4, 4, 4, 4, 4, 4, 4, 4, 4, 4, 4, 4, 4, 4, 4, 4, 4, 4, 4, 4, 4, 4, 4, 4, 4, 4, 4, 4, 4, 4, 4, 4], "target_tokens": ["[IN:CANCEL_MESSAGE", "[SL:TYPE_CONTENT", "@ptr5", "SL:TYPE_CONTENT]", "[SL:RECIPIENT", "@ptr7", "SL:RECIPIENT]", "IN:CANCEL_MESSAGE]"], "predicted_tokens": ["[IN:SEND_MESSAGE", "[SL:TYPE_CONTENT", "@ptr6", "SL:TYPE_CONTENT]", "[SL:RECIPIENT", "@ptr9", "SL:RECIPIENT]", "IN:SEND_MESSAGE]"]}
{"loss": 2.5082969665527344, "class_log_probabilities": [-1.6796566247940063, -1.9631325006484985, -5.60228157043457, -7.558650970458984], "predictions": [75, 6, 400, 401, 7, 78, 4, 4, 4], "target_tokens": ["[IN:CREATE_CALL", "[SL:CONTACT", "@ptr4", "@ptr5", "SL:CONTACT]", "IN:CREATE_CALL]"], "predicted_tokens": ["[IN:CREATE_CALL", "[SL:CONTACT", "@ptr5", "@ptr6", "SL:CONTACT]", "IN:CREATE_CALL]"]}
{"loss": 2.0439577102661133, "class_log_probabilities": [-1.799667239189148, -2.5523018836975098, -2.6633729934692383, -3.339121103286743], "predictions": [227, 90, 399, 91, 16, 401, 402, 17, 228, 4], "target_tokens": ["[IN:ADD_TIME_TIMER", "[SL:METHOD_TIMER", "@ptr4", "SL:METHOD_TIMER]", "[SL:DATE_TIME", "@ptr5", "@ptr6", "@ptr7", "SL:DATE_TIME]", "IN:ADD_TIME_TIMER]"], "predicted_tokens": ["[IN:UPDATE_TIMER", "[SL:METHOD_TIMER", "@ptr4", "SL:METHOD_TIMER]", "[SL:DATE_TIME", "@ptr6", "@ptr7", "SL:DATE_TIME]", "IN:UPDATE_TIMER]"]}
{"loss": 4.16813325881958, "class_log_probabilities": [-0.2793911397457123, -5.470676898956299, -5.987384796142578, -6.532969951629639], "predictions": [13, 18, 4], "target_tokens": ["[IN:GET_SUNSET", "IN:GET_SUNSET]"], "predicted_tokens": ["[IN:GET_WEATHER", "IN:GET_WEATHER]"]}
{"loss": 0.9683303833007812, "class_log_probabilities": [-0.3932516872882843, -5.310739040374756, -5.542913913726807, -6.18319034576416], "predictions": [115, 90, 397, 91, 116, 4], "target_tokens": ["[IN:GET_TIMER", "[SL:METHOD_TIMER", "@ptr2", "SL:METHOD_TIMER]", "IN:GET_TIMER]"], "predicted_tokens": ["[IN:GET_TIMER", "[SL:METHOD_TIMER", "@ptr2", "SL:METHOD_TIMER]", "IN:GET_TIMER]"]}
{"loss": 2.426454782485962, "class_log_probabilities": [-1.903201699256897, -3.689331293106079, -4.311835765838623, -4.62252950668335], "predictions": [75, 6, 70, 71, 397, 72, 6, 400, 401, 7, 73, 7, 78, 4, 4, 4], "target_tokens": ["[IN:CREATE_CALL", "[SL:CONTACT", "[IN:GET_CONTACT", "[SL:CONTACT_RELATED", "@ptr4", "@ptr5", "SL:CONTACT_RELATED]", "[SL:TYPE_RELATION", "@ptr2", "SL:TYPE_RELATION]", "IN:GET_CONTACT]", "SL:CONTACT]", "IN:CREATE_CALL]"], "predicted_tokens": ["[IN:CREATE_CALL", "[SL:CONTACT", "[IN:GET_CONTACT", "[SL:TYPE_RELATION", "@ptr2", "SL:TYPE_RELATION]", "[SL:CONTACT", "@ptr5", "@ptr6", "SL:CONTACT]", "IN:GET_CONTACT]", "SL:CONTACT]", "IN:CREATE_CALL]"]}
{"loss": 2.0134904384613037, "class_log_probabilities": [-6.705526351928711, -6.74824857711792, -6.773066520690918, -6.819271087646484], "predictions": [75, 6, 395, 7, 6, 70, 93, 399, 400, 401, 402, 94, 73, 7, 78, 4, 4, 4, 4, 4, 4], "target_tokens": ["[IN:CREATE_CALL", "[SL:CONTACT", "[IN:GET_CONTACT", "[SL:TYPE_RELATION", "@ptr5", "@ptr6", "@ptr7", "SL:TYPE_RELATION]", "IN:GET_CONTACT]", "SL:CONTACT]", "IN:CREATE_CALL]"], "predicted_tokens": ["[IN:CREATE_CALL", "[SL:CONTACT", "@ptr0", "SL:CONTACT]", "[SL:CONTACT", "[IN:GET_CONTACT", "[SL:CONTACT_RELATED", "@ptr4", "@ptr5", "@ptr6", "@ptr7", "SL:CONTACT_RELATED]", "IN:GET_CONTACT]", "SL:CONTACT]", "IN:CREATE_CALL]"]}
{"loss": 1.1565625667572021, "class_log_probabilities": [-2.718057632446289, -2.9829187393188477, -3.2677104473114014, -12.999079704284668], "predictions": [75, 6, 70, 71, 399, 72, 6, 401, 7, 73, 7, 78, 4, 4, 4, 4, 4, 4, 4, 4, 4, 4, 4, 4, 4, 4, 4, 4, 4, 4, 4, 4, 4, 4, 4, 4, 4, 4, 4, 4, 4, 4, 4, 4, 4, 4, 4, 4, 4, 4, 4, 4, 4, 4, 4, 4, 4, 4, 4, 4, 4, 4, 4, 4, 4, 4, 4, 4, 4, 4, 4, 4, 4, 4, 4, 4, 4, 4, 4, 4, 4, 4, 4, 4, 4, 4, 4, 4, 4, 4, 4, 4, 4, 4, 4, 4, 4, 4, 4, 4], "target_tokens": ["[IN:CREATE_CALL", "[SL:CONTACT", "[IN:GET_CONTACT", "[SL:TYPE_RELATION", "@ptr4", "SL:TYPE_RELATION]", "[SL:CONTACT_RELATED", "@ptr6", "SL:CONTACT_RELATED]", "IN:GET_CONTACT]", "SL:CONTACT]", "IN:CREATE_CALL]"], "predicted_tokens": ["[IN:CREATE_CALL", "[SL:CONTACT", "[IN:GET_CONTACT", "[SL:TYPE_RELATION", "@ptr4", "SL:TYPE_RELATION]", "[SL:CONTACT", "@ptr6", "SL:CONTACT]", "IN:GET_CONTACT]", "SL:CONTACT]", "IN:CREATE_CALL]"]}
{"loss": 1.552690863609314, "class_log_probabilities": [-1.0493830442428589, -3.6876251697540283, -4.5395283699035645, -4.932127952575684], "predictions": [75, 6, 70, 71, 397, 72, 6, 399, 400, 7, 73, 7, 78, 4], "target_tokens": ["[IN:CREATE_CALL", "[SL:CONTACT", "[IN:GET_CONTACT", "[SL:CONTACT_RELATED", "@ptr4", "@ptr5", "SL:CONTACT_RELATED]", "[SL:TYPE_RELATION", "@ptr2", "SL:TYPE_RELATION]", "IN:GET_CONTACT]", "SL:CONTACT]", "IN:CREATE_CALL]"], "predicted_tokens": ["[IN:CREATE_CALL", "[SL:CONTACT", "[IN:GET_CONTACT", "[SL:TYPE_RELATION", "@ptr2", "SL:TYPE_RELATION]", "[SL:CONTACT", "@ptr4", "@ptr5", "SL:CONTACT]", "IN:GET_CONTACT]", "SL:CONTACT]", "IN:CREATE_CALL]"]}
{"loss": 1.5082061290740967, "class_log_probabilities": [-1.6827598810195923, -1.8324198722839355, -4.8651509284973145, -5.111692905426025], "predictions": [75, 6, 70, 71, 397, 72, 6, 399, 400, 7, 73, 7, 78, 4], "target_tokens": ["[IN:CREATE_CALL", "[SL:CONTACT", "[IN:GET_CONTACT", "[SL:CONTACT_RELATED", "@ptr4", "@ptr5", "SL:CONTACT_RELATED]", "[SL:TYPE_RELATION", "@ptr2", "SL:TYPE_RELATION]", "IN:GET_CONTACT]", "SL:CONTACT]", "IN:CREATE_CALL]"], "predicted_tokens": ["[IN:CREATE_CALL", "[SL:CONTACT", "[IN:GET_CONTACT", "[SL:TYPE_RELATION", "@ptr2", "SL:TYPE_RELATION]", "[SL:CONTACT", "@ptr4", "@ptr5", "SL:CONTACT]", "IN:GET_CONTACT]", "SL:CONTACT]", "IN:CREATE_CALL]"]}
{"loss": 2.721130847930908, "class_log_probabilities": [-1.7679277658462524, -2.7879018783569336, -3.6153130531311035, -4.142608642578125], "predictions": [75, 6, 70, 71, 397, 398, 399, 72, 6, 401, 402, 7, 73, 7, 78, 4], "target_tokens": ["[IN:CREATE_CALL", "[SL:CONTACT", "[IN:GET_CONTACT", "[SL:TYPE_RELATION", "@ptr1", "@ptr2", "@ptr3", "SL:TYPE_RELATION]", "[SL:CONTACT_RELATED", "@ptr5", "@ptr6", "SL:CONTACT_RELATED]", "IN:GET_CONTACT]", "SL:CONTACT]", "IN:CREATE_CALL]"], "predicted_tokens": ["[IN:CREATE_CALL", "[SL:CONTACT", "[IN:GET_CONTACT", "[SL:TYPE_RELATION", "@ptr2", "@ptr3", "@ptr4", "SL:TYPE_RELATION]", "[SL:CONTACT", "@ptr6", "@ptr7", "SL:CONTACT]", "IN:GET_CONTACT]", "SL:CONTACT]", "IN:CREATE_CALL]"]}
{"loss": 1.4262406826019287, "class_log_probabilities": [-1.237531065940857, -3.374379873275757, -5.757278919219971, -17.8687744140625], "predictions": [75, 6, 70, 71, 397, 72, 6, 399, 400, 7, 73, 7, 78, 4, 4, 4, 4, 4, 4, 4, 4, 4, 4, 4, 4, 4, 4, 4, 4, 4, 4, 4, 4, 4, 4, 4, 4, 4, 4, 4, 4, 4, 4, 4, 4, 4, 4, 4, 4, 4, 4, 4, 4, 4, 4, 4, 4, 4, 4, 4, 4, 4, 4, 4, 4, 4, 4, 4, 4, 4, 4, 4, 4, 4, 4, 4, 4, 4, 4, 4, 4, 4, 4, 4, 4, 4, 4, 4, 4, 4, 4, 4, 4, 4, 4, 4, 4, 4, 4, 4], "target_tokens": ["[IN:CREATE_CALL", "[SL:CONTACT", "[IN:GET_CONTACT", "[SL:TYPE_RELATION", "@ptr2", "SL:TYPE_RELATION]", "[SL:CONTACT_RELATED", "@ptr4", "@ptr5", "SL:CONTACT_RELATED]", "IN:GET_CONTACT]", "SL:CONTACT]", "IN:CREATE_CALL]"], "predicted_tokens": ["[IN:CREATE_CALL", "[SL:CONTACT", "[IN:GET_CONTACT", "[SL:TYPE_RELATION", "@ptr2", "SL:TYPE_RELATION]", "[SL:CONTACT", "@ptr4", "@ptr5", "SL:CONTACT]", "IN:GET_CONTACT]", "SL:CONTACT]", "IN:CREATE_CALL]"]}
{"loss": 0.9695326685905457, "class_log_probabilities": [-0.49403390288352966, -7.062074184417725, -7.294147491455078, -7.827868461608887], "predictions": [75, 6, 396, 7, 76, 398, 77, 78, 4, 4, 4], "target_tokens": ["[IN:CREATE_CALL", "[SL:CONTACT", "@ptr1", "SL:CONTACT]", "[SL:NAME_APP", "@ptr3", "SL:NAME_APP]", "IN:CREATE_CALL]"], "predicted_tokens": ["[IN:CREATE_CALL", "[SL:CONTACT", "@ptr1", "SL:CONTACT]", "[SL:NAME_APP", "@ptr3", "SL:NAME_APP]", "IN:CREATE_CALL]"]}
{"loss": 0.9830875396728516, "class_log_probabilities": [-0.5686082243919373, -3.495319128036499, -6.140224933624268, -6.774167060852051], "predictions": [75, 6, 398, 7, 76, 400, 77, 78, 4], "target_tokens": ["[IN:CREATE_CALL", "[SL:CONTACT", "@ptr3", "SL:CONTACT]", "[SL:NAME_APP", "@ptr5", "SL:NAME_APP]", "IN:CREATE_CALL]"], "predicted_tokens": ["[IN:CREATE_CALL", "[SL:CONTACT", "@ptr3", "SL:CONTACT]", "[SL:NAME_APP", "@ptr5", "SL:NAME_APP]", "IN:CREATE_CALL]"]}
{"loss": 0.9665524959564209, "class_log_probabilities": [-0.5191278457641602, -6.750408172607422, -6.843224048614502, -7.145316123962402], "predictions": [75, 76, 397, 77, 6, 402, 7, 78, 4, 4, 4], "target_tokens": ["[IN:CREATE_CALL", "[SL:NAME_APP", "@ptr2", "SL:NAME_APP]", "[SL:CONTACT", "@ptr7", "SL:CONTACT]", "IN:CREATE_CALL]"], "predicted_tokens": ["[IN:CREATE_CALL", "[SL:NAME_APP", "@ptr2", "SL:NAME_APP]", "[SL:CONTACT", "@ptr7", "SL:CONTACT]", "IN:CREATE_CALL]"]}
{"loss": 1.9540717601776123, "class_log_probabilities": [-1.0168184041976929, -5.355372428894043, -5.93646240234375, -6.701239585876465], "predictions": [75, 6, 395, 396, 397, 7, 76, 399, 77, 78, 4], "target_tokens": ["[IN:CREATE_CALL", "[SL:CONTACT", "@ptr1", "@ptr2", "SL:CONTACT]", "[SL:NAME_APP", "@ptr4", "SL:NAME_APP]", "IN:CREATE_CALL]"], "predicted_tokens": ["[IN:CREATE_CALL", "[SL:CONTACT", "@ptr0", "@ptr1", "@ptr2", "SL:CONTACT]", "[SL:NAME_APP", "@ptr4", "SL:NAME_APP]", "IN:CREATE_CALL]"]}
{"loss": 0.9785265326499939, "class_log_probabilities": [-0.7535156011581421, -6.210716724395752, -6.334146976470947, -6.598104953765869], "predictions": [75, 6, 396, 397, 7, 6, 399, 400, 7, 76, 402, 77, 78, 4], "target_tokens": ["[IN:CREATE_CALL", "[SL:CONTACT", "@ptr1", "@ptr2", "SL:CONTACT]", "[SL:CONTACT", "@ptr4", "@ptr5", "SL:CONTACT]", "[SL:NAME_APP", "@ptr7", "SL:NAME_APP]", "IN:CREATE_CALL]"], "predicted_tokens": ["[IN:CREATE_CALL", "[SL:CONTACT", "@ptr1", "@ptr2", "SL:CONTACT]", "[SL:CONTACT", "@ptr4", "@ptr5", "SL:CONTACT]", "[SL:NAME_APP", "@ptr7", "SL:NAME_APP]", "IN:CREATE_CALL]"]}
{"loss": 1.8006237745285034, "class_log_probabilities": [-1.3167078495025635, -5.18648099899292, -5.458847999572754, -6.131985187530518], "predictions": [75, 6, 395, 396, 7, 6, 398, 7, 76, 400, 77, 78, 4], "target_tokens": ["[IN:CREATE_CALL", "[SL:CONTACT", "@ptr1", "SL:CONTACT]", "[SL:CONTACT", "@ptr3", "SL:CONTACT]", "[SL:NAME_APP", "@ptr5", "SL:NAME_APP]", "IN:CREATE_CALL]"], "predicted_tokens": ["[IN:CREATE_CALL", "[SL:CONTACT", "@ptr0", "@ptr1", "SL:CONTACT]", "[SL:CONTACT", "@ptr3", "SL:CONTACT]", "[SL:NAME_APP", "@ptr5", "SL:NAME_APP]", "IN:CREATE_CALL]"]}
{"loss": 1.9922691583633423, "class_log_probabilities": [-2.3838562965393066, -3.2755677700042725, -3.8644659519195557, -4.5107245445251465], "predictions": [75, 6, 395, 7, 76, 398, 77, 6, 399, 400, 7, 78, 4, 4, 4], "target_tokens": ["[IN:CREATE_CALL", "[SL:NAME_APP", "@ptr3", "SL:NAME_APP]", "[SL:CONTACT", "@ptr4", "@ptr5", "SL:CONTACT]", "IN:CREATE_CALL]"], "predicted_tokens": ["[IN:CREATE_CALL", "[SL:CONTACT", "@ptr0", "SL:CONTACT]", "[SL:NAME_APP", "@ptr3", "SL:NAME_APP]", "[SL:CONTACT", "@ptr4", "@ptr5", "SL:CONTACT]", "IN:CREATE_CALL]"]}
{"loss": 2.547145366668701, "class_log_probabilities": [-0.5731385946273804, -6.205872058868408, -6.948683738708496, -7.057497978210449], "predictions": [75, 6, 396, 397, 7, 76, 399, 77, 78, 4, 4], "target_tokens": ["[IN:CREATE_CALL", "[SL:NAME_APP", "@ptr4", "SL:NAME_APP]", "[SL:CONTACT", "@ptr1", "@ptr2", "SL:CONTACT]", "IN:CREATE_CALL]"], "predicted_tokens": ["[IN:CREATE_CALL", "[SL:CONTACT", "@ptr1", "@ptr2", "SL:CONTACT]", "[SL:NAME_APP", "@ptr4", "SL:NAME_APP]", "IN:CREATE_CALL]"]}
{"loss": 2.5552563667297363, "class_log_probabilities": [-3.9028220176696777, -4.6134934425354, -6.500044345855713, -7.096508502960205], "predictions": [75, 6, 395, 396, 397, 7, 76, 400, 77, 78, 4, 4, 4, 4], "target_tokens": ["[IN:CREATE_CALL", "[SL:CONTACT", "@ptr1", "@ptr2", "SL:CONTACT]", "[SL:NAME_APP", "@ptr6", "SL:NAME_APP]", "IN:CREATE_CALL]"], "predicted_tokens": ["[IN:CREATE_CALL", "[SL:CONTACT", "@ptr0", "@ptr1", "@ptr2", "SL:CONTACT]", "[SL:NAME_APP", "@ptr5", "SL:NAME_APP]", "IN:CREATE_CALL]"]}
{"loss": 0.9684164524078369, "class_log_probabilities": [-0.5056067109107971, -6.391526699066162, -6.593583106994629, -6.996281623840332], "predictions": [75, 6, 396, 7, 76, 400, 77, 78, 4], "target_tokens": ["[IN:CREATE_CALL", "[SL:CONTACT", "@ptr1", "SL:CONTACT]", "[SL:NAME_APP", "@ptr5", "SL:NAME_APP]", "IN:CREATE_CALL]"], "predicted_tokens": ["[IN:CREATE_CALL", "[SL:CONTACT", "@ptr1", "SL:CONTACT]", "[SL:NAME_APP", "@ptr5", "SL:NAME_APP]", "IN:CREATE_CALL]"]}
{"loss": 2.932802438735962, "class_log_probabilities": [-2.2034475803375244, -2.351311445236206, -2.5873935222625732, -3.7237439155578613], "predictions": [183, 90, 398, 91, 16, 400, 401, 17, 92, 4], "target_tokens": ["[IN:CREATE_TIMER", "[SL:DATE_TIME", "@ptr4", "@ptr5", "@ptr6", "SL:DATE_TIME]", "[SL:METHOD_TIMER", "@ptr3", "SL:METHOD_TIMER]", "IN:CREATE_TIMER]"], "predicted_tokens": ["[IN:ADD_TIME_TIMER", "[SL:METHOD_TIMER", "@ptr3", "SL:METHOD_TIMER]", "[SL:DATE_TIME", "@ptr5", "@ptr6", "SL:DATE_TIME]", "IN:CREATE_TIMER]"]}
{"loss": 0.9663253426551819, "class_log_probabilities": [-0.37183016538619995, -6.910860061645508, -7.945158004760742, -8.05367374420166], "predictions": [75, 6, 398, 399, 7, 78, 4, 4, 4], "target_tokens": ["[IN:CREATE_CALL", "[SL:CONTACT", "@ptr3", "@ptr4", "SL:CONTACT]", "IN:CREATE_CALL]"], "predicted_tokens": ["[IN:CREATE_CALL", "[SL:CONTACT", "@ptr3", "@ptr4", "SL:CONTACT]", "IN:CREATE_CALL]"]}
{"loss": 3.1868033409118652, "class_log_probabilities": [-1.8129494190216064, -4.523999214172363, -4.911533832550049, -5.264077186584473], "predictions": [27, 28, 397, 29, 129, 399, 400, 130, 30, 4, 4], "target_tokens": ["[IN:UPDATE_TIMER", "[SL:TIMER_NAME", "@ptr4", "@ptr5", "SL:TIMER_NAME]", "[SL:METHOD_TIMER", "@ptr2", "SL:METHOD_TIMER]", "IN:UPDATE_TIMER]"], "predicted_tokens": ["[IN:GET_INFO_RECIPES", "[SL:RECIPES_ATTRIBUTE", "@ptr2", "SL:RECIPES_ATTRIBUTE]", "[SL:RECIPES_INCLUDED_INGREDIENT", "@ptr4", "@ptr5", "SL:RECIPES_INCLUDED_INGREDIENT]", "IN:GET_INFO_RECIPES]"]}
{"loss": 1.478316307067871, "class_log_probabilities": [-0.8830406665802002, -4.49664306640625, -4.639906883239746, -4.787832736968994], "predictions": [63, 101, 396, 397, 102, 66, 399, 400, 67, 68, 4], "target_tokens": ["[IN:PLAY_MUSIC", "[SL:MUSIC_ARTIST_NAME", "@ptr4", "@ptr5", "SL:MUSIC_ARTIST_NAME]", "IN:PLAY_MUSIC]"], "predicted_tokens": ["[IN:PLAY_MUSIC", "[SL:MUSIC_TRACK_TITLE", "@ptr1", "@ptr2", "SL:MUSIC_TRACK_TITLE]", "[SL:MUSIC_ARTIST_NAME", "@ptr4", "@ptr5", "SL:MUSIC_ARTIST_NAME]", "IN:PLAY_MUSIC]"]}
{"loss": 1.0189402103424072, "class_log_probabilities": [-0.8065937757492065, -3.433123826980591, -3.930957317352295, -4.57344388961792], "predictions": [63, 66, 403, 404, 67, 68, 4, 4, 4, 4], "target_tokens": ["[IN:PLAY_MUSIC", "[SL:MUSIC_ARTIST_NAME", "@ptr8", "@ptr9", "SL:MUSIC_ARTIST_NAME]", "IN:PLAY_MUSIC]"], "predicted_tokens": ["[IN:PLAY_MUSIC", "[SL:MUSIC_ARTIST_NAME", "@ptr8", "@ptr9", "SL:MUSIC_ARTIST_NAME]", "IN:PLAY_MUSIC]"]}
{"loss": 1.5714231729507446, "class_log_probabilities": [-0.9776889681816101, -1.6260416507720947, -4.242855072021484, -6.19764518737793], "predictions": [63, 66, 400, 67, 68, 4, 4], "target_tokens": ["[IN:PLAY_MUSIC", "[SL:MUSIC_ARTIST_NAME", "@ptr6", "SL:MUSIC_ARTIST_NAME]", "IN:PLAY_MUSIC]"], "predicted_tokens": ["[IN:PLAY_MUSIC", "[SL:MUSIC_ARTIST_NAME", "@ptr5", "SL:MUSIC_ARTIST_NAME]", "IN:PLAY_MUSIC]"]}
{"loss": 1.278367519378662, "class_log_probabilities": [-3.5720489025115967, -3.6414601802825928, -4.495266914367676, -5.177123069763184], "predictions": [63, 206, 395, 396, 397, 398, 399, 400, 207, 66, 402, 403, 404, 67, 68, 4, 4, 4, 4], "target_tokens": ["[IN:PLAY_MUSIC", "[SL:MUSIC_TRACK_TITLE", "@ptr1", "@ptr2", "@ptr3", "@ptr4", "@ptr5", "SL:MUSIC_TRACK_TITLE]", "[SL:MUSIC_ARTIST_NAME", "@ptr7", "@ptr8", "@ptr9", "SL:MUSIC_ARTIST_NAME]", "IN:PLAY_MUSIC]"], "predicted_tokens": ["[IN:PLAY_MUSIC", "[SL:MUSIC_ALBUM_TITLE", "@ptr0", "@ptr1", "@ptr2", "@ptr3", "@ptr4", "@ptr5", "SL:MUSIC_ALBUM_TITLE]", "[SL:MUSIC_ARTIST_NAME", "@ptr7", "@ptr8", "@ptr9", "SL:MUSIC_ARTIST_NAME]", "IN:PLAY_MUSIC]"]}
{"loss": 0.992487370967865, "class_log_probabilities": [-0.5163034200668335, -5.125980377197266, -6.532505512237549, -6.633080959320068], "predictions": [63, 101, 396, 397, 102, 66, 399, 400, 67, 68, 4, 4], "target_tokens": ["[IN:PLAY_MUSIC", "[SL:MUSIC_TRACK_TITLE", "@ptr1", "@ptr2", "SL:MUSIC_TRACK_TITLE]", "[SL:MUSIC_ARTIST_NAME", "@ptr4", "@ptr5", "SL:MUSIC_ARTIST_NAME]", "IN:PLAY_MUSIC]"], "predicted_tokens": ["[IN:PLAY_MUSIC", "[SL:MUSIC_TRACK_TITLE", "@ptr1", "@ptr2", "SL:MUSIC_TRACK_TITLE]", "[SL:MUSIC_ARTIST_NAME", "@ptr4", "@ptr5", "SL:MUSIC_ARTIST_NAME]", "IN:PLAY_MUSIC]"]}
{"loss": 1.2622935771942139, "class_log_probabilities": [-0.9341939687728882, -2.799868583679199, -4.828321933746338, -6.988711833953857], "predictions": [63, 66, 395, 396, 397, 67, 68, 4], "target_tokens": ["[IN:PLAY_MUSIC", "[SL:MUSIC_ARTIST_NAME", "@ptr1", "@ptr2", "SL:MUSIC_ARTIST_NAME]", "IN:PLAY_MUSIC]"], "predicted_tokens": ["[IN:PLAY_MUSIC", "[SL:MUSIC_ARTIST_NAME", "@ptr0", "@ptr1", "@ptr2", "SL:MUSIC_ARTIST_NAME]", "IN:PLAY_MUSIC]"]}
{"loss": 2.2376043796539307, "class_log_probabilities": [-2.219179153442383, -2.9718644618988037, -5.088258266448975, -6.639562606811523], "predictions": [45, 46, 4, 4, 4, 4, 4, 4, 4], "target_tokens": ["[IN:PLAY_MUSIC", "[SL:MUSIC_TRACK_TITLE", "@ptr2", "@ptr3", "@ptr4", "SL:MUSIC_TRACK_TITLE]", "IN:PLAY_MUSIC]"], "predicted_tokens": ["[IN:CREATE_ALARM", "IN:CREATE_ALARM]"]}
{"loss": 1.0116866827011108, "class_log_probabilities": [-0.23803642392158508, -7.0472612380981445, -7.577874660491943, -7.992549896240234], "predictions": [235, 103, 395, 104, 236, 4], "target_tokens": ["[IN:SET_DEFAULT_PROVIDER_MUSIC", "[SL:MUSIC_PROVIDER_NAME", "@ptr0", "SL:MUSIC_PROVIDER_NAME]", "IN:SET_DEFAULT_PROVIDER_MUSIC]"], "predicted_tokens": ["[IN:SET_DEFAULT_PROVIDER_MUSIC", "[SL:MUSIC_PROVIDER_NAME", "@ptr0", "SL:MUSIC_PROVIDER_NAME]", "IN:SET_DEFAULT_PROVIDER_MUSIC]"]}
{"loss": 3.0725605487823486, "class_log_probabilities": [-0.4714198410511017, -3.177539825439453, -5.659530162811279, -6.784509658813477], "predictions": [235, 103, 397, 104, 236, 4, 4], "target_tokens": ["[IN:SET_DEFAULT_PROVIDER_MUSIC", "[SL:MUSIC_PROVIDER_NAME", "@ptr1", "@ptr2", "SL:MUSIC_PROVIDER_NAME]", "IN:SET_DEFAULT_PROVIDER_MUSIC]"], "predicted_tokens": ["[IN:SET_DEFAULT_PROVIDER_MUSIC", "[SL:MUSIC_PROVIDER_NAME", "@ptr2", "SL:MUSIC_PROVIDER_NAME]", "IN:SET_DEFAULT_PROVIDER_MUSIC]"]}
{"loss": 3.2418713569641113, "class_log_probabilities": [-0.7553938031196594, -2.6308767795562744, -4.785208225250244, -6.270516395568848], "predictions": [235, 103, 401, 402, 104, 236, 4], "target_tokens": ["[IN:SET_DEFAULT_PROVIDER_MUSIC", "[SL:MUSIC_PROVIDER_NAME", "@ptr5", "@ptr6", "SL:MUSIC_PROVIDER_NAME]", "IN:SET_DEFAULT_PROVIDER_MUSIC]"], "predicted_tokens": ["[IN:SET_DEFAULT_PROVIDER_MUSIC", "[SL:MUSIC_PROVIDER_NAME", "@ptr6", "@ptr7", "SL:MUSIC_PROVIDER_NAME]", "IN:SET_DEFAULT_PROVIDER_MUSIC]"]}
{"loss": 5.071375846862793, "class_log_probabilities": [-0.5713819265365601, -3.69242787361145, -3.9845497608184814, -5.959780693054199], "predictions": [235, 103, 401, 402, 104, 236, 4], "target_tokens": ["[IN:SET_DEFAULT_PROVIDER_MUSIC", "[SL:MUSIC_PROVIDER_NAME", "@ptr2", "@ptr3", "@ptr4", "@ptr5", "@ptr6", "SL:MUSIC_PROVIDER_NAME]", "IN:SET_DEFAULT_PROVIDER_MUSIC]"], "predicted_tokens": ["[IN:SET_DEFAULT_PROVIDER_MUSIC", "[SL:MUSIC_PROVIDER_NAME", "@ptr6", "@ptr7", "SL:MUSIC_PROVIDER_NAME]", "IN:SET_DEFAULT_PROVIDER_MUSIC]"]}
{"loss": 2.552229404449463, "class_log_probabilities": [-1.746535062789917, -2.2063419818878174, -2.9320173263549805, -3.0976836681365967], "predictions": [63, 64, 397, 65, 103, 400, 104, 68, 4], "target_tokens": ["[IN:SET_DEFAULT_PROVIDER_MUSIC", "[SL:MUSIC_PROVIDER_NAME", "@ptr4", "SL:MUSIC_PROVIDER_NAME]", "IN:SET_DEFAULT_PROVIDER_MUSIC]"], "predicted_tokens": ["[IN:PLAY_MUSIC", "[SL:MUSIC_TYPE", "@ptr2", "SL:MUSIC_TYPE]", "[SL:MUSIC_PROVIDER_NAME", "@ptr5", "SL:MUSIC_PROVIDER_NAME]", "IN:PLAY_MUSIC]"]}
{"loss": 2.404212236404419, "class_log_probabilities": [-1.038370132446289, -3.16098690032959, -4.767068386077881, -4.999901294708252], "predictions": [227, 228, 4, 4, 4, 4], "target_tokens": ["[IN:UPDATE_TIMER", "[SL:TIMER_NAME", "@ptr6", "SL:TIMER_NAME]", "[SL:METHOD_TIMER", "@ptr4", "SL:METHOD_TIMER]", "IN:UPDATE_TIMER]"], "predicted_tokens": ["[IN:UPDATE_TIMER", "IN:UPDATE_TIMER]"]}
{"loss": 1.2906036376953125, "class_log_probabilities": [-1.1465882062911987, -2.468949556350708, -2.7380502223968506, -3.7567059993743896], "predictions": [61, 233, 399, 234, 62, 4], "target_tokens": ["[IN:GET_EVENT", "[SL:ATTRIBUTE_EVENT", "@ptr5", "SL:ATTRIBUTE_EVENT]", "IN:GET_EVENT]"], "predicted_tokens": ["[IN:GET_EVENT", "[SL:ATTRIBUTE_EVENT", "@ptr4", "SL:ATTRIBUTE_EVENT]", "IN:GET_EVENT]"]}
{"loss": 0.9845566749572754, "class_log_probabilities": [-0.14023590087890625, -7.858669281005859, -9.78288745880127, -9.806397438049316], "predictions": [61, 62, 4, 4, 4, 4], "target_tokens": ["[IN:GET_EVENT", "IN:GET_EVENT]"], "predicted_tokens": ["[IN:GET_EVENT", "IN:GET_EVENT]"]}
{"loss": 1.1782852411270142, "class_log_probabilities": [-2.1995997428894043, -4.651382923126221, -4.91658878326416, -4.965352535247803], "predictions": [155, 20, 401, 21, 158, 4], "target_tokens": ["[IN:SET_RSVP_YES", "[SL:ORDINAL", "@ptr6", "SL:ORDINAL]", "IN:SET_RSVP_YES]"], "predicted_tokens": ["[IN:SET_RSVP_YES", "[SL:ORDINAL", "@ptr6", "SL:ORDINAL]", "IN:SET_RSVP_YES]"]}
{"loss": 2.385580539703369, "class_log_probabilities": [-1.6279473304748535, -2.912290096282959, -3.0128307342529297, -4.057265758514404], "predictions": [183, 16, 399, 400, 17, 90, 404, 91, 184, 4], "target_tokens": ["[IN:ADD_TIME_TIMER", "[SL:DATE_TIME", "@ptr4", "@ptr5", "SL:DATE_TIME]", "[SL:TIMER_NAME", "@ptr9", "@ptr10", "@ptr11", "SL:TIMER_NAME]", "[SL:METHOD_TIMER", "@ptr8", "SL:METHOD_TIMER]", "IN:ADD_TIME_TIMER]"], "predicted_tokens": ["[IN:ADD_TIME_TIMER", "[SL:DATE_TIME", "@ptr4", "@ptr5", "SL:DATE_TIME]", "[SL:METHOD_TIMER", "@ptr9", "SL:METHOD_TIMER]", "IN:ADD_TIME_TIMER]"]}
{"loss": 0.9686005711555481, "class_log_probabilities": [-0.4862113893032074, -7.190818786621094, -7.444692611694336, -7.687155723571777], "predictions": [75, 76, 399, 77, 6, 402, 7, 78, 4], "target_tokens": ["[IN:CREATE_CALL", "[SL:NAME_APP", "@ptr4", "SL:NAME_APP]", "[SL:CONTACT", "@ptr7", "SL:CONTACT]", "IN:CREATE_CALL]"], "predicted_tokens": ["[IN:CREATE_CALL", "[SL:NAME_APP", "@ptr4", "SL:NAME_APP]", "[SL:CONTACT", "@ptr7", "SL:CONTACT]", "IN:CREATE_CALL]"]}
{"loss": 0.9703019261360168, "class_log_probabilities": [-0.49175161123275757, -7.4574151039123535, -7.636073589324951, -7.660865783691406], "predictions": [75, 6, 396, 7, 76, 398, 77, 78, 4, 4, 4], "target_tokens": ["[IN:CREATE_CALL", "[SL:CONTACT", "@ptr1", "SL:CONTACT]", "[SL:NAME_APP", "@ptr3", "SL:NAME_APP]", "IN:CREATE_CALL]"], "predicted_tokens": ["[IN:CREATE_CALL", "[SL:CONTACT", "@ptr1", "SL:CONTACT]", "[SL:NAME_APP", "@ptr3", "SL:NAME_APP]", "IN:CREATE_CALL]"]}
{"loss": 1.7130794525146484, "class_log_probabilities": [-1.0170761346817017, -2.3564951419830322, -6.034717559814453, -7.136594772338867], "predictions": [23, 8, 400, 9, 10, 403, 11, 26, 4, 4, 4, 4], "target_tokens": ["[IN:SEND_MESSAGE", "[SL:TYPE_CONTENT", "@ptr5", "SL:TYPE_CONTENT]", "[SL:RECIPIENT", "@ptr7", "@ptr8", "SL:RECIPIENT]", "IN:SEND_MESSAGE]"], "predicted_tokens": ["[IN:SEND_MESSAGE", "[SL:TYPE_CONTENT", "@ptr5", "SL:TYPE_CONTENT]", "[SL:RECIPIENT", "@ptr8", "SL:RECIPIENT]", "IN:SEND_MESSAGE]"]}
{"loss": 1.0693713426589966, "class_log_probabilities": [-1.05461585521698, -1.416048288345337, -5.369237422943115, -5.520467281341553], "predictions": [23, 8, 399, 9, 10, 402, 11, 26, 4, 4, 4, 4], "target_tokens": ["[IN:SEND_MESSAGE", "[SL:TYPE_CONTENT", "@ptr4", "SL:TYPE_CONTENT]", "[SL:RECIPIENT", "@ptr6", "SL:RECIPIENT]", "IN:SEND_MESSAGE]"], "predicted_tokens": ["[IN:SEND_MESSAGE", "[SL:TYPE_CONTENT", "@ptr4", "SL:TYPE_CONTENT]", "[SL:RECIPIENT", "@ptr7", "SL:RECIPIENT]", "IN:SEND_MESSAGE]"]}
{"loss": 1.0365126132965088, "class_log_probabilities": [-1.960330843925476, -2.630368947982788, -4.092578411102295, -4.172861099243164], "predictions": [23, 8, 398, 9, 10, 70, 93, 400, 94, 71, 401, 72, 73, 11, 26, 4], "target_tokens": ["[IN:SEND_MESSAGE", "[SL:TYPE_CONTENT", "@ptr3", "SL:TYPE_CONTENT]", "[SL:RECIPIENT", "[IN:GET_CONTACT", "[SL:CONTACT_RELATED", "@ptr5", "SL:CONTACT_RELATED]", "[SL:TYPE_RELATION", "@ptr6", "SL:TYPE_RELATION]", "IN:GET_CONTACT]", "SL:RECIPIENT]", "IN:SEND_MESSAGE]"], "predicted_tokens": ["[IN:SEND_MESSAGE", "[SL:TYPE_CONTENT", "@ptr3", "SL:TYPE_CONTENT]", "[SL:RECIPIENT", "[IN:GET_CONTACT", "[SL:CONTACT_RELATED", "@ptr5", "SL:CONTACT_RELATED]", "[SL:TYPE_RELATION", "@ptr6", "SL:TYPE_RELATION]", "IN:GET_CONTACT]", "SL:RECIPIENT]", "IN:SEND_MESSAGE]"]}
{"loss": 1.7731590270996094, "class_log_probabilities": [-0.33521920442581177, -6.27197265625, -6.420417308807373, -8.41437816619873], "predictions": [23, 8, 401, 9, 26, 4, 4, 4, 4], "target_tokens": ["[IN:SEND_MESSAGE", "[SL:TYPE_CONTENT", "@ptr6", "SL:TYPE_CONTENT]", "[SL:RECIPIENT", "[IN:GET_CONTACT", "[SL:TYPE_RELATION", "@ptr9", "SL:TYPE_RELATION]", "IN:GET_CONTACT]", "SL:RECIPIENT]", "IN:SEND_MESSAGE]"], "predicted_tokens": ["[IN:SEND_MESSAGE", "[SL:TYPE_CONTENT", "@ptr6", "SL:TYPE_CONTENT]", "IN:SEND_MESSAGE]"]}
{"loss": 2.276505708694458, "class_log_probabilities": [-1.2923991680145264, -2.492709159851074, -3.84838604927063, -3.943307876586914], "predictions": [23, 8, 402, 9, 10, 405, 11, 26, 4, 4, 4, 4, 4, 4, 4], "target_tokens": ["[IN:SEND_MESSAGE", "[SL:TYPE_CONTENT", "@ptr6", "SL:TYPE_CONTENT]", "[SL:RECIPIENT", "@ptr8", "@ptr9", "SL:RECIPIENT]", "IN:SEND_MESSAGE]"], "predicted_tokens": ["[IN:SEND_MESSAGE", "[SL:TYPE_CONTENT", "@ptr7", "SL:TYPE_CONTENT]", "[SL:RECIPIENT", "@ptr10", "SL:RECIPIENT]", "IN:SEND_MESSAGE]"]}
{"loss": 1.3685894012451172, "class_log_probabilities": [-0.974121630191803, -4.298188209533691, -5.203030109405518, -5.639399528503418], "predictions": [23, 8, 400, 9, 10, 70, 93, 402, 94, 71, 403, 72, 73, 11, 26, 4], "target_tokens": ["[IN:SEND_MESSAGE", "[SL:TYPE_CONTENT", "@ptr5", "SL:TYPE_CONTENT]", "[SL:RECIPIENT", "[IN:GET_CONTACT", "[SL:TYPE_RELATION", "@ptr8", "SL:TYPE_RELATION]", "IN:GET_CONTACT]", "SL:RECIPIENT]", "IN:SEND_MESSAGE]"], "predicted_tokens": ["[IN:SEND_MESSAGE", "[SL:TYPE_CONTENT", "@ptr5", "SL:TYPE_CONTENT]", "[SL:RECIPIENT", "[IN:GET_CONTACT", "[SL:CONTACT_RELATED", "@ptr7", "SL:CONTACT_RELATED]", "[SL:TYPE_RELATION", "@ptr8", "SL:TYPE_RELATION]", "IN:GET_CONTACT]", "SL:RECIPIENT]", "IN:SEND_MESSAGE]"]}
{"loss": 1.0606637001037598, "class_log_probabilities": [-1.9131473302841187, -3.999887228012085, -4.141103744506836, -5.397693157196045], "predictions": [23, 8, 402, 9, 10, 404, 11, 26, 4, 4, 4, 4], "target_tokens": ["[IN:SEND_MESSAGE", "[SL:TYPE_CONTENT", "@ptr7", "SL:TYPE_CONTENT]", "[SL:RECIPIENT", "@ptr9", "SL:RECIPIENT]", "IN:SEND_MESSAGE]"], "predicted_tokens": ["[IN:SEND_MESSAGE", "[SL:TYPE_CONTENT", "@ptr7", "SL:TYPE_CONTENT]", "[SL:RECIPIENT", "@ptr9", "SL:RECIPIENT]", "IN:SEND_MESSAGE]"]}
{"loss": 1.1396770477294922, "class_log_probabilities": [-1.4852118492126465, -2.7496626377105713, -3.163341760635376, -4.73703670501709], "predictions": [23, 8, 399, 9, 10, 402, 403, 11, 26, 4, 4], "target_tokens": ["[IN:SEND_MESSAGE", "[SL:TYPE_CONTENT", "@ptr4", "SL:TYPE_CONTENT]", "[SL:RECIPIENT", "@ptr6", "@ptr7", "@ptr8", "SL:RECIPIENT]", "IN:SEND_MESSAGE]"], "predicted_tokens": ["[IN:SEND_MESSAGE", "[SL:TYPE_CONTENT", "@ptr4", "SL:TYPE_CONTENT]", "[SL:RECIPIENT", "@ptr7", "@ptr8", "SL:RECIPIENT]", "IN:SEND_MESSAGE]"]}
{"loss": 4.134535312652588, "class_log_probabilities": [-0.9049545526504517, -4.701174259185791, -5.934412002563477, -6.4307355880737305], "predictions": [75, 6, 395, 396, 7, 76, 398, 77, 78, 4], "target_tokens": ["[IN:CREATE_CALL", "[SL:NAME_APP", "@ptr3", "SL:NAME_APP]", "[SL:CONTACT", "@ptr1", "SL:CONTACT]", "IN:CREATE_CALL]"], "predicted_tokens": ["[IN:CREATE_CALL", "[SL:CONTACT", "@ptr0", "@ptr1", "SL:CONTACT]", "[SL:NAME_APP", "@ptr3", "SL:NAME_APP]", "IN:CREATE_CALL]"]}
{"loss": 0.968641996383667, "class_log_probabilities": [-0.4896456301212311, -7.4206976890563965, -7.485570907592773, -7.506742477416992], "predictions": [75, 6, 396, 7, 76, 398, 77, 78, 4], "target_tokens": ["[IN:CREATE_CALL", "[SL:CONTACT", "@ptr1", "SL:CONTACT]", "[SL:NAME_APP", "@ptr3", "SL:NAME_APP]", "IN:CREATE_CALL]"], "predicted_tokens": ["[IN:CREATE_CALL", "[SL:CONTACT", "@ptr1", "SL:CONTACT]", "[SL:NAME_APP", "@ptr3", "SL:NAME_APP]", "IN:CREATE_CALL]"]}
{"loss": 1.0369503498077393, "class_log_probabilities": [-1.1723657846450806, -1.631218433380127, -3.9192864894866943, -4.228053569793701], "predictions": [13, 14, 401, 402, 403, 15, 18, 4, 4, 4, 4], "target_tokens": ["[IN:GET_WEATHER", "[SL:LOCATION", "@ptr6", "@ptr7", "@ptr8", "SL:LOCATION]", "IN:GET_WEATHER]"], "predicted_tokens": ["[IN:GET_WEATHER", "[SL:LOCATION", "@ptr6", "@ptr7", "@ptr8", "SL:LOCATION]", "IN:GET_WEATHER]"]}
{"loss": 0.9754183888435364, "class_log_probabilities": [-0.6737577319145203, -2.895378351211548, -6.975647449493408, -7.224668025970459], "predictions": [13, 14, 401, 402, 403, 15, 18, 4], "target_tokens": ["[IN:GET_WEATHER", "[SL:LOCATION", "@ptr6", "@ptr7", "@ptr8", "SL:LOCATION]", "IN:GET_WEATHER]"], "predicted_tokens": ["[IN:GET_WEATHER", "[SL:LOCATION", "@ptr6", "@ptr7", "@ptr8", "SL:LOCATION]", "IN:GET_WEATHER]"]}
{"loss": 3.1763675212860107, "class_log_probabilities": [-0.4511759877204895, -6.384685039520264, -6.968414306640625, -7.818296432495117], "predictions": [45, 16, 399, 400, 17, 46, 4], "target_tokens": ["[IN:CREATE_ALARM", "[SL:DATE_TIME", "@ptr3", "@ptr4", "SL:DATE_TIME]", "IN:CREATE_ALARM]"], "predicted_tokens": ["[IN:CREATE_ALARM", "[SL:DATE_TIME", "@ptr4", "@ptr5", "SL:DATE_TIME]", "IN:CREATE_ALARM]"]}
{"loss": 1.7073643207550049, "class_log_probabilities": [-0.905245840549469, -2.2658803462982178, -5.460074424743652, -6.713364601135254], "predictions": [45, 16, 399, 400, 401, 402, 403, 404, 405, 406, 17, 46, 4, 4, 4, 4, 4, 4, 4], "target_tokens": ["[IN:CREATE_ALARM", "[SL:DATE_TIME", "@ptr3", "@ptr4", "@ptr5", "@ptr6", "@ptr7", "@ptr8", "@ptr9", "@ptr10", "SL:DATE_TIME]", "IN:CREATE_ALARM]"], "predicted_tokens": ["[IN:CREATE_ALARM", "[SL:DATE_TIME", "@ptr4", "@ptr5", "@ptr6", "@ptr7", "@ptr8", "@ptr9", "@ptr10", "@ptr11", "SL:DATE_TIME]", "IN:CREATE_ALARM]"]}
{"loss": 2.4738929271698, "class_log_probabilities": [-0.986480176448822, -5.706225395202637, -6.045104026794434, -6.737999439239502], "predictions": [63, 66, 395, 396, 67, 66, 398, 67, 68, 4], "target_tokens": ["[IN:CREATE_CALL", "[SL:CONTACT", "@ptr1", "SL:CONTACT]", "[SL:CONTACT", "@ptr3", "SL:CONTACT]", "IN:CREATE_CALL]"], "predicted_tokens": ["[IN:PLAY_MUSIC", "[SL:MUSIC_ARTIST_NAME", "@ptr0", "@ptr1", "SL:MUSIC_ARTIST_NAME]", "[SL:MUSIC_ARTIST_NAME", "@ptr3", "SL:MUSIC_ARTIST_NAME]", "IN:PLAY_MUSIC]"]}
{"loss": 2.347507953643799, "class_log_probabilities": [-1.694992184638977, -3.925631046295166, -4.59509801864624, -6.156721115112305], "predictions": [63, 66, 395, 396, 67, 66, 398, 67, 68, 4, 4], "target_tokens": ["[IN:CREATE_CALL", "[SL:CONTACT", "@ptr1", "SL:CONTACT]", "[SL:CONTACT", "@ptr3", "SL:CONTACT]", "IN:CREATE_CALL]"], "predicted_tokens": ["[IN:PLAY_MUSIC", "[SL:MUSIC_ARTIST_NAME", "@ptr0", "@ptr1", "SL:MUSIC_ARTIST_NAME]", "[SL:MUSIC_ARTIST_NAME", "@ptr3", "SL:MUSIC_ARTIST_NAME]", "IN:PLAY_MUSIC]"]}
{"loss": 0.9765394330024719, "class_log_probabilities": [-0.5216507911682129, -5.095588207244873, -5.463850021362305, -5.71146297454834], "predictions": [107, 203, 397, 204, 110, 4], "target_tokens": ["[IN:UPDATE_CALL", "[SL:CONTACT_REMOVED", "@ptr2", "SL:CONTACT_REMOVED]", "IN:UPDATE_CALL]"], "predicted_tokens": ["[IN:UPDATE_CALL", "[SL:CONTACT_REMOVED", "@ptr2", "SL:CONTACT_REMOVED]", "IN:UPDATE_CALL]"]}
{"loss": 4.02821159362793, "class_log_probabilities": [-0.15453191101551056, -7.402606964111328, -7.928061485290527, -7.9553751945495605], "predictions": [213, 214, 4], "target_tokens": ["[IN:CREATE_ALARM", "IN:CREATE_ALARM]"], "predicted_tokens": ["[IN:SILENCE_ALARM", "IN:SILENCE_ALARM]"]}
{"loss": 1.5343093872070312, "class_log_probabilities": [-1.3556616306304932, -3.7666242122650146, -4.54782772064209, -5.376095294952393], "predictions": [13, 79, 402, 80, 16, 405, 17, 18, 4, 4, 4, 4], "target_tokens": ["[IN:GET_WEATHER", "[SL:WEATHER_ATTRIBUTE", "@ptr7", "@ptr8", "@ptr9", "SL:WEATHER_ATTRIBUTE]", "[SL:DATE_TIME", "@ptr10", "SL:DATE_TIME]", "IN:GET_WEATHER]"], "predicted_tokens": ["[IN:GET_WEATHER", "[SL:WEATHER_ATTRIBUTE", "@ptr7", "SL:WEATHER_ATTRIBUTE]", "[SL:DATE_TIME", "@ptr10", "SL:DATE_TIME]", "IN:GET_WEATHER]"]}
{"loss": 0.9648128151893616, "class_log_probabilities": [-0.36135101318359375, -7.2266621589660645, -7.494967460632324, -7.637975215911865], "predictions": [70, 71, 401, 72, 73, 4], "target_tokens": ["[IN:GET_CONTACT", "[SL:TYPE_RELATION", "@ptr6", "SL:TYPE_RELATION]", "IN:GET_CONTACT]"], "predicted_tokens": ["[IN:GET_CONTACT", "[SL:TYPE_RELATION", "@ptr6", "SL:TYPE_RELATION]", "IN:GET_CONTACT]"]}
{"loss": 0.9579119086265564, "class_log_probabilities": [-0.44759589433670044, -7.016283988952637, -7.441381931304932, -8.074426651000977], "predictions": [75, 6, 396, 397, 7, 78, 4, 4, 4], "target_tokens": ["[IN:CREATE_CALL", "[SL:CONTACT", "@ptr1", "@ptr2", "SL:CONTACT]", "IN:CREATE_CALL]"], "predicted_tokens": ["[IN:CREATE_CALL", "[SL:CONTACT", "@ptr1", "@ptr2", "SL:CONTACT]", "IN:CREATE_CALL]"]}
{"loss": 0.9593788981437683, "class_log_probabilities": [-0.4495590329170227, -7.398795127868652, -7.458270072937012, -8.041040420532227], "predictions": [75, 6, 396, 397, 7, 78, 4, 4, 4], "target_tokens": ["[IN:CREATE_CALL", "[SL:CONTACT", "@ptr1", "@ptr2", "SL:CONTACT]", "IN:CREATE_CALL]"], "predicted_tokens": ["[IN:CREATE_CALL", "[SL:CONTACT", "@ptr1", "@ptr2", "SL:CONTACT]", "IN:CREATE_CALL]"]}
{"loss": 0.9691298604011536, "class_log_probabilities": [-0.39422786235809326, -4.9965291023254395, -5.960073471069336, -6.061646938323975], "predictions": [75, 6, 400, 7, 78, 4, 4, 4, 4], "target_tokens": ["[IN:CREATE_CALL", "[SL:CONTACT", "@ptr5", "SL:CONTACT]", "IN:CREATE_CALL]"], "predicted_tokens": ["[IN:CREATE_CALL", "[SL:CONTACT", "@ptr5", "SL:CONTACT]", "IN:CREATE_CALL]"]}
{"loss": 0.9807569980621338, "class_log_probabilities": [-0.8720006346702576, -2.604706048965454, -5.7023797035217285, -6.111441135406494], "predictions": [75, 6, 396, 7, 20, 398, 21, 78, 4], "target_tokens": ["[IN:CREATE_CALL", "[SL:CONTACT", "@ptr1", "SL:CONTACT]", "[SL:ORDINAL", "@ptr3", "SL:ORDINAL]", "IN:CREATE_CALL]"], "predicted_tokens": ["[IN:CREATE_CALL", "[SL:CONTACT", "@ptr1", "SL:CONTACT]", "[SL:ORDINAL", "@ptr3", "SL:ORDINAL]", "IN:CREATE_CALL]"]}
{"loss": 1.0766626596450806, "class_log_probabilities": [-1.7967529296875, -1.9788494110107422, -5.969236850738525, -6.000032424926758], "predictions": [75, 6, 396, 7, 20, 397, 21, 78, 4], "target_tokens": ["[IN:CREATE_CALL", "[SL:CONTACT", "@ptr1", "SL:CONTACT]", "[SL:ORDINAL", "@ptr3", "SL:ORDINAL]", "IN:CREATE_CALL]"], "predicted_tokens": ["[IN:CREATE_CALL", "[SL:CONTACT", "@ptr1", "SL:CONTACT]", "[SL:ORDINAL", "@ptr2", "SL:ORDINAL]", "IN:CREATE_CALL]"]}
{"loss": 1.0282388925552368, "class_log_probabilities": [-1.6093155145645142, -3.001136302947998, -3.9063823223114014, -5.585015296936035], "predictions": [75, 6, 396, 7, 20, 397, 21, 78, 4], "target_tokens": ["[IN:CREATE_CALL", "[SL:CONTACT", "@ptr1", "SL:CONTACT]", "[SL:ORDINAL", "@ptr2", "SL:ORDINAL]", "IN:CREATE_CALL]"], "predicted_tokens": ["[IN:CREATE_CALL", "[SL:CONTACT", "@ptr1", "SL:CONTACT]", "[SL:ORDINAL", "@ptr2", "SL:ORDINAL]", "IN:CREATE_CALL]"]}
{"loss": 0.9929468631744385, "class_log_probabilities": [-1.0905871391296387, -4.254305362701416, -5.712717533111572, -6.348486423492432], "predictions": [75, 6, 396, 7, 20, 397, 21, 78, 4], "target_tokens": ["[IN:CREATE_CALL", "[SL:CONTACT", "@ptr1", "SL:CONTACT]", "[SL:ORDINAL", "@ptr2", "SL:ORDINAL]", "IN:CREATE_CALL]"], "predicted_tokens": ["[IN:CREATE_CALL", "[SL:CONTACT", "@ptr1", "SL:CONTACT]", "[SL:ORDINAL", "@ptr2", "SL:ORDINAL]", "IN:CREATE_CALL]"]}
{"loss": 2.6963717937469482, "class_log_probabilities": [-0.7489840984344482, -2.721423387527466, -3.74595308303833, -6.694271564483643], "predictions": [13, 14, 400, 15, 18, 4, 4, 4, 4], "target_tokens": ["[IN:GET_WEATHER", "[SL:LOCATION", "@ptr5", "@ptr6", "@ptr7", "@ptr8", "SL:LOCATION]", "IN:GET_WEATHER]"], "predicted_tokens": ["[IN:GET_WEATHER", "[SL:LOCATION", "@ptr5", "SL:LOCATION]", "IN:GET_WEATHER]"]}
{"loss": 0.9964118599891663, "class_log_probabilities": [-0.4728682339191437, -4.79190731048584, -5.041247844696045, -5.539090156555176], "predictions": [295, 156, 397, 398, 399, 400, 157, 296, 4], "target_tokens": ["[IN:GET_DATE_TIME_EVENT", "[SL:TITLE_EVENT", "@ptr2", "@ptr3", "@ptr4", "@ptr5", "SL:TITLE_EVENT]", "IN:GET_DATE_TIME_EVENT]"], "predicted_tokens": ["[IN:GET_DATE_TIME_EVENT", "[SL:TITLE_EVENT", "@ptr2", "@ptr3", "@ptr4", "@ptr5", "SL:TITLE_EVENT]", "IN:GET_DATE_TIME_EVENT]"]}
{"loss": 0.9935042262077332, "class_log_probabilities": [-0.5054054260253906, -5.762035369873047, -6.110857009887695, -6.121030807495117], "predictions": [265, 156, 398, 399, 400, 401, 157, 266, 4], "target_tokens": ["[IN:GET_ATTENDEE_EVENT", "[SL:TITLE_EVENT", "@ptr3", "@ptr4", "@ptr5", "@ptr6", "SL:TITLE_EVENT]", "IN:GET_ATTENDEE_EVENT]"], "predicted_tokens": ["[IN:GET_ATTENDEE_EVENT", "[SL:TITLE_EVENT", "@ptr3", "@ptr4", "@ptr5", "@ptr6", "SL:TITLE_EVENT]", "IN:GET_ATTENDEE_EVENT]"]}
{"loss": 0.9899131655693054, "class_log_probabilities": [-0.4333753287792206, -5.780128479003906, -5.989411354064941, -6.231259822845459], "predictions": [295, 20, 400, 21, 296, 4], "target_tokens": ["[IN:GET_DATE_TIME_EVENT", "[SL:ORDINAL", "@ptr5", "SL:ORDINAL]", "IN:GET_DATE_TIME_EVENT]"], "predicted_tokens": ["[IN:GET_DATE_TIME_EVENT", "[SL:ORDINAL", "@ptr5", "SL:ORDINAL]", "IN:GET_DATE_TIME_EVENT]"]}
{"loss": 3.287076234817505, "class_log_probabilities": [-1.104714035987854, -2.7830371856689453, -3.8048110008239746, -5.242909908294678], "predictions": [55, 56, 395, 57, 58, 4, 4, 4, 4, 4, 4, 4, 4], "target_tokens": ["[IN:GET_ATTENDEE_EVENT", "[SL:TITLE_EVENT", "@ptr0", "@ptr1", "@ptr2", "@ptr3", "@ptr4", "@ptr5", "@ptr6", "@ptr7", "SL:TITLE_EVENT]", "IN:GET_ATTENDEE_EVENT]"], "predicted_tokens": ["[IN:QUESTION_NEWS", "[SL:NEWS_TOPIC", "@ptr0", "SL:NEWS_TOPIC]", "IN:QUESTION_NEWS]"]}
{"loss": 1.0786857604980469, "class_log_probabilities": [-1.6062712669372559, -2.551093339920044, -3.0671253204345703, -3.424713373184204], "predictions": [61, 83, 398, 399, 400, 84, 14, 402, 15, 62, 4, 4, 4, 4], "target_tokens": ["[IN:GET_EVENT", "[SL:CATEGORY_EVENT", "@ptr3", "@ptr4", "@ptr5", "SL:CATEGORY_EVENT]", "[SL:LOCATION", "@ptr7", "SL:LOCATION]", "IN:GET_EVENT]"], "predicted_tokens": ["[IN:GET_EVENT", "[SL:CATEGORY_EVENT", "@ptr3", "@ptr4", "@ptr5", "SL:CATEGORY_EVENT]", "[SL:LOCATION", "@ptr7", "SL:LOCATION]", "IN:GET_EVENT]"]}
{"loss": 2.356830596923828, "class_log_probabilities": [-2.9581298828125, -3.866577386856079, -3.8828725814819336, -5.491701126098633], "predictions": [173, 156, 405, 157, 174, 4, 4, 4, 4, 4], "target_tokens": ["[IN:GET_CATEGORY_EVENT", "[SL:TITLE_EVENT", "@ptr10", "@ptr11", "SL:TITLE_EVENT]", "IN:GET_CATEGORY_EVENT]"], "predicted_tokens": ["[IN:GET_CATEGORY_EVENT", "[SL:TITLE_EVENT", "@ptr10", "SL:TITLE_EVENT]", "IN:GET_CATEGORY_EVENT]"]}
{"loss": 0.9872540831565857, "class_log_probabilities": [-0.5924934148788452, -5.301021099090576, -5.492499351501465, -5.605729103088379], "predictions": [63, 64, 397, 65, 101, 398, 399, 400, 102, 68, 4, 4], "target_tokens": ["[IN:PLAY_MUSIC", "[SL:MUSIC_TYPE", "@ptr2", "SL:MUSIC_TYPE]", "[SL:MUSIC_TRACK_TITLE", "@ptr3", "@ptr4", "@ptr5", "SL:MUSIC_TRACK_TITLE]", "IN:PLAY_MUSIC]"], "predicted_tokens": ["[IN:PLAY_MUSIC", "[SL:MUSIC_TYPE", "@ptr2", "SL:MUSIC_TYPE]", "[SL:MUSIC_TRACK_TITLE", "@ptr3", "@ptr4", "@ptr5", "SL:MUSIC_TRACK_TITLE]", "IN:PLAY_MUSIC]"]}
{"loss": 0.957155704498291, "class_log_probabilities": [-0.37509632110595703, -7.8747406005859375, -8.271563529968262, -8.357463836669922], "predictions": [75, 6, 396, 7, 78, 4, 4, 4], "target_tokens": ["[IN:CREATE_CALL", "[SL:CONTACT", "@ptr1", "SL:CONTACT]", "IN:CREATE_CALL]"], "predicted_tokens": ["[IN:CREATE_CALL", "[SL:CONTACT", "@ptr1", "SL:CONTACT]", "IN:CREATE_CALL]"]}
{"loss": 0.9567761421203613, "class_log_probabilities": [-0.42451295256614685, -4.84929895401001, -6.733202934265137, -6.901507377624512], "predictions": [75, 6, 397, 7, 78, 4, 4, 4], "target_tokens": ["[IN:CREATE_CALL", "[SL:CONTACT", "@ptr2", "SL:CONTACT]", "IN:CREATE_CALL]"], "predicted_tokens": ["[IN:CREATE_CALL", "[SL:CONTACT", "@ptr2", "SL:CONTACT]", "IN:CREATE_CALL]"]}
{"loss": 0.9586453437805176, "class_log_probabilities": [-0.38100486993789673, -7.5350446701049805, -7.590078830718994, -8.06449031829834], "predictions": [75, 6, 396, 7, 78, 4, 4, 4], "target_tokens": ["[IN:CREATE_CALL", "[SL:CONTACT", "@ptr1", "SL:CONTACT]", "IN:CREATE_CALL]"], "predicted_tokens": ["[IN:CREATE_CALL", "[SL:CONTACT", "@ptr1", "SL:CONTACT]", "IN:CREATE_CALL]"]}
{"loss": 1.208235740661621, "class_log_probabilities": [-1.5768835544586182, -2.131728172302246, -2.236504316329956, -2.862290143966675], "predictions": [23, 10, 399, 400, 401, 11, 26, 4, 4], "target_tokens": ["[IN:SEND_MESSAGE", "[SL:RECIPIENT", "@ptr3", "@ptr4", "@ptr5", "SL:RECIPIENT]", "IN:SEND_MESSAGE]"], "predicted_tokens": ["[IN:SEND_MESSAGE", "[SL:RECIPIENT", "@ptr4", "@ptr5", "@ptr6", "SL:RECIPIENT]", "IN:SEND_MESSAGE]"]}
{"loss": 0.9762548804283142, "class_log_probabilities": [-0.6076244115829468, -4.087741374969482, -4.984278678894043, -5.056256294250488], "predictions": [23, 10, 399, 400, 11, 26, 4, 4], "target_tokens": ["[IN:SEND_MESSAGE", "[SL:RECIPIENT", "@ptr4", "@ptr5", "SL:RECIPIENT]", "IN:SEND_MESSAGE]"], "predicted_tokens": ["[IN:SEND_MESSAGE", "[SL:RECIPIENT", "@ptr4", "@ptr5", "SL:RECIPIENT]", "IN:SEND_MESSAGE]"]}
{"loss": 0.9695401787757874, "class_log_probabilities": [-0.44123125076293945, -5.994388103485107, -6.093840599060059, -6.513559818267822], "predictions": [23, 10, 399, 400, 11, 26, 4], "target_tokens": ["[IN:SEND_MESSAGE", "[SL:RECIPIENT", "@ptr4", "@ptr5", "SL:RECIPIENT]", "IN:SEND_MESSAGE]"], "predicted_tokens": ["[IN:SEND_MESSAGE", "[SL:RECIPIENT", "@ptr4", "@ptr5", "SL:RECIPIENT]", "IN:SEND_MESSAGE]"]}
{"loss": 0.9748812913894653, "class_log_probabilities": [-0.508339524269104, -4.888874053955078, -5.001407146453857, -5.506689071655273], "predictions": [23, 10, 399, 400, 11, 26, 4], "target_tokens": ["[IN:SEND_MESSAGE", "[SL:RECIPIENT", "@ptr4", "@ptr5", "SL:RECIPIENT]", "IN:SEND_MESSAGE]"], "predicted_tokens": ["[IN:SEND_MESSAGE", "[SL:RECIPIENT", "@ptr4", "@ptr5", "SL:RECIPIENT]", "IN:SEND_MESSAGE]"]}
{"loss": 3.7700674533843994, "class_log_probabilities": [-0.3913293480873108, -6.108689785003662, -6.170952796936035, -6.361457347869873], "predictions": [75, 78, 4], "target_tokens": ["[IN:ANSWER_CALL", "IN:ANSWER_CALL]"], "predicted_tokens": ["[IN:CREATE_CALL", "IN:CREATE_CALL]"]}
{"loss": 1.3142064809799194, "class_log_probabilities": [-2.087301254272461, -4.243805408477783, -4.3434624671936035, -4.979620456695557], "predictions": [23, 8, 398, 9, 10, 401, 11, 26, 4], "target_tokens": ["[IN:SEND_MESSAGE", "[SL:TYPE_CONTENT", "@ptr3", "SL:TYPE_CONTENT]", "[SL:RECIPIENT", "@ptr5", "SL:RECIPIENT]", "IN:SEND_MESSAGE]"], "predicted_tokens": ["[IN:SEND_MESSAGE", "[SL:TYPE_CONTENT", "@ptr3", "SL:TYPE_CONTENT]", "[SL:RECIPIENT", "@ptr6", "SL:RECIPIENT]", "IN:SEND_MESSAGE]"]}
{"loss": 0.9707168936729431, "class_log_probabilities": [-0.508110761642456, -6.732123374938965, -6.855406284332275, -7.078396320343018], "predictions": [23, 10, 397, 11, 8, 401, 9, 26, 4, 4, 4, 4], "target_tokens": ["[IN:SEND_MESSAGE", "[SL:RECIPIENT", "@ptr2", "SL:RECIPIENT]", "[SL:TYPE_CONTENT", "@ptr6", "SL:TYPE_CONTENT]", "IN:SEND_MESSAGE]"], "predicted_tokens": ["[IN:SEND_MESSAGE", "[SL:RECIPIENT", "@ptr2", "SL:RECIPIENT]", "[SL:TYPE_CONTENT", "@ptr6", "SL:TYPE_CONTENT]", "IN:SEND_MESSAGE]"]}
{"loss": 0.9829273223876953, "class_log_probabilities": [-0.4815753400325775, -3.934544086456299, -6.768056392669678, -8.221405029296875], "predictions": [23, 8, 397, 9, 10, 399, 11, 26, 4, 4, 4, 4], "target_tokens": ["[IN:SEND_MESSAGE", "[SL:TYPE_CONTENT", "@ptr2", "SL:TYPE_CONTENT]", "[SL:RECIPIENT", "@ptr4", "SL:RECIPIENT]", "IN:SEND_MESSAGE]"], "predicted_tokens": ["[IN:SEND_MESSAGE", "[SL:TYPE_CONTENT", "@ptr2", "SL:TYPE_CONTENT]", "[SL:RECIPIENT", "@ptr4", "SL:RECIPIENT]", "IN:SEND_MESSAGE]"]}
{"loss": 0.9835934042930603, "class_log_probabilities": [-0.5451523661613464, -3.9584975242614746, -6.161202430725098, -7.161186218261719], "predictions": [23, 8, 398, 9, 10, 400, 11, 26, 4, 4, 4, 4], "target_tokens": ["[IN:SEND_MESSAGE", "[SL:TYPE_CONTENT", "@ptr3", "SL:TYPE_CONTENT]", "[SL:RECIPIENT", "@ptr5", "SL:RECIPIENT]", "IN:SEND_MESSAGE]"], "predicted_tokens": ["[IN:SEND_MESSAGE", "[SL:TYPE_CONTENT", "@ptr3", "SL:TYPE_CONTENT]", "[SL:RECIPIENT", "@ptr5", "SL:RECIPIENT]", "IN:SEND_MESSAGE]"]}
{"loss": 1.0088075399398804, "class_log_probabilities": [-1.0410126447677612, -1.773125171661377, -6.848617076873779, -6.945631504058838], "predictions": [23, 10, 397, 11, 8, 402, 9, 26, 4, 4], "target_tokens": ["[IN:SEND_MESSAGE", "[SL:RECIPIENT", "@ptr2", "SL:RECIPIENT]", "[SL:TYPE_CONTENT", "@ptr7", "SL:TYPE_CONTENT]", "IN:SEND_MESSAGE]"], "predicted_tokens": ["[IN:SEND_MESSAGE", "[SL:RECIPIENT", "@ptr2", "SL:RECIPIENT]", "[SL:TYPE_CONTENT", "@ptr7", "SL:TYPE_CONTENT]", "IN:SEND_MESSAGE]"]}
{"loss": 0.9758589863777161, "class_log_probabilities": [-0.45520904660224915, -7.205223083496094, -7.219033241271973, -7.261414527893066], "predictions": [23, 10, 397, 11, 8, 400, 9, 26, 4], "target_tokens": ["[IN:SEND_MESSAGE", "[SL:RECIPIENT", "@ptr2", "SL:RECIPIENT]", "[SL:TYPE_CONTENT", "@ptr5", "SL:TYPE_CONTENT]", "IN:SEND_MESSAGE]"], "predicted_tokens": ["[IN:SEND_MESSAGE", "[SL:RECIPIENT", "@ptr2", "SL:RECIPIENT]", "[SL:TYPE_CONTENT", "@ptr5", "SL:TYPE_CONTENT]", "IN:SEND_MESSAGE]"]}
{"loss": 1.3811928033828735, "class_log_probabilities": [-1.4051133394241333, -2.2816741466522217, -3.537259578704834, -3.6856727600097656], "predictions": [23, 8, 398, 9, 10, 400, 11, 26, 4], "target_tokens": ["[IN:SEND_MESSAGE", "[SL:TYPE_CONTENT", "@ptr2", "SL:TYPE_CONTENT]", "[SL:RECIPIENT", "@ptr4", "@ptr5", "SL:RECIPIENT]", "IN:SEND_MESSAGE]"], "predicted_tokens": ["[IN:SEND_MESSAGE", "[SL:TYPE_CONTENT", "@ptr3", "SL:TYPE_CONTENT]", "[SL:RECIPIENT", "@ptr5", "SL:RECIPIENT]", "IN:SEND_MESSAGE]"]}
{"loss": 0.984155535697937, "class_log_probabilities": [-0.5299122333526611, -3.9763829708099365, -5.792613506317139, -6.560663223266602], "predictions": [23, 8, 398, 9, 10, 400, 11, 26, 4, 4], "target_tokens": ["[IN:SEND_MESSAGE", "[SL:TYPE_CONTENT", "@ptr3", "SL:TYPE_CONTENT]", "[SL:RECIPIENT", "@ptr5", "SL:RECIPIENT]", "IN:SEND_MESSAGE]"], "predicted_tokens": ["[IN:SEND_MESSAGE", "[SL:TYPE_CONTENT", "@ptr3", "SL:TYPE_CONTENT]", "[SL:RECIPIENT", "@ptr5", "SL:RECIPIENT]", "IN:SEND_MESSAGE]"]}
{"loss": 1.6485788822174072, "class_log_probabilities": [-0.8401758074760437, -1.8524788618087769, -6.022985935211182, -8.526812553405762], "predictions": [23, 8, 401, 9, 10, 403, 11, 26, 4, 4, 4, 4, 4, 4, 4], "target_tokens": ["[IN:SEND_MESSAGE", "[SL:TYPE_CONTENT", "@ptr5", "SL:TYPE_CONTENT]", "[SL:RECIPIENT", "@ptr7", "SL:RECIPIENT]", "IN:SEND_MESSAGE]"], "predicted_tokens": ["[IN:SEND_MESSAGE", "[SL:TYPE_CONTENT", "@ptr6", "SL:TYPE_CONTENT]", "[SL:RECIPIENT", "@ptr8", "SL:RECIPIENT]", "IN:SEND_MESSAGE]"]}
{"loss": 2.316115140914917, "class_log_probabilities": [-4.281405925750732, -5.482303619384766, -6.072882175445557, -7.111606597900391], "predictions": [23, 8, 401, 9, 10, 70, 73, 11, 26, 4, 4, 4, 4, 4, 4, 4, 4], "target_tokens": ["[IN:SEND_MESSAGE", "[SL:TYPE_CONTENT", "@ptr6", "SL:TYPE_CONTENT]", "[SL:RECIPIENT", "[IN:GET_CONTACT", "[SL:CONTACT_RELATED", "@ptr10", "SL:CONTACT_RELATED]", "[SL:TYPE_RELATION", "@ptr11", "@ptr12", "@ptr13", "SL:TYPE_RELATION]", "IN:GET_CONTACT]", "SL:RECIPIENT]", "[SL:CONTENT_EXACT", "@ptr18", "@ptr19", "@ptr20", "@ptr21", "@ptr22", "@ptr23", "SL:CONTENT_EXACT]", "IN:SEND_MESSAGE]"], "predicted_tokens": ["[IN:SEND_MESSAGE", "[SL:TYPE_CONTENT", "@ptr6", "SL:TYPE_CONTENT]", "[SL:RECIPIENT", "[IN:GET_CONTACT", "IN:GET_CONTACT]", "SL:RECIPIENT]", "IN:SEND_MESSAGE]"]}
{"loss": 1.0427137613296509, "class_log_probabilities": [-1.8898049592971802, -2.3757641315460205, -2.9713315963745117, -3.866726875305176], "predictions": [23, 8, 398, 9, 10, 70, 71, 400, 72, 73, 11, 26, 4], "target_tokens": ["[IN:SEND_MESSAGE", "[SL:TYPE_CONTENT", "@ptr3", "SL:TYPE_CONTENT]", "[SL:RECIPIENT", "[IN:GET_CONTACT", "[SL:TYPE_RELATION", "@ptr5", "SL:TYPE_RELATION]", "IN:GET_CONTACT]", "SL:RECIPIENT]", "IN:SEND_MESSAGE]"], "predicted_tokens": ["[IN:SEND_MESSAGE", "[SL:TYPE_CONTENT", "@ptr3", "SL:TYPE_CONTENT]", "[SL:RECIPIENT", "[IN:GET_CONTACT", "[SL:TYPE_RELATION", "@ptr5", "SL:TYPE_RELATION]", "IN:GET_CONTACT]", "SL:RECIPIENT]", "IN:SEND_MESSAGE]"]}
{"loss": 1.2619271278381348, "class_log_probabilities": [-1.0141947269439697, -3.5803682804107666, -3.7741904258728027, -5.320093631744385], "predictions": [23, 8, 404, 9, 10, 407, 11, 26, 4, 4, 4, 4], "target_tokens": ["[IN:SEND_MESSAGE", "[SL:TYPE_CONTENT", "@ptr9", "SL:TYPE_CONTENT]", "[SL:RECIPIENT", "@ptr11", "SL:RECIPIENT]", "IN:SEND_MESSAGE]"], "predicted_tokens": ["[IN:SEND_MESSAGE", "[SL:TYPE_CONTENT", "@ptr9", "SL:TYPE_CONTENT]", "[SL:RECIPIENT", "@ptr12", "SL:RECIPIENT]", "IN:SEND_MESSAGE]"]}
{"loss": 1.0708636045455933, "class_log_probabilities": [-1.9456952810287476, -3.403219223022461, -3.4603309631347656, -3.4982404708862305], "predictions": [75, 6, 70, 93, 396, 94, 71, 397, 72, 6, 398, 7, 76, 400, 77, 78, 4, 4, 4], "target_tokens": ["[IN:CREATE_CALL", "[SL:CONTACT", "[IN:GET_CONTACT", "[SL:CONTACT_RELATED", "@ptr1", "SL:CONTACT_RELATED]", "[SL:TYPE_RELATION", "@ptr2", "SL:TYPE_RELATION]", "[SL:CONTACT", "@ptr3", "SL:CONTACT]", "IN:GET_CONTACT]", "SL:CONTACT]", "[SL:NAME_APP", "@ptr5", "SL:NAME_APP]", "IN:CREATE_CALL]"], "predicted_tokens": ["[IN:CREATE_CALL", "[SL:CONTACT", "[IN:GET_CONTACT", "[SL:CONTACT_RELATED", "@ptr1", "SL:CONTACT_RELATED]", "[SL:TYPE_RELATION", "@ptr2", "SL:TYPE_RELATION]", "[SL:CONTACT", "@ptr3", "SL:CONTACT]", "[SL:NAME_APP", "@ptr5", "SL:NAME_APP]", "IN:CREATE_CALL]"]}
{"loss": 0.9719886779785156, "class_log_probabilities": [-0.5389211773872375, -6.8994903564453125, -6.970545768737793, -7.244734287261963], "predictions": [75, 6, 396, 397, 7, 76, 399, 77, 78, 4, 4], "target_tokens": ["[IN:CREATE_CALL", "[SL:CONTACT", "@ptr1", "@ptr2", "SL:CONTACT]", "[SL:NAME_APP", "@ptr4", "SL:NAME_APP]", "IN:CREATE_CALL]"], "predicted_tokens": ["[IN:CREATE_CALL", "[SL:CONTACT", "@ptr1", "@ptr2", "SL:CONTACT]", "[SL:NAME_APP", "@ptr4", "SL:NAME_APP]", "IN:CREATE_CALL]"]}
{"loss": 0.9612764716148376, "class_log_probabilities": [-0.5023961067199707, -5.5453596115112305, -6.000284671783447, -6.075897216796875], "predictions": [75, 6, 398, 399, 400, 7, 78, 4, 4], "target_tokens": ["[IN:CREATE_CALL", "[SL:CONTACT", "@ptr3", "@ptr4", "@ptr5", "SL:CONTACT]", "IN:CREATE_CALL]"], "predicted_tokens": ["[IN:CREATE_CALL", "[SL:CONTACT", "@ptr3", "@ptr4", "@ptr5", "SL:CONTACT]", "IN:CREATE_CALL]"]}
{"loss": 0.9628316760063171, "class_log_probabilities": [-0.4799748361110687, -5.370960235595703, -6.1969218254089355, -6.576907157897949], "predictions": [75, 6, 398, 399, 400, 7, 78, 4, 4], "target_tokens": ["[IN:CREATE_CALL", "[SL:CONTACT", "@ptr3", "@ptr4", "@ptr5", "SL:CONTACT]", "IN:CREATE_CALL]"], "predicted_tokens": ["[IN:CREATE_CALL", "[SL:CONTACT", "@ptr3", "@ptr4", "@ptr5", "SL:CONTACT]", "IN:CREATE_CALL]"]}
{"loss": 2.141867160797119, "class_log_probabilities": [-0.4262339770793915, -6.564788818359375, -6.596809387207031, -6.694891929626465], "predictions": [75, 6, 398, 399, 7, 78, 4, 4, 4, 4], "target_tokens": ["[IN:CREATE_CALL", "[SL:CONTACT", "@ptr2", "@ptr3", "@ptr4", "SL:CONTACT]", "IN:CREATE_CALL]"], "predicted_tokens": ["[IN:CREATE_CALL", "[SL:CONTACT", "@ptr3", "@ptr4", "SL:CONTACT]", "IN:CREATE_CALL]"]}
{"loss": 0.9693275690078735, "class_log_probabilities": [-0.7767302393913269, -4.123491287231445, -4.773887634277344, -4.784022808074951], "predictions": [75, 6, 399, 400, 401, 7, 78, 4, 4], "target_tokens": ["[IN:CREATE_CALL", "[SL:CONTACT", "@ptr4", "@ptr5", "@ptr6", "SL:CONTACT]", "IN:CREATE_CALL]"], "predicted_tokens": ["[IN:CREATE_CALL", "[SL:CONTACT", "@ptr4", "@ptr5", "@ptr6", "SL:CONTACT]", "IN:CREATE_CALL]"]}
{"loss": 1.6238834857940674, "class_log_probabilities": [-0.7634501457214355, -4.045454502105713, -4.376636028289795, -5.555274486541748], "predictions": [75, 6, 398, 399, 7, 78, 4, 4, 4, 4], "target_tokens": ["[IN:CREATE_CALL", "[SL:CONTACT", "@ptr2", "@ptr3", "@ptr4", "SL:CONTACT]", "IN:CREATE_CALL]"], "predicted_tokens": ["[IN:CREATE_CALL", "[SL:CONTACT", "@ptr3", "@ptr4", "SL:CONTACT]", "IN:CREATE_CALL]"]}
{"loss": 0.9568698406219482, "class_log_probabilities": [-0.5931785106658936, -7.080352306365967, -7.10054349899292, -7.117437362670898], "predictions": [75, 6, 396, 397, 398, 7, 78, 4, 4, 4], "target_tokens": ["[IN:CREATE_CALL", "[SL:CONTACT", "@ptr1", "@ptr2", "@ptr3", "SL:CONTACT]", "IN:CREATE_CALL]"], "predicted_tokens": ["[IN:CREATE_CALL", "[SL:CONTACT", "@ptr1", "@ptr2", "@ptr3", "SL:CONTACT]", "IN:CREATE_CALL]"]}
{"loss": 1.876917839050293, "class_log_probabilities": [-0.5190959572792053, -4.822824001312256, -5.813889503479004, -6.4705657958984375], "predictions": [75, 6, 398, 399, 7, 78, 4, 4, 4, 4], "target_tokens": ["[IN:CREATE_CALL", "[SL:CONTACT", "@ptr2", "@ptr3", "@ptr4", "SL:CONTACT]", "IN:CREATE_CALL]"], "predicted_tokens": ["[IN:CREATE_CALL", "[SL:CONTACT", "@ptr3", "@ptr4", "SL:CONTACT]", "IN:CREATE_CALL]"]}
{"loss": 0.9619940519332886, "class_log_probabilities": [-0.4898063838481903, -5.600992679595947, -5.955751895904541, -6.4305548667907715], "predictions": [75, 6, 398, 399, 400, 7, 78, 4, 4], "target_tokens": ["[IN:CREATE_CALL", "[SL:CONTACT", "@ptr3", "@ptr4", "@ptr5", "SL:CONTACT]", "IN:CREATE_CALL]"], "predicted_tokens": ["[IN:CREATE_CALL", "[SL:CONTACT", "@ptr3", "@ptr4", "@ptr5", "SL:CONTACT]", "IN:CREATE_CALL]"]}
{"loss": 2.2428219318389893, "class_log_probabilities": [-2.237370252609253, -2.636192560195923, -2.7035887241363525, -4.0522942543029785], "predictions": [127, 16, 404, 405, 17, 128, 4], "target_tokens": ["[IN:GET_SUNRISE", "[SL:DATE_TIME", "@ptr10", "SL:DATE_TIME]", "IN:GET_SUNRISE]"], "predicted_tokens": ["[IN:GET_SUNRISE", "[SL:DATE_TIME", "@ptr9", "@ptr10", "SL:DATE_TIME]", "IN:GET_SUNRISE]"]}
{"loss": 1.0199586153030396, "class_log_probabilities": [-0.11998496204614639, -7.281795501708984, -7.58379602432251, -7.607326984405518], "predictions": [221, 222, 4], "target_tokens": ["[IN:GET_SUNSET", "IN:GET_SUNSET]"], "predicted_tokens": ["[IN:GET_SUNSET", "IN:GET_SUNSET]"]}
{"loss": 1.414212703704834, "class_log_probabilities": [-3.474778652191162, -3.9802534580230713, -4.152431964874268, -6.210221290588379], "predictions": [70, 93, 398, 94, 71, 404, 72, 73, 4, 4, 4, 4, 4, 4, 4, 4], "target_tokens": ["[IN:GET_CONTACT", "[SL:CONTACT_RELATED", "@ptr7", "SL:CONTACT_RELATED]", "[SL:TYPE_RELATION", "@ptr8", "SL:TYPE_RELATION]", "[SL:DATE_TIME", "@ptr11", "@ptr12", "SL:DATE_TIME]", "IN:GET_CONTACT]"], "predicted_tokens": ["[IN:GET_CONTACT", "[SL:CONTACT_RELATED", "@ptr3", "SL:CONTACT_RELATED]", "[SL:TYPE_RELATION", "@ptr9", "SL:TYPE_RELATION]", "IN:GET_CONTACT]"]}
{"loss": 0.9700642228126526, "class_log_probabilities": [-0.4111799895763397, -6.905553340911865, -6.946897983551025, -7.277367115020752], "predictions": [70, 16, 401, 17, 73, 4, 4], "target_tokens": ["[IN:GET_CONTACT", "[SL:DATE_TIME", "@ptr6", "SL:DATE_TIME]", "IN:GET_CONTACT]"], "predicted_tokens": ["[IN:GET_CONTACT", "[SL:DATE_TIME", "@ptr6", "SL:DATE_TIME]", "IN:GET_CONTACT]"]}
{"loss": 1.1107991933822632, "class_log_probabilities": [-0.8605278134346008, -2.199291229248047, -3.771113157272339, -5.078108787536621], "predictions": [237, 238, 4], "target_tokens": ["[IN:HOLD_CALL", "IN:HOLD_CALL]"], "predicted_tokens": ["[IN:HOLD_CALL", "IN:HOLD_CALL]"]}
{"loss": 0.9724636673927307, "class_log_probabilities": [-0.15620127320289612, -7.674987316131592, -8.083517074584961, -8.196481704711914], "predictions": [81, 82, 4, 4], "target_tokens": ["[IN:END_CALL", "IN:END_CALL]"], "predicted_tokens": ["[IN:END_CALL", "IN:END_CALL]"]}
{"loss": 3.370981454849243, "class_log_probabilities": [-0.21372085809707642, -6.077108860015869, -6.3599748611450195, -6.8314714431762695], "predictions": [245, 246, 4], "target_tokens": ["[IN:HOLD_CALL", "IN:HOLD_CALL]"], "predicted_tokens": ["[IN:UPDATE_METHOD_CALL", "IN:UPDATE_METHOD_CALL]"]}
{"loss": 4.2750468254089355, "class_log_probabilities": [-0.12023095786571503, -8.334287643432617, -8.41224479675293, -8.551055908203125], "predictions": [245, 246, 4], "target_tokens": ["[IN:UPDATE_CALL", "IN:UPDATE_CALL]"], "predicted_tokens": ["[IN:UPDATE_METHOD_CALL", "IN:UPDATE_METHOD_CALL]"]}
{"loss": 1.008428692817688, "class_log_probabilities": [-0.48269397020339966, -2.98966908454895, -4.910905361175537, -6.26832914352417], "predictions": [31, 32, 4], "target_tokens": ["[IN:SET_UNAVAILABLE", "IN:SET_UNAVAILABLE]"], "predicted_tokens": ["[IN:SET_UNAVAILABLE", "IN:SET_UNAVAILABLE]"]}
{"loss": 0.9705365300178528, "class_log_probabilities": [-0.16158898174762726, -8.34313678741455, -8.34801959991455, -8.433697700500488], "predictions": [31, 32, 4], "target_tokens": ["[IN:SET_UNAVAILABLE", "IN:SET_UNAVAILABLE]"], "predicted_tokens": ["[IN:SET_UNAVAILABLE", "IN:SET_UNAVAILABLE]"]}
{"loss": 0.9992679953575134, "class_log_probabilities": [-0.2859784960746765, -7.727552890777588, -7.865943908691406, -7.987087249755859], "predictions": [69, 6, 396, 7, 74, 4, 4, 4], "target_tokens": ["[IN:GET_CALL_TIME", "[SL:CONTACT", "@ptr1", "SL:CONTACT]", "IN:GET_CALL_TIME]"], "predicted_tokens": ["[IN:GET_CALL_TIME", "[SL:CONTACT", "@ptr1", "SL:CONTACT]", "IN:GET_CALL_TIME]"]}
{"loss": 0.9731209874153137, "class_log_probabilities": [-0.4439827501773834, -3.1478428840637207, -5.057823657989502, -6.96700382232666], "predictions": [171, 6, 397, 7, 172, 4, 4, 4], "target_tokens": ["[IN:GET_AVAILABILITY", "[SL:CONTACT", "@ptr2", "SL:CONTACT]", "IN:GET_AVAILABILITY]"], "predicted_tokens": ["[IN:GET_AVAILABILITY", "[SL:CONTACT", "@ptr2", "SL:CONTACT]", "IN:GET_AVAILABILITY]"]}
{"loss": 1.009111762046814, "class_log_probabilities": [-0.7589006423950195, -5.073460578918457, -5.618932723999023, -5.7478179931640625], "predictions": [185, 6, 70, 93, 402, 94, 71, 403, 72, 73, 7, 186, 4], "target_tokens": ["[IN:GET_CALL", "[SL:CONTACT", "[IN:GET_CONTACT", "[SL:CONTACT_RELATED", "@ptr7", "SL:CONTACT_RELATED]", "[SL:TYPE_RELATION", "@ptr8", "SL:TYPE_RELATION]", "IN:GET_CONTACT]", "SL:CONTACT]", "IN:GET_CALL]"], "predicted_tokens": ["[IN:GET_CALL", "[SL:CONTACT", "[IN:GET_CONTACT", "[SL:CONTACT_RELATED", "@ptr7", "SL:CONTACT_RELATED]", "[SL:TYPE_RELATION", "@ptr8", "SL:TYPE_RELATION]", "IN:GET_CONTACT]", "SL:CONTACT]", "IN:GET_CALL]"]}
{"loss": 0.9989095330238342, "class_log_probabilities": [-0.19816511869430542, -4.489196300506592, -6.494654178619385, -6.6129021644592285], "predictions": [69, 74, 4, 4, 4, 4], "target_tokens": ["[IN:GET_CALL_TIME", "IN:GET_CALL_TIME]"], "predicted_tokens": ["[IN:GET_CALL_TIME", "IN:GET_CALL_TIME]"]}
{"loss": 1.3835809230804443, "class_log_probabilities": [-0.4105028510093689, -4.164857387542725, -4.647789478302002, -6.017455101013184], "predictions": [69, 6, 396, 7, 74, 4, 4, 4, 4], "target_tokens": ["[IN:GET_CALL_TIME", "[SL:CONTACT", "@ptr1", "SL:CONTACT]", "[SL:DATE_TIME", "@ptr9", "SL:DATE_TIME]", "IN:GET_CALL_TIME]"], "predicted_tokens": ["[IN:GET_CALL_TIME", "[SL:CONTACT", "@ptr1", "SL:CONTACT]", "IN:GET_CALL_TIME]"]}
{"loss": 0.9559510350227356, "class_log_probabilities": [-0.39281317591667175, -7.4641313552856445, -7.881105422973633, -8.065092086791992], "predictions": [75, 6, 396, 7, 78, 4, 4, 4], "target_tokens": ["[IN:CREATE_CALL", "[SL:CONTACT", "@ptr1", "SL:CONTACT]", "IN:CREATE_CALL]"], "predicted_tokens": ["[IN:CREATE_CALL", "[SL:CONTACT", "@ptr1", "SL:CONTACT]", "IN:CREATE_CALL]"]}
{"loss": 0.9722443222999573, "class_log_probabilities": [-0.7197962403297424, -5.668292999267578, -6.164452075958252, -6.1659626960754395], "predictions": [75, 6, 70, 93, 396, 94, 71, 397, 72, 73, 7, 78, 4], "target_tokens": ["[IN:CREATE_CALL", "[SL:CONTACT", "[IN:GET_CONTACT", "[SL:CONTACT_RELATED", "@ptr1", "SL:CONTACT_RELATED]", "[SL:TYPE_RELATION", "@ptr2", "SL:TYPE_RELATION]", "IN:GET_CONTACT]", "SL:CONTACT]", "IN:CREATE_CALL]"], "predicted_tokens": ["[IN:CREATE_CALL", "[SL:CONTACT", "[IN:GET_CONTACT", "[SL:CONTACT_RELATED", "@ptr1", "SL:CONTACT_RELATED]", "[SL:TYPE_RELATION", "@ptr2", "SL:TYPE_RELATION]", "IN:GET_CONTACT]", "SL:CONTACT]", "IN:CREATE_CALL]"]}
{"loss": 1.0409436225891113, "class_log_probabilities": [-1.2214926481246948, -2.1911916732788086, -3.081102132797241, -3.375504970550537], "predictions": [69, 6, 404, 7, 16, 405, 17, 74, 4, 4], "target_tokens": ["[IN:GET_CALL_TIME", "[SL:CONTACT", "@ptr9", "SL:CONTACT]", "[SL:DATE_TIME", "@ptr10", "SL:DATE_TIME]", "IN:GET_CALL_TIME]"], "predicted_tokens": ["[IN:GET_CALL_TIME", "[SL:CONTACT", "@ptr9", "SL:CONTACT]", "[SL:DATE_TIME", "@ptr10", "SL:DATE_TIME]", "IN:GET_CALL_TIME]"]}
{"loss": 1.9983065128326416, "class_log_probabilities": [-0.3032306134700775, -7.091883182525635, -7.243999004364014, -7.346926212310791], "predictions": [69, 6, 398, 7, 74, 4, 4, 4], "target_tokens": ["[IN:GET_CALL_TIME", "[SL:CONTACT", "@ptr3", "SL:CONTACT]", "[SL:DATE_TIME", "@ptr11", "SL:DATE_TIME]", "IN:GET_CALL_TIME]"], "predicted_tokens": ["[IN:GET_CALL_TIME", "[SL:CONTACT", "@ptr3", "SL:CONTACT]", "IN:GET_CALL_TIME]"]}
{"loss": 0.9631462097167969, "class_log_probabilities": [-0.23735013604164124, -5.660012245178223, -6.403173923492432, -6.56345272064209], "predictions": [81, 82, 4], "target_tokens": ["[IN:END_CALL", "IN:END_CALL]"], "predicted_tokens": ["[IN:END_CALL", "IN:END_CALL]"]}
{"loss": 0.9691380262374878, "class_log_probabilities": [-0.4624398350715637, -6.683424472808838, -7.978943824768066, -8.066925048828125], "predictions": [13, 79, 400, 80, 16, 402, 17, 18, 4, 4, 4], "target_tokens": ["[IN:GET_WEATHER", "[SL:WEATHER_ATTRIBUTE", "@ptr5", "SL:WEATHER_ATTRIBUTE]", "[SL:DATE_TIME", "@ptr7", "SL:DATE_TIME]", "IN:GET_WEATHER]"], "predicted_tokens": ["[IN:GET_WEATHER", "[SL:WEATHER_ATTRIBUTE", "@ptr5", "SL:WEATHER_ATTRIBUTE]", "[SL:DATE_TIME", "@ptr7", "SL:DATE_TIME]", "IN:GET_WEATHER]"]}
{"loss": 0.954828679561615, "class_log_probabilities": [-0.5960392355918884, -7.960914134979248, -8.180681228637695, -8.27540111541748], "predictions": [13, 16, 397, 398, 399, 400, 17, 18, 4, 4], "target_tokens": ["[IN:GET_WEATHER", "[SL:DATE_TIME", "@ptr2", "@ptr3", "@ptr4", "@ptr5", "SL:DATE_TIME]", "IN:GET_WEATHER]"], "predicted_tokens": ["[IN:GET_WEATHER", "[SL:DATE_TIME", "@ptr2", "@ptr3", "@ptr4", "@ptr5", "SL:DATE_TIME]", "IN:GET_WEATHER]"]}
{"loss": 0.9622665643692017, "class_log_probabilities": [-0.6019507050514221, -5.070835113525391, -7.862362861633301, -8.062009811401367], "predictions": [13, 16, 399, 400, 401, 402, 403, 17, 18, 4, 4], "target_tokens": ["[IN:GET_WEATHER", "[SL:DATE_TIME", "@ptr4", "@ptr5", "@ptr6", "@ptr7", "@ptr8", "SL:DATE_TIME]", "IN:GET_WEATHER]"], "predicted_tokens": ["[IN:GET_WEATHER", "[SL:DATE_TIME", "@ptr4", "@ptr5", "@ptr6", "@ptr7", "@ptr8", "SL:DATE_TIME]", "IN:GET_WEATHER]"]}
{"loss": 3.0974209308624268, "class_log_probabilities": [-0.5209394097328186, -7.249800682067871, -7.508024215698242, -7.886202812194824], "predictions": [13, 16, 399, 17, 14, 401, 15, 18, 4, 4], "target_tokens": ["[IN:GET_WEATHER", "[SL:WEATHER_ATTRIBUTE", "@ptr1", "SL:WEATHER_ATTRIBUTE]", "[SL:LOCATION", "@ptr6", "SL:LOCATION]", "[SL:DATE_TIME", "@ptr4", "SL:DATE_TIME]", "IN:GET_WEATHER]"], "predicted_tokens": ["[IN:GET_WEATHER", "[SL:DATE_TIME", "@ptr4", "SL:DATE_TIME]", "[SL:LOCATION", "@ptr6", "SL:LOCATION]", "IN:GET_WEATHER]"]}
{"loss": 1.123984694480896, "class_log_probabilities": [-2.8969056606292725, -2.916585683822632, -2.9409146308898926, -2.942669153213501], "predictions": [13, 14, 403, 15, 16, 405, 406, 17, 18, 4, 4, 4], "target_tokens": ["[IN:GET_WEATHER", "[SL:LOCATION", "@ptr8", "SL:LOCATION]", "[SL:DATE_TIME", "@ptr9", "@ptr10", "@ptr11", "@ptr12", "SL:DATE_TIME]", "IN:GET_WEATHER]"], "predicted_tokens": ["[IN:GET_WEATHER", "[SL:LOCATION", "@ptr8", "SL:LOCATION]", "[SL:DATE_TIME", "@ptr10", "@ptr11", "SL:DATE_TIME]", "IN:GET_WEATHER]"]}
{"loss": 1.0691298246383667, "class_log_probabilities": [-1.3459733724594116, -2.1881942749023438, -3.5216426849365234, -3.93509578704834], "predictions": [13, 14, 402, 403, 404, 15, 16, 405, 17, 18, 4, 4], "target_tokens": ["[IN:GET_WEATHER", "[SL:LOCATION", "@ptr7", "@ptr8", "@ptr9", "SL:LOCATION]", "[SL:DATE_TIME", "@ptr10", "@ptr11", "SL:DATE_TIME]", "IN:GET_WEATHER]"], "predicted_tokens": ["[IN:GET_WEATHER", "[SL:LOCATION", "@ptr7", "@ptr8", "@ptr9", "SL:LOCATION]", "[SL:DATE_TIME", "@ptr10", "SL:DATE_TIME]", "IN:GET_WEATHER]"]}
{"loss": 0.9647378325462341, "class_log_probabilities": [-0.38398945331573486, -4.4297590255737305, -6.850005149841309, -7.863150119781494], "predictions": [13, 14, 398, 15, 18, 4], "target_tokens": ["[IN:GET_WEATHER", "[SL:LOCATION", "@ptr3", "SL:LOCATION]", "IN:GET_WEATHER]"], "predicted_tokens": ["[IN:GET_WEATHER", "[SL:LOCATION", "@ptr3", "SL:LOCATION]", "IN:GET_WEATHER]"]}
{"loss": 1.1274973154067993, "class_log_probabilities": [-1.6078194379806519, -2.4978506565093994, -3.7714121341705322, -6.5606842041015625], "predictions": [13, 14, 407, 15, 18, 4, 4, 4], "target_tokens": ["[IN:GET_WEATHER", "[SL:LOCATION", "@ptr12", "SL:LOCATION]", "IN:GET_WEATHER]"], "predicted_tokens": ["[IN:GET_WEATHER", "[SL:LOCATION", "@ptr12", "SL:LOCATION]", "IN:GET_WEATHER]"]}
{"loss": 1.2319536209106445, "class_log_probabilities": [-1.2137742042541504, -2.2515361309051514, -3.4886176586151123, -4.533689975738525], "predictions": [13, 14, 400, 401, 402, 403, 404, 405, 15, 18, 4], "target_tokens": ["[IN:GET_WEATHER", "[SL:LOCATION", "@ptr6", "@ptr7", "@ptr8", "@ptr9", "@ptr10", "SL:LOCATION]", "IN:GET_WEATHER]"], "predicted_tokens": ["[IN:GET_WEATHER", "[SL:LOCATION", "@ptr5", "@ptr6", "@ptr7", "@ptr8", "@ptr9", "@ptr10", "SL:LOCATION]", "IN:GET_WEATHER]"]}
{"loss": 0.9588024020195007, "class_log_probabilities": [-0.3564291000366211, -7.990222454071045, -8.197120666503906, -8.23792552947998], "predictions": [13, 16, 402, 17, 18, 4], "target_tokens": ["[IN:GET_WEATHER", "[SL:DATE_TIME", "@ptr7", "SL:DATE_TIME]", "IN:GET_WEATHER]"], "predicted_tokens": ["[IN:GET_WEATHER", "[SL:DATE_TIME", "@ptr7", "SL:DATE_TIME]", "IN:GET_WEATHER]"]}
{"loss": 1.5793886184692383, "class_log_probabilities": [-1.1169242858886719, -4.076564788818359, -4.490431785583496, -4.529505729675293], "predictions": [13, 16, 401, 402, 403, 404, 17, 18, 4, 4, 4, 4], "target_tokens": ["[IN:GET_WEATHER", "[SL:DATE_TIME", "@ptr5", "@ptr6", "@ptr7", "@ptr8", "@ptr9", "SL:DATE_TIME]", "IN:GET_WEATHER]"], "predicted_tokens": ["[IN:GET_WEATHER", "[SL:DATE_TIME", "@ptr6", "@ptr7", "@ptr8", "@ptr9", "SL:DATE_TIME]", "IN:GET_WEATHER]"]}
{"loss": 0.956895112991333, "class_log_probabilities": [-0.49752503633499146, -8.23134708404541, -8.3770751953125, -8.400106430053711], "predictions": [13, 16, 395, 396, 397, 17, 18, 4, 4], "target_tokens": ["[IN:GET_WEATHER", "[SL:DATE_TIME", "@ptr0", "@ptr1", "@ptr2", "SL:DATE_TIME]", "IN:GET_WEATHER]"], "predicted_tokens": ["[IN:GET_WEATHER", "[SL:DATE_TIME", "@ptr0", "@ptr1", "@ptr2", "SL:DATE_TIME]", "IN:GET_WEATHER]"]}
{"loss": 0.961036205291748, "class_log_probabilities": [-0.442562460899353, -5.830796241760254, -7.752140998840332, -8.72018814086914], "predictions": [13, 16, 402, 17, 18, 4], "target_tokens": ["[IN:GET_WEATHER", "[SL:DATE_TIME", "@ptr7", "SL:DATE_TIME]", "IN:GET_WEATHER]"], "predicted_tokens": ["[IN:GET_WEATHER", "[SL:DATE_TIME", "@ptr7", "SL:DATE_TIME]", "IN:GET_WEATHER]"]}
{"loss": 0.9623295664787292, "class_log_probabilities": [-0.34364253282546997, -7.481088638305664, -8.09739875793457, -8.186163902282715], "predictions": [13, 14, 401, 15, 18, 4, 4, 4], "target_tokens": ["[IN:GET_WEATHER", "[SL:LOCATION", "@ptr6", "SL:LOCATION]", "IN:GET_WEATHER]"], "predicted_tokens": ["[IN:GET_WEATHER", "[SL:LOCATION", "@ptr6", "SL:LOCATION]", "IN:GET_WEATHER]"]}
{"loss": 0.9599326252937317, "class_log_probabilities": [-0.3706003427505493, -7.726878643035889, -7.967784404754639, -9.272276878356934], "predictions": [13, 14, 401, 15, 18, 4, 4, 4, 4], "target_tokens": ["[IN:GET_WEATHER", "[SL:LOCATION", "@ptr6", "SL:LOCATION]", "IN:GET_WEATHER]"], "predicted_tokens": ["[IN:GET_WEATHER", "[SL:LOCATION", "@ptr6", "SL:LOCATION]", "IN:GET_WEATHER]"]}
{"loss": 1.438136100769043, "class_log_probabilities": [-1.3049746751785278, -1.7099229097366333, -3.6530399322509766, -7.482849597930908], "predictions": [13, 14, 401, 15, 18, 4, 4, 4, 4, 4], "target_tokens": ["[IN:GET_WEATHER", "[SL:LOCATION", "@ptr7", "SL:LOCATION]", "IN:GET_WEATHER]"], "predicted_tokens": ["[IN:GET_WEATHER", "[SL:LOCATION", "@ptr6", "SL:LOCATION]", "IN:GET_WEATHER]"]}
{"loss": 0.959179699420929, "class_log_probabilities": [-0.40764278173446655, -5.527695178985596, -7.114933490753174, -7.742604732513428], "predictions": [13, 14, 400, 15, 18, 4], "target_tokens": ["[IN:GET_WEATHER", "[SL:LOCATION", "@ptr5", "SL:LOCATION]", "IN:GET_WEATHER]"], "predicted_tokens": ["[IN:GET_WEATHER", "[SL:LOCATION", "@ptr5", "SL:LOCATION]", "IN:GET_WEATHER]"]}
{"loss": 1.5188063383102417, "class_log_probabilities": [-1.0775353908538818, -3.8341224193573, -3.962775230407715, -5.158344268798828], "predictions": [61, 14, 400, 401, 15, 62, 4], "target_tokens": ["[IN:GET_WEATHER", "[SL:LOCATION", "@ptr5", "@ptr6", "SL:LOCATION]", "IN:GET_WEATHER]"], "predicted_tokens": ["[IN:GET_EVENT", "[SL:LOCATION", "@ptr5", "@ptr6", "SL:LOCATION]", "IN:GET_EVENT]"]}
{"loss": 1.7163984775543213, "class_log_probabilities": [-1.5826743841171265, -3.3819580078125, -5.136660099029541, -5.9415788650512695], "predictions": [159, 160, 4, 4, 4, 4, 4, 4, 4, 4, 4], "target_tokens": ["[IN:SNOOZE_ALARM", "[SL:DATE_TIME", "@ptr5", "@ptr6", "@ptr7", "SL:DATE_TIME]", "IN:SNOOZE_ALARM]"], "predicted_tokens": ["[IN:SNOOZE_ALARM", "IN:SNOOZE_ALARM]"]}
{"loss": 2.2365503311157227, "class_log_probabilities": [-0.6929301023483276, -2.953113555908203, -4.72002649307251, -5.405145645141602], "predictions": [159, 16, 398, 399, 17, 160, 4, 4], "target_tokens": ["[IN:SNOOZE_ALARM", "[SL:DATE_TIME", "@ptr2", "@ptr3", "@ptr4", "SL:DATE_TIME]", "IN:SNOOZE_ALARM]"], "predicted_tokens": ["[IN:SNOOZE_ALARM", "[SL:DATE_TIME", "@ptr3", "@ptr4", "SL:DATE_TIME]", "IN:SNOOZE_ALARM]"]}
{"loss": 3.0154330730438232, "class_log_probabilities": [-1.5732791423797607, -2.7130658626556396, -3.076540470123291, -3.5463619232177734], "predictions": [213, 16, 399, 400, 401, 17, 214, 4], "target_tokens": ["[IN:SNOOZE_ALARM", "[SL:DATE_TIME", "@ptr3", "@ptr4", "@ptr5", "SL:DATE_TIME]", "IN:SNOOZE_ALARM]"], "predicted_tokens": ["[IN:SILENCE_ALARM", "[SL:DATE_TIME", "@ptr4", "@ptr5", "@ptr6", "SL:DATE_TIME]", "IN:SILENCE_ALARM]"]}
{"loss": 3.7115285396575928, "class_log_probabilities": [-1.6616705656051636, -2.5041964054107666, -2.541952610015869, -3.565702438354492], "predictions": [45, 16, 398, 399, 400, 17, 46, 4, 4], "target_tokens": ["[IN:SNOOZE_ALARM", "[SL:DATE_TIME", "@ptr3", "@ptr4", "SL:DATE_TIME]", "IN:SNOOZE_ALARM]"], "predicted_tokens": ["[IN:CREATE_ALARM", "[SL:DATE_TIME", "@ptr3", "@ptr4", "@ptr5", "SL:DATE_TIME]", "IN:CREATE_ALARM]"]}
{"loss": 1.8125181198120117, "class_log_probabilities": [-1.7388752698898315, -6.119574546813965, -7.2493367195129395, -97.91561889648438], "predictions": [45, 249, 403, 250, 46, 4, 4, 4, 4, 4, 4, 4, 4, 4, 4, 4, 4, 4, 4, 4, 4, 4, 4, 4, 4, 4, 4, 4, 4, 4, 4, 4, 4, 4, 4, 4, 4, 4, 4, 4, 4, 4, 4, 4, 4, 4, 4, 4, 4, 4, 4, 4, 4, 4, 4, 4, 4, 4, 4, 4, 4, 4, 4, 4, 4, 4, 4, 4, 4, 4, 4, 4, 4, 4, 4, 4, 4, 4, 4, 4, 4, 4, 4, 4, 4, 4, 4, 4, 4, 4, 4, 4, 4, 4, 4, 4, 4, 4, 4, 4], "target_tokens": ["[IN:CREATE_ALARM", "[SL:ALARM_NAME", "@ptr10", "@ptr11", "@ptr12", "SL:ALARM_NAME]", "[SL:DATE_TIME", "@ptr13", "@ptr14", "@ptr15", "@ptr16", "SL:DATE_TIME]", "IN:CREATE_ALARM]"], "predicted_tokens": ["[IN:CREATE_ALARM", "[SL:ALARM_NAME", "@ptr8", "SL:ALARM_NAME]", "IN:CREATE_ALARM]"]}
{"loss": 0.9646252393722534, "class_log_probabilities": [-0.6067495346069336, -3.5546255111694336, -5.7170209884643555, -6.556680679321289], "predictions": [45, 16, 398, 399, 400, 17, 46, 4], "target_tokens": ["[IN:CREATE_ALARM", "[SL:DATE_TIME", "@ptr3", "@ptr4", "@ptr5", "SL:DATE_TIME]", "IN:CREATE_ALARM]"], "predicted_tokens": ["[IN:CREATE_ALARM", "[SL:DATE_TIME", "@ptr3", "@ptr4", "@ptr5", "SL:DATE_TIME]", "IN:CREATE_ALARM]"]}
{"loss": 2.185847282409668, "class_log_probabilities": [-0.80426025390625, -2.36826753616333, -7.116091728210449, -7.435708045959473], "predictions": [45, 16, 399, 400, 401, 402, 403, 17, 46, 4, 4, 4, 4], "target_tokens": ["[IN:CREATE_ALARM", "[SL:DATE_TIME", "@ptr3", "@ptr4", "@ptr5", "@ptr6", "@ptr7", "SL:DATE_TIME]", "IN:CREATE_ALARM]"], "predicted_tokens": ["[IN:CREATE_ALARM", "[SL:DATE_TIME", "@ptr4", "@ptr5", "@ptr6", "@ptr7", "@ptr8", "SL:DATE_TIME]", "IN:CREATE_ALARM]"]}
{"loss": 0.966339111328125, "class_log_probabilities": [-0.23272380232810974, -5.9004902839660645, -6.703766345977783, -7.302250385284424], "predictions": [213, 214, 4, 4], "target_tokens": ["[IN:SILENCE_ALARM", "IN:SILENCE_ALARM]"], "predicted_tokens": ["[IN:SILENCE_ALARM", "IN:SILENCE_ALARM]"]}
{"loss": 0.966796338558197, "class_log_probabilities": [-0.20708131790161133, -6.822041034698486, -6.939493656158447, -7.417014122009277], "predictions": [213, 214, 4], "target_tokens": ["[IN:SILENCE_ALARM", "IN:SILENCE_ALARM]"], "predicted_tokens": ["[IN:SILENCE_ALARM", "IN:SILENCE_ALARM]"]}
{"loss": 1.6323109865188599, "class_log_probabilities": [-0.7180920839309692, -3.6830427646636963, -4.011075973510742, -5.859414577484131], "predictions": [45, 16, 398, 399, 400, 17, 46, 4], "target_tokens": ["[IN:CREATE_ALARM", "[SL:DATE_TIME", "@ptr3", "@ptr4", "SL:DATE_TIME]", "IN:CREATE_ALARM]"], "predicted_tokens": ["[IN:CREATE_ALARM", "[SL:DATE_TIME", "@ptr3", "@ptr4", "@ptr5", "SL:DATE_TIME]", "IN:CREATE_ALARM]"]}
{"loss": 1.4309024810791016, "class_log_probabilities": [-1.3918033838272095, -2.095137596130371, -4.7461347579956055, -5.439777374267578], "predictions": [45, 16, 400, 401, 402, 403, 17, 46, 4, 4], "target_tokens": ["[IN:CREATE_ALARM", "[SL:DATE_TIME", "@ptr4", "@ptr5", "@ptr6", "@ptr7", "SL:DATE_TIME]", "IN:CREATE_ALARM]"], "predicted_tokens": ["[IN:CREATE_ALARM", "[SL:DATE_TIME", "@ptr5", "@ptr6", "@ptr7", "@ptr8", "SL:DATE_TIME]", "IN:CREATE_ALARM]"]}
{"loss": 2.288351058959961, "class_log_probabilities": [-1.7602102756500244, -2.202181816101074, -3.379115104675293, -4.539494037628174], "predictions": [45, 16, 402, 403, 404, 405, 17, 46, 4, 4], "target_tokens": ["[IN:CREATE_ALARM", "[SL:DATE_TIME", "@ptr6", "@ptr7", "@ptr8", "@ptr9", "@ptr10", "SL:DATE_TIME]", "IN:CREATE_ALARM]"], "predicted_tokens": ["[IN:CREATE_ALARM", "[SL:DATE_TIME", "@ptr7", "@ptr8", "@ptr9", "@ptr10", "SL:DATE_TIME]", "IN:CREATE_ALARM]"]}
{"loss": 1.259570598602295, "class_log_probabilities": [-1.298251986503601, -2.108461618423462, -3.3961050510406494, -4.481448173522949], "predictions": [45, 16, 399, 400, 401, 402, 403, 404, 17, 46, 4, 4], "target_tokens": ["[IN:CREATE_ALARM", "[SL:DATE_TIME", "@ptr3", "@ptr4", "@ptr5", "@ptr6", "@ptr7", "@ptr8", "SL:DATE_TIME]", "IN:CREATE_ALARM]"], "predicted_tokens": ["[IN:CREATE_ALARM", "[SL:DATE_TIME", "@ptr4", "@ptr5", "@ptr6", "@ptr7", "@ptr8", "@ptr9", "SL:DATE_TIME]", "IN:CREATE_ALARM]"]}
{"loss": 1.4756492376327515, "class_log_probabilities": [-0.7903560400009155, -2.881119728088379, -6.216805458068848, -7.5256028175354], "predictions": [45, 16, 399, 400, 401, 402, 403, 404, 17, 46, 4, 4], "target_tokens": ["[IN:CREATE_ALARM", "[SL:DATE_TIME", "@ptr4", "@ptr5", "@ptr6", "@ptr7", "@ptr8", "SL:DATE_TIME]", "IN:CREATE_ALARM]"], "predicted_tokens": ["[IN:CREATE_ALARM", "[SL:DATE_TIME", "@ptr4", "@ptr5", "@ptr6", "@ptr7", "@ptr8", "@ptr9", "SL:DATE_TIME]", "IN:CREATE_ALARM]"]}
{"loss": 2.3429107666015625, "class_log_probabilities": [-2.9791769981384277, -2.997182607650757, -3.024409294128418, -4.205081462860107], "predictions": [45, 249, 400, 401, 402, 250, 16, 404, 17, 46, 4], "target_tokens": ["[IN:CREATE_ALARM", "[SL:ALARM_NAME", "@ptr5", "@ptr6", "SL:ALARM_NAME]", "[SL:DATE_TIME", "@ptr7", "@ptr8", "SL:DATE_TIME]", "IN:CREATE_ALARM]"], "predicted_tokens": ["[IN:CREATE_ALARM", "[SL:ALARM_NAME", "@ptr5", "@ptr6", "@ptr7", "SL:ALARM_NAME]", "[SL:DATE_TIME", "@ptr9", "SL:DATE_TIME]", "IN:CREATE_ALARM]"]}
{"loss": 2.155395984649658, "class_log_probabilities": [-0.6012240648269653, -5.412477970123291, -5.763146877288818, -7.260766983032227], "predictions": [45, 16, 400, 401, 402, 403, 17, 46, 4], "target_tokens": ["[IN:CREATE_ALARM", "[SL:ALARM_NAME", "@ptr4", "SL:ALARM_NAME]", "[SL:DATE_TIME", "@ptr5", "@ptr6", "@ptr7", "SL:DATE_TIME]", "IN:CREATE_ALARM]"], "predicted_tokens": ["[IN:CREATE_ALARM", "[SL:DATE_TIME", "@ptr5", "@ptr6", "@ptr7", "@ptr8", "SL:DATE_TIME]", "IN:CREATE_ALARM]"]}
{"loss": 1.3259773254394531, "class_log_probabilities": [-1.1624020338058472, -3.121020793914795, -3.2462823390960693, -3.416491746902466], "predictions": [45, 249, 400, 250, 16, 403, 404, 405, 17, 46, 4, 4], "target_tokens": ["[IN:CREATE_ALARM", "[SL:ALARM_NAME", "@ptr5", "SL:ALARM_NAME]", "[SL:DATE_TIME", "@ptr7", "@ptr8", "@ptr9", "SL:DATE_TIME]", "IN:CREATE_ALARM]"], "predicted_tokens": ["[IN:CREATE_ALARM", "[SL:ALARM_NAME", "@ptr5", "SL:ALARM_NAME]", "[SL:DATE_TIME", "@ptr8", "@ptr9", "@ptr10", "SL:DATE_TIME]", "IN:CREATE_ALARM]"]}
{"loss": 2.559180736541748, "class_log_probabilities": [-1.3286077976226807, -4.4141316413879395, -8.759312629699707, -9.140273094177246], "predictions": [45, 46, 4, 4, 4, 4, 4, 4, 4, 4, 4, 4, 4], "target_tokens": ["[IN:CREATE_ALARM", "[SL:ALARM_NAME", "@ptr3", "@ptr9", "SL:ALARM_NAME]", "[SL:DATE_TIME", "@ptr10", "@ptr11", "@ptr12", "@ptr13", "@ptr14", "SL:DATE_TIME]", "IN:CREATE_ALARM]"], "predicted_tokens": ["[IN:CREATE_ALARM", "IN:CREATE_ALARM]"]}
{"loss": 3.6571593284606934, "class_log_probabilities": [-1.5934988260269165, -2.3222503662109375, -4.165902137756348, -4.248705863952637], "predictions": [159, 16, 399, 400, 401, 17, 160, 4], "target_tokens": ["[IN:CREATE_ALARM", "[SL:ALARM_NAME", "@ptr5", "@ptr6", "@ptr7", "SL:ALARM_NAME]", "IN:CREATE_ALARM]"], "predicted_tokens": ["[IN:SNOOZE_ALARM", "[SL:DATE_TIME", "@ptr4", "@ptr5", "@ptr6", "SL:DATE_TIME]", "IN:SNOOZE_ALARM]"]}
{"loss": 1.5846117734909058, "class_log_probabilities": [-0.893618643283844, -3.921764373779297, -4.14207649230957, -4.523890495300293], "predictions": [45, 249, 399, 400, 250, 16, 401, 402, 403, 404, 17, 46, 4], "target_tokens": ["[IN:CREATE_ALARM", "[SL:ALARM_NAME", "@ptr5", "SL:ALARM_NAME]", "[SL:DATE_TIME", "@ptr6", "@ptr7", "@ptr8", "SL:DATE_TIME]", "IN:CREATE_ALARM]"], "predicted_tokens": ["[IN:CREATE_ALARM", "[SL:ALARM_NAME", "@ptr4", "@ptr5", "SL:ALARM_NAME]", "[SL:DATE_TIME", "@ptr6", "@ptr7", "@ptr8", "@ptr9", "SL:DATE_TIME]", "IN:CREATE_ALARM]"]}
{"loss": 2.4501636028289795, "class_log_probabilities": [-1.896593689918518, -1.9577174186706543, -2.115597724914551, -6.131548881530762], "predictions": [45, 16, 399, 17, 46, 4, 4, 4, 4, 4], "target_tokens": ["[IN:CREATE_ALARM", "[SL:ALARM_NAME", "@ptr3", "SL:ALARM_NAME]", "[SL:DATE_TIME", "@ptr4", "@ptr5", "SL:DATE_TIME]", "IN:CREATE_ALARM]"], "predicted_tokens": ["[IN:CREATE_ALARM", "[SL:DATE_TIME", "@ptr4", "SL:DATE_TIME]", "IN:CREATE_ALARM]"]}
{"loss": 2.069303274154663, "class_log_probabilities": [-1.1707864999771118, -3.0811855792999268, -3.256821870803833, -3.5539350509643555], "predictions": [45, 16, 401, 402, 403, 17, 16, 405, 17, 46, 4], "target_tokens": ["[IN:CREATE_ALARM", "[SL:DATE_TIME", "@ptr6", "@ptr7", "@ptr8", "@ptr9", "@ptr10", "SL:DATE_TIME]", "IN:CREATE_ALARM]"], "predicted_tokens": ["[IN:CREATE_ALARM", "[SL:DATE_TIME", "@ptr6", "@ptr7", "@ptr8", "SL:DATE_TIME]", "[SL:DATE_TIME", "@ptr10", "SL:DATE_TIME]", "IN:CREATE_ALARM]"]}
{"loss": 2.426424741744995, "class_log_probabilities": [-1.669332504272461, -4.8430376052856445, -5.099943161010742, -5.797328948974609], "predictions": [259, 16, 398, 399, 400, 401, 402, 403, 404, 17, 260, 4, 4, 4, 4, 4, 4], "target_tokens": ["[IN:CREATE_ALARM", "[SL:DATE_TIME", "@ptr3", "@ptr4", "@ptr5", "@ptr6", "@ptr7", "@ptr8", "SL:DATE_TIME]", "[SL:DATE_TIME", "@ptr9", "@ptr10", "@ptr11", "SL:DATE_TIME]", "IN:CREATE_ALARM]"], "predicted_tokens": ["[IN:UPDATE_ALARM", "[SL:DATE_TIME", "@ptr3", "@ptr4", "@ptr5", "@ptr6", "@ptr7", "@ptr8", "@ptr9", "SL:DATE_TIME]", "IN:UPDATE_ALARM]"]}
{"loss": 2.422136068344116, "class_log_probabilities": [-1.2446430921554565, -1.8762145042419434, -4.472807884216309, -5.2846760749816895], "predictions": [45, 16, 401, 402, 403, 404, 405, 406, 17, 46, 4, 4], "target_tokens": ["[IN:CREATE_ALARM", "[SL:DATE_TIME", "@ptr5", "@ptr6", "@ptr7", "@ptr8", "@ptr9", "@ptr10", "SL:DATE_TIME]", "IN:CREATE_ALARM]"], "predicted_tokens": ["[IN:CREATE_ALARM", "[SL:DATE_TIME", "@ptr6", "@ptr7", "@ptr8", "@ptr9", "@ptr10", "@ptr11", "SL:DATE_TIME]", "IN:CREATE_ALARM]"]}
{"loss": 1.9771968126296997, "class_log_probabilities": [-1.1067180633544922, -3.1200199127197266, -3.432584047317505, -3.438662052154541], "predictions": [45, 16, 402, 403, 404, 405, 406, 407, 17, 46, 4, 4], "target_tokens": ["[IN:CREATE_ALARM", "[SL:DATE_TIME", "@ptr6", "@ptr7", "@ptr8", "@ptr9", "@ptr10", "@ptr11", "SL:DATE_TIME]", "IN:CREATE_ALARM]"], "predicted_tokens": ["[IN:CREATE_ALARM", "[SL:DATE_TIME", "@ptr7", "@ptr8", "@ptr9", "@ptr10", "@ptr11", "@ptr12", "SL:DATE_TIME]", "IN:CREATE_ALARM]"]}
{"loss": 2.9294235706329346, "class_log_probabilities": [-0.21470746397972107, -6.3368000984191895, -6.581762790679932, -6.623134136199951], "predictions": [259, 260, 4], "target_tokens": ["[IN:CREATE_ALARM", "IN:CREATE_ALARM]"], "predicted_tokens": ["[IN:UPDATE_ALARM", "IN:UPDATE_ALARM]"]}
{"loss": 1.0645051002502441, "class_log_probabilities": [-1.6241182088851929, -2.9040703773498535, -3.629584550857544, -3.971463918685913], "predictions": [75, 6, 400, 401, 7, 78, 4, 4, 4, 4], "target_tokens": ["[IN:CREATE_CALL", "[SL:CONTACT", "@ptr5", "@ptr6", "SL:CONTACT]", "IN:CREATE_CALL]"], "predicted_tokens": ["[IN:CREATE_CALL", "[SL:CONTACT", "@ptr5", "@ptr6", "SL:CONTACT]", "IN:CREATE_CALL]"]}
{"loss": 1.2243205308914185, "class_log_probabilities": [-1.2877845764160156, -1.4103862047195435, -2.4512784481048584, -6.408264636993408], "predictions": [107, 108, 399, 109, 110, 4, 4], "target_tokens": ["[IN:UPDATE_CALL", "[SL:CONTACT_ADDED", "@ptr4", "@ptr5", "SL:CONTACT_ADDED]", "IN:UPDATE_CALL]"], "predicted_tokens": ["[IN:UPDATE_CALL", "[SL:CONTACT_ADDED", "@ptr4", "SL:CONTACT_ADDED]", "IN:UPDATE_CALL]"]}
{"loss": 4.116738796234131, "class_log_probabilities": [-0.5875285863876343, -3.9002411365509033, -4.515407562255859, -6.02366828918457], "predictions": [23, 26, 4, 4, 4, 4], "target_tokens": ["[IN:GET_MESSAGE", "IN:GET_MESSAGE]"], "predicted_tokens": ["[IN:SEND_MESSAGE", "IN:SEND_MESSAGE]"]}
{"loss": 1.174523949623108, "class_log_probabilities": [-1.0247663259506226, -2.3045530319213867, -2.3433079719543457, -6.598989009857178], "predictions": [5, 12, 4, 4, 4, 4], "target_tokens": ["[IN:GET_MESSAGE", "IN:GET_MESSAGE]"], "predicted_tokens": ["[IN:GET_MESSAGE", "IN:GET_MESSAGE]"]}
{"loss": 1.6747750043869019, "class_log_probabilities": [-0.6129937767982483, -4.07188081741333, -4.467347145080566, -6.101932048797607], "predictions": [45, 16, 398, 399, 400, 17, 46, 4], "target_tokens": ["[IN:CREATE_ALARM", "[SL:DATE_TIME", "@ptr3", "@ptr4", "SL:DATE_TIME]", "IN:CREATE_ALARM]"], "predicted_tokens": ["[IN:CREATE_ALARM", "[SL:DATE_TIME", "@ptr3", "@ptr4", "@ptr5", "SL:DATE_TIME]", "IN:CREATE_ALARM]"]}
{"loss": 1.6748392581939697, "class_log_probabilities": [-1.2432727813720703, -2.096904993057251, -3.1329286098480225, -4.180593490600586], "predictions": [45, 16, 398, 399, 400, 17, 46, 4], "target_tokens": ["[IN:CREATE_ALARM", "[SL:DATE_TIME", "@ptr3", "@ptr4", "SL:DATE_TIME]", "IN:CREATE_ALARM]"], "predicted_tokens": ["[IN:CREATE_ALARM", "[SL:DATE_TIME", "@ptr3", "@ptr4", "@ptr5", "SL:DATE_TIME]", "IN:CREATE_ALARM]"]}
{"loss": 1.8189257383346558, "class_log_probabilities": [-1.1445815563201904, -1.8302836418151855, -3.443782329559326, -4.8250651359558105], "predictions": [45, 16, 398, 399, 400, 17, 46, 4], "target_tokens": ["[IN:CREATE_ALARM", "[SL:DATE_TIME", "@ptr3", "@ptr4", "SL:DATE_TIME]", "IN:CREATE_ALARM]"], "predicted_tokens": ["[IN:CREATE_ALARM", "[SL:DATE_TIME", "@ptr3", "@ptr4", "@ptr5", "SL:DATE_TIME]", "IN:CREATE_ALARM]"]}
{"loss": 1.0074127912521362, "class_log_probabilities": [-0.9186679720878601, -1.7333837747573853, -6.527856826782227, -7.061681747436523], "predictions": [45, 16, 401, 402, 17, 46, 4, 4], "target_tokens": ["[IN:CREATE_ALARM", "[SL:DATE_TIME", "@ptr6", "@ptr7", "SL:DATE_TIME]", "IN:CREATE_ALARM]"], "predicted_tokens": ["[IN:CREATE_ALARM", "[SL:DATE_TIME", "@ptr6", "@ptr7", "SL:DATE_TIME]", "IN:CREATE_ALARM]"]}
{"loss": 1.5749274492263794, "class_log_probabilities": [-0.6165884137153625, -4.304847717285156, -5.012357234954834, -5.3497185707092285], "predictions": [45, 16, 398, 399, 400, 17, 46, 4], "target_tokens": ["[IN:CREATE_ALARM", "[SL:DATE_TIME", "@ptr3", "@ptr4", "SL:DATE_TIME]", "IN:CREATE_ALARM]"], "predicted_tokens": ["[IN:CREATE_ALARM", "[SL:DATE_TIME", "@ptr3", "@ptr4", "@ptr5", "SL:DATE_TIME]", "IN:CREATE_ALARM]"]}
{"loss": 2.6894690990448, "class_log_probabilities": [-0.4400332570075989, -2.840961217880249, -7.1160888671875, -7.140470504760742], "predictions": [45, 16, 399, 17, 46, 4, 4], "target_tokens": ["[IN:CREATE_ALARM", "[SL:DATE_TIME", "@ptr3", "@ptr4", "SL:DATE_TIME]", "IN:CREATE_ALARM]"], "predicted_tokens": ["[IN:CREATE_ALARM", "[SL:DATE_TIME", "@ptr4", "SL:DATE_TIME]", "IN:CREATE_ALARM]"]}
{"loss": 1.5768260955810547, "class_log_probabilities": [-1.2032814025878906, -2.2170827388763428, -3.344951868057251, -4.403304576873779], "predictions": [45, 16, 398, 399, 400, 17, 46, 4], "target_tokens": ["[IN:CREATE_ALARM", "[SL:DATE_TIME", "@ptr3", "@ptr4", "SL:DATE_TIME]", "IN:CREATE_ALARM]"], "predicted_tokens": ["[IN:CREATE_ALARM", "[SL:DATE_TIME", "@ptr3", "@ptr4", "@ptr5", "SL:DATE_TIME]", "IN:CREATE_ALARM]"]}
{"loss": 2.6387526988983154, "class_log_probabilities": [-0.6944859027862549, -2.3083951473236084, -4.460288047790527, -4.7828216552734375], "predictions": [45, 16, 399, 400, 17, 46, 4, 4], "target_tokens": ["[IN:CREATE_ALARM", "[SL:DATE_TIME", "@ptr3", "@ptr4", "SL:DATE_TIME]", "IN:CREATE_ALARM]"], "predicted_tokens": ["[IN:CREATE_ALARM", "[SL:DATE_TIME", "@ptr4", "@ptr5", "SL:DATE_TIME]", "IN:CREATE_ALARM]"]}
{"loss": 1.1103363037109375, "class_log_probabilities": [-1.3408031463623047, -1.424640417098999, -5.096776485443115, -6.15867280960083], "predictions": [185, 6, 403, 7, 186, 4, 4, 4], "target_tokens": ["[IN:GET_CALL", "[SL:CONTACT", "@ptr8", "SL:CONTACT]", "IN:GET_CALL]"], "predicted_tokens": ["[IN:GET_CALL", "[SL:CONTACT", "@ptr8", "SL:CONTACT]", "IN:GET_CALL]"]}
{"loss": 0.954495906829834, "class_log_probabilities": [-0.4800987243652344, -6.699643135070801, -7.403547763824463, -7.870357513427734], "predictions": [75, 6, 396, 397, 7, 78, 4, 4, 4], "target_tokens": ["[IN:CREATE_CALL", "[SL:CONTACT", "@ptr1", "@ptr2", "SL:CONTACT]", "IN:CREATE_CALL]"], "predicted_tokens": ["[IN:CREATE_CALL", "[SL:CONTACT", "@ptr1", "@ptr2", "SL:CONTACT]", "IN:CREATE_CALL]"]}
{"loss": 2.0721020698547363, "class_log_probabilities": [-2.440002202987671, -2.5447516441345215, -3.209149122238159, -3.3824667930603027], "predictions": [75, 6, 70, 93, 396, 94, 71, 397, 72, 6, 398, 7, 73, 7, 78, 4], "target_tokens": ["[IN:CREATE_CALL", "[SL:CONTACT", "[IN:GET_CONTACT", "[SL:CONTACT", "@ptr3", "SL:CONTACT]", "[SL:CONTACT_RELATED", "@ptr1", "SL:CONTACT_RELATED]", "[SL:TYPE_RELATION", "@ptr2", "SL:TYPE_RELATION]", "IN:GET_CONTACT]", "SL:CONTACT]", "IN:CREATE_CALL]"], "predicted_tokens": ["[IN:CREATE_CALL", "[SL:CONTACT", "[IN:GET_CONTACT", "[SL:CONTACT_RELATED", "@ptr1", "SL:CONTACT_RELATED]", "[SL:TYPE_RELATION", "@ptr2", "SL:TYPE_RELATION]", "[SL:CONTACT", "@ptr3", "SL:CONTACT]", "IN:GET_CONTACT]", "SL:CONTACT]", "IN:CREATE_CALL]"]}
{"loss": 1.3190944194793701, "class_log_probabilities": [-1.788564920425415, -2.283324718475342, -3.3490841388702393, -3.4425816535949707], "predictions": [63, 206, 397, 398, 399, 400, 401, 402, 207, 103, 403, 104, 68, 4], "target_tokens": ["[IN:PLAY_MUSIC", "[SL:MUSIC_ALBUM_TITLE", "@ptr2", "@ptr3", "@ptr4", "@ptr5", "@ptr6", "@ptr7", "SL:MUSIC_ALBUM_TITLE]", "[SL:MUSIC_PROVIDER_NAME", "@ptr9", "SL:MUSIC_PROVIDER_NAME]", "IN:PLAY_MUSIC]"], "predicted_tokens": ["[IN:PLAY_MUSIC", "[SL:MUSIC_ALBUM_TITLE", "@ptr2", "@ptr3", "@ptr4", "@ptr5", "@ptr6", "@ptr7", "SL:MUSIC_ALBUM_TITLE]", "[SL:MUSIC_PROVIDER_NAME", "@ptr8", "SL:MUSIC_PROVIDER_NAME]", "IN:PLAY_MUSIC]"]}
{"loss": 1.5964851379394531, "class_log_probabilities": [-1.829792857170105, -2.3298425674438477, -4.575597763061523, -4.896241188049316], "predictions": [63, 66, 395, 67, 101, 396, 397, 398, 399, 400, 401, 402, 403, 404, 102, 103, 406, 104, 68, 4, 4, 4, 4], "target_tokens": ["[IN:PLAY_MUSIC", "[SL:MUSIC_ALBUM_TITLE", "@ptr1", "@ptr2", "@ptr3", "@ptr4", "@ptr5", "@ptr6", "@ptr7", "@ptr8", "@ptr9", "SL:MUSIC_ALBUM_TITLE]", "[SL:MUSIC_PROVIDER_NAME", "@ptr11", "SL:MUSIC_PROVIDER_NAME]", "IN:PLAY_MUSIC]"], "predicted_tokens": ["[IN:PLAY_MUSIC", "[SL:MUSIC_ARTIST_NAME", "@ptr0", "SL:MUSIC_ARTIST_NAME]", "[SL:MUSIC_TRACK_TITLE", "@ptr1", "@ptr2", "@ptr3", "@ptr4", "@ptr5", "@ptr6", "@ptr7", "@ptr8", "@ptr9", "SL:MUSIC_TRACK_TITLE]", "[SL:MUSIC_PROVIDER_NAME", "@ptr11", "SL:MUSIC_PROVIDER_NAME]", "IN:PLAY_MUSIC]"]}
{"loss": 0.9839986562728882, "class_log_probabilities": [-0.6287877559661865, -3.1002657413482666, -3.3690185546875, -4.153993129730225], "predictions": [45, 16, 403, 404, 17, 46, 4, 4], "target_tokens": ["[IN:CREATE_ALARM", "[SL:DATE_TIME", "@ptr8", "@ptr9", "SL:DATE_TIME]", "IN:CREATE_ALARM]"], "predicted_tokens": ["[IN:CREATE_ALARM", "[SL:DATE_TIME", "@ptr8", "@ptr9", "SL:DATE_TIME]", "IN:CREATE_ALARM]"]}
{"loss": 0.9578732252120972, "class_log_probabilities": [-0.4359472990036011, -7.965550899505615, -8.11907958984375, -9.132112503051758], "predictions": [45, 16, 397, 398, 17, 46, 4, 4, 4], "target_tokens": ["[IN:CREATE_ALARM", "[SL:DATE_TIME", "@ptr2", "@ptr3", "SL:DATE_TIME]", "IN:CREATE_ALARM]"], "predicted_tokens": ["[IN:CREATE_ALARM", "[SL:DATE_TIME", "@ptr2", "@ptr3", "SL:DATE_TIME]", "IN:CREATE_ALARM]"]}
{"loss": 2.856973648071289, "class_log_probabilities": [-2.054905891418457, -2.1862952709198, -2.4488701820373535, -3.248171806335449], "predictions": [49, 36, 398, 37, 16, 400, 401, 402, 17, 50, 4], "target_tokens": ["[IN:CREATE_ALARM", "[SL:ALARM_NAME", "@ptr4", "SL:ALARM_NAME]", "[SL:DATE_TIME", "@ptr5", "@ptr6", "SL:DATE_TIME]", "IN:CREATE_ALARM]"], "predicted_tokens": ["[IN:CREATE_REMINDER", "[SL:TODO", "@ptr3", "SL:TODO]", "[SL:DATE_TIME", "@ptr5", "@ptr6", "@ptr7", "SL:DATE_TIME]", "IN:CREATE_REMINDER]"]}
{"loss": 2.8285412788391113, "class_log_probabilities": [-0.5242640972137451, -6.689912796020508, -6.976160049438477, -7.13461971282959], "predictions": [45, 16, 399, 400, 401, 402, 403, 17, 46, 4, 4], "target_tokens": ["[IN:CREATE_ALARM", "[SL:DATE_TIME", "@ptr3", "@ptr4", "@ptr5", "@ptr6", "@ptr7", "SL:DATE_TIME]", "IN:CREATE_ALARM]"], "predicted_tokens": ["[IN:CREATE_ALARM", "[SL:DATE_TIME", "@ptr4", "@ptr5", "@ptr6", "@ptr7", "@ptr8", "SL:DATE_TIME]", "IN:CREATE_ALARM]"]}
{"loss": 1.1660337448120117, "class_log_probabilities": [-1.5849769115447998, -2.9067611694335938, -3.3878304958343506, -3.6918437480926514], "predictions": [45, 16, 399, 400, 401, 402, 403, 404, 405, 17, 46, 4, 4], "target_tokens": ["[IN:CREATE_ALARM", "[SL:DATE_TIME", "@ptr3", "@ptr4", "@ptr5", "@ptr6", "@ptr7", "@ptr8", "@ptr9", "@ptr10", "SL:DATE_TIME]", "IN:CREATE_ALARM]"], "predicted_tokens": ["[IN:CREATE_ALARM", "[SL:DATE_TIME", "@ptr4", "@ptr5", "@ptr6", "@ptr7", "@ptr8", "@ptr9", "@ptr10", "SL:DATE_TIME]", "IN:CREATE_ALARM]"]}
{"loss": 2.2065351009368896, "class_log_probabilities": [-1.0701550245285034, -4.1545915603637695, -4.465738773345947, -5.208653926849365], "predictions": [159, 16, 399, 400, 17, 160, 4, 4], "target_tokens": ["[IN:SNOOZE_ALARM", "IN:SNOOZE_ALARM]"], "predicted_tokens": ["[IN:SNOOZE_ALARM", "[SL:DATE_TIME", "@ptr4", "@ptr5", "SL:DATE_TIME]", "IN:SNOOZE_ALARM]"]}
{"loss": 2.8079111576080322, "class_log_probabilities": [-1.4011551141738892, -2.4684503078460693, -5.379671573638916, -5.502624988555908], "predictions": [213, 214, 4, 4, 4, 4, 4], "target_tokens": ["[IN:SNOOZE_ALARM", "[SL:ALARM_NAME", "@ptr6", "SL:ALARM_NAME]", "IN:SNOOZE_ALARM]"], "predicted_tokens": ["[IN:SILENCE_ALARM", "IN:SILENCE_ALARM]"]}
{"loss": 2.9213435649871826, "class_log_probabilities": [-0.692015528678894, -4.896251678466797, -5.358201026916504, -5.3880462646484375], "predictions": [45, 249, 400, 401, 402, 250, 16, 404, 17, 46, 4], "target_tokens": ["[IN:CREATE_ALARM", "[SL:ALARM_NAME", "@ptr4", "@ptr5", "@ptr6", "SL:ALARM_NAME]", "[SL:DATE_TIME", "@ptr7", "@ptr8", "SL:DATE_TIME]", "IN:CREATE_ALARM]"], "predicted_tokens": ["[IN:CREATE_ALARM", "[SL:ALARM_NAME", "@ptr5", "@ptr6", "@ptr7", "SL:ALARM_NAME]", "[SL:DATE_TIME", "@ptr9", "SL:DATE_TIME]", "IN:CREATE_ALARM]"]}
{"loss": 1.772964596748352, "class_log_probabilities": [-1.089318871498108, -2.5264017581939697, -4.93133020401001, -5.076291561126709], "predictions": [45, 16, 398, 399, 400, 401, 402, 403, 404, 405, 17, 46, 4, 4], "target_tokens": ["[IN:CREATE_ALARM", "[SL:DATE_TIME", "@ptr3", "@ptr4", "@ptr5", "@ptr6", "@ptr7", "@ptr8", "SL:DATE_TIME]", "[SL:DATE_TIME", "@ptr9", "@ptr10", "SL:DATE_TIME]", "IN:CREATE_ALARM]"], "predicted_tokens": ["[IN:CREATE_ALARM", "[SL:DATE_TIME", "@ptr3", "@ptr4", "@ptr5", "@ptr6", "@ptr7", "@ptr8", "@ptr9", "@ptr10", "SL:DATE_TIME]", "IN:CREATE_ALARM]"]}
{"loss": 2.474734306335449, "class_log_probabilities": [-2.090651035308838, -2.329718828201294, -3.046596050262451, -3.1601650714874268], "predictions": [259, 249, 401, 402, 250, 260, 4], "target_tokens": ["[IN:UPDATE_ALARM", "[SL:ALARM_NAME", "@ptr5", "SL:ALARM_NAME]", "[SL:ALARM_NAME", "@ptr7", "SL:ALARM_NAME]", "IN:UPDATE_ALARM]"], "predicted_tokens": ["[IN:UPDATE_ALARM", "[SL:ALARM_NAME", "@ptr6", "@ptr7", "SL:ALARM_NAME]", "IN:UPDATE_ALARM]"]}
{"loss": 0.9610129594802856, "class_log_probabilities": [-0.41770076751708984, -5.880387306213379, -7.972933769226074, -8.092061042785645], "predictions": [13, 14, 399, 400, 15, 18, 4], "target_tokens": ["[IN:GET_WEATHER", "[SL:LOCATION", "@ptr4", "@ptr5", "SL:LOCATION]", "IN:GET_WEATHER]"], "predicted_tokens": ["[IN:GET_WEATHER", "[SL:LOCATION", "@ptr4", "@ptr5", "SL:LOCATION]", "IN:GET_WEATHER]"]}
{"loss": 1.4897027015686035, "class_log_probabilities": [-1.5269147157669067, -1.9415860176086426, -2.364832878112793, -3.4574217796325684], "predictions": [13, 14, 404, 15, 18, 4, 4, 4], "target_tokens": ["[IN:GET_WEATHER", "[SL:LOCATION", "@ptr9", "@ptr10", "@ptr11", "@ptr12", "SL:LOCATION]", "IN:GET_WEATHER]"], "predicted_tokens": ["[IN:GET_WEATHER", "[SL:LOCATION", "@ptr9", "SL:LOCATION]", "IN:GET_WEATHER]"]}
{"loss": 0.9616582989692688, "class_log_probabilities": [-0.5724124908447266, -7.844749450683594, -7.877511024475098, -8.149734497070312], "predictions": [13, 16, 398, 399, 400, 401, 402, 17, 18, 4], "target_tokens": ["[IN:GET_WEATHER", "[SL:DATE_TIME", "@ptr3", "@ptr4", "@ptr5", "@ptr6", "@ptr7", "SL:DATE_TIME]", "IN:GET_WEATHER]"], "predicted_tokens": ["[IN:GET_WEATHER", "[SL:DATE_TIME", "@ptr3", "@ptr4", "@ptr5", "@ptr6", "@ptr7", "SL:DATE_TIME]", "IN:GET_WEATHER]"]}
{"loss": 0.9660598039627075, "class_log_probabilities": [-0.6402339339256287, -4.740436553955078, -6.7864155769348145, -7.701976776123047], "predictions": [13, 16, 400, 401, 17, 18, 4, 4, 4], "target_tokens": ["[IN:GET_WEATHER", "[SL:DATE_TIME", "@ptr5", "@ptr6", "SL:DATE_TIME]", "IN:GET_WEATHER]"], "predicted_tokens": ["[IN:GET_WEATHER", "[SL:DATE_TIME", "@ptr5", "@ptr6", "SL:DATE_TIME]", "IN:GET_WEATHER]"]}
{"loss": 2.483006715774536, "class_log_probabilities": [-3.3880491256713867, -3.5562045574188232, -4.170637607574463, -5.161688804626465], "predictions": [13, 79, 403, 80, 79, 405, 80, 18, 4, 4, 4, 4, 4, 4, 4], "target_tokens": ["[IN:GET_WEATHER", "[SL:WEATHER_ATTRIBUTE", "@ptr8", "@ptr9", "@ptr10", "@ptr11", "SL:WEATHER_ATTRIBUTE]", "[SL:WEATHER_TEMPERATURE_UNIT", "@ptr12", "SL:WEATHER_TEMPERATURE_UNIT]", "IN:GET_WEATHER]"], "predicted_tokens": ["[IN:GET_WEATHER", "[SL:WEATHER_ATTRIBUTE", "@ptr8", "SL:WEATHER_ATTRIBUTE]", "[SL:WEATHER_ATTRIBUTE", "@ptr10", "SL:WEATHER_ATTRIBUTE]", "IN:GET_WEATHER]"]}
{"loss": 1.15544593334198, "class_log_probabilities": [-0.9823430776596069, -1.9313983917236328, -2.574575662612915, -4.89267635345459], "predictions": [63, 103, 397, 104, 223, 400, 224, 68, 4, 4, 4, 4], "target_tokens": ["[IN:PLAY_MUSIC", "[SL:MUSIC_PROVIDER_NAME", "@ptr2", "SL:MUSIC_PROVIDER_NAME]", "[SL:MUSIC_RADIO_ID", "@ptr6", "SL:MUSIC_RADIO_ID]", "IN:PLAY_MUSIC]"], "predicted_tokens": ["[IN:PLAY_MUSIC", "[SL:MUSIC_PROVIDER_NAME", "@ptr2", "SL:MUSIC_PROVIDER_NAME]", "[SL:MUSIC_RADIO_ID", "@ptr5", "SL:MUSIC_RADIO_ID]", "IN:PLAY_MUSIC]"]}
{"loss": 1.0112240314483643, "class_log_probabilities": [-0.545663058757782, -4.695249557495117, -5.232773303985596, -5.601226329803467], "predictions": [63, 223, 396, 397, 224, 103, 400, 104, 68, 4], "target_tokens": ["[IN:PLAY_MUSIC", "[SL:MUSIC_RADIO_ID", "@ptr1", "@ptr2", "SL:MUSIC_RADIO_ID]", "[SL:MUSIC_PROVIDER_NAME", "@ptr5", "SL:MUSIC_PROVIDER_NAME]", "IN:PLAY_MUSIC]"], "predicted_tokens": ["[IN:PLAY_MUSIC", "[SL:MUSIC_RADIO_ID", "@ptr1", "@ptr2", "SL:MUSIC_RADIO_ID]", "[SL:MUSIC_PROVIDER_NAME", "@ptr5", "SL:MUSIC_PROVIDER_NAME]", "IN:PLAY_MUSIC]"]}
{"loss": 0.9571366906166077, "class_log_probabilities": [-0.3728947639465332, -7.915052890777588, -8.015460014343262, -8.04005241394043], "predictions": [75, 6, 396, 7, 78, 4, 4, 4], "target_tokens": ["[IN:CREATE_CALL", "[SL:CONTACT", "@ptr1", "SL:CONTACT]", "IN:CREATE_CALL]"], "predicted_tokens": ["[IN:CREATE_CALL", "[SL:CONTACT", "@ptr1", "SL:CONTACT]", "IN:CREATE_CALL]"]}
{"loss": 1.06455397605896, "class_log_probabilities": [-1.6575735807418823, -2.7177505493164062, -2.842419385910034, -4.409957408905029], "predictions": [75, 6, 70, 93, 396, 94, 71, 397, 72, 6, 399, 7, 73, 7, 78, 4], "target_tokens": ["[IN:CREATE_CALL", "[SL:CONTACT", "[IN:GET_CONTACT", "[SL:CONTACT_RELATED", "@ptr1", "SL:CONTACT_RELATED]", "[SL:TYPE_RELATION", "@ptr2", "SL:TYPE_RELATION]", "[SL:CONTACT", "@ptr3", "SL:CONTACT]", "IN:GET_CONTACT]", "SL:CONTACT]", "IN:CREATE_CALL]"], "predicted_tokens": ["[IN:CREATE_CALL", "[SL:CONTACT", "[IN:GET_CONTACT", "[SL:CONTACT_RELATED", "@ptr1", "SL:CONTACT_RELATED]", "[SL:TYPE_RELATION", "@ptr2", "SL:TYPE_RELATION]", "[SL:CONTACT", "@ptr4", "SL:CONTACT]", "IN:GET_CONTACT]", "SL:CONTACT]", "IN:CREATE_CALL]"]}
{"loss": 0.9614551067352295, "class_log_probabilities": [-0.33861908316612244, -8.27354621887207, -8.391239166259766, -8.794798851013184], "predictions": [13, 16, 400, 17, 18, 4, 4], "target_tokens": ["[IN:GET_WEATHER", "[SL:DATE_TIME", "@ptr5", "SL:DATE_TIME]", "IN:GET_WEATHER]"], "predicted_tokens": ["[IN:GET_WEATHER", "[SL:DATE_TIME", "@ptr5", "SL:DATE_TIME]", "IN:GET_WEATHER]"]}
{"loss": 1.2453703880310059, "class_log_probabilities": [-0.5381715297698975, -2.320340633392334, -6.962350845336914, -6.964824676513672], "predictions": [13, 16, 404, 17, 18, 4, 4], "target_tokens": ["[IN:GET_WEATHER", "[SL:DATE_TIME", "@ptr8", "SL:DATE_TIME]", "IN:GET_WEATHER]"], "predicted_tokens": ["[IN:GET_WEATHER", "[SL:DATE_TIME", "@ptr9", "SL:DATE_TIME]", "IN:GET_WEATHER]"]}
{"loss": 1.7754486799240112, "class_log_probabilities": [-1.9206933975219727, -3.090092658996582, -3.8047566413879395, -4.029839515686035], "predictions": [13, 79, 400, 80, 16, 406, 407, 17, 18, 4, 4, 4, 4], "target_tokens": ["[IN:GET_WEATHER", "[SL:WEATHER_ATTRIBUTE", "@ptr5", "SL:WEATHER_ATTRIBUTE]", "[SL:LOCATION", "@ptr10", "SL:LOCATION]", "[SL:DATE_TIME", "@ptr11", "@ptr12", "@ptr13", "SL:DATE_TIME]", "IN:GET_WEATHER]"], "predicted_tokens": ["[IN:GET_WEATHER", "[SL:WEATHER_ATTRIBUTE", "@ptr5", "SL:WEATHER_ATTRIBUTE]", "[SL:DATE_TIME", "@ptr11", "@ptr12", "SL:DATE_TIME]", "IN:GET_WEATHER]"]}
{"loss": 2.4261765480041504, "class_log_probabilities": [-1.5879279375076294, -2.7701549530029297, -3.0402677059173584, -4.4796366691589355], "predictions": [13, 16, 401, 402, 403, 404, 405, 406, 407, 17, 18, 4, 4, 4], "target_tokens": ["[IN:GET_WEATHER", "[SL:DATE_TIME", "@ptr4", "@ptr5", "@ptr6", "@ptr7", "@ptr8", "@ptr9", "@ptr10", "@ptr11", "SL:DATE_TIME]", "IN:GET_WEATHER]"], "predicted_tokens": ["[IN:GET_WEATHER", "[SL:DATE_TIME", "@ptr6", "@ptr7", "@ptr8", "@ptr9", "@ptr10", "@ptr11", "@ptr12", "SL:DATE_TIME]", "IN:GET_WEATHER]"]}
{"loss": 1.2869783639907837, "class_log_probabilities": [-1.9573712348937988, -2.758897542953491, -3.5265071392059326, -4.045768737792969], "predictions": [13, 16, 402, 403, 404, 405, 17, 18, 4, 4, 4, 4, 4], "target_tokens": ["[IN:GET_WEATHER", "[SL:DATE_TIME", "@ptr7", "@ptr8", "@ptr9", "@ptr10", "@ptr11", "SL:DATE_TIME]", "[SL:LOCATION", "@ptr13", "@ptr14", "SL:LOCATION]", "IN:GET_WEATHER]"], "predicted_tokens": ["[IN:GET_WEATHER", "[SL:DATE_TIME", "@ptr7", "@ptr8", "@ptr9", "@ptr10", "SL:DATE_TIME]", "IN:GET_WEATHER]"]}
{"loss": 1.0012528896331787, "class_log_probabilities": [-1.2128115892410278, -2.8396170139312744, -3.5429632663726807, -4.283610820770264], "predictions": [13, 14, 404, 15, 16, 405, 17, 18, 4], "target_tokens": ["[IN:GET_WEATHER", "[SL:LOCATION", "@ptr9", "SL:LOCATION]", "[SL:DATE_TIME", "@ptr10", "SL:DATE_TIME]", "IN:GET_WEATHER]"], "predicted_tokens": ["[IN:GET_WEATHER", "[SL:LOCATION", "@ptr9", "SL:LOCATION]", "[SL:DATE_TIME", "@ptr10", "SL:DATE_TIME]", "IN:GET_WEATHER]"]}
{"loss": 1.8689366579055786, "class_log_probabilities": [-1.9352794885635376, -2.2390706539154053, -3.6245033740997314, -3.933809757232666], "predictions": [13, 14, 404, 15, 16, 408, 17, 18, 4, 4], "target_tokens": ["[IN:GET_WEATHER", "[SL:LOCATION", "@ptr9", "SL:LOCATION]", "[SL:DATE_TIME", "@ptr10", "@ptr11", "@ptr12", "@ptr13", "SL:DATE_TIME]", "IN:GET_WEATHER]"], "predicted_tokens": ["[IN:GET_WEATHER", "[SL:LOCATION", "@ptr9", "SL:LOCATION]", "[SL:DATE_TIME", "@ptr13", "SL:DATE_TIME]", "IN:GET_WEATHER]"]}
{"loss": 2.341482400894165, "class_log_probabilities": [-0.4236869513988495, -8.120223045349121, -8.121641159057617, -8.318099021911621], "predictions": [13, 16, 398, 399, 17, 18, 4], "target_tokens": ["[IN:GET_WEATHER", "[SL:DATE_TIME", "@ptr2", "@ptr3", "@ptr4", "SL:DATE_TIME]", "IN:GET_WEATHER]"], "predicted_tokens": ["[IN:GET_WEATHER", "[SL:DATE_TIME", "@ptr3", "@ptr4", "SL:DATE_TIME]", "IN:GET_WEATHER]"]}
{"loss": 0.9610547423362732, "class_log_probabilities": [-0.3547614514827728, -7.303574085235596, -8.481122016906738, -8.583194732666016], "predictions": [13, 16, 402, 17, 18, 4, 4, 4, 4], "target_tokens": ["[IN:GET_WEATHER", "[SL:DATE_TIME", "@ptr7", "SL:DATE_TIME]", "IN:GET_WEATHER]"], "predicted_tokens": ["[IN:GET_WEATHER", "[SL:DATE_TIME", "@ptr7", "SL:DATE_TIME]", "IN:GET_WEATHER]"]}
{"loss": 0.9614592790603638, "class_log_probabilities": [-0.5118072032928467, -7.106663703918457, -7.319821834564209, -7.7316389083862305], "predictions": [13, 16, 400, 401, 402, 403, 17, 18, 4, 4], "target_tokens": ["[IN:GET_WEATHER", "[SL:DATE_TIME", "@ptr5", "@ptr6", "@ptr7", "@ptr8", "SL:DATE_TIME]", "IN:GET_WEATHER]"], "predicted_tokens": ["[IN:GET_WEATHER", "[SL:DATE_TIME", "@ptr5", "@ptr6", "@ptr7", "@ptr8", "SL:DATE_TIME]", "IN:GET_WEATHER]"]}
{"loss": 0.9665991067886353, "class_log_probabilities": [-0.5556812286376953, -5.455268383026123, -7.273351669311523, -7.634214401245117], "predictions": [13, 16, 400, 401, 402, 403, 404, 17, 18, 4, 4], "target_tokens": ["[IN:GET_WEATHER", "[SL:DATE_TIME", "@ptr5", "@ptr6", "@ptr7", "@ptr8", "@ptr9", "SL:DATE_TIME]", "IN:GET_WEATHER]"], "predicted_tokens": ["[IN:GET_WEATHER", "[SL:DATE_TIME", "@ptr5", "@ptr6", "@ptr7", "@ptr8", "@ptr9", "SL:DATE_TIME]", "IN:GET_WEATHER]"]}
{"loss": 0.9568803906440735, "class_log_probabilities": [-0.43595677614212036, -7.836450099945068, -8.093734741210938, -8.31287956237793], "predictions": [13, 16, 399, 400, 17, 18, 4, 4], "target_tokens": ["[IN:GET_WEATHER", "[SL:DATE_TIME", "@ptr4", "@ptr5", "SL:DATE_TIME]", "IN:GET_WEATHER]"], "predicted_tokens": ["[IN:GET_WEATHER", "[SL:DATE_TIME", "@ptr4", "@ptr5", "SL:DATE_TIME]", "IN:GET_WEATHER]"]}
{"loss": 1.2915319204330444, "class_log_probabilities": [-1.148112416267395, -2.738572835922241, -3.474663257598877, -4.56628942489624], "predictions": [13, 14, 403, 404, 15, 18, 4], "target_tokens": ["[IN:GET_WEATHER", "[SL:LOCATION", "@ptr8", "SL:LOCATION]", "IN:GET_WEATHER]"], "predicted_tokens": ["[IN:GET_WEATHER", "[SL:LOCATION", "@ptr8", "@ptr9", "SL:LOCATION]", "IN:GET_WEATHER]"]}
{"loss": 0.9745708107948303, "class_log_probabilities": [-0.7141061425209045, -6.4962239265441895, -7.052212715148926, -7.2182393074035645], "predictions": [13, 14, 401, 402, 15, 18, 4], "target_tokens": ["[IN:GET_WEATHER", "[SL:LOCATION", "@ptr6", "@ptr7", "SL:LOCATION]", "IN:GET_WEATHER]"], "predicted_tokens": ["[IN:GET_WEATHER", "[SL:LOCATION", "@ptr6", "@ptr7", "SL:LOCATION]", "IN:GET_WEATHER]"]}
{"loss": 0.9652882814407349, "class_log_probabilities": [-0.4804328680038452, -4.509963512420654, -7.32405424118042, -7.532796382904053], "predictions": [13, 14, 401, 402, 403, 15, 18, 4], "target_tokens": ["[IN:GET_WEATHER", "[SL:LOCATION", "@ptr6", "@ptr7", "@ptr8", "SL:LOCATION]", "IN:GET_WEATHER]"], "predicted_tokens": ["[IN:GET_WEATHER", "[SL:LOCATION", "@ptr6", "@ptr7", "@ptr8", "SL:LOCATION]", "IN:GET_WEATHER]"]}
{"loss": 1.0641282796859741, "class_log_probabilities": [-1.5738091468811035, -1.7677816152572632, -2.2931456565856934, -5.215646743774414], "predictions": [13, 14, 401, 402, 403, 15, 18, 4, 4], "target_tokens": ["[IN:GET_WEATHER", "[SL:LOCATION", "@ptr6", "@ptr7", "@ptr8", "SL:LOCATION]", "IN:GET_WEATHER]"], "predicted_tokens": ["[IN:GET_WEATHER", "[SL:LOCATION", "@ptr6", "@ptr7", "@ptr8", "SL:LOCATION]", "IN:GET_WEATHER]"]}
{"loss": 1.146497368812561, "class_log_probabilities": [-1.5193191766738892, -2.758629560470581, -3.011606216430664, -3.1904714107513428], "predictions": [13, 16, 401, 402, 403, 404, 405, 406, 17, 18, 4], "target_tokens": ["[IN:GET_WEATHER", "[SL:DATE_TIME", "@ptr7", "@ptr8", "@ptr9", "@ptr10", "@ptr11", "SL:DATE_TIME]", "IN:GET_WEATHER]"], "predicted_tokens": ["[IN:GET_WEATHER", "[SL:DATE_TIME", "@ptr6", "@ptr7", "@ptr8", "@ptr9", "@ptr10", "@ptr11", "SL:DATE_TIME]", "IN:GET_WEATHER]"]}
{"loss": 1.1349600553512573, "class_log_probabilities": [-1.45709228515625, -2.332813024520874, -2.6343812942504883, -3.191995859146118], "predictions": [13, 16, 402, 403, 404, 405, 406, 407, 17, 18, 4, 4], "target_tokens": ["[IN:GET_WEATHER", "[SL:DATE_TIME", "@ptr7", "@ptr8", "@ptr9", "@ptr10", "@ptr11", "@ptr12", "@ptr13", "SL:DATE_TIME]", "IN:GET_WEATHER]"], "predicted_tokens": ["[IN:GET_WEATHER", "[SL:DATE_TIME", "@ptr7", "@ptr8", "@ptr9", "@ptr10", "@ptr11", "@ptr12", "SL:DATE_TIME]", "IN:GET_WEATHER]"]}
{"loss": 2.5722529888153076, "class_log_probabilities": [-0.8106012344360352, -2.6709978580474854, -4.507457256317139, -5.167914390563965], "predictions": [13, 16, 402, 403, 17, 18, 4], "target_tokens": ["[IN:GET_WEATHER", "[SL:DATE_TIME", "@ptr6", "@ptr7", "SL:DATE_TIME]", "IN:GET_WEATHER]"], "predicted_tokens": ["[IN:GET_WEATHER", "[SL:DATE_TIME", "@ptr7", "@ptr8", "SL:DATE_TIME]", "IN:GET_WEATHER]"]}
{"loss": 3.0085208415985107, "class_log_probabilities": [-1.1727089881896973, -3.601177215576172, -4.210480690002441, -5.227820873260498], "predictions": [13, 16, 400, 401, 17, 18, 4, 4, 4, 4], "target_tokens": ["[IN:GET_WEATHER", "[SL:DATE_TIME", "@ptr4", "@ptr5", "SL:DATE_TIME]", "IN:GET_WEATHER]"], "predicted_tokens": ["[IN:GET_WEATHER", "[SL:DATE_TIME", "@ptr5", "@ptr6", "SL:DATE_TIME]", "IN:GET_WEATHER]"]}
{"loss": 0.95794677734375, "class_log_probabilities": [-0.4256567656993866, -7.79962682723999, -7.95269250869751, -8.2314453125], "predictions": [13, 16, 396, 397, 17, 18, 4], "target_tokens": ["[IN:GET_WEATHER", "[SL:DATE_TIME", "@ptr1", "@ptr2", "SL:DATE_TIME]", "IN:GET_WEATHER]"], "predicted_tokens": ["[IN:GET_WEATHER", "[SL:DATE_TIME", "@ptr1", "@ptr2", "SL:DATE_TIME]", "IN:GET_WEATHER]"]}
{"loss": 0.9888911843299866, "class_log_probabilities": [-0.7106763124465942, -3.5528266429901123, -3.6731364727020264, -3.742867946624756], "predictions": [13, 16, 403, 404, 405, 406, 17, 18, 4], "target_tokens": ["[IN:GET_WEATHER", "[SL:DATE_TIME", "@ptr8", "@ptr9", "@ptr10", "@ptr11", "SL:DATE_TIME]", "IN:GET_WEATHER]"], "predicted_tokens": ["[IN:GET_WEATHER", "[SL:DATE_TIME", "@ptr8", "@ptr9", "@ptr10", "@ptr11", "SL:DATE_TIME]", "IN:GET_WEATHER]"]}
{"loss": 1.3137342929840088, "class_log_probabilities": [-1.2375774383544922, -1.583252191543579, -3.3278677463531494, -3.730117082595825], "predictions": [13, 16, 403, 405, 17, 18, 4], "target_tokens": ["[IN:GET_WEATHER", "[SL:DATE_TIME", "@ptr8", "@ptr9", "SL:DATE_TIME]", "IN:GET_WEATHER]"], "predicted_tokens": ["[IN:GET_WEATHER", "[SL:DATE_TIME", "@ptr8", "@ptr10", "SL:DATE_TIME]", "IN:GET_WEATHER]"]}
{"loss": 0.9617104530334473, "class_log_probabilities": [-0.34865206480026245, -7.542263507843018, -7.864586353302002, -8.161426544189453], "predictions": [13, 14, 401, 15, 18, 4, 4, 4], "target_tokens": ["[IN:GET_WEATHER", "[SL:LOCATION", "@ptr6", "SL:LOCATION]", "IN:GET_WEATHER]"], "predicted_tokens": ["[IN:GET_WEATHER", "[SL:LOCATION", "@ptr6", "SL:LOCATION]", "IN:GET_WEATHER]"]}
{"loss": 0.9620611667633057, "class_log_probabilities": [-0.3426363170146942, -7.570865154266357, -7.945913314819336, -7.993463516235352], "predictions": [13, 14, 400, 15, 18, 4], "target_tokens": ["[IN:GET_WEATHER", "[SL:LOCATION", "@ptr5", "SL:LOCATION]", "IN:GET_WEATHER]"], "predicted_tokens": ["[IN:GET_WEATHER", "[SL:LOCATION", "@ptr5", "SL:LOCATION]", "IN:GET_WEATHER]"]}
{"loss": 2.452716588973999, "class_log_probabilities": [-0.7247952818870544, -4.79621696472168, -5.375889301300049, -5.632061958312988], "predictions": [63, 68, 4], "target_tokens": ["[IN:SILENCE_ALARM", "IN:SILENCE_ALARM]"], "predicted_tokens": ["[IN:PLAY_MUSIC", "IN:PLAY_MUSIC]"]}
{"loss": 0.9872980117797852, "class_log_probabilities": [-0.1395079791545868, -7.459064960479736, -7.783791542053223, -8.140589714050293], "predictions": [213, 214, 4], "target_tokens": ["[IN:SILENCE_ALARM", "IN:SILENCE_ALARM]"], "predicted_tokens": ["[IN:SILENCE_ALARM", "IN:SILENCE_ALARM]"]}
{"loss": 0.9745505452156067, "class_log_probabilities": [-0.16206881403923035, -7.2413787841796875, -7.641663074493408, -7.885866165161133], "predictions": [213, 214, 4], "target_tokens": ["[IN:SILENCE_ALARM", "IN:SILENCE_ALARM]"], "predicted_tokens": ["[IN:SILENCE_ALARM", "IN:SILENCE_ALARM]"]}
{"loss": 0.9627214670181274, "class_log_probabilities": [-0.6624892950057983, -5.976698398590088, -6.940701961517334, -7.644991874694824], "predictions": [45, 16, 398, 399, 400, 401, 402, 17, 46, 4, 4], "target_tokens": ["[IN:CREATE_ALARM", "[SL:DATE_TIME", "@ptr3", "@ptr4", "@ptr5", "@ptr6", "@ptr7", "SL:DATE_TIME]", "IN:CREATE_ALARM]"], "predicted_tokens": ["[IN:CREATE_ALARM", "[SL:DATE_TIME", "@ptr3", "@ptr4", "@ptr5", "@ptr6", "@ptr7", "SL:DATE_TIME]", "IN:CREATE_ALARM]"]}
{"loss": 1.6911500692367554, "class_log_probabilities": [-0.6159691214561462, -4.258840084075928, -5.839773178100586, -6.2412943840026855], "predictions": [45, 16, 400, 401, 402, 17, 46, 4, 4], "target_tokens": ["[IN:CREATE_ALARM", "[SL:DATE_TIME", "@ptr5", "@ptr6", "SL:DATE_TIME]", "IN:CREATE_ALARM]"], "predicted_tokens": ["[IN:CREATE_ALARM", "[SL:DATE_TIME", "@ptr5", "@ptr6", "@ptr7", "SL:DATE_TIME]", "IN:CREATE_ALARM]"]}
{"loss": 1.0234829187393188, "class_log_probabilities": [-1.1428630352020264, -1.9983938932418823, -4.978363037109375, -5.108912944793701], "predictions": [45, 16, 400, 401, 402, 17, 46, 4, 4], "target_tokens": ["[IN:CREATE_ALARM", "[SL:DATE_TIME", "@ptr5", "@ptr6", "@ptr7", "SL:DATE_TIME]", "IN:CREATE_ALARM]"], "predicted_tokens": ["[IN:CREATE_ALARM", "[SL:DATE_TIME", "@ptr5", "@ptr6", "@ptr7", "SL:DATE_TIME]", "IN:CREATE_ALARM]"]}
{"loss": 1.4424010515213013, "class_log_probabilities": [-0.6006858348846436, -4.84574031829834, -6.956704616546631, -6.976296424865723], "predictions": [45, 16, 398, 399, 400, 401, 17, 46, 4], "target_tokens": ["[IN:CREATE_ALARM", "[SL:DATE_TIME", "@ptr3", "@ptr4", "@ptr5", "SL:DATE_TIME]", "IN:CREATE_ALARM]"], "predicted_tokens": ["[IN:CREATE_ALARM", "[SL:DATE_TIME", "@ptr3", "@ptr4", "@ptr5", "@ptr6", "SL:DATE_TIME]", "IN:CREATE_ALARM]"]}
{"loss": 1.712408423423767, "class_log_probabilities": [-1.2319729328155518, -1.5504130125045776, -6.893472194671631, -6.9762043952941895], "predictions": [45, 16, 399, 400, 401, 402, 17, 46, 4, 4], "target_tokens": ["[IN:CREATE_ALARM", "[SL:DATE_TIME", "@ptr3", "@ptr4", "@ptr5", "@ptr6", "SL:DATE_TIME]", "IN:CREATE_ALARM]"], "predicted_tokens": ["[IN:CREATE_ALARM", "[SL:DATE_TIME", "@ptr4", "@ptr5", "@ptr6", "@ptr7", "SL:DATE_TIME]", "IN:CREATE_ALARM]"]}
{"loss": 0.9755014777183533, "class_log_probabilities": [-0.8140946626663208, -4.233526229858398, -5.266693115234375, -5.330723762512207], "predictions": [45, 16, 401, 402, 403, 404, 17, 46, 4], "target_tokens": ["[IN:CREATE_ALARM", "[SL:DATE_TIME", "@ptr6", "@ptr7", "@ptr8", "@ptr9", "SL:DATE_TIME]", "IN:CREATE_ALARM]"], "predicted_tokens": ["[IN:CREATE_ALARM", "[SL:DATE_TIME", "@ptr6", "@ptr7", "@ptr8", "@ptr9", "SL:DATE_TIME]", "IN:CREATE_ALARM]"]}
{"loss": 4.325653076171875, "class_log_probabilities": [-1.6274147033691406, -1.6953108310699463, -2.5706124305725098, -4.502222537994385], "predictions": [45, 16, 399, 400, 401, 17, 46, 4], "target_tokens": ["[IN:SNOOZE_ALARM", "[SL:DATE_TIME", "@ptr3", "@ptr4", "@ptr5", "SL:DATE_TIME]", "IN:SNOOZE_ALARM]"], "predicted_tokens": ["[IN:CREATE_ALARM", "[SL:DATE_TIME", "@ptr4", "@ptr5", "@ptr6", "SL:DATE_TIME]", "IN:CREATE_ALARM]"]}
{"loss": 2.8141868114471436, "class_log_probabilities": [-0.17940351366996765, -5.850863933563232, -6.536824703216553, -7.452308177947998], "predictions": [213, 214, 4], "target_tokens": ["[IN:SNOOZE_ALARM", "IN:SNOOZE_ALARM]"], "predicted_tokens": ["[IN:SILENCE_ALARM", "IN:SILENCE_ALARM]"]}
{"loss": 1.5654805898666382, "class_log_probabilities": [-0.9104209542274475, -2.238673210144043, -6.809550762176514, -7.279637336730957], "predictions": [45, 16, 398, 399, 400, 401, 402, 403, 17, 46, 4], "target_tokens": ["[IN:CREATE_ALARM", "[SL:DATE_TIME", "@ptr3", "@ptr4", "@ptr5", "@ptr6", "@ptr7", "SL:DATE_TIME]", "IN:CREATE_ALARM]"], "predicted_tokens": ["[IN:CREATE_ALARM", "[SL:DATE_TIME", "@ptr3", "@ptr4", "@ptr5", "@ptr6", "@ptr7", "@ptr8", "SL:DATE_TIME]", "IN:CREATE_ALARM]"]}
{"loss": 1.6366207599639893, "class_log_probabilities": [-1.3087669610977173, -1.4513959884643555, -7.496682167053223, -7.948920726776123], "predictions": [45, 16, 399, 400, 401, 402, 403, 17, 46, 4, 4, 4, 4, 4], "target_tokens": ["[IN:CREATE_ALARM", "[SL:DATE_TIME", "@ptr3", "@ptr4", "@ptr5", "@ptr6", "@ptr7", "SL:DATE_TIME]", "IN:CREATE_ALARM]"], "predicted_tokens": ["[IN:CREATE_ALARM", "[SL:DATE_TIME", "@ptr4", "@ptr5", "@ptr6", "@ptr7", "@ptr8", "SL:DATE_TIME]", "IN:CREATE_ALARM]"]}
{"loss": 2.313861608505249, "class_log_probabilities": [-0.9852242469787598, -2.0012733936309814, -3.0694286823272705, -4.679666519165039], "predictions": [45, 249, 399, 400, 401, 250, 46, 4, 4], "target_tokens": ["[IN:CREATE_ALARM", "[SL:ALARM_NAME", "@ptr4", "@ptr5", "@ptr6", "SL:ALARM_NAME]", "[SL:DATE_TIME", "@ptr7", "@ptr8", "SL:DATE_TIME]", "IN:CREATE_ALARM]"], "predicted_tokens": ["[IN:CREATE_ALARM", "[SL:ALARM_NAME", "@ptr4", "@ptr5", "@ptr6", "SL:ALARM_NAME]", "IN:CREATE_ALARM]"]}
{"loss": 2.6282896995544434, "class_log_probabilities": [-1.1394917964935303, -3.0029938220977783, -4.392309665679932, -4.80642557144165], "predictions": [45, 16, 402, 403, 404, 405, 406, 17, 46, 4], "target_tokens": ["[IN:CREATE_ALARM", "[SL:ALARM_NAME", "@ptr5", "SL:ALARM_NAME]", "[SL:DATE_TIME", "@ptr6", "@ptr7", "@ptr8", "@ptr9", "@ptr10", "SL:DATE_TIME]", "IN:CREATE_ALARM]"], "predicted_tokens": ["[IN:CREATE_ALARM", "[SL:DATE_TIME", "@ptr7", "@ptr8", "@ptr9", "@ptr10", "@ptr11", "SL:DATE_TIME]", "IN:CREATE_ALARM]"]}
{"loss": 2.6491363048553467, "class_log_probabilities": [-0.9405215978622437, -2.1543006896972656, -4.2502241134643555, -5.595701694488525], "predictions": [45, 249, 400, 250, 16, 401, 403, 17, 46, 4, 4], "target_tokens": ["[IN:CREATE_ALARM", "[SL:ALARM_NAME", "@ptr4", "SL:ALARM_NAME]", "[SL:DATE_TIME", "@ptr5", "@ptr6", "@ptr7", "SL:DATE_TIME]", "IN:CREATE_ALARM]"], "predicted_tokens": ["[IN:CREATE_ALARM", "[SL:ALARM_NAME", "@ptr5", "SL:ALARM_NAME]", "[SL:DATE_TIME", "@ptr6", "@ptr8", "SL:DATE_TIME]", "IN:CREATE_ALARM]"]}
{"loss": 0.9778909683227539, "class_log_probabilities": [-0.15238535404205322, -7.627183437347412, -7.8115692138671875, -7.859516143798828], "predictions": [19, 22, 4], "target_tokens": ["[IN:GET_ALARM", "IN:GET_ALARM]"], "predicted_tokens": ["[IN:GET_ALARM", "IN:GET_ALARM]"]}
{"loss": 1.2061163187026978, "class_log_probabilities": [-1.080770492553711, -2.0747265815734863, -6.037585735321045, -6.364885330200195], "predictions": [19, 120, 401, 121, 22, 4], "target_tokens": ["[IN:GET_ALARM", "[SL:AMOUNT", "@ptr5", "SL:AMOUNT]", "IN:GET_ALARM]"], "predicted_tokens": ["[IN:GET_ALARM", "[SL:AMOUNT", "@ptr6", "SL:AMOUNT]", "IN:GET_ALARM]"]}
{"loss": 1.7216548919677734, "class_log_probabilities": [-0.9009295701980591, -5.509110450744629, -6.339333534240723, -6.8484320640563965], "predictions": [119, 120, 397, 121, 122, 4], "target_tokens": ["[IN:DELETE_ALARM", "[SL:AMOUNT", "@ptr1", "SL:AMOUNT]", "IN:DELETE_ALARM]"], "predicted_tokens": ["[IN:DELETE_ALARM", "[SL:AMOUNT", "@ptr2", "SL:AMOUNT]", "IN:DELETE_ALARM]"]}
{"loss": 0.9590813517570496, "class_log_probabilities": [-0.20904621481895447, -6.3121113777160645, -7.364805221557617, -7.365449905395508], "predictions": [45, 46, 4, 4, 4, 4], "target_tokens": ["[IN:CREATE_ALARM", "IN:CREATE_ALARM]"], "predicted_tokens": ["[IN:CREATE_ALARM", "IN:CREATE_ALARM]"]}
{"loss": 0.9590213894844055, "class_log_probabilities": [-0.19944044947624207, -7.127456188201904, -7.187368869781494, -7.380466461181641], "predictions": [45, 46, 4], "target_tokens": ["[IN:CREATE_ALARM", "IN:CREATE_ALARM]"], "predicted_tokens": ["[IN:CREATE_ALARM", "IN:CREATE_ALARM]"]}
{"loss": 0.9978952407836914, "class_log_probabilities": [-0.3066895604133606, -4.922427177429199, -5.917078971862793, -6.480759620666504], "predictions": [107, 108, 397, 109, 110, 4], "target_tokens": ["[IN:UPDATE_CALL", "[SL:CONTACT_ADDED", "@ptr2", "SL:CONTACT_ADDED]", "IN:UPDATE_CALL]"], "predicted_tokens": ["[IN:UPDATE_CALL", "[SL:CONTACT_ADDED", "@ptr2", "SL:CONTACT_ADDED]", "IN:UPDATE_CALL]"]}
{"loss": 3.6777455806732178, "class_log_probabilities": [-0.18103651702404022, -6.2274556159973145, -7.532942295074463, -7.62324333190918], "predictions": [245, 246, 4], "target_tokens": ["[IN:END_CALL", "IN:END_CALL]"], "predicted_tokens": ["[IN:UPDATE_METHOD_CALL", "IN:UPDATE_METHOD_CALL]"]}
{"loss": 1.061805248260498, "class_log_probabilities": [-0.6354814171791077, -2.4046859741210938, -3.460894823074341, -4.975625514984131], "predictions": [237, 238, 4], "target_tokens": ["[IN:HOLD_CALL", "IN:HOLD_CALL]"], "predicted_tokens": ["[IN:HOLD_CALL", "IN:HOLD_CALL]"]}
{"loss": 2.128000259399414, "class_log_probabilities": [-1.0818145275115967, -1.930269718170166, -5.245998382568359, -6.038053512573242], "predictions": [245, 6, 403, 7, 246, 4], "target_tokens": ["[IN:ANSWER_CALL", "[SL:CONTACT", "@ptr8", "SL:CONTACT]", "IN:ANSWER_CALL]"], "predicted_tokens": ["[IN:UPDATE_METHOD_CALL", "[SL:CONTACT", "@ptr8", "SL:CONTACT]", "IN:UPDATE_METHOD_CALL]"]}
{"loss": 0.9883455038070679, "class_log_probabilities": [-0.47886812686920166, -6.240912437438965, -6.277400016784668, -7.138071060180664], "predictions": [107, 108, 70, 71, 396, 72, 73, 109, 110, 4, 4, 4, 4], "target_tokens": ["[IN:UPDATE_CALL", "[SL:CONTACT_ADDED", "[IN:GET_CONTACT", "[SL:TYPE_RELATION", "@ptr1", "SL:TYPE_RELATION]", "IN:GET_CONTACT]", "SL:CONTACT_ADDED]", "IN:UPDATE_CALL]"], "predicted_tokens": ["[IN:UPDATE_CALL", "[SL:CONTACT_ADDED", "[IN:GET_CONTACT", "[SL:TYPE_RELATION", "@ptr1", "SL:TYPE_RELATION]", "IN:GET_CONTACT]", "SL:CONTACT_ADDED]", "IN:UPDATE_CALL]"]}
{"loss": 1.590219497680664, "class_log_probabilities": [-0.665929913520813, -4.41332483291626, -4.669581890106201, -4.934257507324219], "predictions": [81, 6, 396, 7, 82, 4], "target_tokens": ["[IN:UPDATE_CALL", "[SL:CONTACT_REMOVED", "@ptr1", "SL:CONTACT_REMOVED]", "IN:UPDATE_CALL]"], "predicted_tokens": ["[IN:END_CALL", "[SL:CONTACT", "@ptr1", "SL:CONTACT]", "IN:END_CALL]"]}
{"loss": 0.9701938629150391, "class_log_probabilities": [-0.16206499934196472, -7.615281581878662, -7.868052005767822, -8.177689552307129], "predictions": [81, 82, 4, 4], "target_tokens": ["[IN:END_CALL", "IN:END_CALL]"], "predicted_tokens": ["[IN:END_CALL", "IN:END_CALL]"]}
{"loss": 0.9762217402458191, "class_log_probabilities": [-0.16576030850410461, -7.93496036529541, -8.149567604064941, -8.159893035888672], "predictions": [189, 190, 4], "target_tokens": ["[IN:SET_AVAILABLE", "IN:SET_AVAILABLE]"], "predicted_tokens": ["[IN:SET_AVAILABLE", "IN:SET_AVAILABLE]"]}
{"loss": 2.7174484729766846, "class_log_probabilities": [-0.5931657552719116, -4.123998165130615, -4.424183368682861, -4.9508209228515625], "predictions": [185, 186, 4], "target_tokens": ["[IN:GET_CALL", "[SL:DATE_TIME", "@ptr6", "SL:DATE_TIME]", "IN:GET_CALL]"], "predicted_tokens": ["[IN:GET_CALL", "IN:GET_CALL]"]}
{"loss": 0.9616050720214844, "class_log_probabilities": [-0.36748015880584717, -6.835511207580566, -6.956965923309326, -7.432042121887207], "predictions": [75, 6, 402, 7, 78, 4, 4, 4], "target_tokens": ["[IN:CREATE_CALL", "[SL:CONTACT", "@ptr7", "SL:CONTACT]", "IN:CREATE_CALL]"], "predicted_tokens": ["[IN:CREATE_CALL", "[SL:CONTACT", "@ptr7", "SL:CONTACT]", "IN:CREATE_CALL]"]}
{"loss": 0.9621465802192688, "class_log_probabilities": [-0.3692852258682251, -7.0129852294921875, -7.176712989807129, -7.412074565887451], "predictions": [171, 6, 399, 7, 172, 4], "target_tokens": ["[IN:GET_AVAILABILITY", "[SL:CONTACT", "@ptr4", "SL:CONTACT]", "IN:GET_AVAILABILITY]"], "predicted_tokens": ["[IN:GET_AVAILABILITY", "[SL:CONTACT", "@ptr4", "SL:CONTACT]", "IN:GET_AVAILABILITY]"]}
{"loss": 3.7904300689697266, "class_log_probabilities": [-0.1400696337223053, -7.425248622894287, -7.8397135734558105, -8.027817726135254], "predictions": [213, 214, 4], "target_tokens": ["[IN:END_CALL", "IN:END_CALL]"], "predicted_tokens": ["[IN:SILENCE_ALARM", "IN:SILENCE_ALARM]"]}
{"loss": 1.460000991821289, "class_log_probabilities": [-0.46458134055137634, -3.771299362182617, -6.866028308868408, -7.351729869842529], "predictions": [75, 6, 398, 7, 78, 4, 4, 4], "target_tokens": ["[IN:CREATE_CALL", "[SL:CONTACT", "@ptr2", "SL:CONTACT]", "IN:CREATE_CALL]"], "predicted_tokens": ["[IN:CREATE_CALL", "[SL:CONTACT", "@ptr3", "SL:CONTACT]", "IN:CREATE_CALL]"]}
{"loss": 1.7088936567306519, "class_log_probabilities": [-2.0500221252441406, -2.5681419372558594, -4.487383842468262, -4.646319389343262], "predictions": [70, 6, 395, 7, 93, 396, 94, 71, 397, 72, 73, 4, 4, 4], "target_tokens": ["[IN:CREATE_CALL", "[SL:CONTACT", "[IN:GET_CONTACT", "[SL:CONTACT_RELATED", "@ptr1", "SL:CONTACT_RELATED]", "[SL:TYPE_RELATION", "@ptr2", "SL:TYPE_RELATION]", "IN:GET_CONTACT]", "SL:CONTACT]", "IN:CREATE_CALL]"], "predicted_tokens": ["[IN:GET_CONTACT", "[SL:CONTACT", "@ptr0", "SL:CONTACT]", "[SL:CONTACT_RELATED", "@ptr1", "SL:CONTACT_RELATED]", "[SL:TYPE_RELATION", "@ptr2", "SL:TYPE_RELATION]", "IN:GET_CONTACT]"]}
{"loss": 1.0527185201644897, "class_log_probabilities": [-1.1818302869796753, -2.2067711353302, -5.814333438873291, -5.978111267089844], "predictions": [75, 6, 397, 7, 78, 4, 4, 4], "target_tokens": ["[IN:CREATE_CALL", "[SL:CONTACT", "@ptr2", "SL:CONTACT]", "IN:CREATE_CALL]"], "predicted_tokens": ["[IN:CREATE_CALL", "[SL:CONTACT", "@ptr2", "SL:CONTACT]", "IN:CREATE_CALL]"]}
{"loss": 0.9822671413421631, "class_log_probabilities": [-0.14849910140037537, -8.119453430175781, -8.927773475646973, -9.014979362487793], "predictions": [245, 246, 4, 4, 4], "target_tokens": ["[IN:UPDATE_METHOD_CALL", "IN:UPDATE_METHOD_CALL]"], "predicted_tokens": ["[IN:UPDATE_METHOD_CALL", "IN:UPDATE_METHOD_CALL]"]}
{"loss": 0.9927846789360046, "class_log_probabilities": [-0.13343819975852966, -8.024149894714355, -8.114609718322754, -8.18881893157959], "predictions": [245, 246, 4], "target_tokens": ["[IN:UPDATE_METHOD_CALL", "IN:UPDATE_METHOD_CALL]"], "predicted_tokens": ["[IN:UPDATE_METHOD_CALL", "IN:UPDATE_METHOD_CALL]"]}
{"loss": 4.101249694824219, "class_log_probabilities": [-0.24370118975639343, -5.98222017288208, -6.895388126373291, -8.589120864868164], "predictions": [75, 78, 4, 4], "target_tokens": ["[IN:UPDATE_METHOD_CALL", "IN:UPDATE_METHOD_CALL]"], "predicted_tokens": ["[IN:CREATE_CALL", "IN:CREATE_CALL]"]}
{"loss": 2.5919620990753174, "class_log_probabilities": [-2.6611266136169434, -2.8554821014404297, -3.0998692512512207, -3.7803523540496826], "predictions": [75, 6, 70, 93, 395, 94, 71, 396, 397, 72, 6, 399, 7, 73, 7, 78, 4, 4], "target_tokens": ["[IN:UPDATE_CALL", "[SL:CONTACT_REMOVED", "[IN:GET_CONTACT", "[SL:TYPE_RELATION", "@ptr1", "@ptr2", "@ptr3", "SL:TYPE_RELATION]", "[SL:CONTACT", "@ptr4", "SL:CONTACT]", "IN:GET_CONTACT]", "SL:CONTACT_REMOVED]", "IN:UPDATE_CALL]"], "predicted_tokens": ["[IN:CREATE_CALL", "[SL:CONTACT", "[IN:GET_CONTACT", "[SL:CONTACT_RELATED", "@ptr0", "SL:CONTACT_RELATED]", "[SL:TYPE_RELATION", "@ptr1", "@ptr2", "SL:TYPE_RELATION]", "[SL:CONTACT", "@ptr4", "SL:CONTACT]", "IN:GET_CONTACT]", "SL:CONTACT]", "IN:CREATE_CALL]"]}
{"loss": 1.5634626150131226, "class_log_probabilities": [-0.6070477962493896, -3.487741231918335, -3.8619275093078613, -4.6442036628723145], "predictions": [95, 6, 399, 7, 96, 4], "target_tokens": ["[IN:UPDATE_CALL", "[SL:CONTACT_REMOVED", "@ptr4", "SL:CONTACT_REMOVED]", "IN:UPDATE_CALL]"], "predicted_tokens": ["[IN:IGNORE_CALL", "[SL:CONTACT", "@ptr4", "SL:CONTACT]", "IN:IGNORE_CALL]"]}
{"loss": 2.490323543548584, "class_log_probabilities": [-0.6234226226806641, -6.298901081085205, -6.6951518058776855, -6.751657962799072], "predictions": [63, 66, 395, 396, 397, 67, 103, 399, 104, 68, 4], "target_tokens": ["[IN:PLAY_MUSIC", "[SL:MUSIC_TRACK_TITLE", "@ptr1", "@ptr2", "SL:MUSIC_TRACK_TITLE]", "[SL:MUSIC_PROVIDER_NAME", "@ptr4", "SL:MUSIC_PROVIDER_NAME]", "IN:PLAY_MUSIC]"], "predicted_tokens": ["[IN:PLAY_MUSIC", "[SL:MUSIC_ARTIST_NAME", "@ptr0", "@ptr1", "@ptr2", "SL:MUSIC_ARTIST_NAME]", "[SL:MUSIC_PROVIDER_NAME", "@ptr4", "SL:MUSIC_PROVIDER_NAME]", "IN:PLAY_MUSIC]"]}
{"loss": 1.5073293447494507, "class_log_probabilities": [-1.4160194396972656, -1.7962778806686401, -4.399284362792969, -4.5270094871521], "predictions": [63, 66, 396, 397, 398, 399, 400, 67, 103, 402, 104, 68, 4], "target_tokens": ["[IN:PLAY_MUSIC", "[SL:MUSIC_ARTIST_NAME", "@ptr1", "@ptr2", "@ptr3", "@ptr4", "SL:MUSIC_ARTIST_NAME]", "[SL:MUSIC_PROVIDER_NAME", "@ptr6", "SL:MUSIC_PROVIDER_NAME]", "IN:PLAY_MUSIC]"], "predicted_tokens": ["[IN:PLAY_MUSIC", "[SL:MUSIC_ARTIST_NAME", "@ptr1", "@ptr2", "@ptr3", "@ptr4", "@ptr5", "SL:MUSIC_ARTIST_NAME]", "[SL:MUSIC_PROVIDER_NAME", "@ptr7", "SL:MUSIC_PROVIDER_NAME]", "IN:PLAY_MUSIC]"]}
{"loss": 1.8368775844573975, "class_log_probabilities": [-0.4807756245136261, -7.161947727203369, -7.180078029632568, -7.2893218994140625], "predictions": [63, 66, 395, 396, 67, 103, 398, 104, 68, 4], "target_tokens": ["[IN:PLAY_MUSIC", "[SL:MUSIC_ARTIST_NAME", "@ptr1", "SL:MUSIC_ARTIST_NAME]", "[SL:MUSIC_PROVIDER_NAME", "@ptr3", "SL:MUSIC_PROVIDER_NAME]", "IN:PLAY_MUSIC]"], "predicted_tokens": ["[IN:PLAY_MUSIC", "[SL:MUSIC_ARTIST_NAME", "@ptr0", "@ptr1", "SL:MUSIC_ARTIST_NAME]", "[SL:MUSIC_PROVIDER_NAME", "@ptr3", "SL:MUSIC_PROVIDER_NAME]", "IN:PLAY_MUSIC]"]}
{"loss": 2.8014698028564453, "class_log_probabilities": [-2.43428373336792, -2.6458661556243896, -3.0181543827056885, -4.769390106201172], "predictions": [63, 64, 402, 65, 66, 404, 67, 68, 4, 4, 4, 4], "target_tokens": ["[IN:PLAY_MUSIC", "[SL:MUSIC_ARTIST_NAME", "@ptr8", "@ptr9", "@ptr10", "SL:MUSIC_ARTIST_NAME]", "[SL:MUSIC_TYPE", "@ptr6", "SL:MUSIC_TYPE]", "IN:PLAY_MUSIC]"], "predicted_tokens": ["[IN:PLAY_MUSIC", "[SL:MUSIC_TYPE", "@ptr7", "SL:MUSIC_TYPE]", "[SL:MUSIC_ARTIST_NAME", "@ptr9", "SL:MUSIC_ARTIST_NAME]", "IN:PLAY_MUSIC]"]}
{"loss": 1.8971043825149536, "class_log_probabilities": [-2.820469856262207, -3.2598557472229004, -3.310852527618408, -5.801199913024902], "predictions": [63, 66, 395, 67, 101, 397, 398, 399, 400, 102, 66, 402, 403, 404, 67, 68, 4, 4], "target_tokens": ["[IN:PLAY_MUSIC", "[SL:MUSIC_TRACK_TITLE", "@ptr2", "@ptr3", "@ptr4", "@ptr5", "SL:MUSIC_TRACK_TITLE]", "[SL:MUSIC_ARTIST_NAME", "@ptr8", "@ptr9", "@ptr10", "SL:MUSIC_ARTIST_NAME]", "IN:PLAY_MUSIC]"], "predicted_tokens": ["[IN:PLAY_MUSIC", "[SL:MUSIC_ARTIST_NAME", "@ptr0", "SL:MUSIC_ARTIST_NAME]", "[SL:MUSIC_TRACK_TITLE", "@ptr2", "@ptr3", "@ptr4", "@ptr5", "SL:MUSIC_TRACK_TITLE]", "[SL:MUSIC_ARTIST_NAME", "@ptr7", "@ptr8", "@ptr9", "SL:MUSIC_ARTIST_NAME]", "IN:PLAY_MUSIC]"]}
{"loss": 3.040923595428467, "class_log_probabilities": [-2.6977500915527344, -2.837047576904297, -3.586574077606201, -3.6639809608459473], "predictions": [63, 64, 397, 65, 206, 399, 400, 207, 66, 402, 67, 68, 4], "target_tokens": ["[IN:PLAY_MUSIC", "[SL:MUSIC_ARTIST_NAME", "@ptr7", "SL:MUSIC_ARTIST_NAME]", "[SL:MUSIC_ALBUM_TITLE", "@ptr3", "@ptr4", "@ptr5", "SL:MUSIC_ALBUM_TITLE]", "[SL:MUSIC_TYPE", "@ptr2", "SL:MUSIC_TYPE]", "IN:PLAY_MUSIC]"], "predicted_tokens": ["[IN:PLAY_MUSIC", "[SL:MUSIC_TYPE", "@ptr2", "SL:MUSIC_TYPE]", "[SL:MUSIC_ALBUM_TITLE", "@ptr4", "@ptr5", "SL:MUSIC_ALBUM_TITLE]", "[SL:MUSIC_ARTIST_NAME", "@ptr7", "SL:MUSIC_ARTIST_NAME]", "IN:PLAY_MUSIC]"]}
{"loss": 0.9805713891983032, "class_log_probabilities": [-0.4540787637233734, -4.4410176277160645, -5.884193420410156, -6.267720699310303], "predictions": [63, 66, 398, 399, 67, 68, 4], "target_tokens": ["[IN:PLAY_MUSIC", "[SL:MUSIC_ARTIST_NAME", "@ptr3", "@ptr4", "SL:MUSIC_ARTIST_NAME]", "IN:PLAY_MUSIC]"], "predicted_tokens": ["[IN:PLAY_MUSIC", "[SL:MUSIC_ARTIST_NAME", "@ptr3", "@ptr4", "SL:MUSIC_ARTIST_NAME]", "IN:PLAY_MUSIC]"]}
{"loss": 2.2665019035339355, "class_log_probabilities": [-3.9786829948425293, -4.268130302429199, -4.5689826011657715, -4.601415634155273], "predictions": [63, 101, 400, 401, 102, 66, 402, 403, 404, 67, 103, 405, 104, 68, 4, 4], "target_tokens": ["[IN:PLAY_MUSIC", "[SL:MUSIC_ARTIST_NAME", "@ptr7", "@ptr8", "SL:MUSIC_ARTIST_NAME]", "[SL:MUSIC_TRACK_TITLE", "@ptr4", "@ptr5", "SL:MUSIC_TRACK_TITLE]", "[SL:MUSIC_PROVIDER_NAME", "@ptr10", "SL:MUSIC_PROVIDER_NAME]", "IN:PLAY_MUSIC]"], "predicted_tokens": ["[IN:PLAY_MUSIC", "[SL:MUSIC_TRACK_TITLE", "@ptr5", "@ptr6", "SL:MUSIC_TRACK_TITLE]", "[SL:MUSIC_ARTIST_NAME", "@ptr7", "@ptr8", "@ptr9", "SL:MUSIC_ARTIST_NAME]", "[SL:MUSIC_PROVIDER_NAME", "@ptr10", "SL:MUSIC_PROVIDER_NAME]", "IN:PLAY_MUSIC]"]}
{"loss": 1.9198124408721924, "class_log_probabilities": [-1.178784728050232, -3.0552785396575928, -4.086886882781982, -4.752192974090576], "predictions": [63, 64, 398, 65, 151, 399, 400, 152, 68, 4], "target_tokens": ["[IN:PLAY_MUSIC", "[SL:MUSIC_GENRE", "@ptr4", "@ptr5", "SL:MUSIC_GENRE]", "[SL:MUSIC_TYPE", "@ptr3", "SL:MUSIC_TYPE]", "IN:PLAY_MUSIC]"], "predicted_tokens": ["[IN:PLAY_MUSIC", "[SL:MUSIC_TYPE", "@ptr3", "SL:MUSIC_TYPE]", "[SL:MUSIC_GENRE", "@ptr4", "@ptr5", "SL:MUSIC_GENRE]", "IN:PLAY_MUSIC]"]}
{"loss": 1.6076053380966187, "class_log_probabilities": [-1.9332901239395142, -2.7628655433654785, -4.038805961608887, -4.823577404022217], "predictions": [63, 101, 396, 397, 398, 399, 102, 66, 401, 402, 67, 103, 404, 104, 68, 4, 4, 4, 4], "target_tokens": ["[IN:PLAY_MUSIC", "[SL:MUSIC_ARTIST_NAME", "@ptr6", "@ptr7", "SL:MUSIC_ARTIST_NAME]", "[SL:MUSIC_PROVIDER_NAME", "@ptr9", "SL:MUSIC_PROVIDER_NAME]", "IN:PLAY_MUSIC]"], "predicted_tokens": ["[IN:PLAY_MUSIC", "[SL:MUSIC_TRACK_TITLE", "@ptr1", "@ptr2", "@ptr3", "@ptr4", "SL:MUSIC_TRACK_TITLE]", "[SL:MUSIC_ARTIST_NAME", "@ptr6", "@ptr7", "SL:MUSIC_ARTIST_NAME]", "[SL:MUSIC_PROVIDER_NAME", "@ptr9", "SL:MUSIC_PROVIDER_NAME]", "IN:PLAY_MUSIC]"]}
{"loss": 1.414355993270874, "class_log_probabilities": [-1.3658463954925537, -3.4324467182159424, -4.240543842315674, -4.810640811920166], "predictions": [63, 101, 395, 102, 64, 398, 65, 66, 400, 401, 67, 68, 4, 4, 4, 4], "target_tokens": ["[IN:PLAY_MUSIC", "[SL:MUSIC_TYPE", "@ptr3", "SL:MUSIC_TYPE]", "[SL:MUSIC_ARTIST_NAME", "@ptr5", "@ptr6", "SL:MUSIC_ARTIST_NAME]", "IN:PLAY_MUSIC]"], "predicted_tokens": ["[IN:PLAY_MUSIC", "[SL:MUSIC_TRACK_TITLE", "@ptr0", "SL:MUSIC_TRACK_TITLE]", "[SL:MUSIC_TYPE", "@ptr3", "SL:MUSIC_TYPE]", "[SL:MUSIC_ARTIST_NAME", "@ptr5", "@ptr6", "SL:MUSIC_ARTIST_NAME]", "IN:PLAY_MUSIC]"]}
{"loss": 2.9467525482177734, "class_log_probabilities": [-0.9957364201545715, -2.958690881729126, -3.54150128364563, -6.162960052490234], "predictions": [63, 64, 397, 65, 66, 401, 402, 403, 67, 68, 4, 4], "target_tokens": ["[IN:PLAY_MUSIC", "[SL:MUSIC_ARTIST_NAME", "@ptr5", "@ptr6", "@ptr7", "@ptr8", "SL:MUSIC_ARTIST_NAME]", "[SL:MUSIC_TYPE", "@ptr2", "SL:MUSIC_TYPE]", "IN:PLAY_MUSIC]"], "predicted_tokens": ["[IN:PLAY_MUSIC", "[SL:MUSIC_TYPE", "@ptr2", "SL:MUSIC_TYPE]", "[SL:MUSIC_ARTIST_NAME", "@ptr6", "@ptr7", "@ptr8", "SL:MUSIC_ARTIST_NAME]", "IN:PLAY_MUSIC]"]}
{"loss": 1.5703400373458862, "class_log_probabilities": [-0.8397208452224731, -4.13407039642334, -5.121054172515869, -5.130805969238281], "predictions": [75, 6, 70, 71, 397, 72, 6, 399, 7, 73, 7, 78, 4], "target_tokens": ["[IN:CREATE_CALL", "[SL:CONTACT", "[IN:GET_CONTACT", "[SL:CONTACT_RELATED", "@ptr4", "SL:CONTACT_RELATED]", "[SL:TYPE_RELATION", "@ptr2", "SL:TYPE_RELATION]", "IN:GET_CONTACT]", "SL:CONTACT]", "IN:CREATE_CALL]"], "predicted_tokens": ["[IN:CREATE_CALL", "[SL:CONTACT", "[IN:GET_CONTACT", "[SL:TYPE_RELATION", "@ptr2", "SL:TYPE_RELATION]", "[SL:CONTACT", "@ptr4", "SL:CONTACT]", "IN:GET_CONTACT]", "SL:CONTACT]", "IN:CREATE_CALL]"]}
{"loss": 1.576111078262329, "class_log_probabilities": [-1.0930850505828857, -4.190288543701172, -4.281256198883057, -4.384008884429932], "predictions": [75, 6, 70, 71, 397, 72, 6, 399, 7, 73, 7, 78, 4], "target_tokens": ["[IN:CREATE_CALL", "[SL:CONTACT", "[IN:GET_CONTACT", "[SL:CONTACT_RELATED", "@ptr4", "SL:CONTACT_RELATED]", "[SL:TYPE_RELATION", "@ptr2", "SL:TYPE_RELATION]", "IN:GET_CONTACT]", "SL:CONTACT]", "IN:CREATE_CALL]"], "predicted_tokens": ["[IN:CREATE_CALL", "[SL:CONTACT", "[IN:GET_CONTACT", "[SL:TYPE_RELATION", "@ptr2", "SL:TYPE_RELATION]", "[SL:CONTACT", "@ptr4", "SL:CONTACT]", "IN:GET_CONTACT]", "SL:CONTACT]", "IN:CREATE_CALL]"]}
{"loss": 1.42548668384552, "class_log_probabilities": [-1.0739870071411133, -3.3523404598236084, -4.544701099395752, -5.199410915374756], "predictions": [75, 6, 70, 71, 397, 72, 6, 399, 7, 73, 7, 78, 4], "target_tokens": ["[IN:CREATE_CALL", "[SL:CONTACT", "[IN:GET_CONTACT", "[SL:CONTACT_RELATED", "@ptr4", "SL:CONTACT_RELATED]", "[SL:TYPE_RELATION", "@ptr2", "SL:TYPE_RELATION]", "IN:GET_CONTACT]", "SL:CONTACT]", "IN:CREATE_CALL]"], "predicted_tokens": ["[IN:CREATE_CALL", "[SL:CONTACT", "[IN:GET_CONTACT", "[SL:TYPE_RELATION", "@ptr2", "SL:TYPE_RELATION]", "[SL:CONTACT", "@ptr4", "SL:CONTACT]", "IN:GET_CONTACT]", "SL:CONTACT]", "IN:CREATE_CALL]"]}
{"loss": 1.638236165046692, "class_log_probabilities": [-1.7773301601409912, -2.959517478942871, -4.148040771484375, -32.17131423950195], "predictions": [75, 6, 70, 71, 397, 72, 6, 399, 7, 73, 7, 78, 4, 4, 4, 4, 4, 4, 4, 4, 4, 4, 4, 4, 4, 4, 4, 4, 4, 4, 4, 4, 4, 4, 4, 4, 4, 4, 4, 4, 4, 4, 4, 4, 4, 4, 4, 4, 4, 4, 4, 4, 4, 4, 4, 4, 4, 4, 4, 4, 4, 4, 4, 4, 4, 4, 4, 4, 4, 4, 4, 4, 4, 4, 4, 4, 4, 4, 4, 4, 4, 4, 4, 4, 4, 4, 4, 4, 4, 4, 4, 4, 4, 4, 4, 4, 4, 4, 4, 4], "target_tokens": ["[IN:CREATE_CALL", "[SL:CONTACT", "[IN:GET_CONTACT", "[SL:CONTACT_RELATED", "@ptr4", "SL:CONTACT_RELATED]", "[SL:TYPE_RELATION", "@ptr2", "SL:TYPE_RELATION]", "IN:GET_CONTACT]", "SL:CONTACT]", "IN:CREATE_CALL]"], "predicted_tokens": ["[IN:CREATE_CALL", "[SL:CONTACT", "[IN:GET_CONTACT", "[SL:TYPE_RELATION", "@ptr2", "SL:TYPE_RELATION]", "[SL:CONTACT", "@ptr4", "SL:CONTACT]", "IN:GET_CONTACT]", "SL:CONTACT]", "IN:CREATE_CALL]"]}
{"loss": 1.520922303199768, "class_log_probabilities": [-1.1020393371582031, -2.581359624862671, -4.955197334289551, -5.953263759613037], "predictions": [75, 6, 70, 71, 397, 72, 6, 399, 400, 7, 73, 7, 78, 4], "target_tokens": ["[IN:CREATE_CALL", "[SL:CONTACT", "[IN:GET_CONTACT", "[SL:CONTACT_RELATED", "@ptr4", "@ptr5", "SL:CONTACT_RELATED]", "[SL:TYPE_RELATION", "@ptr2", "SL:TYPE_RELATION]", "IN:GET_CONTACT]", "SL:CONTACT]", "IN:CREATE_CALL]"], "predicted_tokens": ["[IN:CREATE_CALL", "[SL:CONTACT", "[IN:GET_CONTACT", "[SL:TYPE_RELATION", "@ptr2", "SL:TYPE_RELATION]", "[SL:CONTACT", "@ptr4", "@ptr5", "SL:CONTACT]", "IN:GET_CONTACT]", "SL:CONTACT]", "IN:CREATE_CALL]"]}
{"loss": 1.7672632932662964, "class_log_probabilities": [-1.2937647104263306, -2.283505916595459, -4.35786247253418, -4.717595100402832], "predictions": [75, 6, 70, 71, 397, 72, 6, 399, 7, 73, 7, 78, 4, 4, 4], "target_tokens": ["[IN:CREATE_CALL", "[SL:CONTACT", "[IN:GET_CONTACT", "[SL:CONTACT_RELATED", "@ptr4", "SL:CONTACT_RELATED]", "[SL:TYPE_RELATION", "@ptr2", "SL:TYPE_RELATION]", "IN:GET_CONTACT]", "SL:CONTACT]", "IN:CREATE_CALL]"], "predicted_tokens": ["[IN:CREATE_CALL", "[SL:CONTACT", "[IN:GET_CONTACT", "[SL:TYPE_RELATION", "@ptr2", "SL:TYPE_RELATION]", "[SL:CONTACT", "@ptr4", "SL:CONTACT]", "IN:GET_CONTACT]", "SL:CONTACT]", "IN:CREATE_CALL]"]}
{"loss": 2.9957687854766846, "class_log_probabilities": [-2.8687591552734375, -3.836439371109009, -3.9606211185455322, -4.267715930938721], "predictions": [75, 6, 70, 71, 397, 72, 6, 400, 7, 73, 7, 78, 4, 4, 4], "target_tokens": ["[IN:CREATE_CALL", "[SL:CONTACT", "[IN:GET_CONTACT", "[SL:CONTACT_RELATED", "@ptr5", "@ptr6", "SL:CONTACT_RELATED]", "[SL:TYPE_RELATION", "@ptr1", "@ptr2", "@ptr3", "SL:TYPE_RELATION]", "IN:GET_CONTACT]", "SL:CONTACT]", "IN:CREATE_CALL]"], "predicted_tokens": ["[IN:CREATE_CALL", "[SL:CONTACT", "[IN:GET_CONTACT", "[SL:TYPE_RELATION", "@ptr2", "SL:TYPE_RELATION]", "[SL:CONTACT", "@ptr5", "SL:CONTACT]", "IN:GET_CONTACT]", "SL:CONTACT]", "IN:CREATE_CALL]"]}
{"loss": 1.5525201559066772, "class_log_probabilities": [-0.937677264213562, -3.837815761566162, -4.914472579956055, -5.249875545501709], "predictions": [75, 6, 70, 71, 397, 72, 6, 399, 7, 73, 7, 78, 4], "target_tokens": ["[IN:CREATE_CALL", "[SL:CONTACT", "[IN:GET_CONTACT", "[SL:CONTACT_RELATED", "@ptr4", "SL:CONTACT_RELATED]", "[SL:TYPE_RELATION", "@ptr2", "SL:TYPE_RELATION]", "IN:GET_CONTACT]", "SL:CONTACT]", "IN:CREATE_CALL]"], "predicted_tokens": ["[IN:CREATE_CALL", "[SL:CONTACT", "[IN:GET_CONTACT", "[SL:TYPE_RELATION", "@ptr2", "SL:TYPE_RELATION]", "[SL:CONTACT", "@ptr4", "SL:CONTACT]", "IN:GET_CONTACT]", "SL:CONTACT]", "IN:CREATE_CALL]"]}
{"loss": 0.9577843546867371, "class_log_probabilities": [-0.5142881274223328, -4.013278007507324, -7.005577087402344, -7.218388557434082], "predictions": [75, 6, 397, 7, 78, 4, 4, 4], "target_tokens": ["[IN:CREATE_CALL", "[SL:CONTACT", "@ptr2", "SL:CONTACT]", "IN:CREATE_CALL]"], "predicted_tokens": ["[IN:CREATE_CALL", "[SL:CONTACT", "@ptr2", "SL:CONTACT]", "IN:CREATE_CALL]"]}
{"loss": 1.2027829885482788, "class_log_probabilities": [-1.1204777956008911, -2.7683675289154053, -3.2104101181030273, -3.6715338230133057], "predictions": [61, 83, 398, 399, 400, 84, 16, 404, 17, 62, 4, 4], "target_tokens": ["[IN:GET_EVENT", "[SL:CATEGORY_EVENT", "@ptr3", "@ptr4", "@ptr5", "SL:CATEGORY_EVENT]", "[SL:DATE_TIME", "@ptr9", "@ptr10", "SL:DATE_TIME]", "IN:GET_EVENT]"], "predicted_tokens": ["[IN:GET_EVENT", "[SL:CATEGORY_EVENT", "@ptr3", "@ptr4", "@ptr5", "SL:CATEGORY_EVENT]", "[SL:DATE_TIME", "@ptr9", "SL:DATE_TIME]", "IN:GET_EVENT]"]}
{"loss": 0.9822070002555847, "class_log_probabilities": [-0.7121902108192444, -6.294978141784668, -6.557380199432373, -8.694477081298828], "predictions": [61, 83, 395, 396, 397, 84, 14, 399, 15, 16, 400, 401, 17, 62, 4, 4, 4, 4, 4], "target_tokens": ["[IN:GET_EVENT", "[SL:CATEGORY_EVENT", "@ptr0", "@ptr1", "@ptr2", "SL:CATEGORY_EVENT]", "[SL:LOCATION", "@ptr4", "SL:LOCATION]", "[SL:DATE_TIME", "@ptr5", "@ptr6", "SL:DATE_TIME]", "IN:GET_EVENT]"], "predicted_tokens": ["[IN:GET_EVENT", "[SL:CATEGORY_EVENT", "@ptr0", "@ptr1", "@ptr2", "SL:CATEGORY_EVENT]", "[SL:LOCATION", "@ptr4", "SL:LOCATION]", "[SL:DATE_TIME", "@ptr5", "@ptr6", "SL:DATE_TIME]", "IN:GET_EVENT]"]}
{"loss": 1.8302671909332275, "class_log_probabilities": [-2.1264355182647705, -3.243844985961914, -3.758235454559326, -5.639427661895752], "predictions": [61, 83, 398, 399, 400, 84, 16, 404, 17, 62, 4, 4, 4, 4, 4], "target_tokens": ["[IN:GET_EVENT", "[SL:CATEGORY_EVENT", "@ptr3", "@ptr4", "@ptr5", "@ptr6", "@ptr7", "SL:CATEGORY_EVENT]", "[SL:DATE_TIME", "@ptr8", "@ptr9", "SL:DATE_TIME]", "IN:GET_EVENT]"], "predicted_tokens": ["[IN:GET_EVENT", "[SL:CATEGORY_EVENT", "@ptr3", "@ptr4", "@ptr5", "SL:CATEGORY_EVENT]", "[SL:DATE_TIME", "@ptr9", "SL:DATE_TIME]", "IN:GET_EVENT]"]}
{"loss": 1.6503804922103882, "class_log_probabilities": [-1.116952896118164, -3.080538034439087, -4.2722063064575195, -4.345649719238281], "predictions": [61, 83, 396, 397, 398, 399, 84, 16, 402, 17, 14, 404, 15, 62, 4, 4], "target_tokens": ["[IN:GET_EVENT", "[SL:CATEGORY_EVENT", "@ptr1", "@ptr2", "@ptr3", "SL:CATEGORY_EVENT]", "[SL:DATE_TIME", "@ptr6", "SL:DATE_TIME]", "[SL:LOCATION", "@ptr8", "@ptr9", "SL:LOCATION]", "IN:GET_EVENT]"], "predicted_tokens": ["[IN:GET_EVENT", "[SL:CATEGORY_EVENT", "@ptr1", "@ptr2", "@ptr3", "@ptr4", "SL:CATEGORY_EVENT]", "[SL:DATE_TIME", "@ptr7", "SL:DATE_TIME]", "[SL:LOCATION", "@ptr9", "SL:LOCATION]", "IN:GET_EVENT]"]}
{"loss": 1.9012041091918945, "class_log_probabilities": [-4.996828556060791, -5.46970796585083, -6.600857257843018, -7.344966411590576], "predictions": [61, 83, 401, 402, 403, 404, 84, 16, 405, 17, 62, 4, 4, 4, 4, 4, 4, 4, 4], "target_tokens": ["[IN:GET_EVENT", "[SL:CATEGORY_EVENT", "@ptr7", "@ptr8", "@ptr9", "SL:CATEGORY_EVENT]", "[SL:DATE_TIME", "@ptr10", "@ptr11", "SL:DATE_TIME]", "IN:GET_EVENT]"], "predicted_tokens": ["[IN:GET_EVENT", "[SL:CATEGORY_EVENT", "@ptr6", "@ptr7", "@ptr8", "@ptr9", "SL:CATEGORY_EVENT]", "[SL:DATE_TIME", "@ptr10", "SL:DATE_TIME]", "IN:GET_EVENT]"]}
{"loss": 2.8895888328552246, "class_log_probabilities": [-1.8410319089889526, -3.936800956726074, -4.179234027862549, -5.29123592376709], "predictions": [70, 73, 4, 4, 4, 4, 4, 4, 4, 4, 4, 4], "target_tokens": ["[IN:GET_CONTACT", "[SL:DATE_TIME", "@ptr9", "@ptr10", "SL:DATE_TIME]", "IN:GET_CONTACT]"], "predicted_tokens": ["[IN:GET_CONTACT", "IN:GET_CONTACT]"]}
{"loss": 1.2197943925857544, "class_log_probabilities": [-0.7274702787399292, -2.092954635620117, -3.41357421875, -5.961530685424805], "predictions": [70, 16, 401, 402, 17, 73, 4, 4], "target_tokens": ["[IN:GET_CONTACT", "[SL:DATE_TIME", "@ptr6", "SL:DATE_TIME]", "IN:GET_CONTACT]"], "predicted_tokens": ["[IN:GET_CONTACT", "[SL:DATE_TIME", "@ptr6", "@ptr7", "SL:DATE_TIME]", "IN:GET_CONTACT]"]}
{"loss": 2.340837001800537, "class_log_probabilities": [-4.276114463806152, -4.964292049407959, -4.98797607421875, -5.2500176429748535], "predictions": [70, 73, 4, 4, 4, 4, 4, 4, 4, 4, 4, 4, 4], "target_tokens": ["[IN:GET_CONTACT", "[SL:CONTACT_RELATED", "@ptr8", "@ptr9", "SL:CONTACT_RELATED]", "[SL:TYPE_RELATION", "@ptr6", "SL:TYPE_RELATION]", "IN:GET_CONTACT]"], "predicted_tokens": ["[IN:GET_CONTACT", "IN:GET_CONTACT]"]}
{"loss": 0.9696552157402039, "class_log_probabilities": [-0.42158129811286926, -5.105134963989258, -5.133692741394043, -6.949572563171387], "predictions": [23, 10, 401, 11, 26, 4, 4], "target_tokens": ["[IN:SEND_MESSAGE", "[SL:RECIPIENT", "@ptr6", "SL:RECIPIENT]", "IN:SEND_MESSAGE]"], "predicted_tokens": ["[IN:SEND_MESSAGE", "[SL:RECIPIENT", "@ptr6", "SL:RECIPIENT]", "IN:SEND_MESSAGE]"]}
{"loss": 3.8384592533111572, "class_log_probabilities": [-2.6953933238983154, -4.186869144439697, -4.900702953338623, -5.756772041320801], "predictions": [33, 36, 401, 402, 403, 37, 38, 4, 4], "target_tokens": ["[IN:CREATE_REMINDER", "[SL:TODO", "@ptr8", "SL:TODO]", "IN:CREATE_REMINDER]"], "predicted_tokens": ["[IN:DELETE_REMINDER", "[SL:TODO", "@ptr6", "@ptr7", "@ptr8", "SL:TODO]", "IN:DELETE_REMINDER]"]}
{"loss": 0.9736616015434265, "class_log_probabilities": [-0.4005751311779022, -4.029608726501465, -6.687189102172852, -6.688235759735107], "predictions": [23, 10, 400, 11, 26, 4, 4], "target_tokens": ["[IN:SEND_MESSAGE", "[SL:RECIPIENT", "@ptr5", "SL:RECIPIENT]", "IN:SEND_MESSAGE]"], "predicted_tokens": ["[IN:SEND_MESSAGE", "[SL:RECIPIENT", "@ptr5", "SL:RECIPIENT]", "IN:SEND_MESSAGE]"]}
{"loss": 1.5350948572158813, "class_log_probabilities": [-3.8605220317840576, -3.9480998516082764, -82.3073959350586, -82.50480651855469], "predictions": [49, 34, 397, 35, 16, 398, 399, 17, 36, 401, 402, 403, 404, 406, 407, 37, 50, 4, 4, 4, 4, 4, 4, 4, 4, 4, 4, 4, 4, 4, 4, 4, 4, 4, 4, 4, 4, 4, 4, 4, 4, 4, 4, 4, 4, 4, 4, 4, 4, 4, 4, 4, 4, 4, 4, 4, 4, 4, 4, 4, 4, 4, 4, 4, 4, 4, 4, 4, 4, 4, 4, 4, 4, 4, 4, 4, 4, 4, 4, 4, 4, 4, 4, 4, 4, 4, 4, 4, 4, 4, 4, 4, 4, 4, 4, 4, 4, 4, 4, 4], "target_tokens": ["[IN:CREATE_REMINDER", "[SL:PERSON_REMINDED", "@ptr2", "SL:PERSON_REMINDED]", "[SL:DATE_TIME", "@ptr3", "@ptr4", "SL:DATE_TIME]", "IN:CREATE_REMINDER]"], "predicted_tokens": ["[IN:CREATE_REMINDER", "[SL:PERSON_REMINDED", "@ptr2", "SL:PERSON_REMINDED]", "[SL:DATE_TIME", "@ptr3", "@ptr4", "SL:DATE_TIME]", "[SL:TODO", "@ptr6", "@ptr7", "@ptr8", "@ptr9", "@ptr11", "@ptr12", "SL:TODO]", "IN:CREATE_REMINDER]"]}
{"loss": 1.6115117073059082, "class_log_probabilities": [-1.2192058563232422, -2.5516443252563477, -3.8892059326171875, -4.3424177169799805], "predictions": [49, 34, 397, 35, 36, 399, 400, 401, 402, 37, 16, 404, 405, 17, 50, 4, 4], "target_tokens": ["[IN:CREATE_REMINDER", "[SL:PERSON_REMINDED", "@ptr2", "SL:PERSON_REMINDED]", "[SL:TODO", "@ptr4", "@ptr5", "@ptr6", "@ptr7", "@ptr8", "@ptr9", "@ptr10", "@ptr11", "SL:TODO]", "IN:CREATE_REMINDER]"], "predicted_tokens": ["[IN:CREATE_REMINDER", "[SL:PERSON_REMINDED", "@ptr2", "SL:PERSON_REMINDED]", "[SL:TODO", "@ptr4", "@ptr5", "@ptr6", "@ptr7", "SL:TODO]", "[SL:DATE_TIME", "@ptr9", "@ptr10", "SL:DATE_TIME]", "IN:CREATE_REMINDER]"]}
{"loss": 1.6788264513015747, "class_log_probabilities": [-1.662584900856018, -2.984938859939575, -3.532325029373169, -3.9599356651306152], "predictions": [107, 108, 396, 109, 108, 398, 109, 108, 404, 109, 110, 4], "target_tokens": ["[IN:UPDATE_CALL", "[SL:CONTACT_ADDED", "@ptr1", "SL:CONTACT_ADDED]", "[SL:CONTACT_ADDED", "@ptr3", "SL:CONTACT_ADDED]", "[SL:CONTACT", "@ptr8", "SL:CONTACT]", "IN:UPDATE_CALL]"], "predicted_tokens": ["[IN:UPDATE_CALL", "[SL:CONTACT_ADDED", "@ptr1", "SL:CONTACT_ADDED]", "[SL:CONTACT_ADDED", "@ptr3", "SL:CONTACT_ADDED]", "[SL:CONTACT_ADDED", "@ptr9", "SL:CONTACT_ADDED]", "IN:UPDATE_CALL]"]}
{"loss": 1.2773592472076416, "class_log_probabilities": [-3.4525749683380127, -3.805535316467285, -3.957383632659912, -4.06854772567749], "predictions": [23, 10, 399, 11, 24, 401, 402, 403, 404, 405, 406, 407, 408, 409, 410, 25, 26, 4], "target_tokens": ["[IN:SEND_MESSAGE", "[SL:RECIPIENT", "@ptr4", "SL:RECIPIENT]", "[SL:CONTENT_EXACT", "@ptr8", "@ptr9", "@ptr10", "@ptr11", "@ptr12", "@ptr13", "@ptr14", "@ptr15", "SL:CONTENT_EXACT]", "IN:SEND_MESSAGE]"], "predicted_tokens": ["[IN:SEND_MESSAGE", "[SL:RECIPIENT", "@ptr4", "SL:RECIPIENT]", "[SL:CONTENT_EXACT", "@ptr6", "@ptr7", "@ptr8", "@ptr9", "@ptr10", "@ptr11", "@ptr12", "@ptr13", "@ptr14", "@ptr15", "SL:CONTENT_EXACT]", "IN:SEND_MESSAGE]"]}
{"loss": 0.9763386249542236, "class_log_probabilities": [-0.1631515622138977, -7.013754367828369, -7.234255790710449, -7.4263811111450195], "predictions": [5, 12, 4], "target_tokens": ["[IN:GET_MESSAGE", "IN:GET_MESSAGE]"], "predicted_tokens": ["[IN:GET_MESSAGE", "IN:GET_MESSAGE]"]}
{"loss": 2.1994822025299072, "class_log_probabilities": [-0.5222151875495911, -5.44272518157959, -5.674445629119873, -7.36953067779541], "predictions": [75, 6, 399, 7, 78, 4, 4], "target_tokens": ["[IN:CREATE_CALL", "[SL:CONTACT", "@ptr3", "@ptr4", "SL:CONTACT]", "IN:CREATE_CALL]"], "predicted_tokens": ["[IN:CREATE_CALL", "[SL:CONTACT", "@ptr4", "SL:CONTACT]", "IN:CREATE_CALL]"]}
{"loss": 2.7910995483398438, "class_log_probabilities": [-1.7268640995025635, -1.762821912765503, -3.537410259246826, -4.58409309387207], "predictions": [75, 20, 396, 21, 78, 4, 4, 4, 4], "target_tokens": ["[IN:CREATE_CALL", "IN:CREATE_CALL]"], "predicted_tokens": ["[IN:CREATE_CALL", "[SL:ORDINAL", "@ptr1", "SL:ORDINAL]", "IN:CREATE_CALL]"]}
{"loss": 1.0068804025650024, "class_log_probabilities": [-0.12443218380212784, -7.310636043548584, -8.044075012207031, -8.135096549987793], "predictions": [95, 96, 4], "target_tokens": ["[IN:IGNORE_CALL", "IN:IGNORE_CALL]"], "predicted_tokens": ["[IN:IGNORE_CALL", "IN:IGNORE_CALL]"]}
{"loss": 1.003799319267273, "class_log_probabilities": [-0.13034962117671967, -7.379283428192139, -7.386920928955078, -7.549482822418213], "predictions": [95, 96, 4], "target_tokens": ["[IN:IGNORE_CALL", "IN:IGNORE_CALL]"], "predicted_tokens": ["[IN:IGNORE_CALL", "IN:IGNORE_CALL]"]}
{"loss": 1.5143529176712036, "class_log_probabilities": [-1.4295475482940674, -1.9745286703109741, -2.366734504699707, -5.937702655792236], "predictions": [153, 246, 4, 4, 4, 4], "target_tokens": ["[IN:ANSWER_CALL", "IN:ANSWER_CALL]"], "predicted_tokens": ["[IN:ANSWER_CALL", "IN:UPDATE_METHOD_CALL]"]}
{"loss": 1.5601695775985718, "class_log_probabilities": [-0.8990817070007324, -2.4875056743621826, -2.6950480937957764, -4.7137861251831055], "predictions": [245, 246, 4], "target_tokens": ["[IN:ANSWER_CALL", "IN:ANSWER_CALL]"], "predicted_tokens": ["[IN:UPDATE_METHOD_CALL", "IN:UPDATE_METHOD_CALL]"]}
{"loss": 2.046250343322754, "class_log_probabilities": [-0.4482439458370209, -6.85297966003418, -7.4714436531066895, -7.62948751449585], "predictions": [75, 6, 397, 7, 78, 4, 4, 4], "target_tokens": ["[IN:CREATE_CALL", "[SL:CONTACT", "@ptr1", "SL:CONTACT]", "IN:CREATE_CALL]"], "predicted_tokens": ["[IN:CREATE_CALL", "[SL:CONTACT", "@ptr2", "SL:CONTACT]", "IN:CREATE_CALL]"]}
{"loss": 0.9573622941970825, "class_log_probabilities": [-0.4385983347892761, -6.652749061584473, -7.748432159423828, -8.286554336547852], "predictions": [75, 6, 396, 397, 7, 78, 4, 4, 4], "target_tokens": ["[IN:CREATE_CALL", "[SL:CONTACT", "@ptr1", "@ptr2", "SL:CONTACT]", "IN:CREATE_CALL]"], "predicted_tokens": ["[IN:CREATE_CALL", "[SL:CONTACT", "@ptr1", "@ptr2", "SL:CONTACT]", "IN:CREATE_CALL]"]}
{"loss": 1.7221263647079468, "class_log_probabilities": [-0.3408418595790863, -5.4302659034729, -6.547466278076172, -7.321770668029785], "predictions": [81, 6, 399, 7, 82, 4], "target_tokens": ["[IN:END_CALL", "[SL:CONTACT", "@ptr3", "SL:CONTACT]", "IN:END_CALL]"], "predicted_tokens": ["[IN:END_CALL", "[SL:CONTACT", "@ptr4", "SL:CONTACT]", "IN:END_CALL]"]}
{"loss": 1.2624170780181885, "class_log_probabilities": [-0.7069634199142456, -3.9297196865081787, -7.009023189544678, -7.257284641265869], "predictions": [75, 6, 70, 71, 397, 72, 73, 7, 78, 4], "target_tokens": ["[IN:CREATE_CALL", "[SL:CONTACT", "[IN:GET_CONTACT", "[SL:TYPE_RELATION", "@ptr1", "SL:TYPE_RELATION]", "IN:GET_CONTACT]", "SL:CONTACT]", "IN:CREATE_CALL]"], "predicted_tokens": ["[IN:CREATE_CALL", "[SL:CONTACT", "[IN:GET_CONTACT", "[SL:TYPE_RELATION", "@ptr2", "SL:TYPE_RELATION]", "IN:GET_CONTACT]", "SL:CONTACT]", "IN:CREATE_CALL]"]}
{"loss": 1.191290259361267, "class_log_probabilities": [-2.1249167919158936, -2.3924448490142822, -2.8399837017059326, -3.076202154159546], "predictions": [75, 6, 70, 93, 400, 94, 71, 400, 72, 73, 7, 78, 4], "target_tokens": ["[IN:CREATE_CALL", "[SL:CONTACT", "[IN:GET_CONTACT", "[SL:TYPE_RELATION", "@ptr5", "SL:TYPE_RELATION]", "IN:GET_CONTACT]", "SL:CONTACT]", "IN:CREATE_CALL]"], "predicted_tokens": ["[IN:CREATE_CALL", "[SL:CONTACT", "[IN:GET_CONTACT", "[SL:CONTACT_RELATED", "@ptr5", "SL:CONTACT_RELATED]", "[SL:TYPE_RELATION", "@ptr5", "SL:TYPE_RELATION]", "IN:GET_CONTACT]", "SL:CONTACT]", "IN:CREATE_CALL]"]}
{"loss": 0.9603970646858215, "class_log_probabilities": [-0.38224855065345764, -6.442379951477051, -6.878265857696533, -7.399251461029053], "predictions": [171, 6, 397, 7, 172, 4, 4], "target_tokens": ["[IN:GET_AVAILABILITY", "[SL:CONTACT", "@ptr2", "SL:CONTACT]", "IN:GET_AVAILABILITY]"], "predicted_tokens": ["[IN:GET_AVAILABILITY", "[SL:CONTACT", "@ptr2", "SL:CONTACT]", "IN:GET_AVAILABILITY]"]}
{"loss": 0.9572170376777649, "class_log_probabilities": [-0.1989496350288391, -7.510482311248779, -8.077529907226562, -8.419158935546875], "predictions": [171, 172, 4, 4], "target_tokens": ["[IN:GET_AVAILABILITY", "IN:GET_AVAILABILITY]"], "predicted_tokens": ["[IN:GET_AVAILABILITY", "IN:GET_AVAILABILITY]"]}
{"loss": 0.9618668556213379, "class_log_probabilities": [-0.2371547520160675, -5.523331165313721, -5.76517915725708, -6.363199710845947], "predictions": [189, 190, 4], "target_tokens": ["[IN:SET_AVAILABLE", "IN:SET_AVAILABLE]"], "predicted_tokens": ["[IN:SET_AVAILABLE", "IN:SET_AVAILABLE]"]}
{"loss": 2.6949424743652344, "class_log_probabilities": [-0.5901049375534058, -3.4995148181915283, -3.6002633571624756, -4.866186141967773], "predictions": [105, 6, 399, 7, 106, 4], "target_tokens": ["[IN:GET_AVAILABILITY", "[SL:CONTACT", "@ptr4", "SL:CONTACT]", "IN:GET_AVAILABILITY]"], "predicted_tokens": ["[IN:GET_INFO_CONTACT", "[SL:CONTACT", "@ptr4", "SL:CONTACT]", "IN:GET_INFO_CONTACT]"]}
{"loss": 0.960900604724884, "class_log_probabilities": [-0.36575591564178467, -7.248034954071045, -7.691742897033691, -7.7887492179870605], "predictions": [171, 6, 398, 7, 172, 4], "target_tokens": ["[IN:GET_AVAILABILITY", "[SL:CONTACT", "@ptr3", "SL:CONTACT]", "IN:GET_AVAILABILITY]"], "predicted_tokens": ["[IN:GET_AVAILABILITY", "[SL:CONTACT", "@ptr3", "SL:CONTACT]", "IN:GET_AVAILABILITY]"]}
{"loss": 0.9596983790397644, "class_log_probabilities": [-0.18576696515083313, -8.036908149719238, -8.072982788085938, -8.227296829223633], "predictions": [171, 172, 4], "target_tokens": ["[IN:GET_AVAILABILITY", "IN:GET_AVAILABILITY]"], "predicted_tokens": ["[IN:GET_AVAILABILITY", "IN:GET_AVAILABILITY]"]}
{"loss": 0.966456413269043, "class_log_probabilities": [-0.5519720911979675, -4.730574607849121, -6.0357441902160645, -6.307805061340332], "predictions": [171, 6, 395, 7, 6, 397, 7, 172, 4], "target_tokens": ["[IN:GET_AVAILABILITY", "[SL:CONTACT", "@ptr0", "SL:CONTACT]", "[SL:CONTACT", "@ptr2", "SL:CONTACT]", "IN:GET_AVAILABILITY]"], "predicted_tokens": ["[IN:GET_AVAILABILITY", "[SL:CONTACT", "@ptr0", "SL:CONTACT]", "[SL:CONTACT", "@ptr2", "SL:CONTACT]", "IN:GET_AVAILABILITY]"]}
{"loss": 1.749362587928772, "class_log_probabilities": [-0.4459775388240814, -5.726837635040283, -6.678377628326416, -6.946039199829102], "predictions": [75, 6, 400, 7, 78, 4], "target_tokens": ["[IN:CREATE_CALL", "[SL:CONTACT", "@ptr4", "SL:CONTACT]", "IN:CREATE_CALL]"], "predicted_tokens": ["[IN:CREATE_CALL", "[SL:CONTACT", "@ptr5", "SL:CONTACT]", "IN:CREATE_CALL]"]}
{"loss": 0.9574747681617737, "class_log_probabilities": [-0.19706721603870392, -7.526228904724121, -8.105730056762695, -8.44474983215332], "predictions": [171, 172, 4, 4], "target_tokens": ["[IN:GET_AVAILABILITY", "IN:GET_AVAILABILITY]"], "predicted_tokens": ["[IN:GET_AVAILABILITY", "IN:GET_AVAILABILITY]"]}
{"loss": 0.9600205421447754, "class_log_probabilities": [-0.18542490899562836, -7.936769485473633, -8.027266502380371, -8.267890930175781], "predictions": [171, 172, 4], "target_tokens": ["[IN:GET_AVAILABILITY", "IN:GET_AVAILABILITY]"], "predicted_tokens": ["[IN:GET_AVAILABILITY", "IN:GET_AVAILABILITY]"]}
{"loss": 0.9596946835517883, "class_log_probabilities": [-0.1861453652381897, -7.691428184509277, -8.253009796142578, -8.92757511138916], "predictions": [171, 172, 4, 4], "target_tokens": ["[IN:GET_AVAILABILITY", "IN:GET_AVAILABILITY]"], "predicted_tokens": ["[IN:GET_AVAILABILITY", "IN:GET_AVAILABILITY]"]}
{"loss": 0.9575269222259521, "class_log_probabilities": [-0.19427338242530823, -7.664254188537598, -8.106897354125977, -8.950885772705078], "predictions": [171, 172, 4, 4], "target_tokens": ["[IN:GET_AVAILABILITY", "IN:GET_AVAILABILITY]"], "predicted_tokens": ["[IN:GET_AVAILABILITY", "IN:GET_AVAILABILITY]"]}
{"loss": 0.9563605189323425, "class_log_probabilities": [-0.38477030396461487, -6.909261703491211, -7.855160713195801, -7.866101264953613], "predictions": [75, 6, 396, 7, 78, 4, 4, 4], "target_tokens": ["[IN:CREATE_CALL", "[SL:CONTACT", "@ptr1", "SL:CONTACT]", "IN:CREATE_CALL]"], "predicted_tokens": ["[IN:CREATE_CALL", "[SL:CONTACT", "@ptr1", "SL:CONTACT]", "IN:CREATE_CALL]"]}
{"loss": 1.0926769971847534, "class_log_probabilities": [-1.1515076160430908, -1.2783936262130737, -4.9678778648376465, -5.24150276184082], "predictions": [107, 108, 397, 109, 110, 4], "target_tokens": ["[IN:UPDATE_CALL", "[SL:CONTACT_ADDED", "@ptr2", "SL:CONTACT_ADDED]", "IN:UPDATE_CALL]"], "predicted_tokens": ["[IN:UPDATE_CALL", "[SL:CONTACT_ADDED", "@ptr2", "SL:CONTACT_ADDED]", "IN:UPDATE_CALL]"]}
{"loss": 0.9569000601768494, "class_log_probabilities": [-0.20140844583511353, -7.526749610900879, -7.992308616638184, -8.271782875061035], "predictions": [171, 172, 4], "target_tokens": ["[IN:GET_AVAILABILITY", "IN:GET_AVAILABILITY]"], "predicted_tokens": ["[IN:GET_AVAILABILITY", "IN:GET_AVAILABILITY]"]}
{"loss": 1.0235573053359985, "class_log_probabilities": [-1.211480736732483, -3.1964454650878906, -3.250812292098999, -3.7942798137664795], "predictions": [75, 6, 70, 71, 402, 72, 73, 7, 78, 4, 4, 4, 4], "target_tokens": ["[IN:CREATE_CALL", "[SL:CONTACT", "[IN:GET_CONTACT", "[SL:TYPE_RELATION", "@ptr7", "SL:TYPE_RELATION]", "IN:GET_CONTACT]", "SL:CONTACT]", "IN:CREATE_CALL]"], "predicted_tokens": ["[IN:CREATE_CALL", "[SL:CONTACT", "[IN:GET_CONTACT", "[SL:TYPE_RELATION", "@ptr7", "SL:TYPE_RELATION]", "IN:GET_CONTACT]", "SL:CONTACT]", "IN:CREATE_CALL]"]}
{"loss": 0.9588313698768616, "class_log_probabilities": [-0.36239874362945557, -7.9622626304626465, -8.193387985229492, -8.219139099121094], "predictions": [75, 6, 397, 7, 78, 4, 4, 4], "target_tokens": ["[IN:CREATE_CALL", "[SL:CONTACT", "@ptr2", "SL:CONTACT]", "IN:CREATE_CALL]"], "predicted_tokens": ["[IN:CREATE_CALL", "[SL:CONTACT", "@ptr2", "SL:CONTACT]", "IN:CREATE_CALL]"]}
{"loss": 0.9562928080558777, "class_log_probabilities": [-0.3850995898246765, -7.062423229217529, -7.798245429992676, -7.829975128173828], "predictions": [75, 6, 396, 7, 78, 4, 4, 4], "target_tokens": ["[IN:CREATE_CALL", "[SL:CONTACT", "@ptr1", "SL:CONTACT]", "IN:CREATE_CALL]"], "predicted_tokens": ["[IN:CREATE_CALL", "[SL:CONTACT", "@ptr1", "SL:CONTACT]", "IN:CREATE_CALL]"]}
{"loss": 0.9867057800292969, "class_log_probabilities": [-0.16359762847423553, -6.259556770324707, -6.830816745758057, -7.063451766967773], "predictions": [153, 154, 4], "target_tokens": ["[IN:ANSWER_CALL", "IN:ANSWER_CALL]"], "predicted_tokens": ["[IN:ANSWER_CALL", "IN:ANSWER_CALL]"]}
{"loss": 0.9713662266731262, "class_log_probabilities": [-0.15981262922286987, -8.3574800491333, -8.359280586242676, -8.404415130615234], "predictions": [31, 32, 4], "target_tokens": ["[IN:SET_UNAVAILABLE", "IN:SET_UNAVAILABLE]"], "predicted_tokens": ["[IN:SET_UNAVAILABLE", "IN:SET_UNAVAILABLE]"]}
{"loss": 0.9928476214408875, "class_log_probabilities": [-0.14657245576381683, -7.172022819519043, -7.514042854309082, -7.590065956115723], "predictions": [153, 154, 4], "target_tokens": ["[IN:ANSWER_CALL", "IN:ANSWER_CALL]"], "predicted_tokens": ["[IN:ANSWER_CALL", "IN:ANSWER_CALL]"]}
{"loss": 1.3682152032852173, "class_log_probabilities": [-1.1189299821853638, -1.611291527748108, -6.2203521728515625, -6.391808986663818], "predictions": [107, 108, 70, 71, 397, 72, 73, 109, 110, 4], "target_tokens": ["[IN:UPDATE_CALL", "IN:UPDATE_CALL]"], "predicted_tokens": ["[IN:UPDATE_CALL", "[SL:CONTACT_ADDED", "[IN:GET_CONTACT", "[SL:TYPE_RELATION", "@ptr2", "SL:TYPE_RELATION]", "IN:GET_CONTACT]", "SL:CONTACT_ADDED]", "IN:UPDATE_CALL]"]}
{"loss": 0.984444797039032, "class_log_probabilities": [-0.44786638021469116, -6.132396221160889, -6.783210754394531, -7.107560634613037], "predictions": [31, 32, 4, 4, 4, 4, 4, 4], "target_tokens": ["[IN:SET_UNAVAILABLE", "IN:SET_UNAVAILABLE]"], "predicted_tokens": ["[IN:SET_UNAVAILABLE", "IN:SET_UNAVAILABLE]"]}
{"loss": 1.3445097208023071, "class_log_probabilities": [-1.028622031211853, -1.7623792886734009, -4.320479869842529, -4.3448920249938965], "predictions": [81, 82, 4], "target_tokens": ["[IN:SWITCH_CALL", "IN:SWITCH_CALL]"], "predicted_tokens": ["[IN:END_CALL", "IN:END_CALL]"]}
{"loss": 3.443363904953003, "class_log_probabilities": [-0.38701438903808594, -6.153322219848633, -6.641722202301025, -7.667118072509766], "predictions": [75, 6, 395, 7, 78, 4], "target_tokens": ["[IN:CREATE_CALL", "IN:CREATE_CALL]"], "predicted_tokens": ["[IN:CREATE_CALL", "[SL:CONTACT", "@ptr0", "SL:CONTACT]", "IN:CREATE_CALL]"]}
{"loss": 1.3332682847976685, "class_log_probabilities": [-0.8650169968605042, -1.701506495475769, -3.8402228355407715, -5.0263776779174805], "predictions": [81, 82, 4], "target_tokens": ["[IN:SWITCH_CALL", "IN:SWITCH_CALL]"], "predicted_tokens": ["[IN:END_CALL", "IN:END_CALL]"]}
{"loss": 0.9698789119720459, "class_log_probabilities": [-0.3375685214996338, -4.389430046081543, -4.563586711883545, -5.8888630867004395], "predictions": [215, 216, 4], "target_tokens": ["[IN:SWITCH_CALL", "IN:SWITCH_CALL]"], "predicted_tokens": ["[IN:SWITCH_CALL", "IN:SWITCH_CALL]"]}
{"loss": 0.9750639796257019, "class_log_probabilities": [-0.15479037165641785, -7.672488689422607, -7.964056015014648, -8.019214630126953], "predictions": [81, 82, 4], "target_tokens": ["[IN:END_CALL", "IN:END_CALL]"], "predicted_tokens": ["[IN:END_CALL", "IN:END_CALL]"]}
{"loss": 0.9571609497070312, "class_log_probabilities": [-0.19617092609405518, -7.62600564956665, -8.0281400680542, -8.157694816589355], "predictions": [171, 172, 4], "target_tokens": ["[IN:GET_AVAILABILITY", "IN:GET_AVAILABILITY]"], "predicted_tokens": ["[IN:GET_AVAILABILITY", "IN:GET_AVAILABILITY]"]}
{"loss": 0.965238630771637, "class_log_probabilities": [-0.16821728646755219, -7.945608615875244, -8.599198341369629, -8.971583366394043], "predictions": [75, 78, 4, 4, 4], "target_tokens": ["[IN:CREATE_CALL", "IN:CREATE_CALL]"], "predicted_tokens": ["[IN:CREATE_CALL", "IN:CREATE_CALL]"]}
{"loss": 0.9775527119636536, "class_log_probabilities": [-0.1534976363182068, -7.6189045906066895, -7.943033695220947, -7.972761154174805], "predictions": [189, 190, 4], "target_tokens": ["[IN:SET_AVAILABLE", "IN:SET_AVAILABLE]"], "predicted_tokens": ["[IN:SET_AVAILABLE", "IN:SET_AVAILABLE]"]}
{"loss": 0.9690837860107422, "class_log_probabilities": [-0.20300444960594177, -6.847223281860352, -7.016793727874756, -7.069321632385254], "predictions": [215, 216, 4], "target_tokens": ["[IN:SWITCH_CALL", "IN:SWITCH_CALL]"], "predicted_tokens": ["[IN:SWITCH_CALL", "IN:SWITCH_CALL]"]}
{"loss": 0.9590255618095398, "class_log_probabilities": [-0.18800321221351624, -7.875104904174805, -7.908507347106934, -7.977957725524902], "predictions": [171, 172, 4], "target_tokens": ["[IN:GET_AVAILABILITY", "IN:GET_AVAILABILITY]"], "predicted_tokens": ["[IN:GET_AVAILABILITY", "IN:GET_AVAILABILITY]"]}
{"loss": 0.9615459442138672, "class_log_probabilities": [-0.17820334434509277, -7.831933975219727, -8.103433609008789, -8.138258934020996], "predictions": [171, 172, 4], "target_tokens": ["[IN:GET_AVAILABILITY", "IN:GET_AVAILABILITY]"], "predicted_tokens": ["[IN:GET_AVAILABILITY", "IN:GET_AVAILABILITY]"]}
{"loss": 0.9795315265655518, "class_log_probabilities": [-0.3038145899772644, -6.5826311111450195, -6.610627174377441, -6.917819976806641], "predictions": [107, 108, 398, 109, 110, 4], "target_tokens": ["[IN:UPDATE_CALL", "[SL:CONTACT_ADDED", "@ptr3", "SL:CONTACT_ADDED]", "IN:UPDATE_CALL]"], "predicted_tokens": ["[IN:UPDATE_CALL", "[SL:CONTACT_ADDED", "@ptr3", "SL:CONTACT_ADDED]", "IN:UPDATE_CALL]"]}
{"loss": 1.026532769203186, "class_log_probabilities": [-1.0765188932418823, -2.670318603515625, -3.7850611209869385, -4.566608428955078], "predictions": [107, 108, 397, 109, 110, 4], "target_tokens": ["[IN:UPDATE_CALL", "[SL:CONTACT_ADDED", "@ptr2", "SL:CONTACT_ADDED]", "IN:UPDATE_CALL]"], "predicted_tokens": ["[IN:UPDATE_CALL", "[SL:CONTACT_ADDED", "@ptr2", "SL:CONTACT_ADDED]", "IN:UPDATE_CALL]"]}
{"loss": 0.9814688563346863, "class_log_probabilities": [-0.2899806499481201, -7.022138595581055, -7.269503116607666, -7.484243869781494], "predictions": [107, 108, 396, 109, 110, 4, 4], "target_tokens": ["[IN:UPDATE_CALL", "[SL:CONTACT_ADDED", "@ptr1", "SL:CONTACT_ADDED]", "IN:UPDATE_CALL]"], "predicted_tokens": ["[IN:UPDATE_CALL", "[SL:CONTACT_ADDED", "@ptr1", "SL:CONTACT_ADDED]", "IN:UPDATE_CALL]"]}
{"loss": 0.9835355877876282, "class_log_probabilities": [-0.48945653438568115, -5.942633628845215, -6.672473907470703, -7.152104377746582], "predictions": [107, 108, 70, 71, 396, 72, 73, 109, 110, 4, 4, 4, 4], "target_tokens": ["[IN:UPDATE_CALL", "[SL:CONTACT_ADDED", "[IN:GET_CONTACT", "[SL:TYPE_RELATION", "@ptr1", "SL:TYPE_RELATION]", "IN:GET_CONTACT]", "SL:CONTACT_ADDED]", "IN:UPDATE_CALL]"], "predicted_tokens": ["[IN:UPDATE_CALL", "[SL:CONTACT_ADDED", "[IN:GET_CONTACT", "[SL:TYPE_RELATION", "@ptr1", "SL:TYPE_RELATION]", "IN:GET_CONTACT]", "SL:CONTACT_ADDED]", "IN:UPDATE_CALL]"]}
{"loss": 0.9765509366989136, "class_log_probabilities": [-0.7292479276657104, -6.0005693435668945, -6.177692413330078, -6.180582523345947], "predictions": [107, 108, 70, 93, 396, 94, 71, 397, 72, 73, 109, 110, 4], "target_tokens": ["[IN:UPDATE_CALL", "[SL:CONTACT_ADDED", "[IN:GET_CONTACT", "[SL:CONTACT_RELATED", "@ptr1", "SL:CONTACT_RELATED]", "[SL:TYPE_RELATION", "@ptr2", "SL:TYPE_RELATION]", "IN:GET_CONTACT]", "SL:CONTACT_ADDED]", "IN:UPDATE_CALL]"], "predicted_tokens": ["[IN:UPDATE_CALL", "[SL:CONTACT_ADDED", "[IN:GET_CONTACT", "[SL:CONTACT_RELATED", "@ptr1", "SL:CONTACT_RELATED]", "[SL:TYPE_RELATION", "@ptr2", "SL:TYPE_RELATION]", "IN:GET_CONTACT]", "SL:CONTACT_ADDED]", "IN:UPDATE_CALL]"]}
{"loss": 3.153352975845337, "class_log_probabilities": [-0.742978572845459, -5.575387954711914, -5.984488487243652, -6.218873023986816], "predictions": [63, 66, 395, 396, 67, 68, 4], "target_tokens": ["[IN:CREATE_CALL", "[SL:CONTACT", "@ptr1", "SL:CONTACT]", "IN:CREATE_CALL]"], "predicted_tokens": ["[IN:PLAY_MUSIC", "[SL:MUSIC_ARTIST_NAME", "@ptr0", "@ptr1", "SL:MUSIC_ARTIST_NAME]", "IN:PLAY_MUSIC]"]}
{"loss": 3.0171775817871094, "class_log_probabilities": [-0.8075146079063416, -5.122637748718262, -5.438641548156738, -5.722103118896484], "predictions": [63, 66, 395, 396, 67, 68, 4], "target_tokens": ["[IN:CREATE_CALL", "[SL:CONTACT", "@ptr1", "SL:CONTACT]", "IN:CREATE_CALL]"], "predicted_tokens": ["[IN:PLAY_MUSIC", "[SL:MUSIC_ARTIST_NAME", "@ptr0", "@ptr1", "SL:MUSIC_ARTIST_NAME]", "IN:PLAY_MUSIC]"]}
{"loss": 0.961101233959198, "class_log_probabilities": [-0.43321195244789124, -4.8970818519592285, -6.207980155944824, -6.360633373260498], "predictions": [75, 6, 401, 7, 78, 4, 4, 4], "target_tokens": ["[IN:CREATE_CALL", "[SL:CONTACT", "@ptr6", "SL:CONTACT]", "IN:CREATE_CALL]"], "predicted_tokens": ["[IN:CREATE_CALL", "[SL:CONTACT", "@ptr6", "SL:CONTACT]", "IN:CREATE_CALL]"]}
{"loss": 0.9992945194244385, "class_log_probabilities": [-0.24526691436767578, -6.336981296539307, -6.6886677742004395, -7.082271099090576], "predictions": [107, 108, 396, 109, 110, 4], "target_tokens": ["[IN:UPDATE_CALL", "[SL:CONTACT_ADDED", "@ptr1", "SL:CONTACT_ADDED]", "IN:UPDATE_CALL]"], "predicted_tokens": ["[IN:UPDATE_CALL", "[SL:CONTACT_ADDED", "@ptr1", "SL:CONTACT_ADDED]", "IN:UPDATE_CALL]"]}
{"loss": 1.214398741722107, "class_log_probabilities": [-0.7783505916595459, -3.458054304122925, -5.679780006408691, -7.230256080627441], "predictions": [75, 6, 70, 71, 401, 72, 73, 7, 78, 4, 4, 4, 4], "target_tokens": ["[IN:CREATE_CALL", "[SL:CONTACT", "[IN:GET_CONTACT", "[SL:TYPE_RELATION", "@ptr5", "SL:TYPE_RELATION]", "IN:GET_CONTACT]", "SL:CONTACT]", "IN:CREATE_CALL]"], "predicted_tokens": ["[IN:CREATE_CALL", "[SL:CONTACT", "[IN:GET_CONTACT", "[SL:TYPE_RELATION", "@ptr6", "SL:TYPE_RELATION]", "IN:GET_CONTACT]", "SL:CONTACT]", "IN:CREATE_CALL]"]}
{"loss": 2.2725830078125, "class_log_probabilities": [-0.3686109483242035, -7.718315124511719, -7.972504138946533, -8.504154205322266], "predictions": [75, 6, 397, 7, 78, 4, 4, 4], "target_tokens": ["[IN:CREATE_CALL", "[SL:CONTACT", "@ptr1", "SL:CONTACT]", "IN:CREATE_CALL]"], "predicted_tokens": ["[IN:CREATE_CALL", "[SL:CONTACT", "@ptr2", "SL:CONTACT]", "IN:CREATE_CALL]"]}
{"loss": 1.8680225610733032, "class_log_probabilities": [-0.39678120613098145, -6.460245132446289, -6.755098819732666, -6.987858772277832], "predictions": [75, 6, 401, 7, 78, 4, 4, 4], "target_tokens": ["[IN:CREATE_CALL", "[SL:CONTACT", "@ptr5", "SL:CONTACT]", "IN:CREATE_CALL]"], "predicted_tokens": ["[IN:CREATE_CALL", "[SL:CONTACT", "@ptr6", "SL:CONTACT]", "IN:CREATE_CALL]"]}
{"loss": 0.9568986892700195, "class_log_probabilities": [-0.3847963511943817, -7.702564716339111, -7.889854431152344, -7.93283748626709], "predictions": [75, 6, 399, 7, 78, 4, 4, 4], "target_tokens": ["[IN:CREATE_CALL", "[SL:CONTACT", "@ptr4", "SL:CONTACT]", "IN:CREATE_CALL]"], "predicted_tokens": ["[IN:CREATE_CALL", "[SL:CONTACT", "@ptr4", "SL:CONTACT]", "IN:CREATE_CALL]"]}
{"loss": 2.9595813751220703, "class_log_probabilities": [-1.4447300434112549, -3.8937246799468994, -4.763761043548584, -4.90950870513916], "predictions": [63, 66, 395, 396, 67, 68, 4], "target_tokens": ["[IN:CREATE_CALL", "[SL:CONTACT", "@ptr1", "SL:CONTACT]", "IN:CREATE_CALL]"], "predicted_tokens": ["[IN:PLAY_MUSIC", "[SL:MUSIC_ARTIST_NAME", "@ptr0", "@ptr1", "SL:MUSIC_ARTIST_NAME]", "IN:PLAY_MUSIC]"]}
{"loss": 0.9821636080741882, "class_log_probabilities": [-0.2812610864639282, -7.249453067779541, -7.280560493469238, -8.281562805175781], "predictions": [107, 108, 396, 109, 110, 4, 4, 4, 4], "target_tokens": ["[IN:UPDATE_CALL", "[SL:CONTACT_ADDED", "@ptr1", "SL:CONTACT_ADDED]", "IN:UPDATE_CALL]"], "predicted_tokens": ["[IN:UPDATE_CALL", "[SL:CONTACT_ADDED", "@ptr1", "SL:CONTACT_ADDED]", "IN:UPDATE_CALL]"]}
{"loss": 0.9883797764778137, "class_log_probabilities": [-0.2688365578651428, -6.71122407913208, -7.028570175170898, -7.134807109832764], "predictions": [107, 108, 396, 109, 110, 4], "target_tokens": ["[IN:UPDATE_CALL", "[SL:CONTACT_ADDED", "@ptr1", "SL:CONTACT_ADDED]", "IN:UPDATE_CALL]"], "predicted_tokens": ["[IN:UPDATE_CALL", "[SL:CONTACT_ADDED", "@ptr1", "SL:CONTACT_ADDED]", "IN:UPDATE_CALL]"]}
{"loss": 0.9776734709739685, "class_log_probabilities": [-0.296207070350647, -6.914915561676025, -7.071213245391846, -7.6073689460754395], "predictions": [107, 108, 397, 109, 110, 4, 4, 4], "target_tokens": ["[IN:UPDATE_CALL", "[SL:CONTACT_ADDED", "@ptr2", "SL:CONTACT_ADDED]", "IN:UPDATE_CALL]"], "predicted_tokens": ["[IN:UPDATE_CALL", "[SL:CONTACT_ADDED", "@ptr2", "SL:CONTACT_ADDED]", "IN:UPDATE_CALL]"]}
{"loss": 0.9603176712989807, "class_log_probabilities": [-0.35023242235183716, -7.640824794769287, -8.000659942626953, -8.106330871582031], "predictions": [75, 6, 398, 7, 78, 4, 4, 4], "target_tokens": ["[IN:CREATE_CALL", "[SL:CONTACT", "@ptr3", "SL:CONTACT]", "IN:CREATE_CALL]"], "predicted_tokens": ["[IN:CREATE_CALL", "[SL:CONTACT", "@ptr3", "SL:CONTACT]", "IN:CREATE_CALL]"]}
{"loss": 3.226788282394409, "class_log_probabilities": [-0.6694713234901428, -6.049198627471924, -6.162235736846924, -6.552091121673584], "predictions": [63, 66, 395, 396, 67, 68, 4], "target_tokens": ["[IN:CREATE_CALL", "[SL:CONTACT", "@ptr1", "SL:CONTACT]", "IN:CREATE_CALL]"], "predicted_tokens": ["[IN:PLAY_MUSIC", "[SL:MUSIC_ARTIST_NAME", "@ptr0", "@ptr1", "SL:MUSIC_ARTIST_NAME]", "IN:PLAY_MUSIC]"]}
{"loss": 0.994685173034668, "class_log_probabilities": [-1.2984082698822021, -4.9413065910339355, -5.236335277557373, -5.77146577835083], "predictions": [75, 6, 70, 71, 397, 398, 399, 72, 73, 7, 78, 4, 4, 4, 4, 4], "target_tokens": ["[IN:CREATE_CALL", "[SL:CONTACT", "[IN:GET_CONTACT", "[SL:TYPE_RELATION", "@ptr2", "@ptr3", "@ptr4", "SL:TYPE_RELATION]", "IN:GET_CONTACT]", "SL:CONTACT]", "IN:CREATE_CALL]"], "predicted_tokens": ["[IN:CREATE_CALL", "[SL:CONTACT", "[IN:GET_CONTACT", "[SL:TYPE_RELATION", "@ptr2", "@ptr3", "@ptr4", "SL:TYPE_RELATION]", "IN:GET_CONTACT]", "SL:CONTACT]", "IN:CREATE_CALL]"]}
{"loss": 2.1873130798339844, "class_log_probabilities": [-1.2219610214233398, -3.2454466819763184, -7.211761951446533, -7.955910682678223], "predictions": [70, 6, 395, 7, 93, 396, 94, 71, 397, 72, 73, 4, 4, 4, 4, 4, 4], "target_tokens": ["[IN:CREATE_CALL", "[SL:CONTACT", "[IN:GET_CONTACT", "[SL:TYPE_RELATION", "@ptr2", "SL:TYPE_RELATION]", "IN:GET_CONTACT]", "SL:CONTACT]", "IN:CREATE_CALL]"], "predicted_tokens": ["[IN:GET_CONTACT", "[SL:CONTACT", "@ptr0", "SL:CONTACT]", "[SL:CONTACT_RELATED", "@ptr1", "SL:CONTACT_RELATED]", "[SL:TYPE_RELATION", "@ptr2", "SL:TYPE_RELATION]", "IN:GET_CONTACT]"]}
{"loss": 0.9737458229064941, "class_log_probabilities": [-0.5887532234191895, -5.793339252471924, -5.872583866119385, -6.3046674728393555], "predictions": [75, 6, 70, 71, 397, 72, 73, 7, 78, 4, 4, 4, 4], "target_tokens": ["[IN:CREATE_CALL", "[SL:CONTACT", "[IN:GET_CONTACT", "[SL:TYPE_RELATION", "@ptr2", "SL:TYPE_RELATION]", "IN:GET_CONTACT]", "SL:CONTACT]", "IN:CREATE_CALL]"], "predicted_tokens": ["[IN:CREATE_CALL", "[SL:CONTACT", "[IN:GET_CONTACT", "[SL:TYPE_RELATION", "@ptr2", "SL:TYPE_RELATION]", "IN:GET_CONTACT]", "SL:CONTACT]", "IN:CREATE_CALL]"]}
{"loss": 1.9338791370391846, "class_log_probabilities": [-3.220093250274658, -3.2571780681610107, -3.6395955085754395, -5.473092079162598], "predictions": [23, 10, 405, 11, 10, 405, 11, 26, 4, 4, 4, 4], "target_tokens": ["[IN:SEND_MESSAGE", "[SL:RECIPIENT", "@ptr8", "SL:RECIPIENT]", "[SL:CONTENT_EXACT", "@ptr13", "@ptr14", "@ptr15", "@ptr16", "@ptr17", "@ptr18", "SL:CONTENT_EXACT]", "IN:SEND_MESSAGE]"], "predicted_tokens": ["[IN:SEND_MESSAGE", "[SL:RECIPIENT", "@ptr10", "SL:RECIPIENT]", "[SL:RECIPIENT", "@ptr10", "SL:RECIPIENT]", "IN:SEND_MESSAGE]"]}
{"loss": 1.1100767850875854, "class_log_probabilities": [-2.859111785888672, -3.1829183101654053, -3.341477632522583, -4.130246639251709], "predictions": [23, 10, 70, 93, 399, 94, 71, 401, 72, 73, 11, 24, 402, 403, 404, 405, 406, 407, 408, 25, 26, 4, 4], "target_tokens": ["[IN:SEND_MESSAGE", "[SL:RECIPIENT", "[IN:GET_CONTACT", "[SL:CONTACT_RELATED", "@ptr4", "SL:CONTACT_RELATED]", "[SL:TYPE_RELATION", "@ptr5", "SL:TYPE_RELATION]", "IN:GET_CONTACT]", "SL:RECIPIENT]", "[SL:CONTENT_EXACT", "@ptr7", "@ptr8", "@ptr9", "@ptr10", "@ptr11", "@ptr12", "@ptr13", "SL:CONTENT_EXACT]", "IN:SEND_MESSAGE]"], "predicted_tokens": ["[IN:SEND_MESSAGE", "[SL:RECIPIENT", "[IN:GET_CONTACT", "[SL:CONTACT_RELATED", "@ptr4", "SL:CONTACT_RELATED]", "[SL:TYPE_RELATION", "@ptr6", "SL:TYPE_RELATION]", "IN:GET_CONTACT]", "SL:RECIPIENT]", "[SL:CONTENT_EXACT", "@ptr7", "@ptr8", "@ptr9", "@ptr10", "@ptr11", "@ptr12", "@ptr13", "SL:CONTENT_EXACT]", "IN:SEND_MESSAGE]"]}
{"loss": 1.3632556200027466, "class_log_probabilities": [-0.6328305602073669, -5.088992595672607, -6.209471702575684, -6.52786111831665], "predictions": [23, 10, 396, 11, 24, 398, 399, 400, 401, 402, 403, 404, 25, 26, 4], "target_tokens": ["[IN:SEND_MESSAGE", "[SL:RECIPIENT", "@ptr1", "SL:RECIPIENT]", "[SL:CONTENT_EXACT", "@ptr3", "@ptr4", "@ptr5", "@ptr6", "@ptr7", "@ptr8", "SL:CONTENT_EXACT]", "IN:SEND_MESSAGE]"], "predicted_tokens": ["[IN:SEND_MESSAGE", "[SL:RECIPIENT", "@ptr1", "SL:RECIPIENT]", "[SL:CONTENT_EXACT", "@ptr3", "@ptr4", "@ptr5", "@ptr6", "@ptr7", "@ptr8", "@ptr9", "SL:CONTENT_EXACT]", "IN:SEND_MESSAGE]"]}
{"loss": 1.8201920986175537, "class_log_probabilities": [-1.7729289531707764, -3.488619327545166, -4.743167877197266, -6.651371002197266], "predictions": [23, 10, 397, 398, 399, 400, 401, 402, 403, 404, 405, 406, 25, 26, 4, 4, 4], "target_tokens": ["[IN:SEND_MESSAGE", "[SL:RECIPIENT", "[IN:GET_CONTACT", "[SL:CONTACT_RELATED", "@ptr2", "SL:CONTACT_RELATED]", "[SL:TYPE_RELATION", "@ptr3", "SL:TYPE_RELATION]", "IN:GET_CONTACT]", "SL:RECIPIENT]", "[SL:CONTENT_EXACT", "@ptr5", "@ptr6", "@ptr7", "@ptr8", "@ptr9", "@ptr10", "@ptr11", "@ptr12", "SL:CONTENT_EXACT]", "IN:SEND_MESSAGE]"], "predicted_tokens": ["[IN:SEND_MESSAGE", "[SL:RECIPIENT", "@ptr2", "@ptr3", "@ptr4", "@ptr5", "@ptr6", "@ptr7", "@ptr8", "@ptr9", "@ptr10", "@ptr11", "SL:CONTENT_EXACT]", "IN:SEND_MESSAGE]"]}
{"loss": 1.2200253009796143, "class_log_probabilities": [-2.6788554191589355, -3.1250879764556885, -3.560819149017334, -5.083514213562012], "predictions": [23, 10, 399, 11, 24, 404, 405, 406, 407, 408, 25, 26, 4, 4, 4], "target_tokens": ["[IN:SEND_MESSAGE", "[SL:RECIPIENT", "@ptr4", "SL:RECIPIENT]", "[SL:CONTENT_EXACT", "@ptr9", "@ptr10", "@ptr11", "@ptr12", "@ptr13", "@ptr14", "@ptr15", "SL:CONTENT_EXACT]", "IN:SEND_MESSAGE]"], "predicted_tokens": ["[IN:SEND_MESSAGE", "[SL:RECIPIENT", "@ptr4", "SL:RECIPIENT]", "[SL:CONTENT_EXACT", "@ptr9", "@ptr10", "@ptr11", "@ptr12", "@ptr13", "SL:CONTENT_EXACT]", "IN:SEND_MESSAGE]"]}
{"loss": 1.4319475889205933, "class_log_probabilities": [-3.1261606216430664, -3.1979172229766846, -52.35509490966797, -53.066246032714844], "predictions": [23, 10, 70, 93, 399, 94, 71, 400, 72, 73, 11, 26, 4, 4, 4, 4, 4, 4, 4, 4, 4, 4, 4, 4, 4, 4, 4, 4, 4, 4, 4, 4, 4, 4, 4, 4, 4, 4, 4, 4, 4, 4, 4, 4, 4, 4, 4, 4, 4, 4, 4, 4, 4, 4, 4, 4, 4, 4, 4, 4, 4, 4, 4, 4, 4, 4, 4, 4, 4, 4, 4, 4, 4, 4, 4, 4, 4, 4, 4, 4, 4, 4, 4, 4, 4, 4, 4, 4, 4, 4, 4, 4, 4, 4, 4, 4, 4, 4, 4, 4], "target_tokens": ["[IN:SEND_MESSAGE", "[SL:RECIPIENT", "[IN:GET_CONTACT", "[SL:CONTACT_RELATED", "@ptr4", "SL:CONTACT_RELATED]", "[SL:TYPE_RELATION", "@ptr5", "SL:TYPE_RELATION]", "IN:GET_CONTACT]", "SL:RECIPIENT]", "[SL:CONTENT_EXACT", "@ptr10", "@ptr11", "@ptr12", "@ptr13", "@ptr14", "@ptr15", "@ptr16", "@ptr17", "@ptr18", "@ptr19", "SL:CONTENT_EXACT]", "IN:SEND_MESSAGE]"], "predicted_tokens": ["[IN:SEND_MESSAGE", "[SL:RECIPIENT", "[IN:GET_CONTACT", "[SL:CONTACT_RELATED", "@ptr4", "SL:CONTACT_RELATED]", "[SL:TYPE_RELATION", "@ptr5", "SL:TYPE_RELATION]", "IN:GET_CONTACT]", "SL:RECIPIENT]", "IN:SEND_MESSAGE]"]}
{"loss": 2.0840771198272705, "class_log_probabilities": [-6.243773937225342, -8.1312837600708, -8.672311782836914, -13.052515983581543], "predictions": [23, 10, 399, 11, 24, 404, 405, 406, 407, 408, 409, 410, 411, 412, 413, 25, 26, 4, 4, 4, 4, 4, 4, 4, 4, 4, 4], "target_tokens": ["[IN:SEND_MESSAGE", "[SL:RECIPIENT", "@ptr4", "SL:RECIPIENT]", "[SL:CONTENT_EXACT", "@ptr10", "@ptr11", "@ptr12", "@ptr13", "@ptr14", "@ptr15", "@ptr16", "@ptr17", "@ptr18", "@ptr19", "@ptr20", "@ptr21", "@ptr22", "@ptr23", "@ptr24", "@ptr25", "SL:CONTENT_EXACT]", "IN:SEND_MESSAGE]"], "predicted_tokens": ["[IN:SEND_MESSAGE", "[SL:RECIPIENT", "@ptr4", "SL:RECIPIENT]", "[SL:CONTENT_EXACT", "@ptr9", "@ptr10", "@ptr11", "@ptr12", "@ptr13", "@ptr14", "@ptr15", "@ptr16", "@ptr17", "@ptr18", "SL:CONTENT_EXACT]", "IN:SEND_MESSAGE]"]}
{"loss": 1.1480729579925537, "class_log_probabilities": [-2.392482042312622, -2.6972897052764893, -3.3900136947631836, -5.41240930557251], "predictions": [23, 10, 399, 11, 24, 401, 402, 403, 404, 405, 406, 407, 408, 409, 410, 411, 25, 26, 4, 4, 4, 4], "target_tokens": ["[IN:SEND_MESSAGE", "[SL:RECIPIENT", "@ptr4", "SL:RECIPIENT]", "[SL:CONTENT_EXACT", "@ptr6", "@ptr7", "@ptr8", "@ptr9", "@ptr10", "@ptr11", "@ptr12", "@ptr13", "@ptr14", "@ptr15", "SL:CONTENT_EXACT]", "IN:SEND_MESSAGE]"], "predicted_tokens": ["[IN:SEND_MESSAGE", "[SL:RECIPIENT", "@ptr4", "SL:RECIPIENT]", "[SL:CONTENT_EXACT", "@ptr6", "@ptr7", "@ptr8", "@ptr9", "@ptr10", "@ptr11", "@ptr12", "@ptr13", "@ptr14", "@ptr15", "@ptr16", "SL:CONTENT_EXACT]", "IN:SEND_MESSAGE]"]}
{"loss": 0.9930102825164795, "class_log_probabilities": [-0.7751128077507019, -2.8633055686950684, -5.532834529876709, -6.19651985168457], "predictions": [23, 10, 397, 11, 24, 399, 400, 401, 402, 403, 25, 26, 4], "target_tokens": ["[IN:SEND_MESSAGE", "[SL:RECIPIENT", "@ptr2", "SL:RECIPIENT]", "[SL:CONTENT_EXACT", "@ptr4", "@ptr5", "@ptr6", "@ptr7", "@ptr8", "SL:CONTENT_EXACT]", "IN:SEND_MESSAGE]"], "predicted_tokens": ["[IN:SEND_MESSAGE", "[SL:RECIPIENT", "@ptr2", "SL:RECIPIENT]", "[SL:CONTENT_EXACT", "@ptr4", "@ptr5", "@ptr6", "@ptr7", "@ptr8", "SL:CONTENT_EXACT]", "IN:SEND_MESSAGE]"]}
{"loss": 1.3306092023849487, "class_log_probabilities": [-2.286733388900757, -3.583700656890869, -3.6906015872955322, -5.808997631072998], "predictions": [23, 10, 70, 71, 397, 72, 73, 11, 24, 399, 400, 401, 402, 403, 404, 405, 406, 25, 26, 4, 4], "target_tokens": ["[IN:SEND_MESSAGE", "[SL:RECIPIENT", "[IN:GET_CONTACT", "[SL:TYPE_RELATION", "@ptr2", "SL:TYPE_RELATION]", "[SL:CONTACT", "@ptr3", "SL:CONTACT]", "IN:GET_CONTACT]", "SL:RECIPIENT]", "[SL:CONTENT_EXACT", "@ptr4", "@ptr5", "@ptr6", "@ptr7", "@ptr8", "@ptr9", "@ptr10", "@ptr11", "@ptr12", "SL:CONTENT_EXACT]", "IN:SEND_MESSAGE]"], "predicted_tokens": ["[IN:SEND_MESSAGE", "[SL:RECIPIENT", "[IN:GET_CONTACT", "[SL:TYPE_RELATION", "@ptr2", "SL:TYPE_RELATION]", "IN:GET_CONTACT]", "SL:RECIPIENT]", "[SL:CONTENT_EXACT", "@ptr4", "@ptr5", "@ptr6", "@ptr7", "@ptr8", "@ptr9", "@ptr10", "@ptr11", "SL:CONTENT_EXACT]", "IN:SEND_MESSAGE]"]}
{"loss": 1.0144047737121582, "class_log_probabilities": [-1.4954590797424316, -2.8430116176605225, -4.392306327819824, -4.415351390838623], "predictions": [23, 10, 70, 93, 397, 94, 71, 398, 72, 73, 11, 24, 400, 401, 402, 403, 404, 25, 26, 4], "target_tokens": ["[IN:SEND_MESSAGE", "[SL:RECIPIENT", "[IN:GET_CONTACT", "[SL:CONTACT_RELATED", "@ptr2", "SL:CONTACT_RELATED]", "[SL:TYPE_RELATION", "@ptr3", "SL:TYPE_RELATION]", "IN:GET_CONTACT]", "SL:RECIPIENT]", "[SL:CONTENT_EXACT", "@ptr5", "@ptr6", "@ptr7", "@ptr8", "@ptr9", "SL:CONTENT_EXACT]", "IN:SEND_MESSAGE]"], "predicted_tokens": ["[IN:SEND_MESSAGE", "[SL:RECIPIENT", "[IN:GET_CONTACT", "[SL:CONTACT_RELATED", "@ptr2", "SL:CONTACT_RELATED]", "[SL:TYPE_RELATION", "@ptr3", "SL:TYPE_RELATION]", "IN:GET_CONTACT]", "SL:RECIPIENT]", "[SL:CONTENT_EXACT", "@ptr5", "@ptr6", "@ptr7", "@ptr8", "@ptr9", "SL:CONTENT_EXACT]", "IN:SEND_MESSAGE]"]}
{"loss": 2.05444598197937, "class_log_probabilities": [-1.0221806764602661, -4.431723117828369, -5.20048713684082, -5.913053035736084], "predictions": [23, 10, 397, 11, 24, 400, 401, 402, 403, 25, 26, 4, 4], "target_tokens": ["[IN:SEND_MESSAGE", "[SL:RECIPIENT", "@ptr2", "SL:RECIPIENT]", "[SL:CONTENT_EXACT", "@ptr4", "@ptr5", "@ptr6", "@ptr7", "@ptr8", "@ptr9", "SL:CONTENT_EXACT]", "IN:SEND_MESSAGE]"], "predicted_tokens": ["[IN:SEND_MESSAGE", "[SL:RECIPIENT", "@ptr2", "SL:RECIPIENT]", "[SL:CONTENT_EXACT", "@ptr5", "@ptr6", "@ptr7", "@ptr8", "SL:CONTENT_EXACT]", "IN:SEND_MESSAGE]"]}
{"loss": 1.168952465057373, "class_log_probabilities": [-1.9862314462661743, -3.2832164764404297, -3.9248037338256836, -97.68362426757812], "predictions": [23, 10, 399, 11, 24, 403, 404, 405, 406, 407, 408, 25, 26, 4, 4, 4, 4, 4, 4, 4, 4, 4, 4, 4, 4, 4, 4, 4, 4, 4, 4, 4, 4, 4, 4, 4, 4, 4, 4, 4, 4, 4, 4, 4, 4, 4, 4, 4, 4, 4, 4, 4, 4, 4, 4, 4, 4, 4, 4, 4, 4, 4, 4, 4, 4, 4, 4, 4, 4, 4, 4, 4, 4, 4, 4, 4, 4, 4, 4, 4, 4, 4, 4, 4, 4, 4, 4, 4, 4, 4, 4, 4, 4, 4, 4, 4, 4, 4, 4, 4], "target_tokens": ["[IN:SEND_MESSAGE", "[SL:RECIPIENT", "@ptr4", "SL:RECIPIENT]", "[SL:CONTENT_EXACT", "@ptr8", "@ptr9", "@ptr10", "@ptr11", "@ptr12", "@ptr13", "@ptr14", "SL:CONTENT_EXACT]", "IN:SEND_MESSAGE]"], "predicted_tokens": ["[IN:SEND_MESSAGE", "[SL:RECIPIENT", "@ptr4", "SL:RECIPIENT]", "[SL:CONTENT_EXACT", "@ptr8", "@ptr9", "@ptr10", "@ptr11", "@ptr12", "@ptr13", "SL:CONTENT_EXACT]", "IN:SEND_MESSAGE]"]}
{"loss": 1.402840256690979, "class_log_probabilities": [-3.6721887588500977, -3.775643825531006, -3.8267970085144043, -4.593816757202148], "predictions": [23, 10, 399, 11, 24, 402, 403, 404, 405, 406, 407, 408, 409, 410, 25, 26, 4, 4], "target_tokens": ["[IN:SEND_MESSAGE", "[SL:RECIPIENT", "@ptr4", "SL:RECIPIENT]", "[SL:CONTENT_EXACT", "@ptr6", "@ptr7", "@ptr8", "@ptr9", "@ptr10", "@ptr11", "@ptr12", "@ptr13", "@ptr14", "@ptr15", "@ptr16", "@ptr17", "SL:CONTENT_EXACT]", "IN:SEND_MESSAGE]"], "predicted_tokens": ["[IN:SEND_MESSAGE", "[SL:RECIPIENT", "@ptr4", "SL:RECIPIENT]", "[SL:CONTENT_EXACT", "@ptr7", "@ptr8", "@ptr9", "@ptr10", "@ptr11", "@ptr12", "@ptr13", "@ptr14", "@ptr15", "SL:CONTENT_EXACT]", "IN:SEND_MESSAGE]"]}
{"loss": 1.103782296180725, "class_log_probabilities": [-1.2529714107513428, -1.9948614835739136, -4.618807792663574, -5.144887924194336], "predictions": [23, 10, 400, 11, 24, 401, 402, 403, 404, 405, 406, 407, 408, 25, 26, 4], "target_tokens": ["[IN:SEND_MESSAGE", "[SL:RECIPIENT", "@ptr4", "SL:RECIPIENT]", "[SL:CONTENT_EXACT", "@ptr6", "@ptr7", "@ptr8", "@ptr9", "@ptr10", "@ptr11", "@ptr12", "@ptr13", "SL:CONTENT_EXACT]", "IN:SEND_MESSAGE]"], "predicted_tokens": ["[IN:SEND_MESSAGE", "[SL:RECIPIENT", "@ptr5", "SL:RECIPIENT]", "[SL:CONTENT_EXACT", "@ptr6", "@ptr7", "@ptr8", "@ptr9", "@ptr10", "@ptr11", "@ptr12", "@ptr13", "SL:CONTENT_EXACT]", "IN:SEND_MESSAGE]"]}
{"loss": 1.0255446434020996, "class_log_probabilities": [-1.8274739980697632, -3.4071109294891357, -3.4322562217712402, -8.58042049407959], "predictions": [23, 10, 396, 11, 24, 398, 399, 400, 401, 402, 403, 404, 405, 406, 407, 25, 26, 4, 4, 4, 4], "target_tokens": ["[IN:SEND_MESSAGE", "[SL:RECIPIENT", "@ptr1", "SL:RECIPIENT]", "[SL:CONTENT_EXACT", "@ptr3", "@ptr4", "@ptr5", "@ptr6", "@ptr7", "@ptr8", "@ptr9", "@ptr10", "@ptr11", "@ptr12", "SL:CONTENT_EXACT]", "IN:SEND_MESSAGE]"], "predicted_tokens": ["[IN:SEND_MESSAGE", "[SL:RECIPIENT", "@ptr1", "SL:RECIPIENT]", "[SL:CONTENT_EXACT", "@ptr3", "@ptr4", "@ptr5", "@ptr6", "@ptr7", "@ptr8", "@ptr9", "@ptr10", "@ptr11", "@ptr12", "SL:CONTENT_EXACT]", "IN:SEND_MESSAGE]"]}
{"loss": 1.1883493661880493, "class_log_probabilities": [-2.5185060501098633, -2.9777164459228516, -3.0755043029785156, -3.5334293842315674], "predictions": [23, 10, 397, 11, 24, 399, 400, 401, 402, 403, 404, 405, 406, 408, 409, 410, 25, 26, 4, 4], "target_tokens": ["[IN:SEND_MESSAGE", "[SL:RECIPIENT", "@ptr2", "SL:RECIPIENT]", "[SL:CONTENT_EXACT", "@ptr4", "@ptr5", "@ptr6", "@ptr7", "@ptr8", "@ptr9", "@ptr10", "@ptr11", "@ptr12", "@ptr13", "@ptr14", "@ptr15", "SL:CONTENT_EXACT]", "IN:SEND_MESSAGE]"], "predicted_tokens": ["[IN:SEND_MESSAGE", "[SL:RECIPIENT", "@ptr2", "SL:RECIPIENT]", "[SL:CONTENT_EXACT", "@ptr4", "@ptr5", "@ptr6", "@ptr7", "@ptr8", "@ptr9", "@ptr10", "@ptr11", "@ptr13", "@ptr14", "@ptr15", "SL:CONTENT_EXACT]", "IN:SEND_MESSAGE]"]}
{"loss": 2.3148574829101562, "class_log_probabilities": [-0.8480657935142517, -4.802485466003418, -4.811893463134766, -56.56377410888672], "predictions": [75, 6, 396, 397, 7, 78, 4, 4, 4, 4, 4, 4, 4, 4, 4, 4, 4, 4, 4, 4, 4, 4, 4, 4, 4, 4, 4, 4, 4, 4, 4, 4, 4, 4, 4, 4, 4, 4, 4, 4, 4, 4, 4, 4, 4, 4, 4, 4, 4, 4, 4, 4, 4, 4, 4, 4, 4, 4, 4, 4, 4, 4, 4, 4, 4, 4, 4, 4, 4, 4, 4, 4, 4, 4, 4, 4, 4, 4, 4, 4, 4, 4, 4, 4, 4, 4, 4, 4, 4, 4, 4, 4, 4, 4, 4, 4, 4, 4, 4, 4], "target_tokens": ["[IN:SEND_MESSAGE", "[SL:RECIPIENT", "@ptr1", "@ptr2", "SL:RECIPIENT]", "[SL:CONTENT_EXACT", "@ptr5", "@ptr6", "@ptr7", "@ptr8", "@ptr9", "@ptr10", "@ptr11", "@ptr12", "@ptr13", "@ptr14", "@ptr15", "SL:CONTENT_EXACT]", "IN:SEND_MESSAGE]"], "predicted_tokens": ["[IN:CREATE_CALL", "[SL:CONTACT", "@ptr1", "@ptr2", "SL:CONTACT]", "IN:CREATE_CALL]"]}
{"loss": 1.4859535694122314, "class_log_probabilities": [-3.8217427730560303, -4.518084526062012, -112.02869415283203, -112.22111511230469], "predictions": [23, 10, 399, 11, 24, 403, 404, 405, 406, 407, 408, 25, 26, 4, 4, 4, 4, 4, 4, 4, 4, 4, 4, 4, 4, 4, 4, 4, 4, 4, 4, 4, 4, 4, 4, 4, 4, 4, 4, 4, 4, 4, 4, 4, 4, 4, 4, 4, 4, 4, 4, 4, 4, 4, 4, 4, 4, 4, 4, 4, 4, 4, 4, 4, 4, 4, 4, 4, 4, 4, 4, 4, 4, 4, 4, 4, 4, 4, 4, 4, 4, 4, 4, 4, 4, 4, 4, 4, 4, 4, 4, 4, 4, 4, 4, 4, 4, 4, 4, 4], "target_tokens": ["[IN:SEND_MESSAGE", "[SL:RECIPIENT", "@ptr4", "SL:RECIPIENT]", "[SL:CONTENT_EXACT", "@ptr8", "@ptr9", "@ptr10", "@ptr11", "@ptr12", "@ptr13", "@ptr14", "@ptr15", "@ptr16", "@ptr17", "@ptr18", "@ptr19", "@ptr20", "@ptr21", "SL:CONTENT_EXACT]", "IN:SEND_MESSAGE]"], "predicted_tokens": ["[IN:SEND_MESSAGE", "[SL:RECIPIENT", "@ptr4", "SL:RECIPIENT]", "[SL:CONTENT_EXACT", "@ptr8", "@ptr9", "@ptr10", "@ptr11", "@ptr12", "@ptr13", "SL:CONTENT_EXACT]", "IN:SEND_MESSAGE]"]}
{"loss": 1.0252150297164917, "class_log_probabilities": [-1.008428931236267, -1.9195019006729126, -4.76723051071167, -5.492740154266357], "predictions": [23, 10, 399, 11, 24, 401, 402, 403, 404, 25, 26, 4], "target_tokens": ["[IN:SEND_MESSAGE", "[SL:RECIPIENT", "@ptr4", "SL:RECIPIENT]", "[SL:CONTENT_EXACT", "@ptr6", "@ptr7", "@ptr8", "@ptr9", "SL:CONTENT_EXACT]", "IN:SEND_MESSAGE]"], "predicted_tokens": ["[IN:SEND_MESSAGE", "[SL:RECIPIENT", "@ptr4", "SL:RECIPIENT]", "[SL:CONTENT_EXACT", "@ptr6", "@ptr7", "@ptr8", "@ptr9", "SL:CONTENT_EXACT]", "IN:SEND_MESSAGE]"]}
{"loss": 1.6550425291061401, "class_log_probabilities": [-4.3067522048950195, -4.662520885467529, -5.555575370788574, -6.885014533996582], "predictions": [23, 10, 399, 11, 24, 401, 402, 403, 404, 405, 406, 407, 25, 26, 4, 4, 4, 4, 4, 4], "target_tokens": ["[IN:SEND_MESSAGE", "[SL:RECIPIENT", "@ptr4", "SL:RECIPIENT]", "[SL:CONTENT_EXACT", "@ptr8", "@ptr9", "@ptr10", "@ptr11", "@ptr12", "@ptr13", "SL:CONTENT_EXACT]", "IN:SEND_MESSAGE]"], "predicted_tokens": ["[IN:SEND_MESSAGE", "[SL:RECIPIENT", "@ptr4", "SL:RECIPIENT]", "[SL:CONTENT_EXACT", "@ptr6", "@ptr7", "@ptr8", "@ptr9", "@ptr10", "@ptr11", "@ptr12", "SL:CONTENT_EXACT]", "IN:SEND_MESSAGE]"]}
{"loss": 1.2731119394302368, "class_log_probabilities": [-2.0298662185668945, -2.4338340759277344, -3.793081521987915, -4.1103410720825195], "predictions": [23, 10, 70, 71, 399, 72, 73, 11, 24, 401, 402, 403, 404, 25, 26, 4], "target_tokens": ["[IN:SEND_MESSAGE", "[SL:RECIPIENT", "[IN:GET_CONTACT", "[SL:TYPE_RELATION", "@ptr4", "SL:TYPE_RELATION]", "IN:GET_CONTACT]", "SL:RECIPIENT]", "[SL:CONTENT_EXACT", "@ptr6", "@ptr7", "@ptr8", "SL:CONTENT_EXACT]", "IN:SEND_MESSAGE]"], "predicted_tokens": ["[IN:SEND_MESSAGE", "[SL:RECIPIENT", "[IN:GET_CONTACT", "[SL:TYPE_RELATION", "@ptr4", "SL:TYPE_RELATION]", "IN:GET_CONTACT]", "SL:RECIPIENT]", "[SL:CONTENT_EXACT", "@ptr6", "@ptr7", "@ptr8", "@ptr9", "SL:CONTENT_EXACT]", "IN:SEND_MESSAGE]"]}
{"loss": 1.2267720699310303, "class_log_probabilities": [-1.3450523614883423, -1.855076789855957, -2.970884323120117, -4.009744167327881], "predictions": [23, 10, 400, 11, 24, 404, 405, 406, 407, 408, 25, 26, 4], "target_tokens": ["[IN:SEND_MESSAGE", "[SL:RECIPIENT", "@ptr4", "SL:RECIPIENT]", "[SL:CONTENT_EXACT", "@ptr9", "@ptr10", "@ptr11", "@ptr12", "@ptr13", "SL:CONTENT_EXACT]", "IN:SEND_MESSAGE]"], "predicted_tokens": ["[IN:SEND_MESSAGE", "[SL:RECIPIENT", "@ptr5", "SL:RECIPIENT]", "[SL:CONTENT_EXACT", "@ptr9", "@ptr10", "@ptr11", "@ptr12", "@ptr13", "SL:CONTENT_EXACT]", "IN:SEND_MESSAGE]"]}
{"loss": 1.0009677410125732, "class_log_probabilities": [-1.148940086364746, -3.3834784030914307, -5.391576766967773, -6.375953674316406], "predictions": [23, 10, 70, 71, 397, 72, 73, 11, 24, 399, 400, 401, 402, 403, 404, 25, 26, 4, 4, 4, 4], "target_tokens": ["[IN:SEND_MESSAGE", "[SL:RECIPIENT", "[IN:GET_CONTACT", "[SL:TYPE_RELATION", "@ptr2", "SL:TYPE_RELATION]", "IN:GET_CONTACT]", "SL:RECIPIENT]", "[SL:CONTENT_EXACT", "@ptr4", "@ptr5", "@ptr6", "@ptr7", "@ptr8", "@ptr9", "SL:CONTENT_EXACT]", "IN:SEND_MESSAGE]"], "predicted_tokens": ["[IN:SEND_MESSAGE", "[SL:RECIPIENT", "[IN:GET_CONTACT", "[SL:TYPE_RELATION", "@ptr2", "SL:TYPE_RELATION]", "IN:GET_CONTACT]", "SL:RECIPIENT]", "[SL:CONTENT_EXACT", "@ptr4", "@ptr5", "@ptr6", "@ptr7", "@ptr8", "@ptr9", "SL:CONTENT_EXACT]", "IN:SEND_MESSAGE]"]}
{"loss": 3.095703125, "class_log_probabilities": [-1.330188512802124, -3.6423206329345703, -3.794830322265625, -3.8824076652526855], "predictions": [5, 59, 400, 60, 16, 402, 403, 17, 12, 4, 4, 4], "target_tokens": ["[IN:GET_MESSAGE", "[SL:SENDER", "@ptr4", "@ptr5", "SL:SENDER]", "[SL:DATE_TIME", "@ptr6", "@ptr7", "@ptr8", "SL:DATE_TIME]", "IN:GET_MESSAGE]"], "predicted_tokens": ["[IN:GET_MESSAGE", "[SL:SENDER", "@ptr5", "SL:SENDER]", "[SL:DATE_TIME", "@ptr7", "@ptr8", "SL:DATE_TIME]", "IN:GET_MESSAGE]"]}
{"loss": 1.5432060956954956, "class_log_probabilities": [-2.6457502841949463, -3.0184476375579834, -3.334649085998535, -5.262847900390625], "predictions": [23, 10, 399, 11, 24, 405, 406, 407, 415, 25, 26, 4, 4, 4], "target_tokens": ["[IN:SEND_MESSAGE", "[SL:RECIPIENT", "@ptr4", "SL:RECIPIENT]", "[SL:CONTENT_EXACT", "@ptr10", "@ptr11", "@ptr12", "@ptr13", "@ptr14", "@ptr15", "@ptr16", "@ptr17", "@ptr18", "@ptr19", "@ptr20", "SL:CONTENT_EXACT]", "IN:SEND_MESSAGE]"], "predicted_tokens": ["[IN:SEND_MESSAGE", "[SL:RECIPIENT", "@ptr4", "SL:RECIPIENT]", "[SL:CONTENT_EXACT", "@ptr10", "@ptr11", "@ptr12", "@ptr20", "SL:CONTENT_EXACT]", "IN:SEND_MESSAGE]"]}
{"loss": 1.0043258666992188, "class_log_probabilities": [-1.336645483970642, -3.3941562175750732, -3.695326566696167, -3.755673885345459], "predictions": [23, 10, 70, 93, 399, 94, 71, 400, 72, 73, 11, 26, 4], "target_tokens": ["[IN:SEND_MESSAGE", "[SL:RECIPIENT", "[IN:GET_CONTACT", "[SL:CONTACT_RELATED", "@ptr4", "SL:CONTACT_RELATED]", "[SL:TYPE_RELATION", "@ptr5", "SL:TYPE_RELATION]", "IN:GET_CONTACT]", "SL:RECIPIENT]", "IN:SEND_MESSAGE]"], "predicted_tokens": ["[IN:SEND_MESSAGE", "[SL:RECIPIENT", "[IN:GET_CONTACT", "[SL:CONTACT_RELATED", "@ptr4", "SL:CONTACT_RELATED]", "[SL:TYPE_RELATION", "@ptr5", "SL:TYPE_RELATION]", "IN:GET_CONTACT]", "SL:RECIPIENT]", "IN:SEND_MESSAGE]"]}
{"loss": 1.2176493406295776, "class_log_probabilities": [-2.318542957305908, -2.9391937255859375, -3.016606092453003, -4.95039176940918], "predictions": [23, 10, 70, 71, 399, 72, 73, 11, 24, 401, 402, 403, 404, 405, 406, 407, 408, 25, 26, 4], "target_tokens": ["[IN:SEND_MESSAGE", "[SL:RECIPIENT", "[IN:GET_CONTACT", "[SL:TYPE_RELATION", "@ptr4", "SL:TYPE_RELATION]", "IN:GET_CONTACT]", "SL:RECIPIENT]", "[SL:CONTENT_EXACT", "@ptr6", "@ptr7", "@ptr8", "@ptr9", "@ptr10", "@ptr11", "@ptr12", "SL:CONTENT_EXACT]", "IN:SEND_MESSAGE]"], "predicted_tokens": ["[IN:SEND_MESSAGE", "[SL:RECIPIENT", "[IN:GET_CONTACT", "[SL:TYPE_RELATION", "@ptr4", "SL:TYPE_RELATION]", "IN:GET_CONTACT]", "SL:RECIPIENT]", "[SL:CONTENT_EXACT", "@ptr6", "@ptr7", "@ptr8", "@ptr9", "@ptr10", "@ptr11", "@ptr12", "@ptr13", "SL:CONTENT_EXACT]", "IN:SEND_MESSAGE]"]}
{"loss": 1.8875614404678345, "class_log_probabilities": [-1.9889484643936157, -2.442854642868042, -2.4532651901245117, -2.4600510597229004], "predictions": [5, 16, 405, 17, 12, 4, 4, 4], "target_tokens": ["[IN:GET_MESSAGE", "[SL:DATE_TIME", "@ptr10", "@ptr11", "@ptr12", "@ptr13", "@ptr14", "SL:DATE_TIME]", "IN:GET_MESSAGE]"], "predicted_tokens": ["[IN:GET_MESSAGE", "[SL:DATE_TIME", "@ptr10", "SL:DATE_TIME]", "IN:GET_MESSAGE]"]}
{"loss": 1.2825244665145874, "class_log_probabilities": [-2.169814348220825, -3.1418168544769287, -4.125569820404053, -4.87944221496582], "predictions": [23, 10, 397, 398, 399, 400, 401, 402, 403, 404, 405, 406, 407, 25, 26, 4, 4, 4, 4], "target_tokens": ["[IN:SEND_MESSAGE", "[SL:RECIPIENT", "@ptr2", "SL:RECIPIENT]", "[SL:CONTENT_EXACT", "@ptr3", "@ptr4", "@ptr5", "@ptr6", "@ptr7", "@ptr8", "@ptr9", "@ptr10", "@ptr11", "@ptr12", "SL:CONTENT_EXACT]", "IN:SEND_MESSAGE]"], "predicted_tokens": ["[IN:SEND_MESSAGE", "[SL:RECIPIENT", "@ptr2", "@ptr3", "@ptr4", "@ptr5", "@ptr6", "@ptr7", "@ptr8", "@ptr9", "@ptr10", "@ptr11", "@ptr12", "SL:CONTENT_EXACT]", "IN:SEND_MESSAGE]"]}
{"loss": 1.5204086303710938, "class_log_probabilities": [-1.180671215057373, -3.527642250061035, -3.860478162765503, -4.926652908325195], "predictions": [23, 10, 397, 11, 24, 399, 400, 401, 402, 403, 404, 406, 25, 26, 4, 4, 4], "target_tokens": ["[IN:SEND_MESSAGE", "[SL:RECIPIENT", "@ptr2", "SL:RECIPIENT]", "[SL:CONTENT_EXACT", "@ptr4", "@ptr5", "@ptr6", "@ptr7", "@ptr8", "@ptr9", "@ptr10", "@ptr11", "SL:CONTENT_EXACT]", "IN:SEND_MESSAGE]"], "predicted_tokens": ["[IN:SEND_MESSAGE", "[SL:RECIPIENT", "@ptr2", "SL:RECIPIENT]", "[SL:CONTENT_EXACT", "@ptr4", "@ptr5", "@ptr6", "@ptr7", "@ptr8", "@ptr9", "@ptr11", "SL:CONTENT_EXACT]", "IN:SEND_MESSAGE]"]}
{"loss": 2.4856691360473633, "class_log_probabilities": [-3.204824924468994, -4.54172945022583, -10.64192008972168, -11.01207160949707], "predictions": [23, 10, 399, 400, 11, 26, 4, 4, 4, 4, 4, 4, 4, 4, 4, 4, 4, 4, 4, 4, 4, 4, 4, 4, 4, 4, 4, 4, 4, 4, 4, 4, 4, 4, 4, 4, 4, 4, 4, 4, 4, 4, 4, 4, 4, 4, 4, 4, 4, 4, 4, 4, 4, 4, 4, 4, 4, 4, 4, 4, 4, 4, 4, 4, 4, 4, 4, 4, 4, 4, 4, 4, 4, 4, 4, 4, 4, 4, 4, 4, 4, 4, 4, 4, 4, 4, 4, 4, 4, 4, 4, 4, 4, 4, 4, 4, 4, 4, 4, 4], "target_tokens": ["[IN:SEND_MESSAGE", "[SL:RECIPIENT", "@ptr4", "@ptr5", "SL:RECIPIENT]", "[SL:CONTENT_EXACT", "@ptr11", "@ptr12", "@ptr13", "@ptr14", "SL:CONTENT_EXACT]", "IN:SEND_MESSAGE]"], "predicted_tokens": ["[IN:SEND_MESSAGE", "[SL:RECIPIENT", "@ptr4", "@ptr5", "SL:RECIPIENT]", "IN:SEND_MESSAGE]"]}
{"loss": 1.4447344541549683, "class_log_probabilities": [-3.2448463439941406, -4.053548336029053, -5.042762279510498, -58.19453048706055], "predictions": [23, 10, 399, 11, 24, 404, 405, 406, 407, 408, 25, 26, 4, 4, 4, 4, 4, 4, 4, 4, 4, 4, 4, 4, 4, 4, 4, 4, 4, 4, 4, 4, 4, 4, 4, 4, 4, 4, 4, 4, 4, 4, 4, 4, 4, 4, 4, 4, 4, 4, 4, 4, 4, 4, 4, 4, 4, 4, 4, 4, 4, 4, 4, 4, 4, 4, 4, 4, 4, 4, 4, 4, 4, 4, 4, 4, 4, 4, 4, 4, 4, 4, 4, 4, 4, 4, 4, 4, 4, 4, 4, 4, 4, 4, 4, 4, 4, 4, 4, 4], "target_tokens": ["[IN:SEND_MESSAGE", "[SL:RECIPIENT", "@ptr4", "SL:RECIPIENT]", "[SL:CONTENT_EXACT", "@ptr10", "@ptr11", "@ptr12", "SL:CONTENT_EXACT]", "IN:SEND_MESSAGE]"], "predicted_tokens": ["[IN:SEND_MESSAGE", "[SL:RECIPIENT", "@ptr4", "SL:RECIPIENT]", "[SL:CONTENT_EXACT", "@ptr9", "@ptr10", "@ptr11", "@ptr12", "@ptr13", "SL:CONTENT_EXACT]", "IN:SEND_MESSAGE]"]}
{"loss": 1.310284972190857, "class_log_probabilities": [-3.4563441276550293, -44.47626876831055, -45.16701889038086, -45.260658264160156], "predictions": [23, 10, 70, 93, 399, 94, 71, 400, 72, 73, 11, 26, 4, 4, 4, 4, 4, 4, 4, 4, 4, 4, 4, 4, 4, 4, 4, 4, 4, 4, 4, 4, 4, 4, 4, 4, 4, 4, 4, 4, 4, 4, 4, 4, 4, 4, 4, 4, 4, 4, 4, 4, 4, 4, 4, 4, 4, 4, 4, 4, 4, 4, 4, 4, 4, 4, 4, 4, 4, 4, 4, 4, 4, 4, 4, 4, 4, 4, 4, 4, 4, 4, 4, 4, 4, 4, 4, 4, 4, 4, 4, 4, 4, 4, 4, 4, 4, 4, 4, 4], "target_tokens": ["[IN:SEND_MESSAGE", "[SL:RECIPIENT", "[IN:GET_CONTACT", "[SL:CONTACT_RELATED", "@ptr4", "SL:CONTACT_RELATED]", "[SL:TYPE_RELATION", "@ptr5", "SL:TYPE_RELATION]", "IN:GET_CONTACT]", "SL:RECIPIENT]", "[SL:CONTENT_EXACT", "@ptr10", "@ptr11", "@ptr12", "SL:CONTENT_EXACT]", "IN:SEND_MESSAGE]"], "predicted_tokens": ["[IN:SEND_MESSAGE", "[SL:RECIPIENT", "[IN:GET_CONTACT", "[SL:CONTACT_RELATED", "@ptr4", "SL:CONTACT_RELATED]", "[SL:TYPE_RELATION", "@ptr5", "SL:TYPE_RELATION]", "IN:GET_CONTACT]", "SL:RECIPIENT]", "IN:SEND_MESSAGE]"]}
{"loss": 0.9798337817192078, "class_log_probabilities": [-0.7321038842201233, -4.835712432861328, -5.820400238037109, -6.4828338623046875], "predictions": [23, 10, 397, 11, 24, 399, 400, 401, 402, 25, 26, 4, 4], "target_tokens": ["[IN:SEND_MESSAGE", "[SL:RECIPIENT", "@ptr2", "SL:RECIPIENT]", "[SL:CONTENT_EXACT", "@ptr4", "@ptr5", "@ptr6", "@ptr7", "SL:CONTENT_EXACT]", "IN:SEND_MESSAGE]"], "predicted_tokens": ["[IN:SEND_MESSAGE", "[SL:RECIPIENT", "@ptr2", "SL:RECIPIENT]", "[SL:CONTENT_EXACT", "@ptr4", "@ptr5", "@ptr6", "@ptr7", "SL:CONTENT_EXACT]", "IN:SEND_MESSAGE]"]}
{"loss": 3.048818349838257, "class_log_probabilities": [-0.6475834250450134, -3.7012364864349365, -5.056890487670898, -5.9553303718566895], "predictions": [39, 40, 396, 41, 56, 398, 57, 42, 4], "target_tokens": ["[IN:GET_STORIES_NEWS", "[SL:NEWS_SOURCE", "@ptr3", "SL:NEWS_SOURCE]", "IN:GET_STORIES_NEWS]"], "predicted_tokens": ["[IN:GET_STORIES_NEWS", "[SL:NEWS_TYPE", "@ptr1", "SL:NEWS_TYPE]", "[SL:NEWS_TOPIC", "@ptr3", "SL:NEWS_TOPIC]", "IN:GET_STORIES_NEWS]"]}
{"loss": 1.4484564065933228, "class_log_probabilities": [-2.061769723892212, -3.389496088027954, -3.5440077781677246, -4.3135457038879395], "predictions": [49, 34, 397, 35, 36, 75, 6, 400, 7, 78, 37, 16, 403, 17, 50, 4, 4], "target_tokens": ["[IN:CREATE_REMINDER", "[SL:PERSON_REMINDED", "@ptr2", "SL:PERSON_REMINDED]", "[SL:TODO", "[IN:CREATE_CALL", "[SL:CONTACT", "@ptr6", "SL:CONTACT]", "IN:CREATE_CALL]", "SL:TODO]", "[SL:DATE_TIME", "@ptr7", "@ptr8", "SL:DATE_TIME]", "IN:CREATE_REMINDER]"], "predicted_tokens": ["[IN:CREATE_REMINDER", "[SL:PERSON_REMINDED", "@ptr2", "SL:PERSON_REMINDED]", "[SL:TODO", "[IN:CREATE_CALL", "[SL:CONTACT", "@ptr5", "SL:CONTACT]", "IN:CREATE_CALL]", "SL:TODO]", "[SL:DATE_TIME", "@ptr8", "SL:DATE_TIME]", "IN:CREATE_REMINDER]"]}
{"loss": 1.269212007522583, "class_log_probabilities": [-0.9630086421966553, -3.6326944828033447, -5.0354905128479, -5.522219181060791], "predictions": [49, 34, 397, 35, 36, 399, 400, 401, 402, 403, 404, 405, 37, 50, 4], "target_tokens": ["[IN:CREATE_REMINDER", "[SL:PERSON_REMINDED", "@ptr2", "SL:PERSON_REMINDED]", "[SL:TODO", "@ptr4", "@ptr5", "@ptr6", "@ptr7", "@ptr8", "@ptr9", "SL:TODO]", "IN:CREATE_REMINDER]"], "predicted_tokens": ["[IN:CREATE_REMINDER", "[SL:PERSON_REMINDED", "@ptr2", "SL:PERSON_REMINDED]", "[SL:TODO", "@ptr4", "@ptr5", "@ptr6", "@ptr7", "@ptr8", "@ptr9", "@ptr10", "SL:TODO]", "IN:CREATE_REMINDER]"]}
{"loss": 1.0491541624069214, "class_log_probabilities": [-1.7753188610076904, -4.590800762176514, -4.744309902191162, -4.995672225952148], "predictions": [33, 34, 396, 35, 36, 75, 6, 401, 402, 7, 78, 37, 38, 4, 4, 4], "target_tokens": ["[IN:DELETE_REMINDER", "[SL:PERSON_REMINDED", "@ptr1", "SL:PERSON_REMINDED]", "[SL:TODO", "[IN:CREATE_CALL", "[SL:CONTACT", "@ptr6", "@ptr7", "SL:CONTACT]", "IN:CREATE_CALL]", "SL:TODO]", "IN:DELETE_REMINDER]"], "predicted_tokens": ["[IN:DELETE_REMINDER", "[SL:PERSON_REMINDED", "@ptr1", "SL:PERSON_REMINDED]", "[SL:TODO", "[IN:CREATE_CALL", "[SL:CONTACT", "@ptr6", "@ptr7", "SL:CONTACT]", "IN:CREATE_CALL]", "SL:TODO]", "IN:DELETE_REMINDER]"]}
{"loss": 1.4321171045303345, "class_log_probabilities": [-4.675077438354492, -6.542337894439697, -41.28908157348633, -41.96242141723633], "predictions": [49, 34, 397, 35, 36, 399, 400, 401, 402, 403, 404, 37, 16, 406, 17, 50, 4, 4, 4, 4, 4, 4, 4, 4, 4, 4, 4, 4, 4, 4, 4, 4, 4, 4, 4, 4, 4, 4, 4, 4, 4, 4, 4, 4, 4, 4, 4, 4, 4, 4, 4, 4, 4, 4, 4, 4, 4, 4, 4, 4, 4, 4, 4, 4, 4, 4, 4, 4, 4, 4, 4, 4, 4, 4, 4, 4, 4, 4, 4, 4, 4, 4, 4, 4, 4, 4, 4, 4, 4, 4, 4, 4, 4, 4, 4, 4, 4, 4, 4, 4], "target_tokens": ["[IN:CREATE_REMINDER", "[SL:PERSON_REMINDED", "@ptr2", "SL:PERSON_REMINDED]", "[SL:TODO", "@ptr4", "@ptr5", "@ptr6", "@ptr7", "@ptr8", "@ptr9", "@ptr10", "@ptr11", "SL:TODO]", "[SL:DATE_TIME", "@ptr12", "SL:DATE_TIME]", "IN:CREATE_REMINDER]"], "predicted_tokens": ["[IN:CREATE_REMINDER", "[SL:PERSON_REMINDED", "@ptr2", "SL:PERSON_REMINDED]", "[SL:TODO", "@ptr4", "@ptr5", "@ptr6", "@ptr7", "@ptr8", "@ptr9", "SL:TODO]", "[SL:DATE_TIME", "@ptr11", "SL:DATE_TIME]", "IN:CREATE_REMINDER]"]}
{"loss": 1.0119645595550537, "class_log_probabilities": [-1.3510401248931885, -2.9810233116149902, -5.289894104003906, -5.521682262420654], "predictions": [33, 34, 396, 35, 36, 399, 400, 37, 38, 4, 4, 4], "target_tokens": ["[IN:DELETE_REMINDER", "[SL:PERSON_REMINDED", "@ptr1", "SL:PERSON_REMINDED]", "[SL:TODO", "@ptr4", "@ptr5", "SL:TODO]", "IN:DELETE_REMINDER]"], "predicted_tokens": ["[IN:DELETE_REMINDER", "[SL:PERSON_REMINDED", "@ptr1", "SL:PERSON_REMINDED]", "[SL:TODO", "@ptr4", "@ptr5", "SL:TODO]", "IN:DELETE_REMINDER]"]}
{"loss": 1.2830703258514404, "class_log_probabilities": [-2.3135929107666016, -2.441176176071167, -2.769068717956543, -2.9212915897369385], "predictions": [49, 34, 397, 35, 36, 75, 6, 401, 7, 78, 37, 16, 402, 403, 17, 50, 4, 4], "target_tokens": ["[IN:CREATE_REMINDER", "[SL:PERSON_REMINDED", "@ptr2", "SL:PERSON_REMINDED]", "[SL:TODO", "[IN:CREATE_CALL", "[SL:CONTACT", "@ptr5", "SL:CONTACT]", "IN:CREATE_CALL]", "SL:TODO]", "[SL:DATE_TIME", "@ptr6", "@ptr7", "@ptr8", "SL:DATE_TIME]", "IN:CREATE_REMINDER]"], "predicted_tokens": ["[IN:CREATE_REMINDER", "[SL:PERSON_REMINDED", "@ptr2", "SL:PERSON_REMINDED]", "[SL:TODO", "[IN:CREATE_CALL", "[SL:CONTACT", "@ptr6", "SL:CONTACT]", "IN:CREATE_CALL]", "SL:TODO]", "[SL:DATE_TIME", "@ptr7", "@ptr8", "SL:DATE_TIME]", "IN:CREATE_REMINDER]"]}
{"loss": 1.154666781425476, "class_log_probabilities": [-2.016261577606201, -2.795428991317749, -2.9015583992004395, -4.128409385681152], "predictions": [49, 34, 396, 35, 16, 398, 399, 17, 50, 4], "target_tokens": ["[IN:UPDATE_REMINDER_DATE_TIME", "[SL:PERSON_REMINDED", "@ptr1", "SL:PERSON_REMINDED]", "[SL:DATE_TIME", "@ptr3", "@ptr4", "SL:DATE_TIME]", "IN:UPDATE_REMINDER_DATE_TIME]"], "predicted_tokens": ["[IN:CREATE_REMINDER", "[SL:PERSON_REMINDED", "@ptr1", "SL:PERSON_REMINDED]", "[SL:DATE_TIME", "@ptr3", "@ptr4", "SL:DATE_TIME]", "IN:CREATE_REMINDER]"]}
{"loss": 1.5318149328231812, "class_log_probabilities": [-2.606560230255127, -4.005428314208984, -4.007622718811035, -4.328195571899414], "predictions": [49, 34, 397, 35, 36, 75, 6, 400, 7, 78, 37, 16, 401, 17, 50, 4, 4, 4, 4, 4, 4], "target_tokens": ["[IN:CREATE_REMINDER", "[SL:PERSON_REMINDED", "@ptr2", "SL:PERSON_REMINDED]", "[SL:TODO", "[IN:CREATE_CALL", "[SL:CONTACT", "[IN:GET_CONTACT", "[SL:TYPE_RELATION", "@ptr5", "SL:TYPE_RELATION]", "IN:GET_CONTACT]", "SL:CONTACT]", "IN:CREATE_CALL]", "SL:TODO]", "[SL:DATE_TIME", "@ptr6", "@ptr7", "SL:DATE_TIME]", "IN:CREATE_REMINDER]"], "predicted_tokens": ["[IN:CREATE_REMINDER", "[SL:PERSON_REMINDED", "@ptr2", "SL:PERSON_REMINDED]", "[SL:TODO", "[IN:CREATE_CALL", "[SL:CONTACT", "@ptr5", "SL:CONTACT]", "IN:CREATE_CALL]", "SL:TODO]", "[SL:DATE_TIME", "@ptr6", "SL:DATE_TIME]", "IN:CREATE_REMINDER]"]}
{"loss": 1.4344536066055298, "class_log_probabilities": [-2.18973445892334, -3.4189348220825195, -3.5219995975494385, -3.780951499938965], "predictions": [49, 34, 397, 35, 36, 399, 400, 401, 402, 37, 16, 404, 406, 17, 50, 4, 4], "target_tokens": ["[IN:CREATE_REMINDER", "[SL:PERSON_REMINDED", "@ptr2", "SL:PERSON_REMINDED]", "[SL:TODO", "@ptr4", "@ptr5", "@ptr6", "@ptr7", "@ptr8", "SL:TODO]", "[SL:DATE_TIME", "@ptr9", "@ptr10", "@ptr11", "@ptr12", "SL:DATE_TIME]", "IN:CREATE_REMINDER]"], "predicted_tokens": ["[IN:CREATE_REMINDER", "[SL:PERSON_REMINDED", "@ptr2", "SL:PERSON_REMINDED]", "[SL:TODO", "@ptr4", "@ptr5", "@ptr6", "@ptr7", "SL:TODO]", "[SL:DATE_TIME", "@ptr9", "@ptr11", "SL:DATE_TIME]", "IN:CREATE_REMINDER]"]}
{"loss": 1.6027534008026123, "class_log_probabilities": [-3.400186061859131, -3.8397297859191895, -11.993927001953125, -25.057430267333984], "predictions": [49, 34, 397, 35, 36, 399, 400, 401, 402, 403, 404, 405, 37, 16, 408, 17, 50, 4, 4, 4, 4, 4, 4, 4, 4, 4, 4, 4, 4, 4, 4, 4, 4, 4, 4, 4, 4, 4, 4, 4, 4, 4, 4, 4, 4, 4, 4, 4, 4, 4, 4, 4, 4, 4, 4, 4, 4, 4, 4], "target_tokens": ["[IN:CREATE_REMINDER", "[SL:PERSON_REMINDED", "@ptr2", "SL:PERSON_REMINDED]", "[SL:TODO", "@ptr4", "@ptr5", "@ptr6", "@ptr7", "@ptr8", "@ptr9", "@ptr10", "SL:TODO]", "[SL:DATE_TIME", "@ptr11", "@ptr12", "@ptr13", "SL:DATE_TIME]", "IN:CREATE_REMINDER]"], "predicted_tokens": ["[IN:CREATE_REMINDER", "[SL:PERSON_REMINDED", "@ptr2", "SL:PERSON_REMINDED]", "[SL:TODO", "@ptr4", "@ptr5", "@ptr6", "@ptr7", "@ptr8", "@ptr9", "@ptr10", "SL:TODO]", "[SL:DATE_TIME", "@ptr13", "SL:DATE_TIME]", "IN:CREATE_REMINDER]"]}
{"loss": 2.5735809803009033, "class_log_probabilities": [-2.982686758041382, -3.534409523010254, -7.188240051269531, -7.314302921295166], "predictions": [47, 34, 397, 35, 120, 398, 121, 34, 399, 35, 48, 4, 4, 4, 4], "target_tokens": ["[IN:GET_REMINDER", "[SL:METHOD_RETRIEVAL_REMINDER", "@ptr0", "SL:METHOD_RETRIEVAL_REMINDER]", "[SL:AMOUNT", "@ptr3", "SL:AMOUNT]", "[SL:PERSON_REMINDED", "@ptr4", "SL:PERSON_REMINDED]", "IN:GET_REMINDER]"], "predicted_tokens": ["[IN:GET_REMINDER", "[SL:PERSON_REMINDED", "@ptr2", "SL:PERSON_REMINDED]", "[SL:AMOUNT", "@ptr3", "SL:AMOUNT]", "[SL:PERSON_REMINDED", "@ptr4", "SL:PERSON_REMINDED]", "IN:GET_REMINDER]"]}
{"loss": 1.2449185848236084, "class_log_probabilities": [-2.4987642765045166, -2.9114434719085693, -3.196972608566284, -4.010262489318848], "predictions": [47, 34, 399, 35, 16, 400, 401, 402, 17, 48, 4], "target_tokens": ["[IN:GET_REMINDER", "[SL:PERSON_REMINDED", "@ptr4", "SL:PERSON_REMINDED]", "[SL:DATE_TIME", "@ptr5", "@ptr6", "SL:DATE_TIME]", "IN:GET_REMINDER]"], "predicted_tokens": ["[IN:GET_REMINDER", "[SL:PERSON_REMINDED", "@ptr4", "SL:PERSON_REMINDED]", "[SL:DATE_TIME", "@ptr5", "@ptr6", "@ptr7", "SL:DATE_TIME]", "IN:GET_REMINDER]"]}
{"loss": 1.3563275337219238, "class_log_probabilities": [-1.1044689416885376, -2.6299898624420166, -4.076205253601074, -4.681174278259277], "predictions": [49, 34, 397, 35, 36, 399, 400, 401, 37, 16, 403, 17, 50, 4, 4], "target_tokens": ["[IN:CREATE_REMINDER", "[SL:PERSON_REMINDED", "@ptr2", "SL:PERSON_REMINDED]", "[SL:TODO", "@ptr3", "@ptr4", "@ptr5", "@ptr6", "SL:TODO]", "[SL:DATE_TIME", "@ptr7", "@ptr8", "SL:DATE_TIME]", "IN:CREATE_REMINDER]"], "predicted_tokens": ["[IN:CREATE_REMINDER", "[SL:PERSON_REMINDED", "@ptr2", "SL:PERSON_REMINDED]", "[SL:TODO", "@ptr4", "@ptr5", "@ptr6", "SL:TODO]", "[SL:DATE_TIME", "@ptr8", "SL:DATE_TIME]", "IN:CREATE_REMINDER]"]}
{"loss": 1.2098013162612915, "class_log_probabilities": [-0.8860223889350891, -2.9671599864959717, -3.46833872795105, -3.8466100692749023], "predictions": [49, 34, 397, 35, 36, 399, 400, 401, 37, 16, 403, 17, 50, 4, 4], "target_tokens": ["[IN:CREATE_REMINDER", "[SL:PERSON_REMINDED", "@ptr2", "SL:PERSON_REMINDED]", "[SL:TODO", "@ptr4", "@ptr5", "@ptr6", "SL:TODO]", "[SL:DATE_TIME", "@ptr7", "SL:DATE_TIME]", "IN:CREATE_REMINDER]"], "predicted_tokens": ["[IN:CREATE_REMINDER", "[SL:PERSON_REMINDED", "@ptr2", "SL:PERSON_REMINDED]", "[SL:TODO", "@ptr4", "@ptr5", "@ptr6", "SL:TODO]", "[SL:DATE_TIME", "@ptr8", "SL:DATE_TIME]", "IN:CREATE_REMINDER]"]}
{"loss": 1.2009984254837036, "class_log_probabilities": [-1.3109296560287476, -3.9779863357543945, -4.931197166442871, -5.058714389801025], "predictions": [49, 34, 395, 35, 36, 398, 399, 400, 401, 37, 50, 4, 4], "target_tokens": ["[IN:CREATE_REMINDER", "[SL:PERSON_REMINDED", "@ptr0", "SL:PERSON_REMINDED]", "[SL:TODO", "@ptr3", "@ptr4", "@ptr5", "SL:TODO]", "IN:CREATE_REMINDER]"], "predicted_tokens": ["[IN:CREATE_REMINDER", "[SL:PERSON_REMINDED", "@ptr0", "SL:PERSON_REMINDED]", "[SL:TODO", "@ptr3", "@ptr4", "@ptr5", "@ptr6", "SL:TODO]", "IN:CREATE_REMINDER]"]}
{"loss": 1.238473892211914, "class_log_probabilities": [-1.2372690439224243, -2.4117085933685303, -3.1458778381347656, -4.237917423248291], "predictions": [49, 34, 397, 35, 36, 399, 400, 401, 402, 37, 16, 403, 17, 50, 4], "target_tokens": ["[IN:CREATE_REMINDER", "[SL:PERSON_REMINDED", "@ptr2", "SL:PERSON_REMINDED]", "[SL:TODO", "@ptr4", "@ptr5", "@ptr6", "SL:TODO]", "[SL:DATE_TIME", "@ptr8", "SL:DATE_TIME]", "IN:CREATE_REMINDER]"], "predicted_tokens": ["[IN:CREATE_REMINDER", "[SL:PERSON_REMINDED", "@ptr2", "SL:PERSON_REMINDED]", "[SL:TODO", "@ptr4", "@ptr5", "@ptr6", "@ptr7", "SL:TODO]", "[SL:DATE_TIME", "@ptr8", "SL:DATE_TIME]", "IN:CREATE_REMINDER]"]}
{"loss": 1.9134671688079834, "class_log_probabilities": [-3.2584445476531982, -3.3088831901550293, -3.680999279022217, -4.28498649597168], "predictions": [49, 36, 399, 400, 401, 402, 403, 37, 16, 404, 406, 17, 50, 4, 4, 4], "target_tokens": ["[IN:CREATE_REMINDER", "[SL:TODO", "@ptr5", "@ptr6", "@ptr7", "@ptr8", "SL:TODO]", "[SL:DATE_TIME", "@ptr9", "@ptr10", "@ptr11", "SL:DATE_TIME]", "IN:CREATE_REMINDER]"], "predicted_tokens": ["[IN:CREATE_REMINDER", "[SL:TODO", "@ptr4", "@ptr5", "@ptr6", "@ptr7", "@ptr8", "SL:TODO]", "[SL:DATE_TIME", "@ptr9", "@ptr11", "SL:DATE_TIME]", "IN:CREATE_REMINDER]"]}
{"loss": 1.560530185699463, "class_log_probabilities": [-1.469719409942627, -1.501672387123108, -4.01555871963501, -4.034723281860352], "predictions": [49, 34, 397, 35, 36, 400, 401, 402, 37, 50, 4, 4, 4, 4, 4], "target_tokens": ["[IN:CREATE_REMINDER", "[SL:PERSON_REMINDED", "@ptr2", "SL:PERSON_REMINDED]", "[SL:TODO", "@ptr4", "@ptr5", "@ptr6", "@ptr7", "@ptr8", "SL:TODO]", "IN:CREATE_REMINDER]"], "predicted_tokens": ["[IN:CREATE_REMINDER", "[SL:PERSON_REMINDED", "@ptr2", "SL:PERSON_REMINDED]", "[SL:TODO", "@ptr5", "@ptr6", "@ptr7", "SL:TODO]", "IN:CREATE_REMINDER]"]}
{"loss": 1.0009539127349854, "class_log_probabilities": [-1.5541826486587524, -3.95613169670105, -5.558347702026367, -5.757873058319092], "predictions": [49, 36, 397, 398, 399, 400, 401, 402, 403, 37, 50, 4, 4, 4, 4], "target_tokens": ["[IN:CREATE_REMINDER", "[SL:TODO", "@ptr2", "@ptr3", "@ptr4", "@ptr5", "@ptr6", "@ptr7", "@ptr8", "SL:TODO]", "IN:CREATE_REMINDER]"], "predicted_tokens": ["[IN:CREATE_REMINDER", "[SL:TODO", "@ptr2", "@ptr3", "@ptr4", "@ptr5", "@ptr6", "@ptr7", "@ptr8", "SL:TODO]", "IN:CREATE_REMINDER]"]}
{"loss": 1.0742824077606201, "class_log_probabilities": [-1.040812611579895, -1.8088630437850952, -5.18245267868042, -5.780618190765381], "predictions": [49, 36, 399, 400, 37, 16, 402, 403, 17, 50, 4, 4], "target_tokens": ["[IN:CREATE_REMINDER", "[SL:TODO", "@ptr4", "@ptr5", "@ptr6", "SL:TODO]", "[SL:DATE_TIME", "@ptr7", "@ptr8", "SL:DATE_TIME]", "IN:CREATE_REMINDER]"], "predicted_tokens": ["[IN:CREATE_REMINDER", "[SL:TODO", "@ptr4", "@ptr5", "SL:TODO]", "[SL:DATE_TIME", "@ptr7", "@ptr8", "SL:DATE_TIME]", "IN:CREATE_REMINDER]"]}
{"loss": 1.3084087371826172, "class_log_probabilities": [-2.445087194442749, -3.202526330947876, -4.125706672668457, -6.533868312835693], "predictions": [33, 34, 400, 35, 34, 401, 35, 38, 4, 4, 4, 4, 4, 4, 4], "target_tokens": ["[IN:DELETE_REMINDER", "[SL:AMOUNT", "@ptr5", "SL:AMOUNT]", "[SL:PERSON_REMINDED", "@ptr6", "SL:PERSON_REMINDED]", "IN:DELETE_REMINDER]"], "predicted_tokens": ["[IN:DELETE_REMINDER", "[SL:PERSON_REMINDED", "@ptr5", "SL:PERSON_REMINDED]", "[SL:PERSON_REMINDED", "@ptr6", "SL:PERSON_REMINDED]", "IN:DELETE_REMINDER]"]}
{"loss": 1.4181071519851685, "class_log_probabilities": [-1.377712368965149, -2.2477633953094482, -2.851996898651123, -3.7241694927215576], "predictions": [49, 34, 397, 35, 36, 399, 400, 401, 402, 403, 37, 16, 407, 17, 50, 4], "target_tokens": ["[IN:CREATE_REMINDER", "[SL:PERSON_REMINDED", "@ptr2", "SL:PERSON_REMINDED]", "[SL:TODO", "@ptr4", "@ptr5", "@ptr6", "@ptr7", "SL:TODO]", "[SL:DATE_TIME", "@ptr8", "SL:DATE_TIME]", "IN:CREATE_REMINDER]"], "predicted_tokens": ["[IN:CREATE_REMINDER", "[SL:PERSON_REMINDED", "@ptr2", "SL:PERSON_REMINDED]", "[SL:TODO", "@ptr4", "@ptr5", "@ptr6", "@ptr7", "@ptr8", "SL:TODO]", "[SL:DATE_TIME", "@ptr12", "SL:DATE_TIME]", "IN:CREATE_REMINDER]"]}
{"loss": 0.9895836114883423, "class_log_probabilities": [-0.8438025712966919, -3.8879363536834717, -4.845329761505127, -5.870131492614746], "predictions": [49, 34, 396, 35, 36, 398, 399, 400, 401, 37, 16, 402, 17, 50, 4, 4, 4], "target_tokens": ["[IN:CREATE_REMINDER", "[SL:PERSON_REMINDED", "@ptr1", "SL:PERSON_REMINDED]", "[SL:TODO", "@ptr3", "@ptr4", "@ptr5", "@ptr6", "SL:TODO]", "[SL:DATE_TIME", "@ptr7", "SL:DATE_TIME]", "IN:CREATE_REMINDER]"], "predicted_tokens": ["[IN:CREATE_REMINDER", "[SL:PERSON_REMINDED", "@ptr1", "SL:PERSON_REMINDED]", "[SL:TODO", "@ptr3", "@ptr4", "@ptr5", "@ptr6", "SL:TODO]", "[SL:DATE_TIME", "@ptr7", "SL:DATE_TIME]", "IN:CREATE_REMINDER]"]}
{"loss": 1.1679562330245972, "class_log_probabilities": [-0.7351539134979248, -2.7677135467529297, -3.3876476287841797, -5.920382976531982], "predictions": [49, 36, 399, 400, 37, 16, 402, 17, 50, 4, 4], "target_tokens": ["[IN:CREATE_REMINDER", "[SL:TODO", "@ptr4", "@ptr5", "@ptr6", "SL:TODO]", "[SL:DATE_TIME", "@ptr7", "SL:DATE_TIME]", "IN:CREATE_REMINDER]"], "predicted_tokens": ["[IN:CREATE_REMINDER", "[SL:TODO", "@ptr4", "@ptr5", "SL:TODO]", "[SL:DATE_TIME", "@ptr7", "SL:DATE_TIME]", "IN:CREATE_REMINDER]"]}
{"loss": 1.2678853273391724, "class_log_probabilities": [-4.743558883666992, -4.8417816162109375, -4.898555278778076, -5.063021183013916], "predictions": [49, 34, 397, 35, 36, 143, 36, 399, 400, 401, 402, 403, 404, 37, 16, 405, 406, 17, 50, 4, 4], "target_tokens": ["[IN:CREATE_REMINDER", "[SL:PERSON_REMINDED", "@ptr2", "SL:PERSON_REMINDED]", "[SL:TODO", "@ptr4", "@ptr5", "@ptr6", "@ptr7", "@ptr8", "@ptr9", "SL:TODO]", "[SL:DATE_TIME", "@ptr10", "@ptr11", "@ptr12", "@ptr13", "@ptr14", "SL:DATE_TIME]", "IN:CREATE_REMINDER]"], "predicted_tokens": ["[IN:CREATE_REMINDER", "[SL:PERSON_REMINDED", "@ptr2", "SL:PERSON_REMINDED]", "[SL:TODO", "[IN:GET_TODO", "[SL:TODO", "@ptr4", "@ptr5", "@ptr6", "@ptr7", "@ptr8", "@ptr9", "SL:TODO]", "[SL:DATE_TIME", "@ptr10", "@ptr11", "SL:DATE_TIME]", "IN:CREATE_REMINDER]"]}
{"loss": 1.1475679874420166, "class_log_probabilities": [-2.3323822021484375, -3.8232223987579346, -4.337640762329102, -4.487305641174316], "predictions": [49, 34, 397, 35, 16, 399, 400, 401, 402, 17, 36, 404, 405, 406, 407, 408, 37, 50, 4, 4], "target_tokens": ["[IN:CREATE_REMINDER", "[SL:PERSON_REMINDED", "@ptr2", "SL:PERSON_REMINDED]", "[SL:DATE_TIME", "@ptr3", "@ptr4", "@ptr5", "@ptr6", "@ptr7", "SL:DATE_TIME]", "[SL:TODO", "@ptr9", "@ptr10", "@ptr11", "@ptr12", "@ptr13", "SL:TODO]", "IN:CREATE_REMINDER]"], "predicted_tokens": ["[IN:CREATE_REMINDER", "[SL:PERSON_REMINDED", "@ptr2", "SL:PERSON_REMINDED]", "[SL:DATE_TIME", "@ptr4", "@ptr5", "@ptr6", "@ptr7", "SL:DATE_TIME]", "[SL:TODO", "@ptr9", "@ptr10", "@ptr11", "@ptr12", "@ptr13", "SL:TODO]", "IN:CREATE_REMINDER]"]}
{"loss": 2.371117353439331, "class_log_probabilities": [-0.6874415278434753, -4.851058006286621, -5.002864360809326, -6.955780982971191], "predictions": [33, 120, 396, 121, 16, 400, 401, 17, 38, 4], "target_tokens": ["[IN:DELETE_REMINDER", "[SL:AMOUNT", "@ptr1", "SL:AMOUNT]", "[SL:DATE_TIME", "@ptr4", "@ptr5", "SL:DATE_TIME]", "IN:DELETE_REMINDER]"], "predicted_tokens": ["[IN:DELETE_REMINDER", "[SL:AMOUNT", "@ptr1", "SL:AMOUNT]", "[SL:DATE_TIME", "@ptr5", "@ptr6", "SL:DATE_TIME]", "IN:DELETE_REMINDER]"]}
{"loss": 1.1781888008117676, "class_log_probabilities": [-2.428617000579834, -2.523066997528076, -2.8519785404205322, -3.593751907348633], "predictions": [47, 120, 397, 121, 120, 397, 121, 16, 401, 402, 403, 17, 48, 4, 4], "target_tokens": ["[IN:GET_REMINDER", "[SL:AMOUNT", "@ptr2", "SL:AMOUNT]", "[SL:DATE_TIME", "@ptr5", "@ptr6", "@ptr7", "@ptr8", "SL:DATE_TIME]", "IN:GET_REMINDER]"], "predicted_tokens": ["[IN:GET_REMINDER", "[SL:AMOUNT", "@ptr2", "SL:AMOUNT]", "[SL:AMOUNT", "@ptr2", "SL:AMOUNT]", "[SL:DATE_TIME", "@ptr6", "@ptr7", "@ptr8", "SL:DATE_TIME]", "IN:GET_REMINDER]"]}
{"loss": 1.0432418584823608, "class_log_probabilities": [-1.794661045074463, -2.479459762573242, -3.7542858123779297, -4.269339561462402], "predictions": [49, 16, 398, 399, 400, 401, 402, 17, 50, 4], "target_tokens": ["[IN:CREATE_REMINDER", "[SL:DATE_TIME", "@ptr3", "@ptr4", "@ptr5", "@ptr6", "@ptr7", "SL:DATE_TIME]", "IN:CREATE_REMINDER]"], "predicted_tokens": ["[IN:CREATE_REMINDER", "[SL:DATE_TIME", "@ptr3", "@ptr4", "@ptr5", "@ptr6", "@ptr7", "SL:DATE_TIME]", "IN:CREATE_REMINDER]"]}
{"loss": 1.4546176195144653, "class_log_probabilities": [-1.4751546382904053, -1.822580337524414, -2.673496961593628, -3.1372454166412354], "predictions": [49, 34, 397, 35, 36, 399, 400, 401, 402, 37, 16, 403, 17, 50, 4], "target_tokens": ["[IN:CREATE_REMINDER", "[SL:PERSON_REMINDED", "@ptr2", "SL:PERSON_REMINDED]", "[SL:TODO", "@ptr4", "@ptr5", "@ptr6", "SL:TODO]", "[SL:DATE_TIME", "@ptr7", "@ptr8", "SL:DATE_TIME]", "IN:CREATE_REMINDER]"], "predicted_tokens": ["[IN:CREATE_REMINDER", "[SL:PERSON_REMINDED", "@ptr2", "SL:PERSON_REMINDED]", "[SL:TODO", "@ptr4", "@ptr5", "@ptr6", "@ptr7", "SL:TODO]", "[SL:DATE_TIME", "@ptr8", "SL:DATE_TIME]", "IN:CREATE_REMINDER]"]}
{"loss": 0.9849417209625244, "class_log_probabilities": [-0.5962017774581909, -4.262890338897705, -4.80865478515625, -6.809362411499023], "predictions": [49, 34, 397, 35, 36, 399, 400, 401, 37, 50, 4, 4, 4, 4], "target_tokens": ["[IN:CREATE_REMINDER", "[SL:PERSON_REMINDED", "@ptr2", "SL:PERSON_REMINDED]", "[SL:TODO", "@ptr4", "@ptr5", "@ptr6", "SL:TODO]", "IN:CREATE_REMINDER]"], "predicted_tokens": ["[IN:CREATE_REMINDER", "[SL:PERSON_REMINDED", "@ptr2", "SL:PERSON_REMINDED]", "[SL:TODO", "@ptr4", "@ptr5", "@ptr6", "SL:TODO]", "IN:CREATE_REMINDER]"]}
{"loss": 1.0129026174545288, "class_log_probabilities": [-1.3473594188690186, -2.2484190464019775, -3.2694251537323, -4.995002269744873], "predictions": [49, 34, 397, 35, 36, 399, 400, 401, 402, 403, 37, 16, 404, 405, 17, 50, 4], "target_tokens": ["[IN:CREATE_REMINDER", "[SL:PERSON_REMINDED", "@ptr2", "SL:PERSON_REMINDED]", "[SL:TODO", "@ptr4", "@ptr5", "@ptr6", "@ptr7", "@ptr8", "SL:TODO]", "[SL:DATE_TIME", "@ptr9", "@ptr10", "SL:DATE_TIME]", "IN:CREATE_REMINDER]"], "predicted_tokens": ["[IN:CREATE_REMINDER", "[SL:PERSON_REMINDED", "@ptr2", "SL:PERSON_REMINDED]", "[SL:TODO", "@ptr4", "@ptr5", "@ptr6", "@ptr7", "@ptr8", "SL:TODO]", "[SL:DATE_TIME", "@ptr9", "@ptr10", "SL:DATE_TIME]", "IN:CREATE_REMINDER]"]}
{"loss": 2.696078062057495, "class_log_probabilities": [-4.207881450653076, -4.459346771240234, -5.306790828704834, -7.622742652893066], "predictions": [13, 36, 400, 401, 402, 403, 404, 405, 406, 407, 17, 18, 4, 4, 4], "target_tokens": ["[IN:UPDATE_REMINDER_DATE_TIME", "[SL:TODO", "@ptr9", "@ptr10", "@ptr11", "SL:TODO]", "[SL:DATE_TIME", "@ptr12", "@ptr13", "SL:DATE_TIME]", "[SL:DATE_TIME", "@ptr14", "@ptr15", "SL:DATE_TIME]", "IN:UPDATE_REMINDER_DATE_TIME]"], "predicted_tokens": ["[IN:GET_WEATHER", "[SL:TODO", "@ptr5", "@ptr6", "@ptr7", "@ptr8", "@ptr9", "@ptr10", "@ptr11", "@ptr12", "SL:DATE_TIME]", "IN:GET_WEATHER]"]}
{"loss": 2.6471993923187256, "class_log_probabilities": [-4.497066020965576, -4.977828502655029, -6.40438985824585, -6.593755722045898], "predictions": [49, 36, 399, 37, 16, 401, 402, 17, 50, 4, 4], "target_tokens": ["[IN:CREATE_REMINDER", "[SL:PERSON_REMINDED", "@ptr4", "SL:PERSON_REMINDED]", "[SL:TODO", "@ptr5", "@ptr6", "@ptr7", "@ptr8", "SL:TODO]", "IN:CREATE_REMINDER]"], "predicted_tokens": ["[IN:CREATE_REMINDER", "[SL:TODO", "@ptr4", "SL:TODO]", "[SL:DATE_TIME", "@ptr6", "@ptr7", "SL:DATE_TIME]", "IN:CREATE_REMINDER]"]}
{"loss": 1.0069224834442139, "class_log_probabilities": [-1.0386569499969482, -1.6800585985183716, -5.610583305358887, -5.648434638977051], "predictions": [33, 16, 398, 399, 400, 17, 38, 4], "target_tokens": ["[IN:DELETE_REMINDER", "[SL:DATE_TIME", "@ptr3", "@ptr4", "@ptr5", "SL:DATE_TIME]", "IN:DELETE_REMINDER]"], "predicted_tokens": ["[IN:DELETE_REMINDER", "[SL:DATE_TIME", "@ptr3", "@ptr4", "@ptr5", "SL:DATE_TIME]", "IN:DELETE_REMINDER]"]}
{"loss": 1.1321511268615723, "class_log_probabilities": [-1.0639907121658325, -2.765523910522461, -3.522519826889038, -4.6082763671875], "predictions": [49, 34, 397, 35, 36, 398, 399, 400, 37, 16, 402, 403, 17, 50, 4, 4], "target_tokens": ["[IN:CREATE_REMINDER", "[SL:PERSON_REMINDED", "@ptr2", "SL:PERSON_REMINDED]", "[SL:TODO", "@ptr3", "@ptr4", "@ptr5", "@ptr6", "SL:TODO]", "[SL:DATE_TIME", "@ptr7", "@ptr8", "SL:DATE_TIME]", "IN:CREATE_REMINDER]"], "predicted_tokens": ["[IN:CREATE_REMINDER", "[SL:PERSON_REMINDED", "@ptr2", "SL:PERSON_REMINDED]", "[SL:TODO", "@ptr3", "@ptr4", "@ptr5", "SL:TODO]", "[SL:DATE_TIME", "@ptr7", "@ptr8", "SL:DATE_TIME]", "IN:CREATE_REMINDER]"]}
{"loss": 0.9977954626083374, "class_log_probabilities": [-0.8449795842170715, -2.2466344833374023, -5.6910529136657715, -6.213295936584473], "predictions": [49, 34, 397, 35, 36, 399, 400, 401, 37, 50, 4], "target_tokens": ["[IN:CREATE_REMINDER", "[SL:PERSON_REMINDED", "@ptr2", "SL:PERSON_REMINDED]", "[SL:TODO", "@ptr4", "@ptr5", "@ptr6", "SL:TODO]", "IN:CREATE_REMINDER]"], "predicted_tokens": ["[IN:CREATE_REMINDER", "[SL:PERSON_REMINDED", "@ptr2", "SL:PERSON_REMINDED]", "[SL:TODO", "@ptr4", "@ptr5", "@ptr6", "SL:TODO]", "IN:CREATE_REMINDER]"]}
{"loss": 1.829514503479004, "class_log_probabilities": [-0.7968358993530273, -4.779207706451416, -5.0546159744262695, -6.40562105178833], "predictions": [47, 34, 400, 35, 16, 403, 404, 405, 406, 17, 48, 4, 4, 4, 4], "target_tokens": ["[IN:GET_REMINDER", "[SL:METHOD_RETRIEVAL_REMINDER", "@ptr4", "SL:METHOD_RETRIEVAL_REMINDER]", "[SL:PERSON_REMINDED", "@ptr5", "SL:PERSON_REMINDED]", "[SL:DATE_TIME", "@ptr7", "@ptr8", "@ptr9", "@ptr10", "@ptr11", "SL:DATE_TIME]", "IN:GET_REMINDER]"], "predicted_tokens": ["[IN:GET_REMINDER", "[SL:PERSON_REMINDED", "@ptr5", "SL:PERSON_REMINDED]", "[SL:DATE_TIME", "@ptr8", "@ptr9", "@ptr10", "@ptr11", "SL:DATE_TIME]", "IN:GET_REMINDER]"]}
{"loss": 2.3628859519958496, "class_log_probabilities": [-3.0297183990478516, -4.684408187866211, -5.299397945404053, -5.309260845184326], "predictions": [111, 34, 397, 35, 16, 400, 401, 402, 403, 17, 112, 4, 4, 4, 4], "target_tokens": ["[IN:UPDATE_REMINDER_DATE_TIME", "[SL:PERSON_REMINDED", "@ptr2", "SL:PERSON_REMINDED]", "[SL:TODO", "@ptr4", "SL:TODO]", "[SL:DATE_TIME", "@ptr5", "@ptr6", "SL:DATE_TIME]", "[SL:DATE_TIME", "@ptr7", "@ptr8", "SL:DATE_TIME]", "IN:UPDATE_REMINDER_DATE_TIME]"], "predicted_tokens": ["[IN:UPDATE_REMINDER_DATE_TIME", "[SL:PERSON_REMINDED", "@ptr2", "SL:PERSON_REMINDED]", "[SL:DATE_TIME", "@ptr5", "@ptr6", "@ptr7", "@ptr8", "SL:DATE_TIME]", "IN:UPDATE_REMINDER_DATE_TIME]"]}
{"loss": 2.649966239929199, "class_log_probabilities": [-5.110735893249512, -6.264190673828125, -6.784134864807129, -6.970302581787109], "predictions": [47, 120, 400, 121, 34, 401, 35, 36, 404, 37, 48, 4, 4, 4, 4, 4], "target_tokens": ["[IN:GET_REMINDER", "[SL:METHOD_RETRIEVAL_REMINDER", "@ptr4", "SL:METHOD_RETRIEVAL_REMINDER]", "[SL:AMOUNT", "@ptr5", "SL:AMOUNT]", "[SL:PERSON_REMINDED", "@ptr6", "SL:PERSON_REMINDED]", "[SL:TODO", "[IN:GET_TODO", "[SL:ATTENDEE", "@ptr9", "SL:ATTENDEE]", "IN:GET_TODO]", "SL:TODO]", "IN:GET_REMINDER]"], "predicted_tokens": ["[IN:GET_REMINDER", "[SL:AMOUNT", "@ptr5", "SL:AMOUNT]", "[SL:PERSON_REMINDED", "@ptr6", "SL:PERSON_REMINDED]", "[SL:TODO", "@ptr9", "SL:TODO]", "IN:GET_REMINDER]"]}
{"loss": 1.112093448638916, "class_log_probabilities": [-1.9759269952774048, -2.430989980697632, -2.777111768722534, -5.319268226623535], "predictions": [47, 34, 397, 35, 16, 402, 403, 404, 17, 48, 4, 4], "target_tokens": ["[IN:GET_REMINDER", "[SL:PERSON_REMINDED", "@ptr2", "SL:PERSON_REMINDED]", "[SL:DATE_TIME", "@ptr6", "@ptr7", "@ptr8", "@ptr9", "SL:DATE_TIME]", "IN:GET_REMINDER]"], "predicted_tokens": ["[IN:GET_REMINDER", "[SL:PERSON_REMINDED", "@ptr2", "SL:PERSON_REMINDED]", "[SL:DATE_TIME", "@ptr7", "@ptr8", "@ptr9", "SL:DATE_TIME]", "IN:GET_REMINDER]"]}
{"loss": 2.2029428482055664, "class_log_probabilities": [-3.0837388038635254, -28.631486892700195, -29.149112701416016, -29.91384506225586], "predictions": [49, 34, 398, 35, 36, 401, 402, 403, 404, 405, 406, 407, 37, 16, 408, 17, 50, 4, 4, 4, 4, 4, 4, 4, 4, 4, 4, 4, 4, 4, 4, 4, 4, 4, 4, 4, 4, 4, 4, 4, 4, 4, 4, 4, 4, 4, 4, 4, 4, 4, 4, 4, 4, 4, 4, 4, 4, 4, 4, 4, 4, 4, 4, 4, 4, 4, 4, 4, 4, 4, 4, 4, 4, 4, 4, 4, 4, 4, 4, 4, 4, 4, 4, 4, 4, 4, 4, 4, 4, 4, 4, 4, 4, 4, 4, 4, 4, 4, 4, 4], "target_tokens": ["[IN:CREATE_REMINDER", "[SL:PERSON_REMINDED", "@ptr3", "SL:PERSON_REMINDED]", "[SL:TODO", "@ptr7", "@ptr8", "@ptr9", "@ptr10", "@ptr11", "SL:TODO]", "[SL:DATE_TIME", "@ptr12", "@ptr13", "@ptr14", "SL:DATE_TIME]", "IN:CREATE_REMINDER]"], "predicted_tokens": ["[IN:CREATE_REMINDER", "[SL:PERSON_REMINDED", "@ptr3", "SL:PERSON_REMINDED]", "[SL:TODO", "@ptr6", "@ptr7", "@ptr8", "@ptr9", "@ptr10", "@ptr11", "@ptr12", "SL:TODO]", "[SL:DATE_TIME", "@ptr13", "SL:DATE_TIME]", "IN:CREATE_REMINDER]"]}
{"loss": 2.3648245334625244, "class_log_probabilities": [-2.467928886413574, -4.082486152648926, -4.327874183654785, -4.465053558349609], "predictions": [33, 36, 399, 400, 401, 402, 403, 404, 405, 37, 38, 4, 4, 4, 4, 4, 4], "target_tokens": ["[IN:DELETE_REMINDER", "[SL:PERSON_REMINDED", "@ptr4", "SL:PERSON_REMINDED]", "[SL:TODO", "@ptr5", "@ptr6", "@ptr7", "@ptr8", "@ptr9", "SL:TODO]", "[SL:DATE_TIME", "@ptr13", "@ptr14", "SL:DATE_TIME]", "IN:DELETE_REMINDER]"], "predicted_tokens": ["[IN:DELETE_REMINDER", "[SL:TODO", "@ptr4", "@ptr5", "@ptr6", "@ptr7", "@ptr8", "@ptr9", "@ptr10", "SL:TODO]", "IN:DELETE_REMINDER]"]}
{"loss": 0.9871813058853149, "class_log_probabilities": [-0.37843194603919983, -4.133128643035889, -4.3806915283203125, -6.422616958618164], "predictions": [47, 16, 403, 404, 17, 48, 4, 4], "target_tokens": ["[IN:GET_REMINDER", "[SL:DATE_TIME", "@ptr8", "@ptr9", "SL:DATE_TIME]", "IN:GET_REMINDER]"], "predicted_tokens": ["[IN:GET_REMINDER", "[SL:DATE_TIME", "@ptr8", "@ptr9", "SL:DATE_TIME]", "IN:GET_REMINDER]"]}
{"loss": 2.0528182983398438, "class_log_probabilities": [-2.639953374862671, -3.869542121887207, -4.618546009063721, -4.948341369628906], "predictions": [33, 34, 400, 35, 36, 403, 404, 405, 37, 16, 406, 17, 38, 4, 4, 4, 4], "target_tokens": ["[IN:DELETE_REMINDER", "[SL:PERSON_REMINDED", "@ptr4", "SL:PERSON_REMINDED]", "[SL:TODO", "@ptr7", "@ptr8", "@ptr9", "SL:TODO]", "[SL:DATE_TIME", "@ptr10", "@ptr11", "SL:DATE_TIME]", "IN:DELETE_REMINDER]"], "predicted_tokens": ["[IN:DELETE_REMINDER", "[SL:PERSON_REMINDED", "@ptr5", "SL:PERSON_REMINDED]", "[SL:TODO", "@ptr8", "@ptr9", "@ptr10", "SL:TODO]", "[SL:DATE_TIME", "@ptr11", "SL:DATE_TIME]", "IN:DELETE_REMINDER]"]}
{"loss": 0.9932148456573486, "class_log_probabilities": [-0.870755672454834, -2.3307507038116455, -5.4272780418396, -5.848368167877197], "predictions": [49, 34, 397, 35, 36, 399, 400, 401, 37, 50, 4], "target_tokens": ["[IN:CREATE_REMINDER", "[SL:PERSON_REMINDED", "@ptr2", "SL:PERSON_REMINDED]", "[SL:TODO", "@ptr4", "@ptr5", "@ptr6", "SL:TODO]", "IN:CREATE_REMINDER]"], "predicted_tokens": ["[IN:CREATE_REMINDER", "[SL:PERSON_REMINDED", "@ptr2", "SL:PERSON_REMINDED]", "[SL:TODO", "@ptr4", "@ptr5", "@ptr6", "SL:TODO]", "IN:CREATE_REMINDER]"]}
{"loss": 1.4505884647369385, "class_log_probabilities": [-26.014192581176758, -28.40964126586914, -29.098255157470703, -29.19876480102539], "predictions": [47, 34, 399, 35, 36, 143, 16, 408, 408, 408, 408, 408, 408, 408, 408, 408, 408, 408, 408, 408, 408, 408, 408, 408, 408, 408, 408, 408, 408, 408, 408, 408, 408, 408, 408, 408, 408, 408, 408, 408, 408, 408, 408, 408, 408, 408, 408, 408, 408, 408, 408, 408, 408, 408, 408, 408, 408, 408, 408, 408, 408, 408, 408, 408, 408, 408, 408, 408, 408, 408, 408, 408, 408, 408, 408, 408, 408, 408, 408, 408, 408, 408, 408, 408, 408, 408, 408, 408, 408, 408, 408, 408, 408, 408, 408, 408, 408, 408, 408, 408], "target_tokens": ["[IN:GET_REMINDER", "[SL:PERSON_REMINDED", "@ptr4", "SL:PERSON_REMINDED]", "[SL:TODO", "@ptr7", "@ptr8", "@ptr9", "@ptr10", "@ptr11", "@ptr12", "SL:TODO]", "[SL:DATE_TIME", "@ptr13", "@ptr14", "@ptr15", "@ptr16", "SL:DATE_TIME]", "IN:GET_REMINDER]"], "predicted_tokens": ["[IN:GET_REMINDER", "[SL:PERSON_REMINDED", "@ptr4", "SL:PERSON_REMINDED]", "[SL:TODO", "[IN:GET_TODO", "[SL:DATE_TIME", "@ptr13", "@ptr13", "@ptr13", "@ptr13", "@ptr13", "@ptr13", "@ptr13", "@ptr13", "@ptr13", "@ptr13", "@ptr13", "@ptr13", "@ptr13", "@ptr13", "@ptr13", "@ptr13", "@ptr13", "@ptr13", "@ptr13", "@ptr13", "@ptr13", "@ptr13", "@ptr13", "@ptr13", "@ptr13", "@ptr13", "@ptr13", "@ptr13", "@ptr13", "@ptr13", "@ptr13", "@ptr13", "@ptr13", "@ptr13", "@ptr13", "@ptr13", "@ptr13", "@ptr13", "@ptr13", "@ptr13", "@ptr13", "@ptr13", "@ptr13", "@ptr13", "@ptr13", "@ptr13", "@ptr13", "@ptr13", "@ptr13", "@ptr13", "@ptr13", "@ptr13", "@ptr13", "@ptr13", "@ptr13", "@ptr13", "@ptr13", "@ptr13", "@ptr13", "@ptr13", "@ptr13", "@ptr13", "@ptr13", "@ptr13", "@ptr13", "@ptr13", "@ptr13", "@ptr13", "@ptr13", "@ptr13", "@ptr13", "@ptr13", "@ptr13", "@ptr13", "@ptr13", "@ptr13", "@ptr13", "@ptr13", "@ptr13", "@ptr13", "@ptr13", "@ptr13", "@ptr13", "@ptr13", "@ptr13", "@ptr13", "@ptr13", "@ptr13", "@ptr13", "@ptr13", "@ptr13", "@ptr13", "@ptr13"]}
{"loss": 1.8119155168533325, "class_log_probabilities": [-3.920386791229248, -4.673264503479004, -5.126535415649414, -5.88615608215332], "predictions": [47, 36, 397, 398, 37, 36, 399, 400, 37, 48, 4], "target_tokens": ["[IN:GET_REMINDER", "[SL:TODO", "@ptr2", "@ptr3", "@ptr4", "@ptr5", "SL:TODO]", "IN:GET_REMINDER]"], "predicted_tokens": ["[IN:GET_REMINDER", "[SL:TODO", "@ptr2", "@ptr3", "SL:TODO]", "[SL:TODO", "@ptr4", "@ptr5", "SL:TODO]", "IN:GET_REMINDER]"]}
{"loss": 1.6266978979110718, "class_log_probabilities": [-0.9766222238540649, -2.968320608139038, -4.129172325134277, -4.722009181976318], "predictions": [33, 120, 396, 121, 16, 401, 402, 17, 38, 4, 4], "target_tokens": ["[IN:DELETE_REMINDER", "[SL:AMOUNT", "@ptr1", "SL:AMOUNT]", "[SL:DATE_TIME", "@ptr5", "@ptr6", "SL:DATE_TIME]", "IN:DELETE_REMINDER]"], "predicted_tokens": ["[IN:DELETE_REMINDER", "[SL:AMOUNT", "@ptr1", "SL:AMOUNT]", "[SL:DATE_TIME", "@ptr6", "@ptr7", "SL:DATE_TIME]", "IN:DELETE_REMINDER]"]}
{"loss": 1.5617759227752686, "class_log_probabilities": [-3.624858856201172, -7.759490489959717, -19.230981826782227, -19.649091720581055], "predictions": [49, 34, 397, 35, 36, 399, 400, 401, 402, 403, 404, 405, 407, 37, 16, 410, 17, 50, 4, 4, 4, 4, 4, 4, 4, 4, 4, 4, 4, 4, 4, 4, 4, 4, 4, 4, 4, 4, 4, 4, 4, 4, 4, 4, 4, 4, 4, 4, 4, 4, 4, 4, 4, 4, 4, 4, 4, 4, 4, 4, 4, 4, 4, 4, 4, 4, 4, 4, 4, 4, 4, 4, 4, 4, 4, 4, 4, 4, 4, 4, 4, 4, 4, 4, 4, 4, 4, 4, 4, 4, 4, 4, 4, 4, 4, 4, 4, 4, 4, 4], "target_tokens": ["[IN:CREATE_REMINDER", "[SL:PERSON_REMINDED", "@ptr2", "SL:PERSON_REMINDED]", "[SL:TODO", "@ptr4", "@ptr5", "@ptr6", "@ptr7", "@ptr8", "@ptr9", "@ptr10", "@ptr11", "SL:TODO]", "[SL:DATE_TIME", "@ptr12", "@ptr13", "@ptr14", "SL:DATE_TIME]", "IN:CREATE_REMINDER]"], "predicted_tokens": ["[IN:CREATE_REMINDER", "[SL:PERSON_REMINDED", "@ptr2", "SL:PERSON_REMINDED]", "[SL:TODO", "@ptr4", "@ptr5", "@ptr6", "@ptr7", "@ptr8", "@ptr9", "@ptr10", "@ptr12", "SL:TODO]", "[SL:DATE_TIME", "@ptr15", "SL:DATE_TIME]", "IN:CREATE_REMINDER]"]}
{"loss": 1.0276702642440796, "class_log_probabilities": [-1.32524836063385, -3.7363321781158447, -4.663479328155518, -5.048871040344238], "predictions": [293, 34, 400, 35, 16, 401, 402, 17, 294, 4, 4], "target_tokens": ["[IN:GET_REMINDER_AMOUNT", "[SL:PERSON_REMINDED", "@ptr5", "SL:PERSON_REMINDED]", "[SL:DATE_TIME", "@ptr6", "@ptr7", "SL:DATE_TIME]", "IN:GET_REMINDER_AMOUNT]"], "predicted_tokens": ["[IN:GET_REMINDER_AMOUNT", "[SL:PERSON_REMINDED", "@ptr5", "SL:PERSON_REMINDED]", "[SL:DATE_TIME", "@ptr6", "@ptr7", "SL:DATE_TIME]", "IN:GET_REMINDER_AMOUNT]"]}
{"loss": 2.0528724193573, "class_log_probabilities": [-4.007235527038574, -4.770530700683594, -5.112152099609375, -5.251711368560791], "predictions": [163, 34, 396, 35, 36, 400, 401, 402, 403, 404, 405, 37, 16, 404, 405, 406, 17, 164, 4, 4], "target_tokens": ["[IN:UPDATE_REMINDER", "[SL:PERSON_REMINDED", "@ptr1", "SL:PERSON_REMINDED]", "[SL:TODO", "@ptr6", "@ptr7", "@ptr8", "SL:TODO]", "[SL:DATE_TIME", "@ptr9", "@ptr10", "@ptr11", "@ptr12", "SL:DATE_TIME]", "IN:UPDATE_REMINDER]"], "predicted_tokens": ["[IN:UPDATE_REMINDER_TODO", "[SL:PERSON_REMINDED", "@ptr1", "SL:PERSON_REMINDED]", "[SL:TODO", "@ptr5", "@ptr6", "@ptr7", "@ptr8", "@ptr9", "@ptr10", "SL:TODO]", "[SL:DATE_TIME", "@ptr9", "@ptr10", "@ptr11", "SL:DATE_TIME]", "IN:UPDATE_REMINDER_TODO]"]}
{"loss": 1.5286431312561035, "class_log_probabilities": [-3.8191030025482178, -6.61830472946167, -8.057570457458496, -23.68289566040039], "predictions": [49, 34, 398, 35, 36, 401, 402, 403, 37, 16, 405, 407, 17, 50, 4, 4, 4, 4, 4, 4, 4, 4, 4, 4, 4, 4, 4, 4, 4, 4, 4, 4, 4, 4, 4, 4, 4, 4, 4, 4, 4, 4, 4, 4, 4, 4, 4, 4, 4, 4, 4, 4, 4, 4, 4, 4, 4, 4, 4, 4, 4, 4, 4, 4, 4, 4, 4, 4, 4, 4, 4, 4, 4, 4, 4, 4, 4, 4, 4, 4, 4, 4, 4, 4, 4, 4, 4, 4, 4, 4, 4, 4, 4, 4, 4, 4, 4, 4, 4, 4], "target_tokens": ["[IN:CREATE_REMINDER", "[SL:PERSON_REMINDED", "@ptr3", "SL:PERSON_REMINDED]", "[SL:TODO", "@ptr6", "@ptr7", "@ptr8", "SL:TODO]", "[SL:DATE_TIME", "@ptr9", "@ptr10", "@ptr11", "SL:DATE_TIME]", "IN:CREATE_REMINDER]"], "predicted_tokens": ["[IN:CREATE_REMINDER", "[SL:PERSON_REMINDED", "@ptr3", "SL:PERSON_REMINDED]", "[SL:TODO", "@ptr6", "@ptr7", "@ptr8", "SL:TODO]", "[SL:DATE_TIME", "@ptr10", "@ptr12", "SL:DATE_TIME]", "IN:CREATE_REMINDER]"]}
{"loss": 1.8640512228012085, "class_log_probabilities": [-4.054626941680908, -4.1507744789123535, -5.055896759033203, -5.228326797485352], "predictions": [47, 34, 397, 35, 120, 398, 121, 36, 405, 406, 408, 37, 48, 4, 4, 4, 4], "target_tokens": ["[IN:GET_REMINDER", "[SL:METHOD_RETRIEVAL_REMINDER", "@ptr0", "SL:METHOD_RETRIEVAL_REMINDER]", "[SL:AMOUNT", "@ptr3", "SL:AMOUNT]", "[SL:PERSON_REMINDED", "@ptr7", "SL:PERSON_REMINDED]", "[SL:TODO", "@ptr10", "@ptr11", "@ptr12", "@ptr13", "SL:TODO]", "IN:GET_REMINDER]"], "predicted_tokens": ["[IN:GET_REMINDER", "[SL:PERSON_REMINDED", "@ptr2", "SL:PERSON_REMINDED]", "[SL:AMOUNT", "@ptr3", "SL:AMOUNT]", "[SL:TODO", "@ptr10", "@ptr11", "@ptr13", "SL:TODO]", "IN:GET_REMINDER]"]}
{"loss": 3.7331466674804688, "class_log_probabilities": [-2.061666965484619, -2.8496384620666504, -3.852689743041992, -5.107947826385498], "predictions": [331, 332, 4, 4, 4, 4, 4, 4, 4], "target_tokens": ["[IN:UPDATE_REMINDER_DATE_TIME", "[SL:PERSON_REMINDED", "@ptr6", "@ptr7", "@ptr8", "SL:PERSON_REMINDED]", "[SL:DATE_TIME", "@ptr9", "@ptr10", "SL:DATE_TIME]", "[SL:DATE_TIME", "@ptr11", "@ptr12", "SL:DATE_TIME]", "IN:UPDATE_REMINDER_DATE_TIME]"], "predicted_tokens": ["[IN:UPDATE_REMINDER", "IN:UPDATE_REMINDER]"]}
{"loss": 2.251425266265869, "class_log_probabilities": [-1.1940714120864868, -3.9511730670928955, -4.178008079528809, -4.4217143058776855], "predictions": [111, 36, 399, 37, 16, 401, 402, 17, 112, 4, 4, 4, 4, 4], "target_tokens": ["[IN:UPDATE_REMINDER_DATE_TIME", "[SL:TODO", "@ptr4", "SL:TODO]", "[SL:DATE_TIME", "@ptr7", "SL:DATE_TIME]", "[SL:DATE_TIME", "@ptr11", "SL:DATE_TIME]", "IN:UPDATE_REMINDER_DATE_TIME]"], "predicted_tokens": ["[IN:UPDATE_REMINDER_DATE_TIME", "[SL:TODO", "@ptr4", "SL:TODO]", "[SL:DATE_TIME", "@ptr6", "@ptr7", "SL:DATE_TIME]", "IN:UPDATE_REMINDER_DATE_TIME]"]}
{"loss": 2.196816921234131, "class_log_probabilities": [-4.270359039306641, -4.46570348739624, -4.921371936798096, -6.389464378356934], "predictions": [13, 16, 403, 404, 405, 406, 407, 408, 17, 18, 4, 4], "target_tokens": ["[IN:UPDATE_REMINDER_DATE_TIME", "[SL:DATE_TIME", "@ptr8", "@ptr9", "@ptr10", "@ptr11", "SL:DATE_TIME]", "[SL:DATE_TIME", "@ptr12", "@ptr13", "SL:DATE_TIME]", "IN:UPDATE_REMINDER_DATE_TIME]"], "predicted_tokens": ["[IN:GET_WEATHER", "[SL:DATE_TIME", "@ptr8", "@ptr9", "@ptr10", "@ptr11", "@ptr12", "@ptr13", "SL:DATE_TIME]", "IN:GET_WEATHER]"]}
{"loss": 2.8838438987731934, "class_log_probabilities": [-0.39522770047187805, -4.927388668060303, -6.69623327255249, -8.07544994354248], "predictions": [47, 34, 396, 35, 48, 4, 4, 4, 4], "target_tokens": ["[IN:GET_REMINDER", "[SL:PERSON_REMINDED", "@ptr1", "SL:PERSON_REMINDED]", "[SL:TODO", "@ptr2", "@ptr3", "@ptr4", "SL:TODO]", "IN:GET_REMINDER]"], "predicted_tokens": ["[IN:GET_REMINDER", "[SL:PERSON_REMINDED", "@ptr1", "SL:PERSON_REMINDED]", "IN:GET_REMINDER]"]}
{"loss": 1.3676553964614868, "class_log_probabilities": [-1.072121500968933, -2.1021039485931396, -3.220813035964966, -4.2318196296691895], "predictions": [293, 34, 401, 35, 36, 403, 37, 294, 4], "target_tokens": ["[IN:GET_REMINDER_AMOUNT", "[SL:PERSON_REMINDED", "@ptr5", "SL:PERSON_REMINDED]", "[SL:TODO", "@ptr7", "SL:TODO]", "IN:GET_REMINDER_AMOUNT]"], "predicted_tokens": ["[IN:GET_REMINDER_AMOUNT", "[SL:PERSON_REMINDED", "@ptr6", "SL:PERSON_REMINDED]", "[SL:TODO", "@ptr8", "SL:TODO]", "IN:GET_REMINDER_AMOUNT]"]}
{"loss": 1.1272629499435425, "class_log_probabilities": [-1.6935746669769287, -2.5796170234680176, -2.7848575115203857, -4.420800685882568], "predictions": [47, 34, 398, 35, 16, 400, 401, 402, 17, 48, 4, 4], "target_tokens": ["[IN:GET_REMINDER", "[SL:PERSON_REMINDED", "@ptr4", "SL:PERSON_REMINDED]", "[SL:DATE_TIME", "@ptr5", "@ptr6", "@ptr7", "SL:DATE_TIME]", "IN:GET_REMINDER]"], "predicted_tokens": ["[IN:GET_REMINDER", "[SL:PERSON_REMINDED", "@ptr3", "SL:PERSON_REMINDED]", "[SL:DATE_TIME", "@ptr5", "@ptr6", "@ptr7", "SL:DATE_TIME]", "IN:GET_REMINDER]"]}
{"loss": 1.0208722352981567, "class_log_probabilities": [-1.5255228281021118, -3.512815237045288, -3.584139823913574, -3.7593441009521484], "predictions": [49, 34, 397, 35, 36, 399, 400, 401, 402, 403, 37, 16, 404, 405, 17, 50, 4, 4], "target_tokens": ["[IN:CREATE_REMINDER", "[SL:PERSON_REMINDED", "@ptr2", "SL:PERSON_REMINDED]", "[SL:TODO", "@ptr4", "@ptr5", "@ptr6", "@ptr7", "@ptr8", "SL:TODO]", "[SL:DATE_TIME", "@ptr9", "@ptr10", "SL:DATE_TIME]", "IN:CREATE_REMINDER]"], "predicted_tokens": ["[IN:CREATE_REMINDER", "[SL:PERSON_REMINDED", "@ptr2", "SL:PERSON_REMINDED]", "[SL:TODO", "@ptr4", "@ptr5", "@ptr6", "@ptr7", "@ptr8", "SL:TODO]", "[SL:DATE_TIME", "@ptr9", "@ptr10", "SL:DATE_TIME]", "IN:CREATE_REMINDER]"]}
{"loss": 2.249784469604492, "class_log_probabilities": [-5.423792839050293, -7.612268924713135, -8.607283592224121, -47.04832458496094], "predictions": [331, 36, 398, 399, 37, 16, 400, 401, 402, 17, 36, 405, 406, 408, 37, 332, 4, 4, 4, 4, 4, 4, 4, 4, 4, 4, 4, 4, 4, 4, 4, 4, 4, 4, 4, 4, 4, 4, 4, 4, 4, 4, 4, 4, 4, 4, 4, 4, 4, 4, 4, 4, 4, 4, 4, 4, 4, 4, 4, 4, 4, 4, 4, 4, 4, 4, 4, 4, 4, 4, 4, 4, 4, 4, 4, 4, 4, 4, 4, 4, 4, 4, 4, 4, 4, 4, 4, 4, 4, 4, 4, 4, 4, 4, 4, 4, 4, 4, 4, 4], "target_tokens": ["[IN:UPDATE_REMINDER_TODO", "[SL:DATE_TIME", "@ptr5", "@ptr6", "SL:DATE_TIME]", "[SL:TODO", "@ptr4", "SL:TODO]", "[SL:TODO", "@ptr10", "@ptr11", "@ptr12", "@ptr13", "SL:TODO]", "IN:UPDATE_REMINDER_TODO]"], "predicted_tokens": ["[IN:UPDATE_REMINDER", "[SL:TODO", "@ptr3", "@ptr4", "SL:TODO]", "[SL:DATE_TIME", "@ptr5", "@ptr6", "@ptr7", "SL:DATE_TIME]", "[SL:TODO", "@ptr10", "@ptr11", "@ptr13", "SL:TODO]", "IN:UPDATE_REMINDER]"]}
{"loss": 1.199601650238037, "class_log_probabilities": [-3.091590404510498, -3.253208875656128, -3.5963943004608154, -4.721729278564453], "predictions": [49, 34, 398, 35, 36, 401, 402, 403, 404, 405, 406, 407, 408, 37, 16, 409, 17, 50, 4, 4], "target_tokens": ["[IN:CREATE_REMINDER", "[SL:PERSON_REMINDED", "@ptr3", "SL:PERSON_REMINDED]", "[SL:TODO", "@ptr6", "@ptr7", "@ptr8", "@ptr9", "@ptr10", "@ptr11", "@ptr12", "SL:TODO]", "[SL:DATE_TIME", "@ptr13", "SL:DATE_TIME]", "IN:CREATE_REMINDER]"], "predicted_tokens": ["[IN:CREATE_REMINDER", "[SL:PERSON_REMINDED", "@ptr3", "SL:PERSON_REMINDED]", "[SL:TODO", "@ptr6", "@ptr7", "@ptr8", "@ptr9", "@ptr10", "@ptr11", "@ptr12", "@ptr13", "SL:TODO]", "[SL:DATE_TIME", "@ptr14", "SL:DATE_TIME]", "IN:CREATE_REMINDER]"]}
{"loss": 1.8446550369262695, "class_log_probabilities": [-0.923785388469696, -3.673180341720581, -6.004969596862793, -6.504739284515381], "predictions": [75, 6, 70, 93, 403, 94, 71, 404, 72, 73, 7, 78, 4], "target_tokens": ["[IN:CREATE_REMINDER", "[SL:TODO", "[IN:CREATE_CALL", "[SL:CONTACT", "[IN:GET_CONTACT", "[SL:CONTACT_RELATED", "@ptr8", "SL:CONTACT_RELATED]", "[SL:TYPE_RELATION", "@ptr9", "SL:TYPE_RELATION]", "IN:GET_CONTACT]", "SL:CONTACT]", "IN:CREATE_CALL]", "SL:TODO]", "IN:CREATE_REMINDER]"], "predicted_tokens": ["[IN:CREATE_CALL", "[SL:CONTACT", "[IN:GET_CONTACT", "[SL:CONTACT_RELATED", "@ptr8", "SL:CONTACT_RELATED]", "[SL:TYPE_RELATION", "@ptr9", "SL:TYPE_RELATION]", "IN:GET_CONTACT]", "SL:CONTACT]", "IN:CREATE_CALL]"]}
{"loss": 1.5063438415527344, "class_log_probabilities": [-1.8050551414489746, -4.487469673156738, -4.531787872314453, -8.90144157409668], "predictions": [47, 16, 399, 400, 17, 48, 4, 4, 4, 4, 4], "target_tokens": ["[IN:GET_REMINDER", "[SL:METHOD_RETRIEVAL_REMINDER", "@ptr0", "SL:METHOD_RETRIEVAL_REMINDER]", "[SL:DATE_TIME", "@ptr3", "@ptr4", "@ptr5", "SL:DATE_TIME]", "IN:GET_REMINDER]"], "predicted_tokens": ["[IN:GET_REMINDER", "[SL:DATE_TIME", "@ptr4", "@ptr5", "SL:DATE_TIME]", "IN:GET_REMINDER]"]}
{"loss": 1.7708384990692139, "class_log_probabilities": [-1.45674467086792, -2.9291090965270996, -4.035747051239014, -4.52628755569458], "predictions": [49, 34, 398, 35, 36, 401, 402, 403, 404, 405, 406, 37, 50, 4, 4], "target_tokens": ["[IN:CREATE_REMINDER", "[SL:PERSON_REMINDED", "@ptr3", "SL:PERSON_REMINDED]", "[SL:TODO", "@ptr7", "@ptr8", "@ptr9", "@ptr10", "@ptr11", "@ptr12", "SL:TODO]", "IN:CREATE_REMINDER]"], "predicted_tokens": ["[IN:CREATE_REMINDER", "[SL:PERSON_REMINDED", "@ptr3", "SL:PERSON_REMINDED]", "[SL:TODO", "@ptr6", "@ptr7", "@ptr8", "@ptr9", "@ptr10", "@ptr11", "SL:TODO]", "IN:CREATE_REMINDER]"]}
{"loss": 1.3967294692993164, "class_log_probabilities": [-0.6036346554756165, -3.1935055255889893, -4.235937118530273, -5.253664016723633], "predictions": [111, 34, 396, 35, 16, 401, 17, 112, 4, 4], "target_tokens": ["[IN:UPDATE_REMINDER_DATE_TIME", "[SL:PERSON_REMINDED", "@ptr1", "SL:PERSON_REMINDED]", "[SL:DATE_TIME", "@ptr5", "@ptr6", "SL:DATE_TIME]", "IN:UPDATE_REMINDER_DATE_TIME]"], "predicted_tokens": ["[IN:UPDATE_REMINDER_DATE_TIME", "[SL:PERSON_REMINDED", "@ptr1", "SL:PERSON_REMINDED]", "[SL:DATE_TIME", "@ptr6", "SL:DATE_TIME]", "IN:UPDATE_REMINDER_DATE_TIME]"]}
{"loss": 1.0063904523849487, "class_log_probabilities": [-1.1809442043304443, -1.856364369392395, -5.631341457366943, -5.871522903442383], "predictions": [49, 34, 397, 35, 36, 399, 400, 401, 37, 50, 4], "target_tokens": ["[IN:CREATE_REMINDER", "[SL:PERSON_REMINDED", "@ptr2", "SL:PERSON_REMINDED]", "[SL:TODO", "@ptr4", "@ptr5", "@ptr6", "SL:TODO]", "IN:CREATE_REMINDER]"], "predicted_tokens": ["[IN:CREATE_REMINDER", "[SL:PERSON_REMINDED", "@ptr2", "SL:PERSON_REMINDED]", "[SL:TODO", "@ptr4", "@ptr5", "@ptr6", "SL:TODO]", "IN:CREATE_REMINDER]"]}
{"loss": 1.927527904510498, "class_log_probabilities": [-57.267024993896484, -58.63410949707031, -58.790706634521484, -58.81615447998047], "predictions": [49, 36, 143, 36, 398, 399, 37, 16, 401, 402, 17, 34, 404, 35, 16, 408, 409, 409, 409, 409, 409, 409, 409, 409, 409, 409, 409, 409, 409, 409, 409, 409, 409, 409, 409, 409, 409, 409, 409, 409, 409, 409, 409, 409, 409, 409, 409, 409, 409, 409, 409, 409, 409, 409, 409, 409, 409, 409, 409, 409, 409, 409, 409, 409, 409, 409, 409, 409, 409, 409, 409, 409, 409, 409, 409, 409, 409, 409, 409, 409, 409, 409, 409, 409, 409, 409, 409, 409, 409, 409, 409, 409, 409, 409, 409, 409, 409, 409, 409, 409], "target_tokens": ["[IN:CREATE_REMINDER", "[SL:PERSON_REMINDED", "@ptr2", "SL:PERSON_REMINDED]", "[SL:TODO", "[IN:GET_TODO", "[SL:TODO", "@ptr4", "SL:TODO]", "[SL:DATE_TIME", "@ptr5", "@ptr6", "@ptr7", "SL:DATE_TIME]", "IN:GET_TODO]", "SL:TODO]", "[SL:DATE_TIME", "@ptr13", "@ptr14", "@ptr15", "SL:DATE_TIME]", "IN:CREATE_REMINDER]"], "predicted_tokens": ["[IN:CREATE_REMINDER", "[SL:TODO", "[IN:GET_TODO", "[SL:TODO", "@ptr3", "@ptr4", "SL:TODO]", "[SL:DATE_TIME", "@ptr6", "@ptr7", "SL:DATE_TIME]", "[SL:PERSON_REMINDED", "@ptr9", "SL:PERSON_REMINDED]", "[SL:DATE_TIME", "@ptr13", "@ptr14", "@ptr14", "@ptr14", "@ptr14", "@ptr14", "@ptr14", "@ptr14", "@ptr14", "@ptr14", "@ptr14", "@ptr14", "@ptr14", "@ptr14", "@ptr14", "@ptr14", "@ptr14", "@ptr14", "@ptr14", "@ptr14", "@ptr14", "@ptr14", "@ptr14", "@ptr14", "@ptr14", "@ptr14", "@ptr14", "@ptr14", "@ptr14", "@ptr14", "@ptr14", "@ptr14", "@ptr14", "@ptr14", "@ptr14", "@ptr14", "@ptr14", "@ptr14", "@ptr14", "@ptr14", "@ptr14", "@ptr14", "@ptr14", "@ptr14", "@ptr14", "@ptr14", "@ptr14", "@ptr14", "@ptr14", "@ptr14", "@ptr14", "@ptr14", "@ptr14", "@ptr14", "@ptr14", "@ptr14", "@ptr14", "@ptr14", "@ptr14", "@ptr14", "@ptr14", "@ptr14", "@ptr14", "@ptr14", "@ptr14", "@ptr14", "@ptr14", "@ptr14", "@ptr14", "@ptr14", "@ptr14", "@ptr14", "@ptr14", "@ptr14", "@ptr14", "@ptr14", "@ptr14", "@ptr14", "@ptr14", "@ptr14", "@ptr14", "@ptr14", "@ptr14", "@ptr14", "@ptr14"]}
{"loss": 1.2366023063659668, "class_log_probabilities": [-2.863534927368164, -4.2302446365356445, -4.58232307434082, -4.63847017288208], "predictions": [49, 34, 397, 35, 36, 399, 400, 401, 402, 403, 404, 405, 406, 37, 50, 4, 4, 4], "target_tokens": ["[IN:CREATE_REMINDER", "[SL:PERSON_REMINDED", "@ptr2", "SL:PERSON_REMINDED]", "[SL:TODO", "@ptr4", "@ptr5", "@ptr6", "@ptr7", "@ptr8", "@ptr9", "@ptr10", "@ptr11", "@ptr12", "SL:TODO]", "IN:CREATE_REMINDER]"], "predicted_tokens": ["[IN:CREATE_REMINDER", "[SL:PERSON_REMINDED", "@ptr2", "SL:PERSON_REMINDED]", "[SL:TODO", "@ptr4", "@ptr5", "@ptr6", "@ptr7", "@ptr8", "@ptr9", "@ptr10", "@ptr11", "SL:TODO]", "IN:CREATE_REMINDER]"]}
{"loss": 1.0813430547714233, "class_log_probabilities": [-1.935659646987915, -2.112227201461792, -2.9854018688201904, -3.4981889724731445], "predictions": [117, 34, 398, 35, 36, 401, 402, 403, 404, 405, 37, 118, 4], "target_tokens": ["[IN:GET_REMINDER_DATE_TIME", "[SL:PERSON_REMINDED", "@ptr3", "SL:PERSON_REMINDED]", "[SL:TODO", "@ptr6", "@ptr7", "@ptr8", "@ptr9", "@ptr10", "SL:TODO]", "IN:GET_REMINDER_DATE_TIME]"], "predicted_tokens": ["[IN:GET_REMINDER_DATE_TIME", "[SL:PERSON_REMINDED", "@ptr3", "SL:PERSON_REMINDED]", "[SL:TODO", "@ptr6", "@ptr7", "@ptr8", "@ptr9", "@ptr10", "SL:TODO]", "IN:GET_REMINDER_DATE_TIME]"]}
{"loss": 1.655092477798462, "class_log_probabilities": [-1.0052807331085205, -2.4615116119384766, -2.6169848442077637, -4.648088455200195], "predictions": [47, 36, 400, 401, 37, 16, 402, 403, 17, 48, 4, 4, 4, 4], "target_tokens": ["[IN:GET_REMINDER", "[SL:TODO", "@ptr5", "@ptr6", "SL:TODO]", "[SL:DATE_TIME", "@ptr8", "SL:DATE_TIME]", "IN:GET_REMINDER]"], "predicted_tokens": ["[IN:GET_REMINDER", "[SL:TODO", "@ptr5", "@ptr6", "SL:TODO]", "[SL:DATE_TIME", "@ptr7", "@ptr8", "SL:DATE_TIME]", "IN:GET_REMINDER]"]}
{"loss": 2.249462842941284, "class_log_probabilities": [-2.4535651206970215, -2.877220869064331, -3.335287094116211, -4.051475524902344], "predictions": [49, 36, 399, 400, 401, 402, 37, 16, 404, 406, 17, 50, 4, 4], "target_tokens": ["[IN:CREATE_REMINDER", "[SL:TODO", "@ptr5", "@ptr6", "@ptr7", "SL:TODO]", "[SL:DATE_TIME", "@ptr8", "@ptr9", "@ptr10", "@ptr11", "SL:DATE_TIME]", "IN:CREATE_REMINDER]"], "predicted_tokens": ["[IN:CREATE_REMINDER", "[SL:TODO", "@ptr4", "@ptr5", "@ptr6", "@ptr7", "SL:TODO]", "[SL:DATE_TIME", "@ptr9", "@ptr11", "SL:DATE_TIME]", "IN:CREATE_REMINDER]"]}
{"loss": 1.6957833766937256, "class_log_probabilities": [-7.006156921386719, -9.094584465026855, -81.1921157836914, -81.99901580810547], "predictions": [49, 34, 70, 93, 399, 94, 71, 403, 404, 405, 406, 407, 408, 410, 37, 16, 410, 17, 50, 4, 4, 4, 4, 4, 4, 4, 4, 4, 4, 4, 4, 4, 4, 4, 4, 4, 4, 4, 4, 4, 4, 4, 4, 4, 4, 4, 4, 4, 4, 4, 4, 4, 4, 4, 4, 4, 4, 4, 4, 4, 4, 4, 4, 4, 4, 4, 4, 4, 4, 4, 4, 4, 4, 4, 4, 4, 4, 4, 4, 4, 4, 4, 4, 4, 4, 4, 4, 4, 4, 4, 4, 4, 4, 4, 4, 4, 4, 4, 4, 4], "target_tokens": ["[IN:CREATE_REMINDER", "[SL:PERSON_REMINDED", "[IN:GET_CONTACT", "[SL:CONTACT_RELATED", "@ptr5", "SL:CONTACT_RELATED]", "[SL:TYPE_RELATION", "@ptr6", "SL:TYPE_RELATION]", "IN:GET_CONTACT]", "SL:PERSON_REMINDED]", "[SL:TODO", "@ptr8", "@ptr9", "@ptr10", "@ptr11", "@ptr12", "@ptr13", "@ptr14", "@ptr15", "@ptr16", "SL:TODO]", "[SL:DATE_TIME", "@ptr17", "@ptr18", "@ptr19", "SL:DATE_TIME]", "IN:CREATE_REMINDER]"], "predicted_tokens": ["[IN:CREATE_REMINDER", "[SL:PERSON_REMINDED", "[IN:GET_CONTACT", "[SL:CONTACT_RELATED", "@ptr4", "SL:CONTACT_RELATED]", "[SL:TYPE_RELATION", "@ptr8", "@ptr9", "@ptr10", "@ptr11", "@ptr12", "@ptr13", "@ptr15", "SL:TODO]", "[SL:DATE_TIME", "@ptr15", "SL:DATE_TIME]", "IN:CREATE_REMINDER]"]}
{"loss": 1.7973042726516724, "class_log_probabilities": [-1.7674710750579834, -2.601158618927002, -4.821913242340088, -8.328737258911133], "predictions": [47, 120, 396, 121, 16, 400, 401, 17, 48, 4, 4, 4, 4, 4], "target_tokens": ["[IN:DELETE_REMINDER", "[SL:AMOUNT", "@ptr1", "SL:AMOUNT]", "[SL:DATE_TIME", "@ptr4", "@ptr5", "@ptr6", "SL:DATE_TIME]", "IN:DELETE_REMINDER]"], "predicted_tokens": ["[IN:GET_REMINDER", "[SL:AMOUNT", "@ptr1", "SL:AMOUNT]", "[SL:DATE_TIME", "@ptr5", "@ptr6", "SL:DATE_TIME]", "IN:GET_REMINDER]"]}
{"loss": 1.9586721658706665, "class_log_probabilities": [-1.4888488054275513, -1.979250431060791, -5.180215835571289, -5.656665802001953], "predictions": [49, 34, 395, 35, 36, 399, 400, 37, 16, 401, 402, 403, 17, 50, 4, 4, 4], "target_tokens": ["[IN:CREATE_REMINDER", "[SL:TODO", "@ptr4", "@ptr5", "SL:TODO]", "[SL:DATE_TIME", "@ptr6", "@ptr7", "@ptr8", "SL:DATE_TIME]", "IN:CREATE_REMINDER]"], "predicted_tokens": ["[IN:CREATE_REMINDER", "[SL:PERSON_REMINDED", "@ptr0", "SL:PERSON_REMINDED]", "[SL:TODO", "@ptr4", "@ptr5", "SL:TODO]", "[SL:DATE_TIME", "@ptr6", "@ptr7", "@ptr8", "SL:DATE_TIME]", "IN:CREATE_REMINDER]"]}
{"loss": 1.922725796699524, "class_log_probabilities": [-0.6613825559616089, -4.257589817047119, -4.971783638000488, -5.273117542266846], "predictions": [49, 36, 397, 398, 399, 37, 16, 400, 401, 17, 50, 4, 4, 4], "target_tokens": ["[IN:CREATE_REMINDER", "[SL:TODO", "@ptr3", "@ptr4", "SL:TODO]", "[SL:DATE_TIME", "@ptr5", "@ptr6", "SL:DATE_TIME]", "IN:CREATE_REMINDER]"], "predicted_tokens": ["[IN:CREATE_REMINDER", "[SL:TODO", "@ptr2", "@ptr3", "@ptr4", "SL:TODO]", "[SL:DATE_TIME", "@ptr5", "@ptr6", "SL:DATE_TIME]", "IN:CREATE_REMINDER]"]}
{"loss": 1.4469645023345947, "class_log_probabilities": [-3.6564300060272217, -4.081866264343262, -4.783154010772705, -5.008554935455322], "predictions": [331, 34, 396, 35, 36, 399, 400, 401, 402, 37, 16, 404, 405, 17, 332, 4], "target_tokens": ["[IN:DELETE_REMINDER", "[SL:PERSON_REMINDED", "@ptr1", "SL:PERSON_REMINDED]", "[SL:TODO", "@ptr4", "@ptr5", "@ptr6", "@ptr7", "SL:TODO]", "[SL:DATE_TIME", "@ptr9", "@ptr10", "SL:DATE_TIME]", "IN:DELETE_REMINDER]"], "predicted_tokens": ["[IN:UPDATE_REMINDER", "[SL:PERSON_REMINDED", "@ptr1", "SL:PERSON_REMINDED]", "[SL:TODO", "@ptr4", "@ptr5", "@ptr6", "@ptr7", "SL:TODO]", "[SL:DATE_TIME", "@ptr9", "@ptr10", "SL:DATE_TIME]", "IN:UPDATE_REMINDER]"]}
{"loss": 1.4694584608078003, "class_log_probabilities": [-0.8311014175415039, -2.2060985565185547, -6.152243137359619, -7.019830226898193], "predictions": [47, 34, 397, 35, 16, 400, 401, 402, 403, 404, 17, 48, 4, 4], "target_tokens": ["[IN:GET_REMINDER", "[SL:PERSON_REMINDED", "@ptr2", "SL:PERSON_REMINDED]", "[SL:DATE_TIME", "@ptr4", "@ptr5", "@ptr6", "@ptr7", "@ptr8", "SL:DATE_TIME]", "IN:GET_REMINDER]"], "predicted_tokens": ["[IN:GET_REMINDER", "[SL:PERSON_REMINDED", "@ptr2", "SL:PERSON_REMINDED]", "[SL:DATE_TIME", "@ptr5", "@ptr6", "@ptr7", "@ptr8", "@ptr9", "SL:DATE_TIME]", "IN:GET_REMINDER]"]}
{"loss": 2.558344602584839, "class_log_probabilities": [-4.915567398071289, -5.019010066986084, -5.152000904083252, -5.759194850921631], "predictions": [49, 34, 399, 400, 401, 35, 16, 403, 404, 405, 17, 50, 4, 4, 4, 4, 4, 4], "target_tokens": ["[IN:DELETE_REMINDER", "[SL:TODO", "@ptr5", "@ptr6", "@ptr7", "SL:TODO]", "[SL:DATE_TIME", "@ptr8", "@ptr9", "@ptr10", "@ptr11", "SL:DATE_TIME]", "IN:DELETE_REMINDER]"], "predicted_tokens": ["[IN:CREATE_REMINDER", "[SL:PERSON_REMINDED", "@ptr4", "@ptr5", "@ptr6", "SL:PERSON_REMINDED]", "[SL:DATE_TIME", "@ptr8", "@ptr9", "@ptr10", "SL:DATE_TIME]", "IN:CREATE_REMINDER]"]}
{"loss": 2.9896657466888428, "class_log_probabilities": [-2.0962297916412354, -2.4124536514282227, -2.7209558486938477, -3.7248592376708984], "predictions": [47, 36, 401, 37, 16, 404, 17, 48, 4, 4, 4, 4, 4, 4, 4], "target_tokens": ["[IN:GET_REMINDER", "[SL:PERSON_REMINDED", "@ptr6", "@ptr7", "SL:PERSON_REMINDED]", "[SL:TODO", "@ptr8", "SL:TODO]", "[SL:DATE_TIME", "@ptr9", "@ptr10", "SL:DATE_TIME]", "IN:GET_REMINDER]"], "predicted_tokens": ["[IN:GET_REMINDER", "[SL:TODO", "@ptr6", "SL:TODO]", "[SL:DATE_TIME", "@ptr9", "SL:DATE_TIME]", "IN:GET_REMINDER]"]}
{"loss": 3.10170841217041, "class_log_probabilities": [-9.271437644958496, -58.14561080932617, -58.5854606628418, -59.298728942871094], "predictions": [33, 120, 397, 121, 120, 398, 121, 36, 401, 402, 403, 404, 37, 16, 405, 407, 407, 407, 407, 407, 407, 407, 408, 17, 38, 4, 4, 4, 4, 4, 4, 4, 4, 4, 4, 4, 4, 4, 4, 4, 4, 4, 4, 4, 4, 4, 4, 4, 4, 4, 4, 4, 4, 4, 4, 4, 4, 4, 4, 4, 4, 4, 4, 4, 4, 4, 4, 4, 4, 4, 4, 4, 4, 4, 4, 4, 4, 4, 4, 4, 4, 4, 4, 4, 4, 4, 4, 4, 4, 4, 4, 4, 4, 4, 4, 4, 4, 4, 4, 4], "target_tokens": ["[IN:DELETE_REMINDER", "[SL:AMOUNT", "@ptr2", "SL:AMOUNT]", "[SL:TODO", "[IN:GET_TODO", "[SL:DATE_TIME", "@ptr9", "@ptr10", "@ptr11", "@ptr12", "SL:DATE_TIME]", "[SL:TODO", "@ptr7", "SL:TODO]", "IN:GET_TODO]", "SL:TODO]", "[SL:DATE_TIME", "@ptr13", "@ptr14", "@ptr15", "@ptr16", "SL:DATE_TIME]", "IN:DELETE_REMINDER]"], "predicted_tokens": ["[IN:DELETE_REMINDER", "[SL:AMOUNT", "@ptr2", "SL:AMOUNT]", "[SL:AMOUNT", "@ptr3", "SL:AMOUNT]", "[SL:TODO", "@ptr6", "@ptr7", "@ptr8", "@ptr9", "SL:TODO]", "[SL:DATE_TIME", "@ptr10", "@ptr12", "@ptr12", "@ptr12", "@ptr12", "@ptr12", "@ptr12", "@ptr12", "@ptr13", "SL:DATE_TIME]", "IN:DELETE_REMINDER]"]}
{"loss": 2.179180383682251, "class_log_probabilities": [-26.94678497314453, -27.767820358276367, -27.876272201538086, -28.23995018005371], "predictions": [47, 36, 143, 36, 143, 36, 143, 36, 143, 36, 143, 36, 143, 36, 143, 36, 143, 36, 143, 36, 143, 36, 143, 36, 143, 36, 143, 36, 143, 36, 143, 36, 143, 36, 143, 36, 143, 36, 143, 36, 143, 36, 143, 36, 143, 36, 143, 36, 143, 36, 143, 36, 143, 36, 143, 36, 143, 36, 143, 36, 143, 36, 143, 36, 143, 36, 143, 36, 143, 36, 143, 36, 143, 36, 143, 36, 143, 36, 143, 36, 143, 36, 143, 36, 143, 36, 143, 36, 143, 36, 143, 36, 143, 36, 143, 36, 143, 36, 143, 36], "target_tokens": ["[IN:GET_REMINDER", "[SL:TODO", "[IN:GET_TODO", "[SL:ATTENDEE", "[IN:GET_CONTACT", "[SL:TYPE_RELATION", "@ptr11", "SL:TYPE_RELATION]", "IN:GET_CONTACT]", "SL:ATTENDEE]", "IN:GET_TODO]", "SL:TODO]", "IN:GET_REMINDER]"], "predicted_tokens": ["[IN:GET_REMINDER", "[SL:TODO", "[IN:GET_TODO", "[SL:TODO", "[IN:GET_TODO", "[SL:TODO", "[IN:GET_TODO", "[SL:TODO", "[IN:GET_TODO", "[SL:TODO", "[IN:GET_TODO", "[SL:TODO", "[IN:GET_TODO", "[SL:TODO", "[IN:GET_TODO", "[SL:TODO", "[IN:GET_TODO", "[SL:TODO", "[IN:GET_TODO", "[SL:TODO", "[IN:GET_TODO", "[SL:TODO", "[IN:GET_TODO", "[SL:TODO", "[IN:GET_TODO", "[SL:TODO", "[IN:GET_TODO", "[SL:TODO", "[IN:GET_TODO", "[SL:TODO", "[IN:GET_TODO", "[SL:TODO", "[IN:GET_TODO", "[SL:TODO", "[IN:GET_TODO", "[SL:TODO", "[IN:GET_TODO", "[SL:TODO", "[IN:GET_TODO", "[SL:TODO", "[IN:GET_TODO", "[SL:TODO", "[IN:GET_TODO", "[SL:TODO", "[IN:GET_TODO", "[SL:TODO", "[IN:GET_TODO", "[SL:TODO", "[IN:GET_TODO", "[SL:TODO", "[IN:GET_TODO", "[SL:TODO", "[IN:GET_TODO", "[SL:TODO", "[IN:GET_TODO", "[SL:TODO", "[IN:GET_TODO", "[SL:TODO", "[IN:GET_TODO", "[SL:TODO", "[IN:GET_TODO", "[SL:TODO", "[IN:GET_TODO", "[SL:TODO", "[IN:GET_TODO", "[SL:TODO", "[IN:GET_TODO", "[SL:TODO", "[IN:GET_TODO", "[SL:TODO", "[IN:GET_TODO", "[SL:TODO", "[IN:GET_TODO", "[SL:TODO", "[IN:GET_TODO", "[SL:TODO", "[IN:GET_TODO", "[SL:TODO", "[IN:GET_TODO", "[SL:TODO", "[IN:GET_TODO", "[SL:TODO", "[IN:GET_TODO", "[SL:TODO", "[IN:GET_TODO", "[SL:TODO", "[IN:GET_TODO", "[SL:TODO", "[IN:GET_TODO", "[SL:TODO", "[IN:GET_TODO", "[SL:TODO", "[IN:GET_TODO", "[SL:TODO", "[IN:GET_TODO", "[SL:TODO", "[IN:GET_TODO", "[SL:TODO", "[IN:GET_TODO", "[SL:TODO"]}
{"loss": 1.0269405841827393, "class_log_probabilities": [-1.5967814922332764, -3.226008892059326, -3.945430278778076, -4.687340259552002], "predictions": [49, 34, 397, 35, 36, 400, 401, 37, 16, 402, 403, 17, 50, 4, 4, 4], "target_tokens": ["[IN:CREATE_REMINDER", "[SL:PERSON_REMINDED", "@ptr2", "SL:PERSON_REMINDED]", "[SL:TODO", "@ptr5", "@ptr6", "SL:TODO]", "[SL:DATE_TIME", "@ptr7", "@ptr8", "SL:DATE_TIME]", "IN:CREATE_REMINDER]"], "predicted_tokens": ["[IN:CREATE_REMINDER", "[SL:PERSON_REMINDED", "@ptr2", "SL:PERSON_REMINDED]", "[SL:TODO", "@ptr5", "@ptr6", "SL:TODO]", "[SL:DATE_TIME", "@ptr7", "@ptr8", "SL:DATE_TIME]", "IN:CREATE_REMINDER]"]}
{"loss": 3.5667612552642822, "class_log_probabilities": [-3.4639573097229004, -3.711235761642456, -7.000150680541992, -51.25316619873047], "predictions": [49, 36, 399, 400, 401, 402, 403, 404, 37, 16, 406, 407, 17, 50, 4, 4, 4, 4, 4, 4, 4, 4, 4, 4, 4, 4, 4, 4, 4, 4, 4, 4, 4, 4, 4, 4, 4, 4, 4, 4, 4, 4, 4, 4, 4, 4, 4, 4, 4, 4, 4, 4, 4, 4, 4, 4, 4, 4, 4, 4, 4, 4, 4, 4, 4, 4, 4, 4, 4, 4, 4, 4, 4, 4, 4, 4, 4, 4, 4, 4, 4, 4, 4, 4, 4, 4, 4, 4, 4, 4, 4, 4, 4, 4, 4, 4, 4, 4, 4, 4], "target_tokens": ["[IN:DELETE_REMINDER", "[SL:TODO", "@ptr5", "@ptr6", "@ptr7", "@ptr8", "SL:TODO]", "[SL:DATE_TIME", "@ptr9", "@ptr10", "@ptr11", "@ptr12", "SL:DATE_TIME]", "IN:DELETE_REMINDER]"], "predicted_tokens": ["[IN:CREATE_REMINDER", "[SL:TODO", "@ptr4", "@ptr5", "@ptr6", "@ptr7", "@ptr8", "@ptr9", "SL:TODO]", "[SL:DATE_TIME", "@ptr11", "@ptr12", "SL:DATE_TIME]", "IN:CREATE_REMINDER]"]}
{"loss": 1.1978001594543457, "class_log_probabilities": [-1.3221443891525269, -3.917341709136963, -4.02440071105957, -4.3335957527160645], "predictions": [49, 34, 397, 35, 36, 399, 400, 401, 402, 403, 404, 405, 406, 37, 16, 409, 17, 50, 4], "target_tokens": ["[IN:CREATE_REMINDER", "[SL:PERSON_REMINDED", "@ptr2", "SL:PERSON_REMINDED]", "[SL:TODO", "@ptr4", "@ptr5", "@ptr6", "@ptr7", "@ptr8", "@ptr9", "@ptr10", "@ptr11", "SL:TODO]", "[SL:DATE_TIME", "@ptr12", "SL:DATE_TIME]", "IN:CREATE_REMINDER]"], "predicted_tokens": ["[IN:CREATE_REMINDER", "[SL:PERSON_REMINDED", "@ptr2", "SL:PERSON_REMINDED]", "[SL:TODO", "@ptr4", "@ptr5", "@ptr6", "@ptr7", "@ptr8", "@ptr9", "@ptr10", "@ptr11", "SL:TODO]", "[SL:DATE_TIME", "@ptr14", "SL:DATE_TIME]", "IN:CREATE_REMINDER]"]}
{"loss": 1.8495562076568604, "class_log_probabilities": [-1.7169164419174194, -3.6089906692504883, -5.478594779968262, -5.711727619171143], "predictions": [61, 83, 399, 400, 401, 84, 62, 4, 4, 4, 4], "target_tokens": ["[IN:CREATE_REMINDER", "[SL:TODO", "@ptr4", "@ptr5", "@ptr6", "SL:TODO]", "IN:CREATE_REMINDER]"], "predicted_tokens": ["[IN:GET_EVENT", "[SL:CATEGORY_EVENT", "@ptr4", "@ptr5", "@ptr6", "SL:CATEGORY_EVENT]", "IN:GET_EVENT]"]}
{"loss": 1.3985451459884644, "class_log_probabilities": [-3.827876567840576, -4.06680965423584, -4.185760021209717, -4.754410266876221], "predictions": [331, 34, 396, 35, 36, 399, 400, 401, 402, 403, 404, 37, 16, 410, 412, 17, 332, 4, 4], "target_tokens": ["[IN:UPDATE_REMINDER_DATE_TIME", "[SL:PERSON_REMINDED", "@ptr1", "SL:PERSON_REMINDED]", "[SL:TODO", "@ptr4", "@ptr5", "@ptr6", "@ptr7", "@ptr8", "@ptr9", "SL:TODO]", "[SL:DATE_TIME", "@ptr15", "@ptr16", "@ptr17", "SL:DATE_TIME]", "IN:UPDATE_REMINDER_DATE_TIME]"], "predicted_tokens": ["[IN:UPDATE_REMINDER", "[SL:PERSON_REMINDED", "@ptr1", "SL:PERSON_REMINDED]", "[SL:TODO", "@ptr4", "@ptr5", "@ptr6", "@ptr7", "@ptr8", "@ptr9", "SL:TODO]", "[SL:DATE_TIME", "@ptr15", "@ptr17", "SL:DATE_TIME]", "IN:UPDATE_REMINDER]"]}
{"loss": 2.109161376953125, "class_log_probabilities": [-6.742132186889648, -31.034452438354492, -32.7519645690918, -32.81557846069336], "predictions": [49, 34, 400, 35, 36, 75, 6, 402, 7, 78, 37, 144, 37, 16, 407, 408, 408, 408, 37, 50, 4, 4, 4, 4, 4, 4, 4, 4, 4, 4, 4, 4, 4, 4, 4, 4, 4, 4, 4, 4, 4, 4, 4, 4, 4, 4, 4, 4, 4, 4, 4, 4, 4, 4, 4, 4, 4, 4, 4, 4, 4, 4, 4, 4, 4, 4, 4, 4, 4, 4, 4, 4, 4, 4, 4, 4, 4, 4, 4, 4, 4, 4, 4, 4, 4, 4, 4, 4, 4, 4, 4, 4, 4, 4, 4, 4, 4, 4, 4, 4], "target_tokens": ["[IN:CREATE_REMINDER", "[SL:TODO", "[IN:GET_TODO", "[SL:TODO", "[IN:CREATE_CALL", "[SL:CONTACT", "@ptr8", "SL:CONTACT]", "IN:CREATE_CALL]", "SL:TODO]", "[SL:TODO", "@ptr11", "@ptr12", "@ptr13", "SL:TODO]", "IN:GET_TODO]", "SL:TODO]", "IN:CREATE_REMINDER]"], "predicted_tokens": ["[IN:CREATE_REMINDER", "[SL:PERSON_REMINDED", "@ptr5", "SL:PERSON_REMINDED]", "[SL:TODO", "[IN:CREATE_CALL", "[SL:CONTACT", "@ptr7", "SL:CONTACT]", "IN:CREATE_CALL]", "SL:TODO]", "IN:GET_TODO]", "SL:TODO]", "[SL:DATE_TIME", "@ptr12", "@ptr13", "@ptr13", "@ptr13", "SL:TODO]", "IN:CREATE_REMINDER]"]}
{"loss": 1.2431381940841675, "class_log_probabilities": [-0.8560893535614014, -3.0676748752593994, -4.307863712310791, -5.329645156860352], "predictions": [47, 34, 397, 35, 16, 400, 401, 402, 403, 404, 405, 406, 17, 48, 4, 4], "target_tokens": ["[IN:GET_REMINDER", "[SL:PERSON_REMINDED", "@ptr2", "SL:PERSON_REMINDED]", "[SL:DATE_TIME", "@ptr4", "@ptr5", "@ptr6", "@ptr7", "@ptr8", "@ptr9", "@ptr10", "@ptr11", "SL:DATE_TIME]", "IN:GET_REMINDER]"], "predicted_tokens": ["[IN:GET_REMINDER", "[SL:PERSON_REMINDED", "@ptr2", "SL:PERSON_REMINDED]", "[SL:DATE_TIME", "@ptr5", "@ptr6", "@ptr7", "@ptr8", "@ptr9", "@ptr10", "@ptr11", "SL:DATE_TIME]", "IN:GET_REMINDER]"]}
{"loss": 1.322092890739441, "class_log_probabilities": [-1.9983471632003784, -2.0825676918029785, -2.764693260192871, -3.505833625793457], "predictions": [33, 36, 400, 401, 402, 403, 404, 405, 37, 38, 4, 4, 4], "target_tokens": ["[IN:DELETE_REMINDER", "[SL:TODO", "@ptr5", "@ptr6", "@ptr7", "@ptr8", "@ptr9", "@ptr10", "@ptr11", "@ptr12", "@ptr13", "SL:TODO]", "IN:DELETE_REMINDER]"], "predicted_tokens": ["[IN:DELETE_REMINDER", "[SL:TODO", "@ptr5", "@ptr6", "@ptr7", "@ptr8", "@ptr9", "@ptr10", "SL:TODO]", "IN:DELETE_REMINDER]"]}
{"loss": 3.2235522270202637, "class_log_probabilities": [-1.7880544662475586, -2.7535548210144043, -3.064197301864624, -4.63226318359375], "predictions": [163, 34, 397, 35, 36, 400, 401, 402, 403, 404, 405, 406, 37, 164, 4, 4, 4], "target_tokens": ["[IN:CREATE_REMINDER", "[SL:TODO", "[IN:GET_TODO", "[SL:TODO", "@ptr5", "@ptr6", "@ptr7", "@ptr8", "@ptr9", "SL:TODO]", "[SL:DATE_TIME", "@ptr10", "@ptr11", "SL:DATE_TIME]", "IN:GET_TODO]", "SL:TODO]", "[SL:PERSON_REMINDED", "@ptr2", "SL:PERSON_REMINDED]", "IN:CREATE_REMINDER]"], "predicted_tokens": ["[IN:UPDATE_REMINDER_TODO", "[SL:PERSON_REMINDED", "@ptr2", "SL:PERSON_REMINDED]", "[SL:TODO", "@ptr5", "@ptr6", "@ptr7", "@ptr8", "@ptr9", "@ptr10", "@ptr11", "SL:TODO]", "IN:UPDATE_REMINDER_TODO]"]}
{"loss": 3.030141592025757, "class_log_probabilities": [-5.310245513916016, -7.330487251281738, -8.42257308959961, -12.621373176574707], "predictions": [13, 34, 397, 35, 36, 400, 401, 402, 403, 404, 405, 406, 408, 411, 17, 18, 4, 4, 4, 4, 4, 4, 4, 4, 4, 4], "target_tokens": ["[IN:UPDATE_REMINDER_DATE_TIME", "[SL:PERSON_REMINDED", "@ptr2", "SL:PERSON_REMINDED]", "[SL:TODO", "@ptr6", "@ptr7", "@ptr8", "@ptr9", "@ptr10", "@ptr11", "@ptr12", "SL:TODO]", "[SL:DATE_TIME", "@ptr13", "@ptr14", "SL:DATE_TIME]", "[SL:DATE_TIME", "@ptr15", "@ptr16", "@ptr17", "@ptr18", "@ptr19", "SL:DATE_TIME]", "IN:UPDATE_REMINDER_DATE_TIME]"], "predicted_tokens": ["[IN:GET_WEATHER", "[SL:PERSON_REMINDED", "@ptr2", "SL:PERSON_REMINDED]", "[SL:TODO", "@ptr5", "@ptr6", "@ptr7", "@ptr8", "@ptr9", "@ptr10", "@ptr11", "@ptr13", "@ptr16", "SL:DATE_TIME]", "IN:GET_WEATHER]"]}
{"loss": 1.3553719520568848, "class_log_probabilities": [-5.592594146728516, -6.028794765472412, -7.155860900878906, -7.631356716156006], "predictions": [49, 36, 143, 36, 399, 400, 401, 402, 403, 404, 405, 406, 407, 37, 16, 409, 17, 50, 4, 4, 4], "target_tokens": ["[IN:CREATE_REMINDER", "[SL:TODO", "@ptr4", "@ptr5", "@ptr6", "@ptr7", "@ptr8", "@ptr9", "@ptr10", "@ptr11", "@ptr12", "@ptr13", "SL:TODO]", "[SL:DATE_TIME", "@ptr14", "SL:DATE_TIME]", "IN:CREATE_REMINDER]"], "predicted_tokens": ["[IN:CREATE_REMINDER", "[SL:TODO", "[IN:GET_TODO", "[SL:TODO", "@ptr4", "@ptr5", "@ptr6", "@ptr7", "@ptr8", "@ptr9", "@ptr10", "@ptr11", "@ptr12", "SL:TODO]", "[SL:DATE_TIME", "@ptr14", "SL:DATE_TIME]", "IN:CREATE_REMINDER]"]}
{"loss": 3.4442977905273438, "class_log_probabilities": [-5.318854331970215, -5.477778434753418, -5.520003318786621, -6.634897232055664], "predictions": [49, 36, 399, 400, 401, 402, 403, 404, 37, 16, 405, 406, 17, 50, 4], "target_tokens": ["[IN:GET_REMINDER", "[SL:PERSON_REMINDED", "@ptr2", "SL:PERSON_REMINDED]", "[SL:DATE_TIME", "@ptr7", "@ptr8", "@ptr9", "SL:DATE_TIME]", "[SL:DATE_TIME", "@ptr10", "@ptr11", "SL:DATE_TIME]", "IN:GET_REMINDER]"], "predicted_tokens": ["[IN:CREATE_REMINDER", "[SL:TODO", "@ptr4", "@ptr5", "@ptr6", "@ptr7", "@ptr8", "@ptr9", "SL:TODO]", "[SL:DATE_TIME", "@ptr10", "@ptr11", "SL:DATE_TIME]", "IN:CREATE_REMINDER]"]}
{"loss": 3.5419445037841797, "class_log_probabilities": [-3.4431912899017334, -4.9948649406433105, -5.277770519256592, -5.652556896209717], "predictions": [263, 120, 404, 121, 264, 4, 4, 4, 4, 4, 4, 4, 4], "target_tokens": ["[IN:GET_REMINDER_LOCATION", "[SL:METHOD_RETRIEVAL_REMINDER", "@ptr4", "SL:METHOD_RETRIEVAL_REMINDER]", "[SL:PERSON_REMINDED", "@ptr3", "SL:PERSON_REMINDED]", "[SL:TODO", "@ptr12", "@ptr13", "@ptr14", "SL:TODO]", "[SL:DATE_TIME", "@ptr15", "@ptr16", "@ptr17", "@ptr18", "SL:DATE_TIME]", "IN:GET_REMINDER_LOCATION]"], "predicted_tokens": ["[IN:GET_REMINDER_LOCATION", "[SL:AMOUNT", "@ptr9", "SL:AMOUNT]", "IN:GET_REMINDER_LOCATION]"]}
{"loss": 1.4650959968566895, "class_log_probabilities": [-1.7415591478347778, -2.0604376792907715, -3.4058163166046143, -3.913037061691284], "predictions": [111, 34, 396, 35, 36, 399, 400, 401, 37, 16, 403, 17, 112, 4, 4], "target_tokens": ["[IN:UPDATE_REMINDER_DATE_TIME", "[SL:PERSON_REMINDED", "@ptr1", "SL:PERSON_REMINDED]", "[SL:TODO", "@ptr4", "@ptr5", "@ptr6", "SL:TODO]", "[SL:DATE_TIME", "@ptr7", "@ptr8", "SL:DATE_TIME]", "IN:UPDATE_REMINDER_DATE_TIME]"], "predicted_tokens": ["[IN:UPDATE_REMINDER_DATE_TIME", "[SL:PERSON_REMINDED", "@ptr1", "SL:PERSON_REMINDED]", "[SL:TODO", "@ptr4", "@ptr5", "@ptr6", "SL:TODO]", "[SL:DATE_TIME", "@ptr8", "SL:DATE_TIME]", "IN:UPDATE_REMINDER_DATE_TIME]"]}
{"loss": 2.9089527130126953, "class_log_probabilities": [-44.64393997192383, -46.44477081298828, -46.719478607177734, -46.77927780151367], "predictions": [47, 34, 401, 35, 36, 403, 404, 405, 37, 16, 408, 17, 144, 37, 144, 37, 144, 37, 144, 37, 144, 37, 144, 37, 144, 37, 144, 37, 144, 37, 144, 37, 144, 37, 144, 37, 144, 37, 144, 37, 144, 37, 144, 37, 144, 37, 144, 37, 144, 37, 144, 37, 144, 37, 144, 37, 144, 37, 144, 37, 144, 37, 144, 37, 144, 37, 144, 37, 144, 37, 144, 37, 144, 37, 144, 37, 144, 37, 144, 37, 144, 37, 144, 37, 144, 37, 144, 37, 144, 37, 144, 37, 144, 37, 144, 37, 144, 37, 144, 37], "target_tokens": ["[IN:UPDATE_REMINDER", "[SL:PERSON_REMINDED", "@ptr6", "SL:PERSON_REMINDED]", "[SL:DATE_TIME", "@ptr11", "@ptr12", "@ptr13", "SL:DATE_TIME]", "[SL:TODO", "@ptr10", "SL:TODO]", "[SL:LOCATION", "@ptr15", "SL:LOCATION]", "IN:UPDATE_REMINDER]"], "predicted_tokens": ["[IN:GET_REMINDER", "[SL:PERSON_REMINDED", "@ptr6", "SL:PERSON_REMINDED]", "[SL:TODO", "@ptr8", "@ptr9", "@ptr10", "SL:TODO]", "[SL:DATE_TIME", "@ptr13", "SL:DATE_TIME]", "IN:GET_TODO]", "SL:TODO]", "IN:GET_TODO]", "SL:TODO]", "IN:GET_TODO]", "SL:TODO]", "IN:GET_TODO]", "SL:TODO]", "IN:GET_TODO]", "SL:TODO]", "IN:GET_TODO]", "SL:TODO]", "IN:GET_TODO]", "SL:TODO]", "IN:GET_TODO]", "SL:TODO]", "IN:GET_TODO]", "SL:TODO]", "IN:GET_TODO]", "SL:TODO]", "IN:GET_TODO]", "SL:TODO]", "IN:GET_TODO]", "SL:TODO]", "IN:GET_TODO]", "SL:TODO]", "IN:GET_TODO]", "SL:TODO]", "IN:GET_TODO]", "SL:TODO]", "IN:GET_TODO]", "SL:TODO]", "IN:GET_TODO]", "SL:TODO]", "IN:GET_TODO]", "SL:TODO]", "IN:GET_TODO]", "SL:TODO]", "IN:GET_TODO]", "SL:TODO]", "IN:GET_TODO]", "SL:TODO]", "IN:GET_TODO]", "SL:TODO]", "IN:GET_TODO]", "SL:TODO]", "IN:GET_TODO]", "SL:TODO]", "IN:GET_TODO]", "SL:TODO]", "IN:GET_TODO]", "SL:TODO]", "IN:GET_TODO]", "SL:TODO]", "IN:GET_TODO]", "SL:TODO]", "IN:GET_TODO]", "SL:TODO]", "IN:GET_TODO]", "SL:TODO]", "IN:GET_TODO]", "SL:TODO]", "IN:GET_TODO]", "SL:TODO]", "IN:GET_TODO]", "SL:TODO]", "IN:GET_TODO]", "SL:TODO]", "IN:GET_TODO]", "SL:TODO]", "IN:GET_TODO]", "SL:TODO]", "IN:GET_TODO]", "SL:TODO]", "IN:GET_TODO]", "SL:TODO]", "IN:GET_TODO]", "SL:TODO]", "IN:GET_TODO]", "SL:TODO]", "IN:GET_TODO]", "SL:TODO]", "IN:GET_TODO]", "SL:TODO]", "IN:GET_TODO]", "SL:TODO]", "IN:GET_TODO]", "SL:TODO]"]}
{"loss": 1.4290931224822998, "class_log_probabilities": [-1.1614720821380615, -2.9368653297424316, -3.192981243133545, -4.19368839263916], "predictions": [163, 36, 396, 397, 37, 36, 400, 401, 402, 403, 37, 164, 4], "target_tokens": ["[IN:UPDATE_REMINDER_TODO", "[SL:TODO", "@ptr2", "SL:TODO]", "[SL:TODO", "@ptr6", "@ptr7", "@ptr8", "SL:TODO]", "IN:UPDATE_REMINDER_TODO]"], "predicted_tokens": ["[IN:UPDATE_REMINDER_TODO", "[SL:TODO", "@ptr1", "@ptr2", "SL:TODO]", "[SL:TODO", "@ptr5", "@ptr6", "@ptr7", "@ptr8", "SL:TODO]", "IN:UPDATE_REMINDER_TODO]"]}
{"loss": 1.621069073677063, "class_log_probabilities": [-2.4597394466400146, -3.1548359394073486, -4.366091728210449, -4.674940586090088], "predictions": [111, 34, 396, 35, 36, 399, 400, 401, 37, 16, 402, 403, 404, 405, 406, 17, 112, 4, 4, 4, 4, 4], "target_tokens": ["[IN:UPDATE_REMINDER_DATE_TIME", "[SL:PERSON_REMINDED", "@ptr1", "SL:PERSON_REMINDED]", "[SL:TODO", "@ptr4", "@ptr5", "@ptr6", "SL:TODO]", "[SL:DATE_TIME", "@ptr7", "@ptr8", "@ptr9", "@ptr10", "SL:DATE_TIME]", "[SL:DATE_TIME", "@ptr11", "@ptr12", "@ptr13", "@ptr14", "SL:DATE_TIME]", "IN:UPDATE_REMINDER_DATE_TIME]"], "predicted_tokens": ["[IN:UPDATE_REMINDER_DATE_TIME", "[SL:PERSON_REMINDED", "@ptr1", "SL:PERSON_REMINDED]", "[SL:TODO", "@ptr4", "@ptr5", "@ptr6", "SL:TODO]", "[SL:DATE_TIME", "@ptr7", "@ptr8", "@ptr9", "@ptr10", "@ptr11", "SL:DATE_TIME]", "IN:UPDATE_REMINDER_DATE_TIME]"]}
{"loss": 1.404207468032837, "class_log_probabilities": [-1.6951706409454346, -3.9306089878082275, -4.1146559715271, -4.63200569152832], "predictions": [49, 16, 399, 400, 401, 402, 17, 36, 403, 404, 405, 406, 37, 50, 4, 4, 4], "target_tokens": ["[IN:CREATE_REMINDER", "[SL:DATE_TIME", "@ptr4", "@ptr5", "@ptr6", "SL:DATE_TIME]", "[SL:TODO", "@ptr8", "@ptr9", "@ptr10", "@ptr11", "SL:TODO]", "IN:CREATE_REMINDER]"], "predicted_tokens": ["[IN:CREATE_REMINDER", "[SL:DATE_TIME", "@ptr4", "@ptr5", "@ptr6", "@ptr7", "SL:DATE_TIME]", "[SL:TODO", "@ptr8", "@ptr9", "@ptr10", "@ptr11", "SL:TODO]", "IN:CREATE_REMINDER]"]}
{"loss": 2.0221431255340576, "class_log_probabilities": [-2.1498539447784424, -4.448821067810059, -5.07809591293335, -6.820791244506836], "predictions": [49, 34, 396, 35, 36, 397, 398, 399, 400, 37, 16, 401, 402, 17, 14, 403, 15, 62, 4, 4, 4, 4, 4, 4], "target_tokens": ["[IN:CREATE_REMINDER", "[SL:PERSON_REMINDED", "@ptr1", "SL:PERSON_REMINDED]", "[SL:TODO", "[IN:GET_TODO", "[SL:TODO", "@ptr3", "@ptr4", "@ptr5", "SL:TODO]", "[SL:DATE_TIME", "@ptr6", "@ptr7", "SL:DATE_TIME]", "[SL:LOCATION", "@ptr9", "SL:LOCATION]", "IN:GET_TODO]", "SL:TODO]", "IN:CREATE_REMINDER]"], "predicted_tokens": ["[IN:CREATE_REMINDER", "[SL:PERSON_REMINDED", "@ptr1", "SL:PERSON_REMINDED]", "[SL:TODO", "@ptr2", "@ptr3", "@ptr4", "@ptr5", "SL:TODO]", "[SL:DATE_TIME", "@ptr6", "@ptr7", "SL:DATE_TIME]", "[SL:LOCATION", "@ptr8", "SL:LOCATION]", "IN:GET_EVENT]"]}
{"loss": 1.9508564472198486, "class_log_probabilities": [-1.5650579929351807, -2.5529348850250244, -3.0079002380371094, -4.243887901306152], "predictions": [33, 36, 399, 400, 401, 37, 16, 403, 404, 405, 17, 38, 4, 4], "target_tokens": ["[IN:DELETE_REMINDER", "[SL:TODO", "@ptr5", "@ptr6", "@ptr7", "SL:TODO]", "[SL:DATE_TIME", "@ptr8", "@ptr9", "@ptr10", "SL:DATE_TIME]", "IN:DELETE_REMINDER]"], "predicted_tokens": ["[IN:DELETE_REMINDER", "[SL:TODO", "@ptr4", "@ptr5", "@ptr6", "SL:TODO]", "[SL:DATE_TIME", "@ptr8", "@ptr9", "@ptr10", "SL:DATE_TIME]", "IN:DELETE_REMINDER]"]}
{"loss": 1.0004935264587402, "class_log_probabilities": [-1.0672656297683716, -2.928685188293457, -4.418074131011963, -5.569777488708496], "predictions": [49, 34, 397, 35, 36, 399, 400, 401, 37, 16, 402, 403, 17, 50, 4, 4], "target_tokens": ["[IN:CREATE_REMINDER", "[SL:PERSON_REMINDED", "@ptr2", "SL:PERSON_REMINDED]", "[SL:TODO", "@ptr4", "@ptr5", "@ptr6", "SL:TODO]", "[SL:DATE_TIME", "@ptr7", "@ptr8", "SL:DATE_TIME]", "IN:CREATE_REMINDER]"], "predicted_tokens": ["[IN:CREATE_REMINDER", "[SL:PERSON_REMINDED", "@ptr2", "SL:PERSON_REMINDED]", "[SL:TODO", "@ptr4", "@ptr5", "@ptr6", "SL:TODO]", "[SL:DATE_TIME", "@ptr7", "@ptr8", "SL:DATE_TIME]", "IN:CREATE_REMINDER]"]}
{"loss": 1.0566388368606567, "class_log_probabilities": [-1.4240539073944092, -2.615669012069702, -3.1127140522003174, -3.713603973388672], "predictions": [49, 34, 397, 35, 36, 399, 400, 401, 402, 403, 404, 405, 406, 407, 37, 50, 4, 4], "target_tokens": ["[IN:CREATE_REMINDER", "[SL:PERSON_REMINDED", "@ptr2", "SL:PERSON_REMINDED]", "[SL:TODO", "@ptr4", "@ptr5", "@ptr6", "@ptr7", "@ptr8", "@ptr9", "@ptr10", "@ptr11", "@ptr12", "SL:TODO]", "IN:CREATE_REMINDER]"], "predicted_tokens": ["[IN:CREATE_REMINDER", "[SL:PERSON_REMINDED", "@ptr2", "SL:PERSON_REMINDED]", "[SL:TODO", "@ptr4", "@ptr5", "@ptr6", "@ptr7", "@ptr8", "@ptr9", "@ptr10", "@ptr11", "@ptr12", "SL:TODO]", "IN:CREATE_REMINDER]"]}
{"loss": 1.4833521842956543, "class_log_probabilities": [-3.2818307876586914, -3.640815019607544, -3.683513641357422, -4.173178195953369], "predictions": [49, 34, 397, 35, 36, 75, 6, 399, 7, 78, 37, 16, 401, 17, 50, 4, 4, 4, 4, 4, 4, 4], "target_tokens": ["[IN:CREATE_REMINDER", "[SL:PERSON_REMINDED", "@ptr2", "SL:PERSON_REMINDED]", "[SL:TODO", "[IN:CREATE_CALL", "[SL:CONTACT", "[IN:GET_CONTACT", "[SL:TYPE_RELATION", "@ptr5", "SL:TYPE_RELATION]", "IN:GET_CONTACT]", "SL:CONTACT]", "IN:CREATE_CALL]", "SL:TODO]", "[SL:DATE_TIME", "@ptr6", "@ptr7", "SL:DATE_TIME]", "IN:CREATE_REMINDER]"], "predicted_tokens": ["[IN:CREATE_REMINDER", "[SL:PERSON_REMINDED", "@ptr2", "SL:PERSON_REMINDED]", "[SL:TODO", "[IN:CREATE_CALL", "[SL:CONTACT", "@ptr4", "SL:CONTACT]", "IN:CREATE_CALL]", "SL:TODO]", "[SL:DATE_TIME", "@ptr6", "SL:DATE_TIME]", "IN:CREATE_REMINDER]"]}
{"loss": 1.3830690383911133, "class_log_probabilities": [-2.5308494567871094, -3.0671427249908447, -3.3851659297943115, -4.61096715927124], "predictions": [49, 34, 397, 35, 36, 399, 400, 401, 402, 403, 404, 405, 37, 16, 409, 17, 50, 4, 4, 4], "target_tokens": ["[IN:CREATE_REMINDER", "[SL:PERSON_REMINDED", "@ptr2", "SL:PERSON_REMINDED]", "[SL:TODO", "@ptr4", "@ptr5", "@ptr6", "@ptr7", "@ptr8", "@ptr9", "@ptr10", "SL:TODO]", "[SL:DATE_TIME", "@ptr11", "@ptr12", "@ptr13", "@ptr14", "SL:DATE_TIME]", "IN:CREATE_REMINDER]"], "predicted_tokens": ["[IN:CREATE_REMINDER", "[SL:PERSON_REMINDED", "@ptr2", "SL:PERSON_REMINDED]", "[SL:TODO", "@ptr4", "@ptr5", "@ptr6", "@ptr7", "@ptr8", "@ptr9", "@ptr10", "SL:TODO]", "[SL:DATE_TIME", "@ptr14", "SL:DATE_TIME]", "IN:CREATE_REMINDER]"]}
{"loss": 1.6759891510009766, "class_log_probabilities": [-2.600799322128296, -3.1847825050354004, -4.911992073059082, -5.35313606262207], "predictions": [49, 34, 397, 35, 36, 399, 400, 401, 402, 403, 404, 37, 16, 405, 17, 50, 4, 4, 4, 4, 4, 4], "target_tokens": ["[IN:CREATE_REMINDER", "[SL:PERSON_REMINDED", "@ptr2", "SL:PERSON_REMINDED]", "[SL:TODO", "@ptr4", "@ptr5", "@ptr6", "@ptr7", "SL:TODO]", "[SL:DATE_TIME", "@ptr8", "@ptr9", "SL:DATE_TIME]", "IN:CREATE_REMINDER]"], "predicted_tokens": ["[IN:CREATE_REMINDER", "[SL:PERSON_REMINDED", "@ptr2", "SL:PERSON_REMINDED]", "[SL:TODO", "@ptr4", "@ptr5", "@ptr6", "@ptr7", "@ptr8", "@ptr9", "SL:TODO]", "[SL:DATE_TIME", "@ptr10", "SL:DATE_TIME]", "IN:CREATE_REMINDER]"]}
{"loss": 1.2949469089508057, "class_log_probabilities": [-3.8286588191986084, -4.39521598815918, -4.880008697509766, -5.338730335235596], "predictions": [49, 34, 397, 35, 36, 399, 400, 401, 402, 403, 404, 405, 406, 407, 408, 410, 37, 16, 411, 17, 50, 4, 4], "target_tokens": ["[IN:CREATE_REMINDER", "[SL:PERSON_REMINDED", "@ptr2", "SL:PERSON_REMINDED]", "[SL:TODO", "@ptr4", "@ptr5", "@ptr6", "@ptr7", "@ptr8", "@ptr9", "@ptr10", "@ptr11", "@ptr12", "@ptr13", "@ptr14", "@ptr15", "SL:TODO]", "[SL:DATE_TIME", "@ptr16", "@ptr17", "SL:DATE_TIME]", "IN:CREATE_REMINDER]"], "predicted_tokens": ["[IN:CREATE_REMINDER", "[SL:PERSON_REMINDED", "@ptr2", "SL:PERSON_REMINDED]", "[SL:TODO", "@ptr4", "@ptr5", "@ptr6", "@ptr7", "@ptr8", "@ptr9", "@ptr10", "@ptr11", "@ptr12", "@ptr13", "@ptr15", "SL:TODO]", "[SL:DATE_TIME", "@ptr16", "SL:DATE_TIME]", "IN:CREATE_REMINDER]"]}
{"loss": 1.0354238748550415, "class_log_probabilities": [-1.5380717515945435, -1.8388395309448242, -5.7249298095703125, -6.64719295501709], "predictions": [33, 120, 396, 121, 16, 400, 401, 402, 403, 404, 17, 38, 4, 4], "target_tokens": ["[IN:DELETE_REMINDER", "[SL:AMOUNT", "@ptr1", "SL:AMOUNT]", "[SL:DATE_TIME", "@ptr4", "@ptr5", "@ptr6", "@ptr7", "@ptr8", "@ptr9", "SL:DATE_TIME]", "IN:DELETE_REMINDER]"], "predicted_tokens": ["[IN:DELETE_REMINDER", "[SL:AMOUNT", "@ptr1", "SL:AMOUNT]", "[SL:DATE_TIME", "@ptr5", "@ptr6", "@ptr7", "@ptr8", "@ptr9", "SL:DATE_TIME]", "IN:DELETE_REMINDER]"]}
{"loss": 1.6299035549163818, "class_log_probabilities": [-3.754333019256592, -5.153041839599609, -8.089850425720215, -8.791857719421387], "predictions": [81, 82, 4, 4, 4, 4, 4, 4, 4, 4, 4, 4, 4], "target_tokens": ["[IN:DELETE_REMINDER", "[SL:TODO", "@ptr4", "@ptr5", "@ptr6", "@ptr7", "@ptr8", "SL:TODO]", "IN:DELETE_REMINDER]"], "predicted_tokens": ["[IN:END_CALL", "IN:END_CALL]"]}
{"loss": 1.035842776298523, "class_log_probabilities": [-1.0786283016204834, -2.7262115478515625, -3.3995211124420166, -5.2108025550842285], "predictions": [49, 34, 397, 35, 36, 399, 400, 401, 402, 403, 404, 405, 406, 407, 37, 50, 4, 4], "target_tokens": ["[IN:CREATE_REMINDER", "[SL:PERSON_REMINDED", "@ptr2", "SL:PERSON_REMINDED]", "[SL:TODO", "@ptr4", "@ptr5", "@ptr6", "@ptr7", "@ptr8", "@ptr9", "@ptr10", "@ptr11", "@ptr12", "SL:TODO]", "IN:CREATE_REMINDER]"], "predicted_tokens": ["[IN:CREATE_REMINDER", "[SL:PERSON_REMINDED", "@ptr2", "SL:PERSON_REMINDED]", "[SL:TODO", "@ptr4", "@ptr5", "@ptr6", "@ptr7", "@ptr8", "@ptr9", "@ptr10", "@ptr11", "@ptr12", "SL:TODO]", "IN:CREATE_REMINDER]"]}
{"loss": 1.3644822835922241, "class_log_probabilities": [-1.1297781467437744, -3.13887357711792, -3.5511059761047363, -3.8453094959259033], "predictions": [49, 34, 397, 35, 36, 399, 400, 401, 402, 37, 16, 404, 406, 17, 50, 4, 4], "target_tokens": ["[IN:CREATE_REMINDER", "[SL:PERSON_REMINDED", "@ptr2", "SL:PERSON_REMINDED]", "[SL:TODO", "@ptr4", "@ptr5", "@ptr6", "@ptr7", "@ptr8", "SL:TODO]", "[SL:DATE_TIME", "@ptr9", "@ptr10", "@ptr11", "SL:DATE_TIME]", "IN:CREATE_REMINDER]"], "predicted_tokens": ["[IN:CREATE_REMINDER", "[SL:PERSON_REMINDED", "@ptr2", "SL:PERSON_REMINDED]", "[SL:TODO", "@ptr4", "@ptr5", "@ptr6", "@ptr7", "SL:TODO]", "[SL:DATE_TIME", "@ptr9", "@ptr11", "SL:DATE_TIME]", "IN:CREATE_REMINDER]"]}
{"loss": 1.252015471458435, "class_log_probabilities": [-5.122467994689941, -5.437409400939941, -5.814982891082764, -6.396098613739014], "predictions": [49, 34, 397, 35, 36, 143, 36, 398, 399, 400, 401, 37, 16, 403, 404, 406, 408, 17, 50, 4, 4, 4], "target_tokens": ["[IN:CREATE_REMINDER", "[SL:PERSON_REMINDED", "@ptr2", "SL:PERSON_REMINDED]", "[SL:TODO", "@ptr3", "@ptr4", "@ptr5", "@ptr6", "@ptr7", "SL:TODO]", "[SL:DATE_TIME", "@ptr8", "@ptr9", "@ptr10", "@ptr11", "@ptr12", "@ptr13", "SL:DATE_TIME]", "IN:CREATE_REMINDER]"], "predicted_tokens": ["[IN:CREATE_REMINDER", "[SL:PERSON_REMINDED", "@ptr2", "SL:PERSON_REMINDED]", "[SL:TODO", "[IN:GET_TODO", "[SL:TODO", "@ptr3", "@ptr4", "@ptr5", "@ptr6", "SL:TODO]", "[SL:DATE_TIME", "@ptr8", "@ptr9", "@ptr11", "@ptr13", "SL:DATE_TIME]", "IN:CREATE_REMINDER]"]}
{"loss": 1.092909812927246, "class_log_probabilities": [-2.0165393352508545, -3.373812437057495, -3.6626737117767334, -3.7172770500183105], "predictions": [49, 34, 397, 35, 36, 399, 400, 401, 402, 403, 404, 405, 406, 407, 408, 409, 410, 37, 50, 4, 4], "target_tokens": ["[IN:CREATE_REMINDER", "[SL:PERSON_REMINDED", "@ptr2", "SL:PERSON_REMINDED]", "[SL:TODO", "@ptr4", "@ptr5", "@ptr6", "@ptr7", "@ptr8", "@ptr9", "@ptr10", "@ptr11", "@ptr12", "@ptr13", "@ptr14", "@ptr15", "SL:TODO]", "IN:CREATE_REMINDER]"], "predicted_tokens": ["[IN:CREATE_REMINDER", "[SL:PERSON_REMINDED", "@ptr2", "SL:PERSON_REMINDED]", "[SL:TODO", "@ptr4", "@ptr5", "@ptr6", "@ptr7", "@ptr8", "@ptr9", "@ptr10", "@ptr11", "@ptr12", "@ptr13", "@ptr14", "@ptr15", "SL:TODO]", "IN:CREATE_REMINDER]"]}
{"loss": 1.1293734312057495, "class_log_probabilities": [-0.8722614645957947, -2.4156899452209473, -3.6603477001190186, -4.3224358558654785], "predictions": [49, 36, 399, 400, 37, 16, 402, 17, 50, 4, 4], "target_tokens": ["[IN:CREATE_REMINDER", "[SL:TODO", "@ptr4", "@ptr5", "@ptr6", "SL:TODO]", "[SL:DATE_TIME", "@ptr7", "SL:DATE_TIME]", "IN:CREATE_REMINDER]"], "predicted_tokens": ["[IN:CREATE_REMINDER", "[SL:TODO", "@ptr4", "@ptr5", "SL:TODO]", "[SL:DATE_TIME", "@ptr7", "SL:DATE_TIME]", "IN:CREATE_REMINDER]"]}
{"loss": 1.9837403297424316, "class_log_probabilities": [-5.2394304275512695, -10.890838623046875, -17.234968185424805, -29.42643928527832], "predictions": [49, 34, 397, 35, 36, 143, 36, 399, 400, 401, 402, 403, 404, 37, 16, 406, 407, 408, 17, 50, 4, 4, 4, 4, 4, 4, 4, 4, 4, 4, 4, 4, 4, 4, 4, 4, 4, 4, 4, 4, 4, 4, 4, 4, 4, 4, 4, 4, 4, 4, 4, 4, 4, 4, 4, 4, 4, 4, 4, 4, 4, 4, 4, 4, 4, 4, 4, 4, 4, 4, 4, 4, 4, 4, 4, 4, 4, 4, 4, 4, 4, 4, 4, 4, 4, 4, 4, 4, 4, 4, 4, 4, 4, 4, 4, 4, 4, 4, 4, 4], "target_tokens": ["[IN:CREATE_REMINDER", "[SL:PERSON_REMINDED", "@ptr2", "SL:PERSON_REMINDED]", "[SL:TODO", "@ptr3", "@ptr4", "@ptr5", "@ptr6", "@ptr7", "@ptr8", "@ptr9", "SL:TODO]", "[SL:DATE_TIME", "@ptr10", "@ptr11", "@ptr12", "@ptr13", "SL:DATE_TIME]", "IN:CREATE_REMINDER]"], "predicted_tokens": ["[IN:CREATE_REMINDER", "[SL:PERSON_REMINDED", "@ptr2", "SL:PERSON_REMINDED]", "[SL:TODO", "[IN:GET_TODO", "[SL:TODO", "@ptr4", "@ptr5", "@ptr6", "@ptr7", "@ptr8", "@ptr9", "SL:TODO]", "[SL:DATE_TIME", "@ptr11", "@ptr12", "@ptr13", "SL:DATE_TIME]", "IN:CREATE_REMINDER]"]}
{"loss": 4.417994499206543, "class_log_probabilities": [-5.688963890075684, -6.764059543609619, -7.396063327789307, -9.581363677978516], "predictions": [111, 34, 396, 35, 16, 398, 399, 17, 36, 401, 37, 112, 4, 4, 4, 4, 4, 4, 4, 4, 4], "target_tokens": ["[IN:CREATE_REMINDER", "[SL:PERSON_REMINDED", "@ptr1", "SL:PERSON_REMINDED]", "[SL:DATE_TIME", "@ptr3", "SL:DATE_TIME]", "[SL:TODO", "@ptr5", "@ptr6", "@ptr7", "@ptr8", "@ptr9", "@ptr10", "@ptr11", "@ptr12", "@ptr13", "@ptr14", "@ptr15", "@ptr16", "@ptr17", "@ptr18", "@ptr19", "@ptr20", "@ptr21", "@ptr22", "@ptr23", "@ptr24", "@ptr25", "@ptr26", "@ptr27", "SL:TODO]", "IN:CREATE_REMINDER]"], "predicted_tokens": ["[IN:UPDATE_REMINDER_DATE_TIME", "[SL:PERSON_REMINDED", "@ptr1", "SL:PERSON_REMINDED]", "[SL:DATE_TIME", "@ptr3", "@ptr4", "SL:DATE_TIME]", "[SL:TODO", "@ptr6", "SL:TODO]", "IN:UPDATE_REMINDER_DATE_TIME]"]}
{"loss": 1.2882874011993408, "class_log_probabilities": [-15.345528602600098, -18.746826171875, -24.932527542114258, -50.673828125], "predictions": [49, 34, 397, 35, 36, 399, 400, 401, 402, 403, 404, 405, 406, 407, 37, 16, 408, 408, 408, 408, 408, 408, 408, 408, 408, 408, 408, 408, 408, 408, 408, 408, 408, 408, 408, 408, 17, 50, 4, 4, 4, 4, 4, 4, 4, 4, 4, 4, 4, 4, 4, 4, 4, 4, 4, 4, 4, 4, 4, 4, 4, 4, 4, 4, 4, 4, 4, 4, 4, 4, 4, 4, 4, 4, 4, 4, 4, 4, 4, 4, 4, 4, 4, 4, 4, 4, 4, 4, 4, 4, 4, 4, 4, 4, 4, 4, 4, 4, 4, 4], "target_tokens": ["[IN:CREATE_REMINDER", "[SL:PERSON_REMINDED", "@ptr2", "SL:PERSON_REMINDED]", "[SL:TODO", "@ptr4", "@ptr5", "@ptr6", "@ptr7", "@ptr8", "@ptr9", "@ptr10", "@ptr11", "@ptr12", "SL:TODO]", "[SL:DATE_TIME", "@ptr13", "@ptr14", "SL:DATE_TIME]", "IN:CREATE_REMINDER]"], "predicted_tokens": ["[IN:CREATE_REMINDER", "[SL:PERSON_REMINDED", "@ptr2", "SL:PERSON_REMINDED]", "[SL:TODO", "@ptr4", "@ptr5", "@ptr6", "@ptr7", "@ptr8", "@ptr9", "@ptr10", "@ptr11", "@ptr12", "SL:TODO]", "[SL:DATE_TIME", "@ptr13", "@ptr13", "@ptr13", "@ptr13", "@ptr13", "@ptr13", "@ptr13", "@ptr13", "@ptr13", "@ptr13", "@ptr13", "@ptr13", "@ptr13", "@ptr13", "@ptr13", "@ptr13", "@ptr13", "@ptr13", "@ptr13", "@ptr13", "SL:DATE_TIME]", "IN:CREATE_REMINDER]"]}
{"loss": 1.1878751516342163, "class_log_probabilities": [-2.222869634628296, -2.2723758220672607, -2.4124553203582764, -3.321890115737915], "predictions": [47, 34, 398, 35, 16, 401, 17, 48, 4, 4, 4], "target_tokens": ["[IN:GET_REMINDER", "[SL:PERSON_REMINDED", "@ptr3", "SL:PERSON_REMINDED]", "[SL:DATE_TIME", "@ptr6", "@ptr7", "SL:DATE_TIME]", "IN:GET_REMINDER]"], "predicted_tokens": ["[IN:GET_REMINDER", "[SL:PERSON_REMINDED", "@ptr3", "SL:PERSON_REMINDED]", "[SL:DATE_TIME", "@ptr6", "SL:DATE_TIME]", "IN:GET_REMINDER]"]}
{"loss": 2.2678096294403076, "class_log_probabilities": [-5.879026412963867, -6.215022087097168, -29.5766544342041, -31.089252471923828], "predictions": [47, 36, 143, 36, 399, 400, 401, 402, 403, 404, 37, 34, 406, 17, 50, 4, 4, 4, 4, 4, 4, 4, 4, 4, 4, 4, 4, 4, 4, 4, 4, 4, 4, 4, 4, 4, 4, 4, 4, 4, 4, 4, 4, 4, 4, 4, 4, 4, 4, 4, 4, 4, 4, 4, 4, 4, 4, 4, 4, 4, 4, 4, 4, 4, 4, 4, 4, 4, 4, 4, 4, 4, 4, 4, 4, 4, 4, 4, 4, 4, 4, 4, 4, 4, 4, 4, 4, 4, 4, 4, 4, 4, 4, 4, 4, 4, 4, 4, 4, 4], "target_tokens": ["[IN:DELETE_REMINDER", "[SL:TODO", "@ptr5", "@ptr6", "@ptr7", "@ptr8", "@ptr9", "@ptr10", "SL:TODO]", "[SL:DATE_TIME", "@ptr11", "@ptr12", "SL:DATE_TIME]", "IN:DELETE_REMINDER]"], "predicted_tokens": ["[IN:GET_REMINDER", "[SL:TODO", "[IN:GET_TODO", "[SL:TODO", "@ptr4", "@ptr5", "@ptr6", "@ptr7", "@ptr8", "@ptr9", "SL:TODO]", "[SL:PERSON_REMINDED", "@ptr11", "SL:DATE_TIME]", "IN:CREATE_REMINDER]"]}
{"loss": 1.3636564016342163, "class_log_probabilities": [-3.6437861919403076, -4.413997650146484, -5.84822416305542, -5.867834568023682], "predictions": [163, 34, 399, 35, 36, 402, 403, 404, 405, 406, 37, 164, 4, 4], "target_tokens": ["[IN:CREATE_REMINDER", "[SL:PERSON_REMINDED", "@ptr4", "SL:PERSON_REMINDED]", "[SL:TODO", "@ptr7", "@ptr8", "@ptr9", "@ptr10", "@ptr11", "@ptr12", "SL:TODO]", "IN:CREATE_REMINDER]"], "predicted_tokens": ["[IN:UPDATE_REMINDER_TODO", "[SL:PERSON_REMINDED", "@ptr4", "SL:PERSON_REMINDED]", "[SL:TODO", "@ptr7", "@ptr8", "@ptr9", "@ptr10", "@ptr11", "SL:TODO]", "IN:UPDATE_REMINDER_TODO]"]}
{"loss": 2.9483001232147217, "class_log_probabilities": [-6.527413368225098, -6.978744029998779, -7.08942985534668, -7.964270114898682], "predictions": [49, 34, 397, 35, 36, 399, 400, 401, 402, 403, 404, 405, 37, 16, 407, 17, 50, 4, 4], "target_tokens": ["[IN:CREATE_REMINDER", "[SL:PERSON_REMINDED", "@ptr2", "SL:PERSON_REMINDED]", "[SL:TODO", "[IN:GET_TODO", "[SL:TODO", "@ptr4", "@ptr5", "@ptr6", "@ptr7", "@ptr8", "@ptr12", "SL:TODO]", "[SL:DATE_TIME", "@ptr13", "SL:DATE_TIME]", "[SL:LOCATION", "[IN:GET_LOCATION", "[SL:TYPE_RELATION", "@ptr10", "SL:TYPE_RELATION]", "IN:GET_LOCATION]", "SL:LOCATION]", "IN:GET_TODO]", "SL:TODO]", "IN:CREATE_REMINDER]"], "predicted_tokens": ["[IN:CREATE_REMINDER", "[SL:PERSON_REMINDED", "@ptr2", "SL:PERSON_REMINDED]", "[SL:TODO", "@ptr4", "@ptr5", "@ptr6", "@ptr7", "@ptr8", "@ptr9", "@ptr10", "SL:TODO]", "[SL:DATE_TIME", "@ptr12", "SL:DATE_TIME]", "IN:CREATE_REMINDER]"]}
{"loss": 3.0328385829925537, "class_log_probabilities": [-3.196441411972046, -3.8160743713378906, -5.861788272857666, -11.6488037109375], "predictions": [49, 34, 397, 35, 36, 399, 400, 401, 402, 403, 404, 405, 37, 16, 406, 17, 50, 4, 4, 4, 4, 4, 4, 4, 4, 4, 4, 4], "target_tokens": ["[IN:CREATE_REMINDER", "[SL:PERSON_REMINDED", "@ptr2", "SL:PERSON_REMINDED]", "[SL:TODO", "[IN:GET_TODO", "[SL:TODO", "@ptr3", "@ptr4", "SL:TODO]", "[SL:DATE_TIME", "@ptr9", "@ptr10", "SL:DATE_TIME]", "[SL:TODO", "@ptr6", "@ptr7", "@ptr8", "SL:TODO]", "[SL:ATTENDEE", "@ptr11", "@ptr12", "SL:ATTENDEE]", "IN:GET_TODO]", "SL:TODO]", "IN:CREATE_REMINDER]"], "predicted_tokens": ["[IN:CREATE_REMINDER", "[SL:PERSON_REMINDED", "@ptr2", "SL:PERSON_REMINDED]", "[SL:TODO", "@ptr4", "@ptr5", "@ptr6", "@ptr7", "@ptr8", "@ptr9", "@ptr10", "SL:TODO]", "[SL:DATE_TIME", "@ptr11", "SL:DATE_TIME]", "IN:CREATE_REMINDER]"]}
{"loss": 1.1576699018478394, "class_log_probabilities": [-0.9808046221733093, -2.52921199798584, -3.0564141273498535, -4.484540939331055], "predictions": [47, 34, 397, 35, 16, 400, 401, 17, 48, 4, 4, 4], "target_tokens": ["[IN:GET_REMINDER", "[SL:PERSON_REMINDED", "@ptr2", "SL:PERSON_REMINDED]", "[SL:DATE_TIME", "@ptr4", "@ptr5", "@ptr6", "SL:DATE_TIME]", "IN:GET_REMINDER]"], "predicted_tokens": ["[IN:GET_REMINDER", "[SL:PERSON_REMINDED", "@ptr2", "SL:PERSON_REMINDED]", "[SL:DATE_TIME", "@ptr5", "@ptr6", "SL:DATE_TIME]", "IN:GET_REMINDER]"]}
{"loss": 1.0112080574035645, "class_log_probabilities": [-0.83625727891922, -2.9020042419433594, -4.444351673126221, -4.9832611083984375], "predictions": [49, 34, 397, 35, 36, 399, 400, 401, 37, 16, 402, 403, 404, 17, 50, 4, 4], "target_tokens": ["[IN:CREATE_REMINDER", "[SL:PERSON_REMINDED", "@ptr2", "SL:PERSON_REMINDED]", "[SL:TODO", "@ptr4", "@ptr5", "@ptr6", "SL:TODO]", "[SL:DATE_TIME", "@ptr7", "@ptr8", "@ptr9", "SL:DATE_TIME]", "IN:CREATE_REMINDER]"], "predicted_tokens": ["[IN:CREATE_REMINDER", "[SL:PERSON_REMINDED", "@ptr2", "SL:PERSON_REMINDED]", "[SL:TODO", "@ptr4", "@ptr5", "@ptr6", "SL:TODO]", "[SL:DATE_TIME", "@ptr7", "@ptr8", "@ptr9", "SL:DATE_TIME]", "IN:CREATE_REMINDER]"]}
{"loss": 2.4879369735717773, "class_log_probabilities": [-4.7108659744262695, -4.985099792480469, -6.261695384979248, -6.4734063148498535], "predictions": [49, 36, 400, 401, 37, 16, 403, 404, 405, 406, 17, 50, 4, 4], "target_tokens": ["[IN:UPDATE_REMINDER_DATE_TIME", "[SL:TODO", "@ptr6", "@ptr7", "SL:TODO]", "[SL:DATE_TIME", "@ptr8", "@ptr9", "SL:DATE_TIME]", "[SL:DATE_TIME", "@ptr10", "@ptr11", "SL:DATE_TIME]", "IN:UPDATE_REMINDER_DATE_TIME]"], "predicted_tokens": ["[IN:CREATE_REMINDER", "[SL:TODO", "@ptr5", "@ptr6", "SL:TODO]", "[SL:DATE_TIME", "@ptr8", "@ptr9", "@ptr10", "@ptr11", "SL:DATE_TIME]", "IN:CREATE_REMINDER]"]}
{"loss": 1.4818207025527954, "class_log_probabilities": [-3.5499677658081055, -3.6797103881835938, -3.974605083465576, -4.212095260620117], "predictions": [49, 34, 397, 35, 36, 75, 6, 70, 93, 401, 94, 71, 401, 72, 73, 7, 78, 37, 16, 403, 404, 17, 50, 4], "target_tokens": ["[IN:CREATE_REMINDER", "[SL:PERSON_REMINDED", "@ptr2", "SL:PERSON_REMINDED]", "[SL:TODO", "[IN:CREATE_CALL", "[SL:CONTACT", "[IN:GET_CONTACT", "[SL:CONTACT_RELATED", "@ptr5", "SL:CONTACT_RELATED]", "[SL:TYPE_RELATION", "@ptr6", "SL:TYPE_RELATION]", "IN:GET_CONTACT]", "SL:CONTACT]", "IN:CREATE_CALL]", "SL:TODO]", "[SL:DATE_TIME", "@ptr7", "@ptr8", "SL:DATE_TIME]", "IN:CREATE_REMINDER]"], "predicted_tokens": ["[IN:CREATE_REMINDER", "[SL:PERSON_REMINDED", "@ptr2", "SL:PERSON_REMINDED]", "[SL:TODO", "[IN:CREATE_CALL", "[SL:CONTACT", "[IN:GET_CONTACT", "[SL:CONTACT_RELATED", "@ptr6", "SL:CONTACT_RELATED]", "[SL:TYPE_RELATION", "@ptr6", "SL:TYPE_RELATION]", "IN:GET_CONTACT]", "SL:CONTACT]", "IN:CREATE_CALL]", "SL:TODO]", "[SL:DATE_TIME", "@ptr8", "@ptr9", "SL:DATE_TIME]", "IN:CREATE_REMINDER]"]}
{"loss": 1.090673565864563, "class_log_probabilities": [-2.8571372032165527, -2.9109389781951904, -3.491389274597168, -55.07398986816406], "predictions": [49, 34, 397, 35, 16, 398, 399, 17, 36, 401, 402, 403, 404, 405, 406, 407, 408, 37, 50, 4, 4, 4, 4, 4, 4, 4, 4, 4, 4, 4, 4, 4, 4, 4, 4, 4, 4, 4, 4, 4, 4, 4, 4, 4, 4, 4, 4, 4, 4, 4, 4, 4, 4, 4, 4, 4, 4, 4, 4, 4, 4, 4, 4, 4, 4, 4, 4, 4, 4, 4, 4, 4, 4, 4, 4, 4, 4, 4, 4, 4, 4, 4, 4, 4, 4, 4, 4, 4, 4, 4, 4, 4, 4, 4, 4, 4, 4, 4, 4, 4], "target_tokens": ["[IN:CREATE_REMINDER", "[SL:PERSON_REMINDED", "@ptr2", "SL:PERSON_REMINDED]", "[SL:DATE_TIME", "@ptr3", "@ptr4", "SL:DATE_TIME]", "[SL:TODO", "@ptr6", "@ptr7", "@ptr8", "@ptr9", "@ptr10", "@ptr11", "@ptr12", "SL:TODO]", "IN:CREATE_REMINDER]"], "predicted_tokens": ["[IN:CREATE_REMINDER", "[SL:PERSON_REMINDED", "@ptr2", "SL:PERSON_REMINDED]", "[SL:DATE_TIME", "@ptr3", "@ptr4", "SL:DATE_TIME]", "[SL:TODO", "@ptr6", "@ptr7", "@ptr8", "@ptr9", "@ptr10", "@ptr11", "@ptr12", "@ptr13", "SL:TODO]", "IN:CREATE_REMINDER]"]}
{"loss": 1.0404102802276611, "class_log_probabilities": [-1.4128764867782593, -1.6257257461547852, -5.074163436889648, -5.081818580627441], "predictions": [47, 34, 397, 35, 36, 401, 37, 16, 402, 403, 404, 17, 48, 4], "target_tokens": ["[IN:GET_REMINDER", "[SL:PERSON_REMINDED", "@ptr2", "SL:PERSON_REMINDED]", "[SL:TODO", "@ptr6", "SL:TODO]", "[SL:DATE_TIME", "@ptr7", "@ptr8", "@ptr9", "SL:DATE_TIME]", "IN:GET_REMINDER]"], "predicted_tokens": ["[IN:GET_REMINDER", "[SL:PERSON_REMINDED", "@ptr2", "SL:PERSON_REMINDED]", "[SL:TODO", "@ptr6", "SL:TODO]", "[SL:DATE_TIME", "@ptr7", "@ptr8", "@ptr9", "SL:DATE_TIME]", "IN:GET_REMINDER]"]}
{"loss": 1.5871379375457764, "class_log_probabilities": [-5.03041934967041, -47.983741760253906, -49.54778289794922, -49.815303802490234], "predictions": [49, 34, 397, 35, 16, 398, 399, 400, 401, 17, 36, 403, 404, 405, 406, 407, 409, 411, 37, 50, 4, 4, 4, 4, 4, 4, 4, 4, 4, 4, 4, 4, 4, 4, 4, 4, 4, 4, 4, 4, 4, 4, 4, 4, 4, 4, 4, 4, 4, 4, 4, 4, 4, 4, 4, 4, 4, 4, 4, 4, 4, 4, 4, 4, 4, 4, 4, 4, 4, 4, 4, 4, 4, 4, 4, 4, 4, 4, 4, 4, 4, 4, 4, 4, 4, 4, 4, 4, 4, 4, 4, 4, 4, 4, 4, 4, 4, 4, 4, 4], "target_tokens": ["[IN:CREATE_REMINDER", "[SL:PERSON_REMINDED", "@ptr2", "SL:PERSON_REMINDED]", "[SL:DATE_TIME", "@ptr3", "@ptr4", "@ptr5", "@ptr6", "SL:DATE_TIME]", "[SL:TODO", "@ptr8", "@ptr9", "@ptr10", "@ptr11", "@ptr12", "@ptr13", "@ptr14", "@ptr15", "@ptr16", "@ptr17", "@ptr18", "@ptr19", "SL:TODO]", "IN:CREATE_REMINDER]"], "predicted_tokens": ["[IN:CREATE_REMINDER", "[SL:PERSON_REMINDED", "@ptr2", "SL:PERSON_REMINDED]", "[SL:DATE_TIME", "@ptr3", "@ptr4", "@ptr5", "@ptr6", "SL:DATE_TIME]", "[SL:TODO", "@ptr8", "@ptr9", "@ptr10", "@ptr11", "@ptr12", "@ptr14", "@ptr16", "SL:TODO]", "IN:CREATE_REMINDER]"]}
{"loss": 1.257684350013733, "class_log_probabilities": [-1.0834717750549316, -2.988960027694702, -3.880438804626465, -4.263855934143066], "predictions": [49, 34, 397, 35, 36, 399, 400, 401, 37, 16, 402, 403, 17, 50, 4, 4, 4], "target_tokens": ["[IN:CREATE_REMINDER", "[SL:PERSON_REMINDED", "@ptr2", "SL:PERSON_REMINDED]", "[SL:TODO", "@ptr4", "@ptr5", "@ptr6", "SL:TODO]", "[SL:DATE_TIME", "@ptr8", "SL:DATE_TIME]", "IN:CREATE_REMINDER]"], "predicted_tokens": ["[IN:CREATE_REMINDER", "[SL:PERSON_REMINDED", "@ptr2", "SL:PERSON_REMINDED]", "[SL:TODO", "@ptr4", "@ptr5", "@ptr6", "SL:TODO]", "[SL:DATE_TIME", "@ptr7", "@ptr8", "SL:DATE_TIME]", "IN:CREATE_REMINDER]"]}
{"loss": 1.639815330505371, "class_log_probabilities": [-4.244001865386963, -4.315171718597412, -4.633881568908691, -5.781345844268799], "predictions": [49, 36, 401, 37, 36, 402, 403, 404, 405, 406, 407, 412, 17, 50, 4, 4], "target_tokens": ["[IN:CREATE_REMINDER", "[SL:TODO", "@ptr7", "@ptr8", "@ptr9", "@ptr10", "@ptr11", "@ptr12", "@ptr13", "@ptr14", "SL:TODO]", "[SL:DATE_TIME", "@ptr16", "@ptr17", "@ptr18", "SL:DATE_TIME]", "IN:CREATE_REMINDER]"], "predicted_tokens": ["[IN:CREATE_REMINDER", "[SL:TODO", "@ptr6", "SL:TODO]", "[SL:TODO", "@ptr7", "@ptr8", "@ptr9", "@ptr10", "@ptr11", "@ptr12", "@ptr17", "SL:DATE_TIME]", "IN:CREATE_REMINDER]"]}
{"loss": 2.6958491802215576, "class_log_probabilities": [-4.878450393676758, -4.899398326873779, -5.137310028076172, -5.313565731048584], "predictions": [49, 36, 75, 6, 401, 7, 78, 37, 16, 402, 403, 404, 17, 50, 4], "target_tokens": ["[IN:CREATE_REMINDER", "[SL:TODO", "@ptr5", "@ptr6", "SL:TODO]", "[SL:DATE_TIME", "@ptr7", "@ptr8", "@ptr9", "SL:DATE_TIME]", "IN:CREATE_REMINDER]"], "predicted_tokens": ["[IN:CREATE_REMINDER", "[SL:TODO", "[IN:CREATE_CALL", "[SL:CONTACT", "@ptr6", "SL:CONTACT]", "IN:CREATE_CALL]", "SL:TODO]", "[SL:DATE_TIME", "@ptr7", "@ptr8", "@ptr9", "SL:DATE_TIME]", "IN:CREATE_REMINDER]"]}
{"loss": 1.780205488204956, "class_log_probabilities": [-1.7924708127975464, -2.330681324005127, -3.1951916217803955, -4.0759406089782715], "predictions": [33, 36, 399, 400, 37, 16, 401, 402, 403, 17, 38, 4, 4], "target_tokens": ["[IN:DELETE_REMINDER", "[SL:TODO", "@ptr5", "SL:TODO]", "[SL:DATE_TIME", "@ptr6", "@ptr7", "@ptr8", "SL:DATE_TIME]", "IN:DELETE_REMINDER]"], "predicted_tokens": ["[IN:DELETE_REMINDER", "[SL:TODO", "@ptr4", "@ptr5", "SL:TODO]", "[SL:DATE_TIME", "@ptr6", "@ptr7", "@ptr8", "SL:DATE_TIME]", "IN:DELETE_REMINDER]"]}
{"loss": 0.9913309216499329, "class_log_probabilities": [-0.6250091195106506, -4.181285858154297, -4.451540946960449, -4.764402389526367], "predictions": [33, 36, 399, 400, 37, 16, 401, 402, 17, 38, 4, 4], "target_tokens": ["[IN:DELETE_REMINDER", "[SL:TODO", "@ptr4", "@ptr5", "SL:TODO]", "[SL:DATE_TIME", "@ptr6", "@ptr7", "SL:DATE_TIME]", "IN:DELETE_REMINDER]"], "predicted_tokens": ["[IN:DELETE_REMINDER", "[SL:TODO", "@ptr4", "@ptr5", "SL:TODO]", "[SL:DATE_TIME", "@ptr6", "@ptr7", "SL:DATE_TIME]", "IN:DELETE_REMINDER]"]}
{"loss": 1.2340296506881714, "class_log_probabilities": [-2.772660493850708, -3.095400810241699, -4.253935813903809, -5.144313812255859], "predictions": [49, 36, 143, 36, 400, 37, 16, 402, 403, 404, 17, 34, 406, 35, 50, 4, 4, 4, 4, 4], "target_tokens": ["[IN:CREATE_REMINDER", "[SL:TODO", "[IN:GET_TODO", "[SL:TODO", "@ptr5", "@ptr6", "SL:TODO]", "[SL:DATE_TIME", "@ptr7", "@ptr8", "@ptr9", "SL:DATE_TIME]", "IN:GET_TODO]", "SL:TODO]", "[SL:PERSON_REMINDED", "@ptr11", "SL:PERSON_REMINDED]", "IN:CREATE_REMINDER]"], "predicted_tokens": ["[IN:CREATE_REMINDER", "[SL:TODO", "[IN:GET_TODO", "[SL:TODO", "@ptr5", "SL:TODO]", "[SL:DATE_TIME", "@ptr7", "@ptr8", "@ptr9", "SL:DATE_TIME]", "[SL:PERSON_REMINDED", "@ptr11", "SL:PERSON_REMINDED]", "IN:CREATE_REMINDER]"]}
{"loss": 1.0695117712020874, "class_log_probabilities": [-1.9659024477005005, -2.2982325553894043, -4.289323329925537, -4.358362197875977], "predictions": [49, 36, 75, 6, 400, 7, 78, 37, 16, 401, 402, 17, 50, 4], "target_tokens": ["[IN:CREATE_REMINDER", "[SL:TODO", "[IN:CREATE_CALL", "[SL:CONTACT", "@ptr5", "SL:CONTACT]", "IN:CREATE_CALL]", "SL:TODO]", "[SL:DATE_TIME", "@ptr6", "@ptr7", "SL:DATE_TIME]", "IN:CREATE_REMINDER]"], "predicted_tokens": ["[IN:CREATE_REMINDER", "[SL:TODO", "[IN:CREATE_CALL", "[SL:CONTACT", "@ptr5", "SL:CONTACT]", "IN:CREATE_CALL]", "SL:TODO]", "[SL:DATE_TIME", "@ptr6", "@ptr7", "SL:DATE_TIME]", "IN:CREATE_REMINDER]"]}
{"loss": 2.1122493743896484, "class_log_probabilities": [-1.3184058666229248, -2.0307111740112305, -4.191643714904785, -4.589539527893066], "predictions": [33, 36, 399, 400, 401, 402, 403, 404, 37, 38, 4, 4], "target_tokens": ["[IN:DELETE_REMINDER", "[SL:TODO", "@ptr5", "@ptr6", "@ptr7", "@ptr8", "@ptr9", "SL:TODO]", "IN:DELETE_REMINDER]"], "predicted_tokens": ["[IN:DELETE_REMINDER", "[SL:TODO", "@ptr4", "@ptr5", "@ptr6", "@ptr7", "@ptr8", "@ptr9", "SL:TODO]", "IN:DELETE_REMINDER]"]}
{"loss": 1.2828233242034912, "class_log_probabilities": [-2.357961416244507, -2.404374122619629, -3.084935426712036, -3.4568088054656982], "predictions": [49, 34, 397, 35, 36, 399, 37, 16, 401, 402, 17, 50, 4], "target_tokens": ["[IN:CREATE_REMINDER", "[SL:PERSON_REMINDED", "@ptr2", "SL:PERSON_REMINDED]", "[SL:TODO", "@ptr4", "SL:TODO]", "[SL:DATE_TIME", "@ptr5", "@ptr6", "@ptr7", "SL:DATE_TIME]", "IN:CREATE_REMINDER]"], "predicted_tokens": ["[IN:CREATE_REMINDER", "[SL:PERSON_REMINDED", "@ptr2", "SL:PERSON_REMINDED]", "[SL:TODO", "@ptr4", "SL:TODO]", "[SL:DATE_TIME", "@ptr6", "@ptr7", "SL:DATE_TIME]", "IN:CREATE_REMINDER]"]}
{"loss": 2.234449863433838, "class_log_probabilities": [-7.914274215698242, -65.66880798339844, -65.83836364746094, -66.11234283447266], "predictions": [49, 16, 398, 17, 34, 400, 35, 36, 75, 6, 407, 408, 409, 7, 78, 37, 50, 4, 4, 4, 4, 4, 4, 4, 4, 4, 4, 4, 4, 4, 4, 4, 4, 4, 4, 4, 4, 4, 4, 4, 4, 4, 4, 4, 4, 4, 4, 4, 4, 4, 4, 4, 4, 4, 4, 4, 4, 4, 4, 4, 4, 4, 4, 4, 4, 4, 4, 4, 4, 4, 4, 4, 4, 4, 4, 4, 4, 4, 4, 4, 4, 4, 4, 4, 4, 4, 4, 4, 4, 4, 4, 4, 4, 4, 4, 4, 4, 4, 4, 4], "target_tokens": ["[IN:CREATE_REMINDER", "[SL:DATE_TIME", "@ptr3", "SL:DATE_TIME]", "[SL:PERSON_REMINDED", "@ptr5", "SL:PERSON_REMINDED]", "[SL:TODO", "[IN:GET_TODO", "[SL:TODO", "[IN:CREATE_CALL", "[SL:CONTACT", "@ptr8", "SL:CONTACT]", "IN:CREATE_CALL]", "SL:TODO]", "[SL:TODO", "@ptr9", "@ptr10", "@ptr11", "@ptr12", "@ptr13", "@ptr14", "SL:TODO]", "[SL:DATE_TIME", "@ptr15", "SL:DATE_TIME]", "IN:GET_TODO]", "SL:TODO]", "IN:CREATE_REMINDER]"], "predicted_tokens": ["[IN:CREATE_REMINDER", "[SL:DATE_TIME", "@ptr3", "SL:DATE_TIME]", "[SL:PERSON_REMINDED", "@ptr5", "SL:PERSON_REMINDED]", "[SL:TODO", "[IN:CREATE_CALL", "[SL:CONTACT", "@ptr12", "@ptr13", "@ptr14", "SL:CONTACT]", "IN:CREATE_CALL]", "SL:TODO]", "IN:CREATE_REMINDER]"]}
{"loss": 1.8027631044387817, "class_log_probabilities": [-6.922717571258545, -6.958523750305176, -7.001847267150879, -7.750535011291504], "predictions": [49, 36, 143, 36, 398, 37, 36, 399, 400, 401, 37, 16, 403, 404, 405, 406, 17, 50, 4], "target_tokens": ["[IN:CREATE_REMINDER", "[SL:TODO", "@ptr3", "@ptr4", "@ptr5", "@ptr6", "@ptr7", "SL:TODO]", "[SL:DATE_TIME", "@ptr8", "@ptr9", "@ptr10", "@ptr11", "@ptr12", "SL:DATE_TIME]", "IN:CREATE_REMINDER]"], "predicted_tokens": ["[IN:CREATE_REMINDER", "[SL:TODO", "[IN:GET_TODO", "[SL:TODO", "@ptr3", "SL:TODO]", "[SL:TODO", "@ptr4", "@ptr5", "@ptr6", "SL:TODO]", "[SL:DATE_TIME", "@ptr8", "@ptr9", "@ptr10", "@ptr11", "SL:DATE_TIME]", "IN:CREATE_REMINDER]"]}
{"loss": 1.4447075128555298, "class_log_probabilities": [-2.854916572570801, -3.115527629852295, -3.461500883102417, -52.90906524658203], "predictions": [49, 34, 397, 35, 36, 399, 400, 401, 402, 403, 404, 37, 16, 406, 407, 17, 50, 4, 4, 4, 4, 4, 4, 4, 4, 4, 4, 4, 4, 4, 4, 4, 4, 4, 4, 4, 4, 4, 4, 4, 4, 4, 4, 4, 4, 4, 4, 4, 4, 4, 4, 4, 4, 4, 4, 4, 4, 4, 4, 4, 4, 4, 4, 4, 4, 4, 4, 4, 4, 4, 4, 4, 4, 4, 4, 4, 4, 4, 4, 4, 4, 4, 4, 4, 4, 4, 4, 4, 4, 4, 4, 4, 4, 4, 4, 4, 4, 4, 4, 4], "target_tokens": ["[IN:CREATE_REMINDER", "[SL:PERSON_REMINDED", "@ptr2", "SL:PERSON_REMINDED]", "[SL:TODO", "@ptr4", "@ptr5", "@ptr6", "@ptr7", "@ptr8", "@ptr9", "SL:TODO]", "[SL:DATE_TIME", "@ptr10", "@ptr11", "@ptr12", "@ptr13", "SL:DATE_TIME]", "IN:CREATE_REMINDER]"], "predicted_tokens": ["[IN:CREATE_REMINDER", "[SL:PERSON_REMINDED", "@ptr2", "SL:PERSON_REMINDED]", "[SL:TODO", "@ptr4", "@ptr5", "@ptr6", "@ptr7", "@ptr8", "@ptr9", "SL:TODO]", "[SL:DATE_TIME", "@ptr11", "@ptr12", "SL:DATE_TIME]", "IN:CREATE_REMINDER]"]}
{"loss": 1.2204087972640991, "class_log_probabilities": [-1.0095984935760498, -3.9806737899780273, -4.035492420196533, -4.702643394470215], "predictions": [49, 36, 399, 37, 16, 401, 402, 403, 17, 50, 4, 4, 4], "target_tokens": ["[IN:CREATE_REMINDER", "[SL:TODO", "@ptr4", "@ptr5", "SL:TODO]", "[SL:DATE_TIME", "@ptr6", "@ptr7", "@ptr8", "SL:DATE_TIME]", "IN:CREATE_REMINDER]"], "predicted_tokens": ["[IN:CREATE_REMINDER", "[SL:TODO", "@ptr4", "SL:TODO]", "[SL:DATE_TIME", "@ptr6", "@ptr7", "@ptr8", "SL:DATE_TIME]", "IN:CREATE_REMINDER]"]}
{"loss": 2.8847599029541016, "class_log_probabilities": [-4.976327419281006, -5.333579063415527, -8.342331886291504, -8.522247314453125], "predictions": [89, 34, 396, 35, 36, 401, 402, 403, 404, 405, 37, 18, 4, 4, 4], "target_tokens": ["[IN:CREATE_REMINDER", "[SL:PERSON_REMINDED", "@ptr1", "SL:PERSON_REMINDED]", "[SL:TODO", "@ptr6", "@ptr7", "@ptr8", "@ptr9", "@ptr10", "@ptr11", "@ptr12", "@ptr13", "@ptr14", "@ptr15", "@ptr16", "@ptr17", "@ptr18", "@ptr19", "@ptr20", "@ptr21", "SL:TODO]", "IN:CREATE_REMINDER]"], "predicted_tokens": ["[IN:CREATE_TIMER", "[SL:PERSON_REMINDED", "@ptr1", "SL:PERSON_REMINDED]", "[SL:TODO", "@ptr6", "@ptr7", "@ptr8", "@ptr9", "@ptr10", "SL:TODO]", "IN:GET_WEATHER]"]}
{"loss": 1.3376898765563965, "class_log_probabilities": [-1.3575456142425537, -3.5669026374816895, -3.7152152061462402, -4.025359630584717], "predictions": [49, 34, 397, 35, 36, 399, 400, 401, 402, 403, 404, 37, 50, 4, 4, 4, 4], "target_tokens": ["[IN:CREATE_REMINDER", "[SL:PERSON_REMINDED", "@ptr2", "SL:PERSON_REMINDED]", "[SL:TODO", "@ptr4", "@ptr5", "@ptr6", "@ptr7", "@ptr8", "@ptr9", "@ptr10", "@ptr11", "SL:TODO]", "IN:CREATE_REMINDER]"], "predicted_tokens": ["[IN:CREATE_REMINDER", "[SL:PERSON_REMINDED", "@ptr2", "SL:PERSON_REMINDED]", "[SL:TODO", "@ptr4", "@ptr5", "@ptr6", "@ptr7", "@ptr8", "@ptr9", "SL:TODO]", "IN:CREATE_REMINDER]"]}
{"loss": 1.0578832626342773, "class_log_probabilities": [-1.9761801958084106, -2.01660418510437, -2.6459035873413086, -4.156016826629639], "predictions": [49, 34, 397, 35, 36, 399, 400, 401, 402, 403, 37, 16, 404, 405, 406, 17, 50, 4], "target_tokens": ["[IN:CREATE_REMINDER", "[SL:PERSON_REMINDED", "@ptr2", "SL:PERSON_REMINDED]", "[SL:TODO", "@ptr4", "@ptr5", "@ptr6", "@ptr7", "@ptr8", "SL:TODO]", "[SL:DATE_TIME", "@ptr9", "@ptr10", "@ptr11", "SL:DATE_TIME]", "IN:CREATE_REMINDER]"], "predicted_tokens": ["[IN:CREATE_REMINDER", "[SL:PERSON_REMINDED", "@ptr2", "SL:PERSON_REMINDED]", "[SL:TODO", "@ptr4", "@ptr5", "@ptr6", "@ptr7", "@ptr8", "SL:TODO]", "[SL:DATE_TIME", "@ptr9", "@ptr10", "@ptr11", "SL:DATE_TIME]", "IN:CREATE_REMINDER]"]}
{"loss": 1.8541886806488037, "class_log_probabilities": [-2.4468300342559814, -2.986476421356201, -3.2030999660491943, -3.420870542526245], "predictions": [49, 34, 398, 35, 36, 401, 402, 403, 404, 405, 406, 407, 37, 16, 408, 17, 50, 4], "target_tokens": ["[IN:CREATE_REMINDER", "[SL:PERSON_REMINDED", "@ptr3", "SL:PERSON_REMINDED]", "[SL:TODO", "@ptr6", "@ptr7", "@ptr8", "@ptr9", "@ptr10", "SL:TODO]", "[SL:DATE_TIME", "@ptr11", "@ptr12", "@ptr13", "SL:DATE_TIME]", "IN:CREATE_REMINDER]"], "predicted_tokens": ["[IN:CREATE_REMINDER", "[SL:PERSON_REMINDED", "@ptr3", "SL:PERSON_REMINDED]", "[SL:TODO", "@ptr6", "@ptr7", "@ptr8", "@ptr9", "@ptr10", "@ptr11", "@ptr12", "SL:TODO]", "[SL:DATE_TIME", "@ptr13", "SL:DATE_TIME]", "IN:CREATE_REMINDER]"]}
{"loss": 2.657959222793579, "class_log_probabilities": [-2.770908832550049, -3.268803834915161, -6.807880878448486, -7.031746864318848], "predictions": [49, 36, 143, 36, 399, 400, 401, 402, 37, 16, 405, 406, 17, 50, 4, 4, 4, 4, 4, 4, 4, 4], "target_tokens": ["[IN:CREATE_REMINDER", "[SL:TODO", "@ptr5", "@ptr6", "@ptr7", "@ptr8", "@ptr9", "SL:TODO]", "[SL:DATE_TIME", "@ptr10", "@ptr11", "SL:DATE_TIME]", "IN:CREATE_REMINDER]"], "predicted_tokens": ["[IN:CREATE_REMINDER", "[SL:TODO", "[IN:GET_TODO", "[SL:TODO", "@ptr4", "@ptr5", "@ptr6", "@ptr7", "SL:TODO]", "[SL:DATE_TIME", "@ptr10", "@ptr11", "SL:DATE_TIME]", "IN:CREATE_REMINDER]"]}
{"loss": 5.946132183074951, "class_log_probabilities": [-3.8691132068634033, -5.754917144775391, -5.831676483154297, -5.9294657707214355], "predictions": [107, 203, 399, 400, 204, 110, 4, 4, 4, 4, 4, 4, 4, 4], "target_tokens": ["[IN:DELETE_REMINDER", "[SL:TODO", "@ptr5", "@ptr6", "@ptr7", "@ptr8", "@ptr9", "@ptr10", "SL:TODO]", "IN:DELETE_REMINDER]"], "predicted_tokens": ["[IN:UPDATE_CALL", "[SL:CONTACT_REMOVED", "@ptr4", "@ptr5", "SL:CONTACT_REMOVED]", "IN:UPDATE_CALL]"]}
{"loss": 1.658989429473877, "class_log_probabilities": [-2.485107183456421, -2.67311954498291, -2.8466796875, -2.96347713470459], "predictions": [49, 34, 398, 35, 36, 399, 400, 401, 402, 403, 404, 37, 16, 405, 406, 17, 50, 4], "target_tokens": ["[IN:CREATE_REMINDER", "[SL:PERSON_REMINDED", "@ptr2", "SL:PERSON_REMINDED]", "[SL:DATE_TIME", "@ptr10", "@ptr11", "SL:DATE_TIME]", "[SL:TODO", "@ptr4", "@ptr5", "@ptr6", "@ptr7", "@ptr8", "@ptr9", "SL:TODO]", "IN:CREATE_REMINDER]"], "predicted_tokens": ["[IN:CREATE_REMINDER", "[SL:PERSON_REMINDED", "@ptr3", "SL:PERSON_REMINDED]", "[SL:TODO", "@ptr4", "@ptr5", "@ptr6", "@ptr7", "@ptr8", "@ptr9", "SL:TODO]", "[SL:DATE_TIME", "@ptr10", "@ptr11", "SL:DATE_TIME]", "IN:CREATE_REMINDER]"]}
{"loss": 1.3337626457214355, "class_log_probabilities": [-5.9427032470703125, -8.026205062866211, -9.772920608520508, -10.261894226074219], "predictions": [49, 36, 143, 36, 397, 37, 36, 398, 399, 37, 34, 404, 35, 50, 4, 4, 4, 4, 4, 4, 4, 4, 4, 4, 4, 4], "target_tokens": ["[IN:CREATE_REMINDER", "[SL:TODO", "[IN:CREATE_CALL", "[SL:CONTACT", "[IN:GET_CONTACT", "[SL:CONTACT_RELATED", "@ptr3", "SL:CONTACT_RELATED]", "[SL:TYPE_RELATION", "@ptr4", "SL:TYPE_RELATION]", "IN:GET_CONTACT]", "SL:CONTACT]", "IN:CREATE_CALL]", "SL:TODO]", "[SL:PERSON_REMINDED", "@ptr9", "SL:PERSON_REMINDED]", "IN:CREATE_REMINDER]"], "predicted_tokens": ["[IN:CREATE_REMINDER", "[SL:TODO", "[IN:GET_TODO", "[SL:TODO", "@ptr2", "SL:TODO]", "[SL:TODO", "@ptr3", "@ptr4", "SL:TODO]", "[SL:PERSON_REMINDED", "@ptr9", "SL:PERSON_REMINDED]", "IN:CREATE_REMINDER]"]}
{"loss": 3.2538132667541504, "class_log_probabilities": [-26.324981689453125, -101.1556625366211, -101.65091705322266, -102.07374572753906], "predictions": [49, 34, 397, 35, 36, 399, 400, 427, 36, 406, 407, 414, 415, 417, 404, 405, 407, 414, 414, 414, 414, 414, 414, 414, 416, 403, 404, 405, 406, 408, 410, 37, 50, 4, 4, 4, 4, 4, 4, 4, 4, 4, 4, 4, 4, 4, 4, 4, 4, 4, 4, 4, 4, 4, 4, 4, 4, 4, 4, 4, 4, 4, 4, 4, 4, 4, 4, 4, 4, 4, 4, 4, 4, 4, 4, 4, 4, 4, 4, 4, 4, 4, 4, 4, 4, 4, 4, 4, 4, 4, 4, 4, 4, 4, 4, 4, 4, 4, 4, 4], "target_tokens": ["[IN:CREATE_REMINDER", "[SL:PERSON_REMINDED", "@ptr2", "SL:PERSON_REMINDED]", "[SL:TODO", "[IN:SEND_MESSAGE", "[SL:METHOD_MESSAGE", "@ptr6", "@ptr7", "@ptr8", "SL:METHOD_MESSAGE]", "[SL:RECIPIENT", "@ptr10", "@ptr11", "SL:RECIPIENT]", "[SL:CONTENT_EXACT", "@ptr15", "@ptr16", "@ptr17", "@ptr18", "@ptr19", "@ptr20", "@ptr21", "@ptr22", "@ptr23", "SL:CONTENT_EXACT]", "IN:SEND_MESSAGE]", "SL:TODO]", "[SL:DATE_TIME", "@ptr24", "@ptr25", "@ptr26", "@ptr27", "SL:DATE_TIME]", "IN:CREATE_REMINDER]"], "predicted_tokens": ["[IN:CREATE_REMINDER", "[SL:PERSON_REMINDED", "@ptr2", "SL:PERSON_REMINDED]", "[SL:TODO", "@ptr4", "@ptr5", "@ptr32", "[SL:TODO", "@ptr11", "@ptr12", "@ptr19", "@ptr20", "@ptr22", "@ptr9", "@ptr10", "@ptr12", "@ptr19", "@ptr19", "@ptr19", "@ptr19", "@ptr19", "@ptr19", "@ptr19", "@ptr21", "@ptr8", "@ptr9", "@ptr10", "@ptr11", "@ptr13", "@ptr15", "SL:TODO]", "IN:CREATE_REMINDER]"]}
{"loss": 2.2495784759521484, "class_log_probabilities": [-3.8526687622070312, -3.967463254928589, -4.668216228485107, -42.38688659667969], "predictions": [49, 34, 397, 35, 36, 400, 401, 402, 403, 37, 16, 404, 17, 50, 4, 4, 4, 4, 4, 4, 4, 4, 4, 4, 4, 4, 4, 4, 4, 4, 4, 4, 4, 4, 4, 4, 4, 4, 4, 4, 4, 4, 4, 4, 4, 4, 4, 4, 4, 4, 4, 4, 4, 4, 4, 4, 4, 4, 4, 4, 4, 4, 4, 4, 4, 4, 4, 4, 4, 4, 4, 4, 4, 4, 4, 4, 4, 4, 4, 4, 4, 4, 4, 4, 4, 4, 4, 4, 4, 4, 4, 4, 4, 4, 4, 4, 4, 4, 4, 4], "target_tokens": ["[IN:CREATE_REMINDER", "[SL:PERSON_REMINDED", "@ptr2", "SL:PERSON_REMINDED]", "[SL:TODO", "[IN:GET_TODO", "[SL:TODO", "@ptr4", "@ptr5", "@ptr6", "SL:TODO]", "[SL:LOCATION", "[IN:GET_LOCATION", "[SL:CONTACT", "@ptr8", "SL:CONTACT]", "IN:GET_LOCATION]", "SL:LOCATION]", "IN:GET_TODO]", "SL:TODO]", "[SL:DATE_TIME", "@ptr9", "@ptr10", "@ptr11", "SL:DATE_TIME]", "IN:CREATE_REMINDER]"], "predicted_tokens": ["[IN:CREATE_REMINDER", "[SL:PERSON_REMINDED", "@ptr2", "SL:PERSON_REMINDED]", "[SL:TODO", "@ptr5", "@ptr6", "@ptr7", "@ptr8", "SL:TODO]", "[SL:DATE_TIME", "@ptr9", "SL:DATE_TIME]", "IN:CREATE_REMINDER]"]}
{"loss": 1.082846760749817, "class_log_probabilities": [-2.2972328662872314, -2.679311513900757, -2.821413516998291, -3.207977533340454], "predictions": [49, 34, 397, 35, 36, 399, 400, 401, 402, 403, 404, 405, 37, 16, 406, 17, 50, 4], "target_tokens": ["[IN:CREATE_REMINDER", "[SL:PERSON_REMINDED", "@ptr2", "SL:PERSON_REMINDED]", "[SL:TODO", "@ptr4", "@ptr5", "@ptr6", "@ptr7", "@ptr8", "@ptr9", "@ptr10", "SL:TODO]", "[SL:DATE_TIME", "@ptr11", "SL:DATE_TIME]", "IN:CREATE_REMINDER]"], "predicted_tokens": ["[IN:CREATE_REMINDER", "[SL:PERSON_REMINDED", "@ptr2", "SL:PERSON_REMINDED]", "[SL:TODO", "@ptr4", "@ptr5", "@ptr6", "@ptr7", "@ptr8", "@ptr9", "@ptr10", "SL:TODO]", "[SL:DATE_TIME", "@ptr11", "SL:DATE_TIME]", "IN:CREATE_REMINDER]"]}
{"loss": 1.6345912218093872, "class_log_probabilities": [-6.006471157073975, -7.689678192138672, -11.22424030303955, -20.70342254638672], "predictions": [49, 36, 143, 36, 397, 398, 399, 400, 401, 402, 403, 404, 37, 34, 408, 35, 16, 411, 413, 415, 17, 50, 4, 4, 4, 4, 4, 4, 4, 4, 4, 4, 4, 4, 4, 4, 4, 4], "target_tokens": ["[IN:CREATE_REMINDER", "[SL:TODO", "@ptr2", "@ptr3", "@ptr4", "@ptr5", "@ptr6", "@ptr7", "@ptr8", "@ptr9", "SL:TODO]", "[SL:PERSON_REMINDED", "@ptr13", "SL:PERSON_REMINDED]", "[SL:DATE_TIME", "@ptr17", "@ptr18", "@ptr19", "@ptr20", "SL:DATE_TIME]", "IN:CREATE_REMINDER]"], "predicted_tokens": ["[IN:CREATE_REMINDER", "[SL:TODO", "[IN:GET_TODO", "[SL:TODO", "@ptr2", "@ptr3", "@ptr4", "@ptr5", "@ptr6", "@ptr7", "@ptr8", "@ptr9", "SL:TODO]", "[SL:PERSON_REMINDED", "@ptr13", "SL:PERSON_REMINDED]", "[SL:DATE_TIME", "@ptr16", "@ptr18", "@ptr20", "SL:DATE_TIME]", "IN:CREATE_REMINDER]"]}
{"loss": 1.7479352951049805, "class_log_probabilities": [-7.083235263824463, -8.97756290435791, -11.546205520629883, -122.83965301513672], "predictions": [263, 34, 396, 35, 36, 75, 6, 402, 403, 7, 78, 37, 50, 4, 4, 4, 4, 4, 4, 4, 4, 4, 4, 4, 4, 4, 4, 4, 4, 4, 4, 4, 4, 4, 4, 4, 4, 4, 4, 4, 4, 4, 4, 4, 4, 4, 4, 4, 4, 4, 4, 4, 4, 4, 4, 4, 4, 4, 4, 4, 4, 4, 4, 4, 4, 4, 4, 4, 4, 4, 4, 4, 4, 4, 4, 4, 4, 4, 4, 4, 4, 4, 4, 4, 4, 4, 4, 4, 4, 4, 4, 4, 4, 4, 4, 4, 4, 4, 4, 4], "target_tokens": ["[IN:DELETE_REMINDER", "[SL:PERSON_REMINDED", "@ptr1", "SL:PERSON_REMINDED]", "[SL:TODO", "[IN:CREATE_CALL", "[SL:CONTACT", "@ptr7", "@ptr8", "SL:CONTACT]", "IN:CREATE_CALL]", "SL:TODO]", "IN:DELETE_REMINDER]"], "predicted_tokens": ["[IN:GET_REMINDER_LOCATION", "[SL:PERSON_REMINDED", "@ptr1", "SL:PERSON_REMINDED]", "[SL:TODO", "[IN:CREATE_CALL", "[SL:CONTACT", "@ptr7", "@ptr8", "SL:CONTACT]", "IN:CREATE_CALL]", "SL:TODO]", "IN:CREATE_REMINDER]"]}
{"loss": 1.2971240282058716, "class_log_probabilities": [-2.2418246269226074, -2.3220198154449463, -2.5933995246887207, -3.614710807800293], "predictions": [49, 34, 397, 35, 36, 399, 400, 401, 402, 403, 405, 407, 37, 50, 4, 4], "target_tokens": ["[IN:CREATE_REMINDER", "[SL:PERSON_REMINDED", "@ptr2", "SL:PERSON_REMINDED]", "[SL:TODO", "@ptr4", "@ptr5", "@ptr6", "@ptr7", "@ptr8", "@ptr9", "@ptr10", "@ptr11", "SL:TODO]", "IN:CREATE_REMINDER]"], "predicted_tokens": ["[IN:CREATE_REMINDER", "[SL:PERSON_REMINDED", "@ptr2", "SL:PERSON_REMINDED]", "[SL:TODO", "@ptr4", "@ptr5", "@ptr6", "@ptr7", "@ptr8", "@ptr10", "@ptr12", "SL:TODO]", "IN:CREATE_REMINDER]"]}
{"loss": 1.0614433288574219, "class_log_probabilities": [-2.157930374145508, -3.4939677715301514, -3.6980855464935303, -4.338133811950684], "predictions": [49, 34, 397, 35, 36, 399, 400, 401, 402, 403, 404, 405, 406, 407, 37, 50, 4, 4], "target_tokens": ["[IN:CREATE_REMINDER", "[SL:PERSON_REMINDED", "@ptr2", "SL:PERSON_REMINDED]", "[SL:TODO", "@ptr4", "@ptr5", "@ptr6", "@ptr7", "@ptr8", "@ptr9", "@ptr10", "@ptr11", "@ptr12", "SL:TODO]", "IN:CREATE_REMINDER]"], "predicted_tokens": ["[IN:CREATE_REMINDER", "[SL:PERSON_REMINDED", "@ptr2", "SL:PERSON_REMINDED]", "[SL:TODO", "@ptr4", "@ptr5", "@ptr6", "@ptr7", "@ptr8", "@ptr9", "@ptr10", "@ptr11", "@ptr12", "SL:TODO]", "IN:CREATE_REMINDER]"]}
{"loss": 1.2246097326278687, "class_log_probabilities": [-4.812910079956055, -4.867861270904541, -5.1275315284729, -6.192803859710693], "predictions": [49, 34, 398, 35, 36, 401, 402, 403, 404, 405, 406, 407, 408, 17, 50, 4, 4, 4, 4, 4], "target_tokens": ["[IN:CREATE_REMINDER", "[SL:PERSON_REMINDED", "@ptr3", "SL:PERSON_REMINDED]", "[SL:TODO", "@ptr6", "@ptr7", "@ptr8", "@ptr9", "@ptr10", "@ptr11", "@ptr12", "@ptr13", "SL:TODO]", "[SL:DATE_TIME", "@ptr14", "SL:DATE_TIME]", "IN:CREATE_REMINDER]"], "predicted_tokens": ["[IN:CREATE_REMINDER", "[SL:PERSON_REMINDED", "@ptr3", "SL:PERSON_REMINDED]", "[SL:TODO", "@ptr6", "@ptr7", "@ptr8", "@ptr9", "@ptr10", "@ptr11", "@ptr12", "@ptr13", "SL:DATE_TIME]", "IN:CREATE_REMINDER]"]}
{"loss": 1.3681079149246216, "class_log_probabilities": [-0.9614354372024536, -3.5827887058258057, -3.5936474800109863, -5.226008415222168], "predictions": [75, 6, 70, 93, 401, 94, 71, 402, 72, 73, 7, 78, 4], "target_tokens": ["[IN:CREATE_CALL", "[SL:CONTACT", "[IN:GET_CONTACT", "[SL:CONTACT_RELATED", "@ptr5", "SL:CONTACT_RELATED]", "[SL:TYPE_RELATION", "@ptr6", "SL:TYPE_RELATION]", "IN:GET_CONTACT]", "SL:CONTACT]", "IN:CREATE_CALL]"], "predicted_tokens": ["[IN:CREATE_CALL", "[SL:CONTACT", "[IN:GET_CONTACT", "[SL:CONTACT_RELATED", "@ptr6", "SL:CONTACT_RELATED]", "[SL:TYPE_RELATION", "@ptr7", "SL:TYPE_RELATION]", "IN:GET_CONTACT]", "SL:CONTACT]", "IN:CREATE_CALL]"]}
{"loss": 0.980343759059906, "class_log_probabilities": [-0.3045075535774231, -6.7993927001953125, -7.325953006744385, -7.3656206130981445], "predictions": [107, 108, 396, 109, 110, 4, 4], "target_tokens": ["[IN:UPDATE_CALL", "[SL:CONTACT_ADDED", "@ptr1", "SL:CONTACT_ADDED]", "IN:UPDATE_CALL]"], "predicted_tokens": ["[IN:UPDATE_CALL", "[SL:CONTACT_ADDED", "@ptr1", "SL:CONTACT_ADDED]", "IN:UPDATE_CALL]"]}
{"loss": 0.9895798563957214, "class_log_probabilities": [-0.14377868175506592, -7.661983966827393, -7.751763343811035, -7.959517002105713], "predictions": [95, 96, 4, 4], "target_tokens": ["[IN:IGNORE_CALL", "IN:IGNORE_CALL]"], "predicted_tokens": ["[IN:IGNORE_CALL", "IN:IGNORE_CALL]"]}
{"loss": 0.9954597353935242, "class_log_probabilities": [-0.7817620038986206, -4.481777667999268, -5.509927749633789, -5.5461015701293945], "predictions": [75, 6, 70, 71, 398, 72, 73, 7, 78, 4], "target_tokens": ["[IN:CREATE_CALL", "[SL:CONTACT", "[IN:GET_CONTACT", "[SL:TYPE_RELATION", "@ptr3", "SL:TYPE_RELATION]", "IN:GET_CONTACT]", "SL:CONTACT]", "IN:CREATE_CALL]"], "predicted_tokens": ["[IN:CREATE_CALL", "[SL:CONTACT", "[IN:GET_CONTACT", "[SL:TYPE_RELATION", "@ptr3", "SL:TYPE_RELATION]", "IN:GET_CONTACT]", "SL:CONTACT]", "IN:CREATE_CALL]"]}
{"loss": 1.588814377784729, "class_log_probabilities": [-1.037517786026001, -2.83756947517395, -4.514277935028076, -4.916942119598389], "predictions": [95, 6, 403, 7, 96, 4], "target_tokens": ["[IN:END_CALL", "[SL:CONTACT", "@ptr8", "SL:CONTACT]", "IN:END_CALL]"], "predicted_tokens": ["[IN:IGNORE_CALL", "[SL:CONTACT", "@ptr8", "SL:CONTACT]", "IN:IGNORE_CALL]"]}
{"loss": 3.4521827697753906, "class_log_probabilities": [-1.3103394508361816, -1.9799224138259888, -4.006351470947266, -6.221049785614014], "predictions": [75, 6, 396, 7, 78, 4, 4, 4], "target_tokens": ["[IN:UPDATE_CALL", "[SL:CONTACT_REMOVED", "@ptr1", "SL:CONTACT_REMOVED]", "IN:UPDATE_CALL]"], "predicted_tokens": ["[IN:CREATE_CALL", "[SL:CONTACT", "@ptr1", "SL:CONTACT]", "IN:CREATE_CALL]"]}
{"loss": 0.9884538650512695, "class_log_probabilities": [-0.14104323089122772, -7.471252918243408, -7.721236228942871, -7.878717422485352], "predictions": [215, 216, 4], "target_tokens": ["[IN:SWITCH_CALL", "IN:SWITCH_CALL]"], "predicted_tokens": ["[IN:SWITCH_CALL", "IN:SWITCH_CALL]"]}
{"loss": 1.4415150880813599, "class_log_probabilities": [-1.9214816093444824, -3.6235525608062744, -4.141266345977783, -4.492706298828125], "predictions": [215, 6, 70, 71, 400, 72, 73, 7, 216, 4, 4, 4, 4, 4, 4, 4, 4], "target_tokens": ["[IN:CREATE_CALL", "[SL:CONTACT", "[IN:GET_CONTACT", "[SL:TYPE_RELATION", "@ptr5", "SL:TYPE_RELATION]", "IN:GET_CONTACT]", "SL:CONTACT]", "[SL:CONTACT", "[IN:GET_CONTACT", "[SL:TYPE_RELATION", "@ptr7", "SL:TYPE_RELATION]", "IN:GET_CONTACT]", "SL:CONTACT]", "IN:CREATE_CALL]"], "predicted_tokens": ["[IN:SWITCH_CALL", "[SL:CONTACT", "[IN:GET_CONTACT", "[SL:TYPE_RELATION", "@ptr5", "SL:TYPE_RELATION]", "IN:GET_CONTACT]", "SL:CONTACT]", "IN:SWITCH_CALL]"]}
{"loss": 0.9840647578239441, "class_log_probabilities": [-0.8450249433517456, -4.735341548919678, -5.794290542602539, -6.0634307861328125], "predictions": [107, 108, 70, 93, 396, 94, 71, 397, 72, 73, 109, 110, 4, 4, 4, 4], "target_tokens": ["[IN:UPDATE_CALL", "[SL:CONTACT_ADDED", "[IN:GET_CONTACT", "[SL:CONTACT_RELATED", "@ptr1", "SL:CONTACT_RELATED]", "[SL:TYPE_RELATION", "@ptr2", "SL:TYPE_RELATION]", "IN:GET_CONTACT]", "SL:CONTACT_ADDED]", "IN:UPDATE_CALL]"], "predicted_tokens": ["[IN:UPDATE_CALL", "[SL:CONTACT_ADDED", "[IN:GET_CONTACT", "[SL:CONTACT_RELATED", "@ptr1", "SL:CONTACT_RELATED]", "[SL:TYPE_RELATION", "@ptr2", "SL:TYPE_RELATION]", "IN:GET_CONTACT]", "SL:CONTACT_ADDED]", "IN:UPDATE_CALL]"]}
{"loss": 1.0002378225326538, "class_log_probabilities": [-0.259264200925827, -6.5843729972839355, -6.938359260559082, -7.044256210327148], "predictions": [209, 210, 4], "target_tokens": ["[IN:GET_CALL_CONTACT", "IN:GET_CALL_CONTACT]"], "predicted_tokens": ["[IN:GET_CALL_CONTACT", "IN:GET_CALL_CONTACT]"]}
{"loss": 0.9692605137825012, "class_log_probabilities": [-0.16342072188854218, -7.678511142730713, -7.89419412612915, -8.262551307678223], "predictions": [81, 82, 4, 4], "target_tokens": ["[IN:END_CALL", "IN:END_CALL]"], "predicted_tokens": ["[IN:END_CALL", "IN:END_CALL]"]}
{"loss": 3.5911705493927, "class_log_probabilities": [-0.16771334409713745, -6.165383815765381, -7.636575222015381, -7.666840553283691], "predictions": [245, 246, 4], "target_tokens": ["[IN:END_CALL", "IN:END_CALL]"], "predicted_tokens": ["[IN:UPDATE_METHOD_CALL", "IN:UPDATE_METHOD_CALL]"]}
{"loss": 3.4516689777374268, "class_log_probabilities": [-1.4554719924926758, -2.8507485389709473, -3.19864559173584, -4.836172580718994], "predictions": [153, 6, 397, 7, 154, 4], "target_tokens": ["[IN:CREATE_CALL", "[SL:CONTACT", "@ptr2", "SL:CONTACT]", "IN:CREATE_CALL]"], "predicted_tokens": ["[IN:ANSWER_CALL", "[SL:CONTACT", "@ptr2", "SL:CONTACT]", "IN:ANSWER_CALL]"]}
{"loss": 0.9837009310722351, "class_log_probabilities": [-0.28449714183807373, -7.133566856384277, -7.330406188964844, -7.484377384185791], "predictions": [107, 108, 396, 109, 110, 4], "target_tokens": ["[IN:UPDATE_CALL", "[SL:CONTACT_ADDED", "@ptr1", "SL:CONTACT_ADDED]", "IN:UPDATE_CALL]"], "predicted_tokens": ["[IN:UPDATE_CALL", "[SL:CONTACT_ADDED", "@ptr1", "SL:CONTACT_ADDED]", "IN:UPDATE_CALL]"]}
{"loss": 1.0026201009750366, "class_log_probabilities": [-0.14972025156021118, -6.688794136047363, -6.818493843078613, -7.29750919342041], "predictions": [209, 210, 4], "target_tokens": ["[IN:GET_CALL_CONTACT", "IN:GET_CALL_CONTACT]"], "predicted_tokens": ["[IN:GET_CALL_CONTACT", "IN:GET_CALL_CONTACT]"]}
{"loss": 1.5249987840652466, "class_log_probabilities": [-0.8563944697380066, -2.070375919342041, -3.210239887237549, -5.308604717254639], "predictions": [297, 64, 404, 65, 298, 4], "target_tokens": ["[IN:REPEAT_ALL_OFF_MUSIC", "IN:REPEAT_ALL_OFF_MUSIC]"], "predicted_tokens": ["[IN:STOP_MUSIC", "[SL:MUSIC_TYPE", "@ptr9", "SL:MUSIC_TYPE]", "IN:STOP_MUSIC]"]}
{"loss": 2.452385187149048, "class_log_probabilities": [-0.35822394490242004, -5.1809587478637695, -5.797465801239014, -5.985151290893555], "predictions": [287, 64, 400, 65, 288, 4], "target_tokens": ["[IN:REPEAT_ALL_MUSIC", "IN:REPEAT_ALL_MUSIC]"], "predicted_tokens": ["[IN:REPLAY_MUSIC", "[SL:MUSIC_TYPE", "@ptr5", "SL:MUSIC_TYPE]", "IN:REPLAY_MUSIC]"]}
{"loss": 0.9599674940109253, "class_log_probabilities": [-0.41860437393188477, -7.240993499755859, -7.783339023590088, -7.943118095397949], "predictions": [45, 16, 398, 399, 17, 46, 4, 4], "target_tokens": ["[IN:CREATE_ALARM", "[SL:DATE_TIME", "@ptr3", "@ptr4", "SL:DATE_TIME]", "IN:CREATE_ALARM]"], "predicted_tokens": ["[IN:CREATE_ALARM", "[SL:DATE_TIME", "@ptr3", "@ptr4", "SL:DATE_TIME]", "IN:CREATE_ALARM]"]}
{"loss": 1.0938137769699097, "class_log_probabilities": [-1.276573657989502, -2.760009765625, -2.805112838745117, -3.834512948989868], "predictions": [63, 103, 402, 104, 68, 4, 4, 4, 4], "target_tokens": ["[IN:PLAY_MUSIC", "[SL:MUSIC_PROVIDER_NAME", "@ptr7", "SL:MUSIC_PROVIDER_NAME]", "IN:PLAY_MUSIC]"], "predicted_tokens": ["[IN:PLAY_MUSIC", "[SL:MUSIC_PROVIDER_NAME", "@ptr7", "SL:MUSIC_PROVIDER_NAME]", "IN:PLAY_MUSIC]"]}
{"loss": 1.0084781646728516, "class_log_probabilities": [-0.7513214349746704, -4.643309593200684, -4.900625705718994, -5.0313944816589355], "predictions": [347, 64, 396, 65, 103, 398, 104, 348, 4, 4], "target_tokens": ["[IN:DISLIKE_MUSIC", "[SL:MUSIC_TYPE", "@ptr1", "SL:MUSIC_TYPE]", "[SL:MUSIC_PROVIDER_NAME", "@ptr3", "SL:MUSIC_PROVIDER_NAME]", "IN:DISLIKE_MUSIC]"], "predicted_tokens": ["[IN:DISLIKE_MUSIC", "[SL:MUSIC_TYPE", "@ptr1", "SL:MUSIC_TYPE]", "[SL:MUSIC_PROVIDER_NAME", "@ptr3", "SL:MUSIC_PROVIDER_NAME]", "IN:DISLIKE_MUSIC]"]}
{"loss": 0.9659402966499329, "class_log_probabilities": [-0.5466699600219727, -7.477266788482666, -7.588596820831299, -7.698452949523926], "predictions": [61, 14, 400, 15, 16, 401, 402, 17, 62, 4, 4], "target_tokens": ["[IN:GET_EVENT", "[SL:LOCATION", "@ptr5", "SL:LOCATION]", "[SL:DATE_TIME", "@ptr6", "@ptr7", "SL:DATE_TIME]", "IN:GET_EVENT]"], "predicted_tokens": ["[IN:GET_EVENT", "[SL:LOCATION", "@ptr5", "SL:LOCATION]", "[SL:DATE_TIME", "@ptr6", "@ptr7", "SL:DATE_TIME]", "IN:GET_EVENT]"]}
{"loss": 0.9837976694107056, "class_log_probabilities": [-0.7420362234115601, -2.4772720336914062, -6.0800604820251465, -6.235337734222412], "predictions": [61, 14, 403, 15, 16, 404, 405, 17, 62, 4], "target_tokens": ["[IN:GET_EVENT", "[SL:LOCATION", "@ptr8", "SL:LOCATION]", "[SL:DATE_TIME", "@ptr9", "@ptr10", "SL:DATE_TIME]", "IN:GET_EVENT]"], "predicted_tokens": ["[IN:GET_EVENT", "[SL:LOCATION", "@ptr8", "SL:LOCATION]", "[SL:DATE_TIME", "@ptr9", "@ptr10", "SL:DATE_TIME]", "IN:GET_EVENT]"]}
{"loss": 1.4503556489944458, "class_log_probabilities": [-2.627692222595215, -3.593080520629883, -3.59529447555542, -5.139916896820068], "predictions": [61, 14, 397, 15, 16, 399, 400, 17, 62, 4, 4, 4], "target_tokens": ["[IN:GET_EVENT", "[SL:LOCATION", "@ptr3", "SL:LOCATION]", "[SL:DATE_TIME", "@ptr4", "@ptr5", "SL:DATE_TIME]", "IN:GET_EVENT]"], "predicted_tokens": ["[IN:GET_EVENT", "[SL:LOCATION", "@ptr2", "SL:LOCATION]", "[SL:DATE_TIME", "@ptr4", "@ptr5", "SL:DATE_TIME]", "IN:GET_EVENT]"]}
{"loss": 0.9634481072425842, "class_log_probabilities": [-0.4237363040447235, -6.389581680297852, -7.1726579666137695, -7.42176628112793], "predictions": [61, 14, 399, 400, 15, 62, 4], "target_tokens": ["[IN:GET_EVENT", "[SL:LOCATION", "@ptr4", "@ptr5", "SL:LOCATION]", "IN:GET_EVENT]"], "predicted_tokens": ["[IN:GET_EVENT", "[SL:LOCATION", "@ptr4", "@ptr5", "SL:LOCATION]", "IN:GET_EVENT]"]}
{"loss": 0.9806247353553772, "class_log_probabilities": [-0.6246187090873718, -5.27413272857666, -6.681805610656738, -6.7271952629089355], "predictions": [61, 83, 397, 84, 14, 399, 400, 15, 16, 401, 17, 62, 4, 4], "target_tokens": ["[IN:GET_EVENT", "[SL:CATEGORY_EVENT", "@ptr2", "SL:CATEGORY_EVENT]", "[SL:LOCATION", "@ptr4", "@ptr5", "SL:LOCATION]", "[SL:DATE_TIME", "@ptr6", "SL:DATE_TIME]", "IN:GET_EVENT]"], "predicted_tokens": ["[IN:GET_EVENT", "[SL:CATEGORY_EVENT", "@ptr2", "SL:CATEGORY_EVENT]", "[SL:LOCATION", "@ptr4", "@ptr5", "SL:LOCATION]", "[SL:DATE_TIME", "@ptr6", "SL:DATE_TIME]", "IN:GET_EVENT]"]}
{"loss": 1.0605820417404175, "class_log_probabilities": [-1.3154760599136353, -1.6088991165161133, -6.372143268585205, -6.9300336837768555], "predictions": [61, 14, 398, 15, 16, 400, 17, 62, 4], "target_tokens": ["[IN:GET_EVENT", "[SL:LOCATION", "@ptr3", "SL:LOCATION]", "[SL:DATE_TIME", "@ptr4", "SL:DATE_TIME]", "IN:GET_EVENT]"], "predicted_tokens": ["[IN:GET_EVENT", "[SL:LOCATION", "@ptr3", "SL:LOCATION]", "[SL:DATE_TIME", "@ptr5", "SL:DATE_TIME]", "IN:GET_EVENT]"]}
{"loss": 0.9825050234794617, "class_log_probabilities": [-0.6624224781990051, -2.9013633728027344, -5.290950775146484, -6.809621334075928], "predictions": [61, 14, 403, 15, 16, 404, 405, 17, 62, 4, 4], "target_tokens": ["[IN:GET_EVENT", "[SL:LOCATION", "@ptr8", "SL:LOCATION]", "[SL:DATE_TIME", "@ptr9", "@ptr10", "SL:DATE_TIME]", "IN:GET_EVENT]"], "predicted_tokens": ["[IN:GET_EVENT", "[SL:LOCATION", "@ptr8", "SL:LOCATION]", "[SL:DATE_TIME", "@ptr9", "@ptr10", "SL:DATE_TIME]", "IN:GET_EVENT]"]}
{"loss": 0.9905184507369995, "class_log_probabilities": [-0.878356397151947, -4.0560302734375, -5.344009876251221, -6.57504415512085], "predictions": [61, 83, 400, 84, 16, 401, 402, 17, 14, 404, 15, 62, 4, 4, 4, 4], "target_tokens": ["[IN:GET_EVENT", "[SL:CATEGORY_EVENT", "@ptr5", "SL:CATEGORY_EVENT]", "[SL:DATE_TIME", "@ptr6", "@ptr7", "SL:DATE_TIME]", "[SL:LOCATION", "@ptr9", "SL:LOCATION]", "IN:GET_EVENT]"], "predicted_tokens": ["[IN:GET_EVENT", "[SL:CATEGORY_EVENT", "@ptr5", "SL:CATEGORY_EVENT]", "[SL:DATE_TIME", "@ptr6", "@ptr7", "SL:DATE_TIME]", "[SL:LOCATION", "@ptr9", "SL:LOCATION]", "IN:GET_EVENT]"]}
{"loss": 0.9648910760879517, "class_log_probabilities": [-0.40787288546562195, -5.723916530609131, -7.1101531982421875, -7.287992477416992], "predictions": [61, 16, 401, 402, 17, 62, 4, 4], "target_tokens": ["[IN:GET_EVENT", "[SL:DATE_TIME", "@ptr6", "@ptr7", "SL:DATE_TIME]", "IN:GET_EVENT]"], "predicted_tokens": ["[IN:GET_EVENT", "[SL:DATE_TIME", "@ptr6", "@ptr7", "SL:DATE_TIME]", "IN:GET_EVENT]"]}
{"loss": 0.975344717502594, "class_log_probabilities": [-0.5654345750808716, -5.0780930519104, -5.623373508453369, -6.355599403381348], "predictions": [61, 14, 399, 400, 15, 16, 401, 402, 17, 62, 4, 4], "target_tokens": ["[IN:GET_EVENT", "[SL:LOCATION", "@ptr4", "@ptr5", "SL:LOCATION]", "[SL:DATE_TIME", "@ptr6", "@ptr7", "SL:DATE_TIME]", "IN:GET_EVENT]"], "predicted_tokens": ["[IN:GET_EVENT", "[SL:LOCATION", "@ptr4", "@ptr5", "SL:LOCATION]", "[SL:DATE_TIME", "@ptr6", "@ptr7", "SL:DATE_TIME]", "IN:GET_EVENT]"]}
{"loss": 1.8509825468063354, "class_log_probabilities": [-1.0330437421798706, -3.9375991821289062, -4.072619438171387, -4.200265884399414], "predictions": [61, 83, 397, 84, 16, 398, 399, 400, 17, 14, 401, 402, 15, 62, 4, 4], "target_tokens": ["[IN:GET_EVENT", "[SL:CATEGORY_EVENT", "@ptr0", "@ptr1", "@ptr2", "SL:CATEGORY_EVENT]", "[SL:DATE_TIME", "@ptr3", "@ptr4", "SL:DATE_TIME]", "[SL:LOCATION", "@ptr6", "@ptr7", "SL:LOCATION]", "IN:GET_EVENT]"], "predicted_tokens": ["[IN:GET_EVENT", "[SL:CATEGORY_EVENT", "@ptr2", "SL:CATEGORY_EVENT]", "[SL:DATE_TIME", "@ptr3", "@ptr4", "@ptr5", "SL:DATE_TIME]", "[SL:LOCATION", "@ptr6", "@ptr7", "SL:LOCATION]", "IN:GET_EVENT]"]}
{"loss": 0.9691968560218811, "class_log_probabilities": [-0.579830527305603, -6.531609535217285, -6.601222515106201, -7.357506275177002], "predictions": [61, 14, 399, 400, 15, 16, 401, 402, 17, 62, 4], "target_tokens": ["[IN:GET_EVENT", "[SL:LOCATION", "@ptr4", "@ptr5", "SL:LOCATION]", "[SL:DATE_TIME", "@ptr6", "@ptr7", "SL:DATE_TIME]", "IN:GET_EVENT]"], "predicted_tokens": ["[IN:GET_EVENT", "[SL:LOCATION", "@ptr4", "@ptr5", "SL:LOCATION]", "[SL:DATE_TIME", "@ptr6", "@ptr7", "SL:DATE_TIME]", "IN:GET_EVENT]"]}
{"loss": 2.2419593334198, "class_log_probabilities": [-1.2754554748535156, -1.8623806238174438, -5.863375663757324, -7.459227085113525], "predictions": [61, 83, 397, 84, 62, 4, 4, 4, 4], "target_tokens": ["[IN:GET_EVENT", "[SL:CATEGORY_EVENT", "@ptr2", "@ptr3", "SL:CATEGORY_EVENT]", "IN:GET_EVENT]"], "predicted_tokens": ["[IN:GET_EVENT", "[SL:CATEGORY_EVENT", "@ptr2", "SL:CATEGORY_EVENT]", "IN:GET_EVENT]"]}
{"loss": 2.832489490509033, "class_log_probabilities": [-2.9239964485168457, -3.56321120262146, -4.187310695648193, -5.456273555755615], "predictions": [61, 16, 404, 17, 14, 406, 15, 62, 4, 4, 4, 4, 4], "target_tokens": ["[IN:GET_EVENT", "[SL:LOCATION", "@ptr10", "@ptr11", "SL:LOCATION]", "[SL:DATE_TIME", "@ptr8", "SL:DATE_TIME]", "IN:GET_EVENT]"], "predicted_tokens": ["[IN:GET_EVENT", "[SL:DATE_TIME", "@ptr9", "SL:DATE_TIME]", "[SL:LOCATION", "@ptr11", "SL:LOCATION]", "IN:GET_EVENT]"]}
{"loss": 0.9739848971366882, "class_log_probabilities": [-0.5893080830574036, -5.161300182342529, -6.142747402191162, -7.159060001373291], "predictions": [61, 14, 401, 402, 15, 16, 403, 404, 17, 62, 4, 4], "target_tokens": ["[IN:GET_EVENT", "[SL:LOCATION", "@ptr6", "@ptr7", "SL:LOCATION]", "[SL:DATE_TIME", "@ptr8", "@ptr9", "SL:DATE_TIME]", "IN:GET_EVENT]"], "predicted_tokens": ["[IN:GET_EVENT", "[SL:LOCATION", "@ptr6", "@ptr7", "SL:LOCATION]", "[SL:DATE_TIME", "@ptr8", "@ptr9", "SL:DATE_TIME]", "IN:GET_EVENT]"]}
{"loss": 3.0986037254333496, "class_log_probabilities": [-1.739791750907898, -1.8768476247787476, -4.693682670593262, -7.13913106918335], "predictions": [61, 83, 398, 84, 16, 400, 401, 402, 17, 14, 403, 15, 62, 4], "target_tokens": ["[IN:GET_EVENT", "[SL:CATEGORY_EVENT", "@ptr3", "SL:CATEGORY_EVENT]", "[SL:LOCATION", "@ptr7", "@ptr8", "SL:LOCATION]", "[SL:DATE_TIME", "@ptr4", "@ptr5", "@ptr6", "SL:DATE_TIME]", "IN:GET_EVENT]"], "predicted_tokens": ["[IN:GET_EVENT", "[SL:CATEGORY_EVENT", "@ptr3", "SL:CATEGORY_EVENT]", "[SL:DATE_TIME", "@ptr5", "@ptr6", "@ptr7", "SL:DATE_TIME]", "[SL:LOCATION", "@ptr8", "SL:LOCATION]", "IN:GET_EVENT]"]}
{"loss": 0.96630859375, "class_log_probabilities": [-0.7023937106132507, -4.368610858917236, -5.832874298095703, -6.430591583251953], "predictions": [61, 14, 399, 15, 16, 400, 401, 402, 17, 62, 4], "target_tokens": ["[IN:GET_EVENT", "[SL:LOCATION", "@ptr4", "SL:LOCATION]", "[SL:DATE_TIME", "@ptr5", "@ptr6", "@ptr7", "SL:DATE_TIME]", "IN:GET_EVENT]"], "predicted_tokens": ["[IN:GET_EVENT", "[SL:LOCATION", "@ptr4", "SL:LOCATION]", "[SL:DATE_TIME", "@ptr5", "@ptr6", "@ptr7", "SL:DATE_TIME]", "IN:GET_EVENT]"]}
{"loss": 1.028239369392395, "class_log_probabilities": [-1.6884852647781372, -3.2650043964385986, -3.6207361221313477, -4.684826850891113], "predictions": [61, 83, 397, 84, 14, 400, 15, 16, 401, 402, 17, 62, 4, 4], "target_tokens": ["[IN:GET_EVENT", "[SL:CATEGORY_EVENT", "@ptr2", "SL:CATEGORY_EVENT]", "[SL:LOCATION", "@ptr5", "SL:LOCATION]", "[SL:DATE_TIME", "@ptr6", "@ptr7", "SL:DATE_TIME]", "IN:GET_EVENT]"], "predicted_tokens": ["[IN:GET_EVENT", "[SL:CATEGORY_EVENT", "@ptr2", "SL:CATEGORY_EVENT]", "[SL:LOCATION", "@ptr5", "SL:LOCATION]", "[SL:DATE_TIME", "@ptr6", "@ptr7", "SL:DATE_TIME]", "IN:GET_EVENT]"]}
{"loss": 2.514582395553589, "class_log_probabilities": [-2.973809003829956, -4.7266950607299805, -4.895585060119629, -5.11320161819458], "predictions": [295, 83, 396, 397, 398, 399, 400, 401, 402, 84, 14, 408, 15, 296, 4, 4], "target_tokens": ["[IN:GET_EVENT", "[SL:CATEGORY_EVENT", "@ptr2", "@ptr3", "@ptr4", "SL:CATEGORY_EVENT]", "[SL:LOCATION", "@ptr13", "@ptr14", "@ptr15", "SL:LOCATION]", "IN:GET_EVENT]"], "predicted_tokens": ["[IN:GET_DATE_TIME_EVENT", "[SL:CATEGORY_EVENT", "@ptr1", "@ptr2", "@ptr3", "@ptr4", "@ptr5", "@ptr6", "@ptr7", "SL:CATEGORY_EVENT]", "[SL:LOCATION", "@ptr13", "SL:LOCATION]", "IN:GET_DATE_TIME_EVENT]"]}
{"loss": 1.243742823600769, "class_log_probabilities": [-0.7600916624069214, -2.3187966346740723, -4.004148006439209, -5.914974689483643], "predictions": [61, 16, 404, 17, 62, 4], "target_tokens": ["[IN:GET_EVENT", "[SL:DATE_TIME", "@ptr8", "SL:DATE_TIME]", "IN:GET_EVENT]"], "predicted_tokens": ["[IN:GET_EVENT", "[SL:DATE_TIME", "@ptr9", "SL:DATE_TIME]", "IN:GET_EVENT]"]}
{"loss": 0.9798882603645325, "class_log_probabilities": [-0.549383819103241, -3.532085418701172, -5.49952507019043, -6.169795513153076], "predictions": [61, 14, 404, 15, 16, 405, 17, 62, 4, 4], "target_tokens": ["[IN:GET_EVENT", "[SL:LOCATION", "@ptr9", "SL:LOCATION]", "[SL:DATE_TIME", "@ptr10", "SL:DATE_TIME]", "IN:GET_EVENT]"], "predicted_tokens": ["[IN:GET_EVENT", "[SL:LOCATION", "@ptr9", "SL:LOCATION]", "[SL:DATE_TIME", "@ptr10", "SL:DATE_TIME]", "IN:GET_EVENT]"]}
{"loss": 0.9915294647216797, "class_log_probabilities": [-0.7959617376327515, -3.057347059249878, -4.7891106605529785, -6.686636447906494], "predictions": [61, 16, 402, 17, 62, 4, 4], "target_tokens": ["[IN:GET_EVENT", "[SL:DATE_TIME", "@ptr7", "SL:DATE_TIME]", "IN:GET_EVENT]"], "predicted_tokens": ["[IN:GET_EVENT", "[SL:DATE_TIME", "@ptr7", "SL:DATE_TIME]", "IN:GET_EVENT]"]}
{"loss": 0.972150444984436, "class_log_probabilities": [-0.6696138381958008, -5.617647647857666, -5.85507345199585, -7.061099529266357], "predictions": [61, 14, 400, 401, 402, 15, 62, 4, 4], "target_tokens": ["[IN:GET_EVENT", "[SL:LOCATION", "@ptr5", "@ptr6", "@ptr7", "SL:LOCATION]", "IN:GET_EVENT]"], "predicted_tokens": ["[IN:GET_EVENT", "[SL:LOCATION", "@ptr5", "@ptr6", "@ptr7", "SL:LOCATION]", "IN:GET_EVENT]"]}
{"loss": 2.403073787689209, "class_log_probabilities": [-1.2318233251571655, -1.963828682899475, -5.682551860809326, -6.833738803863525], "predictions": [61, 83, 396, 84, 16, 400, 401, 17, 14, 403, 15, 62, 4, 4, 4, 4], "target_tokens": ["[IN:GET_EVENT", "[SL:CATEGORY_EVENT", "@ptr1", "SL:CATEGORY_EVENT]", "[SL:LOCATION", "@ptr7", "SL:LOCATION]", "[SL:DATE_TIME", "@ptr4", "@ptr5", "SL:DATE_TIME]", "IN:GET_EVENT]"], "predicted_tokens": ["[IN:GET_EVENT", "[SL:CATEGORY_EVENT", "@ptr1", "SL:CATEGORY_EVENT]", "[SL:DATE_TIME", "@ptr5", "@ptr6", "SL:DATE_TIME]", "[SL:LOCATION", "@ptr8", "SL:LOCATION]", "IN:GET_EVENT]"]}
{"loss": 2.928555727005005, "class_log_probabilities": [-0.8528335690498352, -3.157435417175293, -4.779960632324219, -7.368295192718506], "predictions": [61, 16, 399, 400, 17, 14, 401, 15, 62, 4], "target_tokens": ["[IN:GET_EVENT", "[SL:LOCATION", "@ptr6", "SL:LOCATION]", "[SL:DATE_TIME", "@ptr4", "SL:DATE_TIME]", "IN:GET_EVENT]"], "predicted_tokens": ["[IN:GET_EVENT", "[SL:DATE_TIME", "@ptr4", "@ptr5", "SL:DATE_TIME]", "[SL:LOCATION", "@ptr6", "SL:LOCATION]", "IN:GET_EVENT]"]}
{"loss": 1.0032236576080322, "class_log_probabilities": [-1.129361867904663, -1.6428691148757935, -6.371664524078369, -6.528415679931641], "predictions": [61, 14, 403, 15, 16, 404, 405, 17, 62, 4], "target_tokens": ["[IN:GET_EVENT", "[SL:LOCATION", "@ptr8", "SL:LOCATION]", "[SL:DATE_TIME", "@ptr9", "@ptr10", "SL:DATE_TIME]", "IN:GET_EVENT]"], "predicted_tokens": ["[IN:GET_EVENT", "[SL:LOCATION", "@ptr8", "SL:LOCATION]", "[SL:DATE_TIME", "@ptr9", "@ptr10", "SL:DATE_TIME]", "IN:GET_EVENT]"]}
{"loss": 0.972919225692749, "class_log_probabilities": [-0.55165034532547, -3.172121524810791, -4.867693901062012, -5.951352119445801], "predictions": [61, 16, 397, 17, 62, 4], "target_tokens": ["[IN:GET_EVENT", "[SL:DATE_TIME", "@ptr2", "SL:DATE_TIME]", "IN:GET_EVENT]"], "predicted_tokens": ["[IN:GET_EVENT", "[SL:DATE_TIME", "@ptr2", "SL:DATE_TIME]", "IN:GET_EVENT]"]}
{"loss": 0.9724539518356323, "class_log_probabilities": [-0.6821677684783936, -6.168220520019531, -6.79102897644043, -7.247201442718506], "predictions": [61, 83, 396, 397, 84, 16, 398, 399, 400, 401, 17, 62, 4, 4, 4], "target_tokens": ["[IN:GET_EVENT", "[SL:CATEGORY_EVENT", "@ptr1", "@ptr2", "SL:CATEGORY_EVENT]", "[SL:DATE_TIME", "@ptr3", "@ptr4", "@ptr5", "@ptr6", "SL:DATE_TIME]", "IN:GET_EVENT]"], "predicted_tokens": ["[IN:GET_EVENT", "[SL:CATEGORY_EVENT", "@ptr1", "@ptr2", "SL:CATEGORY_EVENT]", "[SL:DATE_TIME", "@ptr3", "@ptr4", "@ptr5", "@ptr6", "SL:DATE_TIME]", "IN:GET_EVENT]"]}
{"loss": 1.0139080286026, "class_log_probabilities": [-1.192238450050354, -2.154428243637085, -2.15769362449646, -5.962879657745361], "predictions": [61, 14, 402, 15, 16, 403, 404, 17, 62, 4], "target_tokens": ["[IN:GET_EVENT", "[SL:LOCATION", "@ptr7", "SL:LOCATION]", "[SL:DATE_TIME", "@ptr8", "@ptr9", "SL:DATE_TIME]", "IN:GET_EVENT]"], "predicted_tokens": ["[IN:GET_EVENT", "[SL:LOCATION", "@ptr7", "SL:LOCATION]", "[SL:DATE_TIME", "@ptr8", "@ptr9", "SL:DATE_TIME]", "IN:GET_EVENT]"]}
{"loss": 1.9055668115615845, "class_log_probabilities": [-0.570152997970581, -5.991498947143555, -6.9303412437438965, -7.21860408782959], "predictions": [61, 16, 399, 400, 17, 14, 402, 15, 62, 4, 4], "target_tokens": ["[IN:GET_EVENT", "[SL:LOCATION", "@ptr7", "SL:LOCATION]", "[SL:DATE_TIME", "@ptr4", "@ptr5", "SL:DATE_TIME]", "IN:GET_EVENT]"], "predicted_tokens": ["[IN:GET_EVENT", "[SL:DATE_TIME", "@ptr4", "@ptr5", "SL:DATE_TIME]", "[SL:LOCATION", "@ptr7", "SL:LOCATION]", "IN:GET_EVENT]"]}
{"loss": 1.7496025562286377, "class_log_probabilities": [-1.3161814212799072, -2.6094577312469482, -3.5727148056030273, -4.06639289855957], "predictions": [61, 83, 396, 84, 16, 399, 400, 17, 62, 4, 4], "target_tokens": ["[IN:GET_EVENT", "[SL:CATEGORY_EVENT", "@ptr1", "SL:CATEGORY_EVENT]", "[SL:LOCATION", "@ptr3", "SL:LOCATION]", "[SL:DATE_TIME", "@ptr4", "@ptr5", "SL:DATE_TIME]", "IN:GET_EVENT]"], "predicted_tokens": ["[IN:GET_EVENT", "[SL:CATEGORY_EVENT", "@ptr1", "SL:CATEGORY_EVENT]", "[SL:DATE_TIME", "@ptr4", "@ptr5", "SL:DATE_TIME]", "IN:GET_EVENT]"]}
{"loss": 2.8664705753326416, "class_log_probabilities": [-3.3467013835906982, -5.696811199188232, -5.784145832061768, -5.808821678161621], "predictions": [61, 14, 406, 15, 62, 4, 4, 4, 4], "target_tokens": ["[IN:GET_EVENT", "[SL:LOCATION", "@ptr10", "SL:LOCATION]", "[SL:DATE_TIME", "@ptr14", "@ptr15", "@ptr16", "SL:DATE_TIME]", "IN:GET_EVENT]"], "predicted_tokens": ["[IN:GET_EVENT", "[SL:LOCATION", "@ptr11", "SL:LOCATION]", "IN:GET_EVENT]"]}
{"loss": 1.5067611932754517, "class_log_probabilities": [-2.902637481689453, -3.3544721603393555, -3.792105197906494, -4.068562030792236], "predictions": [61, 16, 401, 402, 403, 404, 405, 17, 14, 407, 15, 62, 4, 4], "target_tokens": ["[IN:GET_EVENT", "[SL:DATE_TIME", "@ptr8", "@ptr9", "@ptr10", "@ptr11", "SL:DATE_TIME]", "[SL:LOCATION", "@ptr13", "SL:LOCATION]", "IN:GET_EVENT]"], "predicted_tokens": ["[IN:GET_EVENT", "[SL:DATE_TIME", "@ptr6", "@ptr7", "@ptr8", "@ptr9", "@ptr10", "SL:DATE_TIME]", "[SL:LOCATION", "@ptr12", "SL:LOCATION]", "IN:GET_EVENT]"]}
{"loss": 2.00313401222229, "class_log_probabilities": [-1.567804217338562, -3.921304941177368, -4.229702472686768, -5.2491278648376465], "predictions": [61, 83, 395, 396, 84, 14, 398, 399, 400, 15, 16, 401, 402, 17, 62, 4], "target_tokens": ["[IN:GET_EVENT", "[SL:CATEGORY_EVENT", "@ptr0", "@ptr1", "SL:CATEGORY_EVENT]", "[SL:LOCATION", "@ptr3", "@ptr4", "SL:LOCATION]", "[SL:DATE_TIME", "@ptr5", "@ptr6", "@ptr7", "SL:DATE_TIME]", "IN:GET_EVENT]"], "predicted_tokens": ["[IN:GET_EVENT", "[SL:CATEGORY_EVENT", "@ptr0", "@ptr1", "SL:CATEGORY_EVENT]", "[SL:LOCATION", "@ptr3", "@ptr4", "@ptr5", "SL:LOCATION]", "[SL:DATE_TIME", "@ptr6", "@ptr7", "SL:DATE_TIME]", "IN:GET_EVENT]"]}
{"loss": 0.9630124568939209, "class_log_probabilities": [-0.5162293314933777, -6.78936243057251, -7.7898736000061035, -7.930452823638916], "predictions": [61, 14, 400, 15, 16, 401, 17, 62, 4, 4], "target_tokens": ["[IN:GET_EVENT", "[SL:LOCATION", "@ptr5", "SL:LOCATION]", "[SL:DATE_TIME", "@ptr6", "SL:DATE_TIME]", "IN:GET_EVENT]"], "predicted_tokens": ["[IN:GET_EVENT", "[SL:LOCATION", "@ptr5", "SL:LOCATION]", "[SL:DATE_TIME", "@ptr6", "SL:DATE_TIME]", "IN:GET_EVENT]"]}
{"loss": 1.0746859312057495, "class_log_probabilities": [-1.0566636323928833, -1.8624074459075928, -3.4849953651428223, -5.737473011016846], "predictions": [61, 14, 400, 401, 402, 15, 16, 404, 405, 17, 62, 4, 4, 4, 4], "target_tokens": ["[IN:GET_EVENT", "[SL:LOCATION", "@ptr5", "@ptr6", "@ptr7", "SL:LOCATION]", "[SL:DATE_TIME", "@ptr9", "@ptr10", "@ptr11", "SL:DATE_TIME]", "IN:GET_EVENT]"], "predicted_tokens": ["[IN:GET_EVENT", "[SL:LOCATION", "@ptr5", "@ptr6", "@ptr7", "SL:LOCATION]", "[SL:DATE_TIME", "@ptr9", "@ptr10", "SL:DATE_TIME]", "IN:GET_EVENT]"]}
{"loss": 2.562621593475342, "class_log_probabilities": [-0.6968128681182861, -4.613278865814209, -5.560018539428711, -5.936553478240967], "predictions": [61, 83, 395, 84, 14, 397, 398, 15, 62, 4], "target_tokens": ["[IN:GET_EVENT", "[SL:LOCATION", "@ptr2", "@ptr3", "SL:LOCATION]", "[SL:CATEGORY_EVENT", "@ptr0", "SL:CATEGORY_EVENT]", "IN:GET_EVENT]"], "predicted_tokens": ["[IN:GET_EVENT", "[SL:CATEGORY_EVENT", "@ptr0", "SL:CATEGORY_EVENT]", "[SL:LOCATION", "@ptr2", "@ptr3", "SL:LOCATION]", "IN:GET_EVENT]"]}
{"loss": 0.9592443704605103, "class_log_probabilities": [-0.42782509326934814, -7.682747840881348, -7.946592807769775, -7.953741550445557], "predictions": [61, 16, 399, 400, 17, 62, 4], "target_tokens": ["[IN:GET_EVENT", "[SL:DATE_TIME", "@ptr4", "@ptr5", "SL:DATE_TIME]", "IN:GET_EVENT]"], "predicted_tokens": ["[IN:GET_EVENT", "[SL:DATE_TIME", "@ptr4", "@ptr5", "SL:DATE_TIME]", "IN:GET_EVENT]"]}
{"loss": 1.298750638961792, "class_log_probabilities": [-2.1259193420410156, -2.5742268562316895, -2.617818593978882, -4.161976337432861], "predictions": [61, 83, 401, 402, 84, 62, 4, 4, 4, 4, 4, 4, 4, 4], "target_tokens": ["[IN:GET_EVENT", "[SL:CATEGORY_EVENT", "@ptr6", "@ptr7", "@ptr8", "SL:CATEGORY_EVENT]", "[SL:DATE_TIME", "@ptr9", "@ptr10", "SL:DATE_TIME]", "IN:GET_EVENT]"], "predicted_tokens": ["[IN:GET_EVENT", "[SL:CATEGORY_EVENT", "@ptr6", "@ptr7", "SL:CATEGORY_EVENT]", "IN:GET_EVENT]"]}
{"loss": 0.9712024331092834, "class_log_probabilities": [-0.15550872683525085, -7.901138782501221, -8.035056114196777, -8.955018997192383], "predictions": [61, 62, 4, 4, 4], "target_tokens": ["[IN:GET_EVENT", "IN:GET_EVENT]"], "predicted_tokens": ["[IN:GET_EVENT", "IN:GET_EVENT]"]}
{"loss": 0.9595107436180115, "class_log_probabilities": [-0.4137362837791443, -5.495882034301758, -6.455349445343018, -6.915010452270508], "predictions": [61, 16, 403, 17, 62, 4, 4], "target_tokens": ["[IN:GET_EVENT", "[SL:DATE_TIME", "@ptr8", "SL:DATE_TIME]", "IN:GET_EVENT]"], "predicted_tokens": ["[IN:GET_EVENT", "[SL:DATE_TIME", "@ptr8", "SL:DATE_TIME]", "IN:GET_EVENT]"]}
{"loss": 0.9603498578071594, "class_log_probabilities": [-0.419711172580719, -7.8199615478515625, -7.993711948394775, -8.035658836364746], "predictions": [61, 16, 399, 400, 17, 62, 4], "target_tokens": ["[IN:GET_EVENT", "[SL:DATE_TIME", "@ptr4", "@ptr5", "SL:DATE_TIME]", "IN:GET_EVENT]"], "predicted_tokens": ["[IN:GET_EVENT", "[SL:DATE_TIME", "@ptr4", "@ptr5", "SL:DATE_TIME]", "IN:GET_EVENT]"]}
{"loss": 1.2585842609405518, "class_log_probabilities": [-0.7340485453605652, -3.9469547271728516, -4.914295673370361, -5.893031120300293], "predictions": [70, 6, 395, 396, 7, 71, 402, 72, 73, 4], "target_tokens": ["[IN:GET_CONTACT", "[SL:CONTACT", "@ptr0", "@ptr1", "SL:CONTACT]", "[SL:TYPE_RELATION", "@ptr8", "SL:TYPE_RELATION]", "IN:GET_CONTACT]"], "predicted_tokens": ["[IN:GET_CONTACT", "[SL:CONTACT", "@ptr0", "@ptr1", "SL:CONTACT]", "[SL:TYPE_RELATION", "@ptr7", "SL:TYPE_RELATION]", "IN:GET_CONTACT]"]}
{"loss": 1.870088815689087, "class_log_probabilities": [-2.2542805671691895, -2.712440013885498, -3.6128571033477783, -4.202352523803711], "predictions": [70, 71, 397, 72, 6, 399, 400, 7, 73, 4, 4], "target_tokens": ["[IN:GET_CONTACT", "[SL:CONTACT", "@ptr4", "@ptr5", "SL:CONTACT]", "[SL:TYPE_RELATION", "@ptr2", "SL:TYPE_RELATION]", "IN:GET_CONTACT]"], "predicted_tokens": ["[IN:GET_CONTACT", "[SL:TYPE_RELATION", "@ptr2", "SL:TYPE_RELATION]", "[SL:CONTACT", "@ptr4", "@ptr5", "SL:CONTACT]", "IN:GET_CONTACT]"]}
{"loss": 1.9344180822372437, "class_log_probabilities": [-0.6212096214294434, -4.731400966644287, -5.627633094787598, -7.281313419342041], "predictions": [63, 151, 399, 400, 152, 103, 402, 104, 68, 4, 4, 4, 4], "target_tokens": ["[IN:PLAY_MUSIC", "[SL:MUSIC_RADIO_ID", "@ptr4", "@ptr5", "SL:MUSIC_RADIO_ID]", "[SL:MUSIC_PROVIDER_NAME", "@ptr7", "SL:MUSIC_PROVIDER_NAME]", "IN:PLAY_MUSIC]"], "predicted_tokens": ["[IN:PLAY_MUSIC", "[SL:MUSIC_GENRE", "@ptr4", "@ptr5", "SL:MUSIC_GENRE]", "[SL:MUSIC_PROVIDER_NAME", "@ptr7", "SL:MUSIC_PROVIDER_NAME]", "IN:PLAY_MUSIC]"]}
{"loss": 1.6346739530563354, "class_log_probabilities": [-1.9275519847869873, -3.588193416595459, -3.668093681335449, -4.3145270347595215], "predictions": [63, 206, 395, 207, 103, 398, 104, 68, 4], "target_tokens": ["[IN:PLAY_MUSIC", "[SL:MUSIC_RADIO_ID", "@ptr1", "SL:MUSIC_RADIO_ID]", "[SL:MUSIC_PROVIDER_NAME", "@ptr3", "SL:MUSIC_PROVIDER_NAME]", "IN:PLAY_MUSIC]"], "predicted_tokens": ["[IN:PLAY_MUSIC", "[SL:MUSIC_ALBUM_TITLE", "@ptr0", "SL:MUSIC_ALBUM_TITLE]", "[SL:MUSIC_PROVIDER_NAME", "@ptr3", "SL:MUSIC_PROVIDER_NAME]", "IN:PLAY_MUSIC]"]}
{"loss": 1.6426995992660522, "class_log_probabilities": [-3.3364486694335938, -3.8021080493927, -4.765730857849121, -4.832960605621338], "predictions": [27, 28, 398, 29, 16, 400, 401, 402, 403, 17, 30, 4], "target_tokens": ["[IN:CREATE_TIMER", "[SL:METHOD_TIMER", "@ptr3", "SL:METHOD_TIMER]", "[SL:DATE_TIME", "@ptr4", "@ptr5", "@ptr6", "@ptr7", "@ptr8", "SL:DATE_TIME]", "IN:CREATE_TIMER]"], "predicted_tokens": ["[IN:GET_INFO_RECIPES", "[SL:RECIPES_ATTRIBUTE", "@ptr3", "SL:RECIPES_ATTRIBUTE]", "[SL:DATE_TIME", "@ptr5", "@ptr6", "@ptr7", "@ptr8", "SL:DATE_TIME]", "IN:GET_INFO_RECIPES]"]}
{"loss": 1.0989052057266235, "class_log_probabilities": [-1.9103673696517944, -2.4180588722229004, -3.7605462074279785, -4.437312602996826], "predictions": [211, 6, 398, 399, 7, 212, 4], "target_tokens": ["[IN:GET_LOCATION", "[SL:CONTACT", "@ptr3", "@ptr4", "SL:CONTACT]", "IN:GET_LOCATION]"], "predicted_tokens": ["[IN:GET_LOCATION", "[SL:CONTACT", "@ptr3", "@ptr4", "SL:CONTACT]", "IN:GET_LOCATION]"]}
{"loss": 4.403409004211426, "class_log_probabilities": [-1.0978254079818726, -4.651602268218994, -5.06692361831665, -5.616584777832031], "predictions": [55, 56, 396, 397, 398, 399, 400, 401, 402, 57, 58, 4, 4], "target_tokens": ["[IN:GET_INFO_CONTACT", "[SL:CONTACT", "@ptr6", "SL:CONTACT]", "IN:GET_INFO_CONTACT]"], "predicted_tokens": ["[IN:QUESTION_NEWS", "[SL:NEWS_TOPIC", "@ptr1", "@ptr2", "@ptr3", "@ptr4", "@ptr5", "@ptr6", "@ptr7", "SL:NEWS_TOPIC]", "IN:QUESTION_NEWS]"]}
{"loss": 1.1823316812515259, "class_log_probabilities": [-1.0123951435089111, -3.243319034576416, -5.208441734313965, -5.446064472198486], "predictions": [55, 56, 395, 396, 57, 58, 4, 4, 4, 4], "target_tokens": ["[IN:GET_LIFE_EVENT", "[SL:CONTACT", "@ptr0", "@ptr1", "SL:CONTACT]", "[SL:LIFE_EVENT", "@ptr5", "SL:LIFE_EVENT]", "IN:GET_LIFE_EVENT]"], "predicted_tokens": ["[IN:QUESTION_NEWS", "[SL:NEWS_TOPIC", "@ptr0", "@ptr1", "SL:NEWS_TOPIC]", "IN:QUESTION_NEWS]"]}
{"loss": 0.9676346778869629, "class_log_probabilities": [-0.34086179733276367, -7.380983352661133, -7.829286575317383, -7.8528008460998535], "predictions": [105, 6, 397, 7, 106, 4], "target_tokens": ["[IN:GET_INFO_CONTACT", "[SL:CONTACT", "@ptr2", "SL:CONTACT]", "IN:GET_INFO_CONTACT]"], "predicted_tokens": ["[IN:GET_INFO_CONTACT", "[SL:CONTACT", "@ptr2", "SL:CONTACT]", "IN:GET_INFO_CONTACT]"]}
{"loss": 0.9745489954948425, "class_log_probabilities": [-0.647493302822113, -4.447683811187744, -5.455877780914307, -5.489263534545898], "predictions": [105, 6, 399, 7, 106, 4], "target_tokens": ["[IN:GET_INFO_CONTACT", "[SL:CONTACT", "@ptr4", "SL:CONTACT]", "IN:GET_INFO_CONTACT]"], "predicted_tokens": ["[IN:GET_INFO_CONTACT", "[SL:CONTACT", "@ptr4", "SL:CONTACT]", "IN:GET_INFO_CONTACT]"]}
{"loss": 0.9678411483764648, "class_log_probabilities": [-0.3379916846752167, -7.5002970695495605, -7.809706687927246, -8.006331443786621], "predictions": [105, 6, 397, 7, 106, 4], "target_tokens": ["[IN:GET_INFO_CONTACT", "[SL:CONTACT", "@ptr2", "SL:CONTACT]", "IN:GET_INFO_CONTACT]"], "predicted_tokens": ["[IN:GET_INFO_CONTACT", "[SL:CONTACT", "@ptr2", "SL:CONTACT]", "IN:GET_INFO_CONTACT]"]}
{"loss": 0.9860596656799316, "class_log_probabilities": [-0.4682196378707886, -3.8648734092712402, -4.357255935668945, -6.460575103759766], "predictions": [105, 6, 401, 7, 106, 4], "target_tokens": ["[IN:GET_INFO_CONTACT", "[SL:CONTACT", "@ptr6", "SL:CONTACT]", "IN:GET_INFO_CONTACT]"], "predicted_tokens": ["[IN:GET_INFO_CONTACT", "[SL:CONTACT", "@ptr6", "SL:CONTACT]", "IN:GET_INFO_CONTACT]"]}
{"loss": 0.9786866307258606, "class_log_probabilities": [-0.37944191694259644, -5.260588645935059, -5.953380584716797, -6.319110870361328], "predictions": [193, 6, 398, 7, 196, 4], "target_tokens": ["[IN:GET_EMPLOYMENT_TIME", "[SL:CONTACT", "@ptr3", "SL:CONTACT]", "IN:GET_EMPLOYMENT_TIME]"], "predicted_tokens": ["[IN:GET_EMPLOYMENT_TIME", "[SL:CONTACT", "@ptr3", "SL:CONTACT]", "IN:GET_EMPLOYMENT_TIME]"]}
{"loss": 0.9722393155097961, "class_log_probabilities": [-0.3640800714492798, -6.2005510330200195, -6.313701152801514, -6.954518795013428], "predictions": [105, 6, 402, 7, 106, 4, 4], "target_tokens": ["[IN:GET_INFO_CONTACT", "[SL:CONTACT", "@ptr7", "SL:CONTACT]", "IN:GET_INFO_CONTACT]"], "predicted_tokens": ["[IN:GET_INFO_CONTACT", "[SL:CONTACT", "@ptr7", "SL:CONTACT]", "IN:GET_INFO_CONTACT]"]}
{"loss": 0.9722548127174377, "class_log_probabilities": [-0.5438438653945923, -3.8973686695098877, -4.133843898773193, -5.347457408905029], "predictions": [137, 6, 396, 7, 140, 4, 4], "target_tokens": ["[IN:GET_EMPLOYER", "[SL:CONTACT", "@ptr1", "SL:CONTACT]", "IN:GET_EMPLOYER]"], "predicted_tokens": ["[IN:GET_EMPLOYER", "[SL:CONTACT", "@ptr1", "SL:CONTACT]", "IN:GET_EMPLOYER]"]}
{"loss": 2.9382035732269287, "class_log_probabilities": [-1.019097089767456, -4.674273490905762, -5.650360107421875, -6.053497314453125], "predictions": [75, 6, 399, 7, 78, 4, 4, 4, 4], "target_tokens": ["[IN:GET_CONTACT", "[SL:CONTACT", "@ptr4", "SL:CONTACT]", "IN:GET_CONTACT]"], "predicted_tokens": ["[IN:CREATE_CALL", "[SL:CONTACT", "@ptr4", "SL:CONTACT]", "IN:CREATE_CALL]"]}
{"loss": 1.2656394243240356, "class_log_probabilities": [-0.7396103739738464, -2.586423397064209, -3.7511348724365234, -4.202000141143799], "predictions": [211, 6, 397, 7, 212, 4], "target_tokens": ["[IN:GET_EMPLOYER", "[SL:CONTACT", "@ptr2", "SL:CONTACT]", "IN:GET_EMPLOYER]"], "predicted_tokens": ["[IN:GET_LOCATION", "[SL:CONTACT", "@ptr2", "SL:CONTACT]", "IN:GET_LOCATION]"]}
{"loss": 0.9668800234794617, "class_log_probabilities": [-0.3666912317276001, -5.432218551635742, -5.929455280303955, -6.623989582061768], "predictions": [211, 6, 403, 7, 212, 4], "target_tokens": ["[IN:GET_LOCATION", "[SL:CONTACT", "@ptr8", "SL:CONTACT]", "IN:GET_LOCATION]"], "predicted_tokens": ["[IN:GET_LOCATION", "[SL:CONTACT", "@ptr8", "SL:CONTACT]", "IN:GET_LOCATION]"]}
{"loss": 1.6997820138931274, "class_log_probabilities": [-1.5167927742004395, -2.293437957763672, -3.088191032409668, -75.0923843383789], "predictions": [193, 6, 396, 7, 138, 405, 139, 196, 4, 4, 4, 4, 4, 4, 4, 4, 4, 4, 4, 4, 4, 4, 4, 4, 4, 4, 4, 4, 4, 4, 4, 4, 4, 4, 4, 4, 4, 4, 4, 4, 4, 4, 4, 4, 4, 4, 4, 4, 4, 4, 4, 4, 4, 4, 4, 4, 4, 4, 4, 4, 4, 4, 4, 4, 4, 4, 4, 4, 4, 4, 4, 4, 4, 4, 4, 4, 4, 4, 4, 4, 4, 4, 4, 4, 4, 4, 4, 4, 4, 4, 4, 4, 4, 4, 4, 4, 4, 4, 4, 4], "target_tokens": ["[IN:GET_EMPLOYMENT_TIME", "[SL:CONTACT", "@ptr1", "SL:CONTACT]", "[SL:EMPLOYER", "@ptr11", "SL:EMPLOYER]", "IN:GET_EMPLOYMENT_TIME]"], "predicted_tokens": ["[IN:GET_EMPLOYMENT_TIME", "[SL:CONTACT", "@ptr1", "SL:CONTACT]", "[SL:EMPLOYER", "@ptr10", "SL:EMPLOYER]", "IN:GET_EMPLOYMENT_TIME]"]}
{"loss": 0.962883710861206, "class_log_probabilities": [-0.3782423138618469, -7.098984241485596, -7.319436073303223, -9.00503921508789], "predictions": [137, 6, 398, 7, 140, 4, 4, 4], "target_tokens": ["[IN:GET_EMPLOYER", "[SL:CONTACT", "@ptr3", "SL:CONTACT]", "IN:GET_EMPLOYER]"], "predicted_tokens": ["[IN:GET_EMPLOYER", "[SL:CONTACT", "@ptr3", "SL:CONTACT]", "IN:GET_EMPLOYER]"]}
{"loss": 0.9594361782073975, "class_log_probabilities": [-0.4577367603778839, -6.236763954162598, -6.270626544952393, -6.68961238861084], "predictions": [137, 6, 398, 7, 140, 4], "target_tokens": ["[IN:GET_EMPLOYER", "[SL:CONTACT", "@ptr3", "SL:CONTACT]", "IN:GET_EMPLOYER]"], "predicted_tokens": ["[IN:GET_EMPLOYER", "[SL:CONTACT", "@ptr3", "SL:CONTACT]", "IN:GET_EMPLOYER]"]}
{"loss": 2.540271520614624, "class_log_probabilities": [-0.5873271226882935, -3.676530361175537, -4.6818132400512695, -4.783633232116699], "predictions": [193, 6, 395, 7, 138, 403, 139, 196, 4], "target_tokens": ["[IN:GET_EMPLOYER", "[SL:CONTACT", "@ptr0", "SL:CONTACT]", "[SL:EMPLOYER", "@ptr8", "SL:EMPLOYER]", "[SL:DATE_TIME", "@ptr9", "SL:DATE_TIME]", "IN:GET_EMPLOYER]"], "predicted_tokens": ["[IN:GET_EMPLOYMENT_TIME", "[SL:CONTACT", "@ptr0", "SL:CONTACT]", "[SL:EMPLOYER", "@ptr8", "SL:EMPLOYER]", "IN:GET_EMPLOYMENT_TIME]"]}
{"loss": 1.410362958908081, "class_log_probabilities": [-0.5700774192810059, -3.951572895050049, -4.867885589599609, -4.880120277404785], "predictions": [193, 6, 395, 7, 138, 403, 139, 196, 4, 4, 4], "target_tokens": ["[IN:GET_EMPLOYER", "[SL:CONTACT", "@ptr0", "SL:CONTACT]", "[SL:EMPLOYER", "@ptr8", "SL:EMPLOYER]", "IN:GET_EMPLOYER]"], "predicted_tokens": ["[IN:GET_EMPLOYMENT_TIME", "[SL:CONTACT", "@ptr0", "SL:CONTACT]", "[SL:EMPLOYER", "@ptr8", "SL:EMPLOYER]", "IN:GET_EMPLOYMENT_TIME]"]}
{"loss": 1.0265580415725708, "class_log_probabilities": [-1.5061322450637817, -3.2866671085357666, -3.4003546237945557, -4.067196846008301], "predictions": [137, 93, 397, 94, 71, 398, 72, 140, 4], "target_tokens": ["[IN:GET_EMPLOYER", "[SL:CONTACT_RELATED", "@ptr2", "SL:CONTACT_RELATED]", "[SL:TYPE_RELATION", "@ptr3", "SL:TYPE_RELATION]", "IN:GET_EMPLOYER]"], "predicted_tokens": ["[IN:GET_EMPLOYER", "[SL:CONTACT_RELATED", "@ptr2", "SL:CONTACT_RELATED]", "[SL:TYPE_RELATION", "@ptr3", "SL:TYPE_RELATION]", "IN:GET_EMPLOYER]"]}
{"loss": 1.669245719909668, "class_log_probabilities": [-0.7271711230278015, -4.59777307510376, -4.685560703277588, -4.877477645874023], "predictions": [70, 6, 401, 7, 73, 4], "target_tokens": ["[IN:GET_EMPLOYER", "[SL:CONTACT", "@ptr6", "SL:CONTACT]", "IN:GET_EMPLOYER]"], "predicted_tokens": ["[IN:GET_CONTACT", "[SL:CONTACT", "@ptr6", "SL:CONTACT]", "IN:GET_CONTACT]"]}
{"loss": 0.9776026606559753, "class_log_probabilities": [-0.47383013367652893, -6.084826946258545, -6.5131120681762695, -7.152177333831787], "predictions": [137, 6, 395, 7, 138, 402, 139, 140, 4], "target_tokens": ["[IN:GET_EMPLOYER", "[SL:CONTACT", "@ptr0", "SL:CONTACT]", "[SL:EMPLOYER", "@ptr7", "SL:EMPLOYER]", "IN:GET_EMPLOYER]"], "predicted_tokens": ["[IN:GET_EMPLOYER", "[SL:CONTACT", "@ptr0", "SL:CONTACT]", "[SL:EMPLOYER", "@ptr7", "SL:EMPLOYER]", "IN:GET_EMPLOYER]"]}
{"loss": 1.5768611431121826, "class_log_probabilities": [-0.8546239733695984, -3.5550405979156494, -3.9382996559143066, -44.03692626953125], "predictions": [193, 6, 398, 7, 138, 407, 139, 196, 4, 4, 4, 4, 4, 4, 4, 4, 4, 4, 4, 4, 4, 4, 4, 4, 4, 4, 4, 4, 4, 4, 4, 4, 4, 4, 4, 4, 4, 4, 4, 4, 4, 4, 4, 4, 4, 4, 4, 4, 4, 4, 4, 4, 4, 4, 4, 4, 4, 4, 4, 4, 4, 4, 4, 4, 4, 4, 4, 4, 4, 4, 4, 4, 4, 4, 4, 4, 4, 4, 4, 4, 4, 4, 4, 4, 4, 4, 4, 4, 4, 4, 4, 4, 4, 4, 4, 4, 4, 4, 4, 4], "target_tokens": ["[IN:GET_EMPLOYMENT_TIME", "[SL:CONTACT", "@ptr3", "SL:CONTACT]", "[SL:EMPLOYER", "@ptr12", "@ptr13", "SL:EMPLOYER]", "IN:GET_EMPLOYMENT_TIME]"], "predicted_tokens": ["[IN:GET_EMPLOYMENT_TIME", "[SL:CONTACT", "@ptr3", "SL:CONTACT]", "[SL:EMPLOYER", "@ptr12", "SL:EMPLOYER]", "IN:GET_EMPLOYMENT_TIME]"]}
{"loss": 2.793788194656372, "class_log_probabilities": [-2.9878652095794678, -5.592159748077393, -6.774593353271484, -7.028305530548096], "predictions": [303, 6, 395, 7, 148, 403, 404, 405, 149, 304, 4, 4, 4, 4], "target_tokens": ["[IN:GET_EDUCATION_DEGREE", "[SL:CONTACT", "@ptr0", "SL:CONTACT]", "[SL:MAJOR", "@ptr11", "SL:MAJOR]", "IN:GET_EDUCATION_DEGREE]"], "predicted_tokens": ["[IN:GET_EDUCATION_DEGREE", "[SL:CONTACT", "@ptr0", "SL:CONTACT]", "[SL:EDUCATION_DEGREE", "@ptr8", "@ptr9", "@ptr10", "SL:EDUCATION_DEGREE]", "IN:GET_EDUCATION_DEGREE]"]}
{"loss": 0.9928416609764099, "class_log_probabilities": [-0.7044511437416077, -2.4766011238098145, -4.08986234664917, -6.326939582824707], "predictions": [137, 6, 397, 7, 140, 4, 4], "target_tokens": ["[IN:GET_EMPLOYER", "[SL:CONTACT", "@ptr2", "SL:CONTACT]", "IN:GET_EMPLOYER]"], "predicted_tokens": ["[IN:GET_EMPLOYER", "[SL:CONTACT", "@ptr2", "SL:CONTACT]", "IN:GET_EMPLOYER]"]}
{"loss": 3.9620981216430664, "class_log_probabilities": [-3.560859203338623, -4.858932018280029, -17.72692108154297, -20.859159469604492], "predictions": [115, 116, 4, 4, 4, 4, 4, 4, 4, 4, 4, 4, 4, 4, 4, 4], "target_tokens": ["[IN:GET_EDUCATION_TIME", "[SL:CONTACT", "@ptr10", "SL:CONTACT]", "[SL:SCHOOL", "@ptr16", "SL:SCHOOL]", "IN:GET_EDUCATION_TIME]"], "predicted_tokens": ["[IN:GET_TIMER", "IN:GET_TIMER]"]}
{"loss": 2.2761149406433105, "class_log_probabilities": [-2.2139663696289062, -2.4926319122314453, -2.7738842964172363, -26.383838653564453], "predictions": [147, 6, 400, 7, 257, 406, 406, 258, 150, 4, 4, 4, 4, 4, 4, 4, 4, 4, 4, 4, 4, 4, 4, 4, 4, 4, 4, 4, 4, 4, 4, 4, 4, 4, 4, 4, 4, 4, 4, 4, 4, 4, 4, 4, 4, 4, 4, 4, 4, 4, 4, 4, 4, 4, 4, 4, 4, 4, 4, 4, 4, 4, 4, 4, 4, 4, 4, 4, 4, 4, 4, 4, 4, 4, 4, 4, 4, 4, 4, 4, 4, 4, 4, 4, 4, 4, 4, 4, 4, 4, 4, 4, 4, 4, 4, 4, 4, 4, 4, 4], "target_tokens": ["[IN:GET_EDUCATION_TIME", "[SL:CONTACT", "@ptr5", "SL:CONTACT]", "[SL:SCHOOL", "@ptr10", "@ptr11", "SL:SCHOOL]", "IN:GET_EDUCATION_TIME]"], "predicted_tokens": ["[IN:GET_EDUCATION_TIME", "[SL:CONTACT", "@ptr5", "SL:CONTACT]", "[SL:SCHOOL", "@ptr11", "@ptr11", "SL:SCHOOL]", "IN:GET_EDUCATION_TIME]"]}
{"loss": 0.9978374242782593, "class_log_probabilities": [-0.6416068077087402, -4.36446475982666, -5.316253185272217, -5.635515213012695], "predictions": [147, 6, 398, 7, 257, 403, 404, 258, 150, 4, 4], "target_tokens": ["[IN:GET_EDUCATION_TIME", "[SL:CONTACT", "@ptr3", "SL:CONTACT]", "[SL:SCHOOL", "@ptr8", "@ptr9", "SL:SCHOOL]", "IN:GET_EDUCATION_TIME]"], "predicted_tokens": ["[IN:GET_EDUCATION_TIME", "[SL:CONTACT", "@ptr3", "SL:CONTACT]", "[SL:SCHOOL", "@ptr8", "@ptr9", "SL:SCHOOL]", "IN:GET_EDUCATION_TIME]"]}
{"loss": 1.006417155265808, "class_log_probabilities": [-0.4354819655418396, -5.172998428344727, -6.759937763214111, -6.903411388397217], "predictions": [147, 6, 396, 7, 257, 401, 258, 150, 4, 4, 4, 4], "target_tokens": ["[IN:GET_EDUCATION_TIME", "[SL:CONTACT", "@ptr1", "SL:CONTACT]", "[SL:SCHOOL", "@ptr6", "SL:SCHOOL]", "IN:GET_EDUCATION_TIME]"], "predicted_tokens": ["[IN:GET_EDUCATION_TIME", "[SL:CONTACT", "@ptr1", "SL:CONTACT]", "[SL:SCHOOL", "@ptr6", "SL:SCHOOL]", "IN:GET_EDUCATION_TIME]"]}
{"loss": 0.9793780446052551, "class_log_probabilities": [-0.37124794721603394, -6.70158576965332, -7.037451267242432, -7.1646881103515625], "predictions": [125, 6, 398, 7, 126, 4, 4], "target_tokens": ["[IN:GET_AGE", "[SL:CONTACT", "@ptr3", "SL:CONTACT]", "IN:GET_AGE]"], "predicted_tokens": ["[IN:GET_AGE", "[SL:CONTACT", "@ptr3", "SL:CONTACT]", "IN:GET_AGE]"]}
{"loss": 0.9700344800949097, "class_log_probabilities": [-0.4964907169342041, -6.364508628845215, -7.411100387573242, -7.587036609649658], "predictions": [211, 6, 395, 7, 14, 401, 15, 212, 4, 4, 4], "target_tokens": ["[IN:GET_LOCATION", "[SL:CONTACT", "@ptr0", "SL:CONTACT]", "[SL:LOCATION", "@ptr6", "SL:LOCATION]", "IN:GET_LOCATION]"], "predicted_tokens": ["[IN:GET_LOCATION", "[SL:CONTACT", "@ptr0", "SL:CONTACT]", "[SL:LOCATION", "@ptr6", "SL:LOCATION]", "IN:GET_LOCATION]"]}
{"loss": 1.6862086057662964, "class_log_probabilities": [-2.8860814571380615, -3.318218946456909, -3.5732524394989014, -5.274886131286621], "predictions": [70, 93, 403, 94, 71, 404, 72, 73, 4], "target_tokens": ["[IN:GET_LOCATION", "[SL:CONTACT_RELATED", "@ptr7", "SL:CONTACT_RELATED]", "[SL:TYPE_RELATION", "@ptr8", "SL:TYPE_RELATION]", "IN:GET_LOCATION]"], "predicted_tokens": ["[IN:GET_CONTACT", "[SL:CONTACT_RELATED", "@ptr8", "SL:CONTACT_RELATED]", "[SL:TYPE_RELATION", "@ptr9", "SL:TYPE_RELATION]", "IN:GET_CONTACT]"]}
{"loss": 1.0259535312652588, "class_log_probabilities": [-0.8838598132133484, -3.4828999042510986, -5.770314693450928, -5.887752532958984], "predictions": [211, 6, 402, 7, 212, 4, 4, 4, 4], "target_tokens": ["[IN:GET_LOCATION", "[SL:CONTACT", "@ptr7", "SL:CONTACT]", "IN:GET_LOCATION]"], "predicted_tokens": ["[IN:GET_LOCATION", "[SL:CONTACT", "@ptr7", "SL:CONTACT]", "IN:GET_LOCATION]"]}
{"loss": 1.0091267824172974, "class_log_probabilities": [-0.6173633933067322, -2.7953007221221924, -5.4282355308532715, -5.816286563873291], "predictions": [211, 6, 401, 7, 212, 4], "target_tokens": ["[IN:GET_LOCATION", "[SL:CONTACT", "@ptr6", "SL:CONTACT]", "IN:GET_LOCATION]"], "predicted_tokens": ["[IN:GET_LOCATION", "[SL:CONTACT", "@ptr6", "SL:CONTACT]", "IN:GET_LOCATION]"]}
{"loss": 0.9673510789871216, "class_log_probabilities": [-0.5111369490623474, -6.953465938568115, -7.060594081878662, -7.4835357666015625], "predictions": [211, 6, 395, 7, 14, 401, 15, 212, 4, 4, 4, 4], "target_tokens": ["[IN:GET_LOCATION", "[SL:CONTACT", "@ptr0", "SL:CONTACT]", "[SL:LOCATION", "@ptr6", "SL:LOCATION]", "IN:GET_LOCATION]"], "predicted_tokens": ["[IN:GET_LOCATION", "[SL:CONTACT", "@ptr0", "SL:CONTACT]", "[SL:LOCATION", "@ptr6", "SL:LOCATION]", "IN:GET_LOCATION]"]}
{"loss": 1.0234845876693726, "class_log_probabilities": [-0.9156723022460938, -1.746282935142517, -4.653179168701172, -6.220103740692139], "predictions": [137, 6, 397, 7, 140, 4, 4], "target_tokens": ["[IN:GET_EMPLOYER", "[SL:CONTACT", "@ptr2", "SL:CONTACT]", "IN:GET_EMPLOYER]"], "predicted_tokens": ["[IN:GET_EMPLOYER", "[SL:CONTACT", "@ptr2", "SL:CONTACT]", "IN:GET_EMPLOYER]"]}
{"loss": 0.992536723613739, "class_log_probabilities": [-0.5400587916374207, -2.6353728771209717, -6.658913612365723, -6.699684143066406], "predictions": [211, 6, 400, 7, 212, 4, 4, 4], "target_tokens": ["[IN:GET_LOCATION", "[SL:CONTACT", "@ptr5", "SL:CONTACT]", "IN:GET_LOCATION]"], "predicted_tokens": ["[IN:GET_LOCATION", "[SL:CONTACT", "@ptr5", "SL:CONTACT]", "IN:GET_LOCATION]"]}
{"loss": 0.967025101184845, "class_log_probabilities": [-0.33715903759002686, -7.385902404785156, -7.562145233154297, -8.503840446472168], "predictions": [211, 6, 399, 7, 212, 4, 4, 4], "target_tokens": ["[IN:GET_LOCATION", "[SL:CONTACT", "@ptr4", "SL:CONTACT]", "IN:GET_LOCATION]"], "predicted_tokens": ["[IN:GET_LOCATION", "[SL:CONTACT", "@ptr4", "SL:CONTACT]", "IN:GET_LOCATION]"]}
{"loss": 2.7699453830718994, "class_log_probabilities": [-2.2114274501800537, -4.322896957397461, -5.768936634063721, -5.876030445098877], "predictions": [70, 73, 4, 4, 4, 4, 4, 4, 4, 4, 4], "target_tokens": ["[IN:GET_LOCATION", "[SL:CONTACT", "@ptr4", "SL:CONTACT]", "[SL:LOCATION", "@ptr7", "@ptr8", "SL:LOCATION]", "IN:GET_LOCATION]"], "predicted_tokens": ["[IN:GET_CONTACT", "IN:GET_CONTACT]"]}
{"loss": 2.9866783618927, "class_log_probabilities": [-1.1055465936660767, -2.2347090244293213, -4.5067009925842285, -4.783473968505859], "predictions": [211, 6, 397, 7, 14, 399, 400, 401, 15, 212, 4, 4], "target_tokens": ["[IN:GET_LOCATION", "[SL:LOCATION", "@ptr4", "@ptr5", "@ptr6", "SL:LOCATION]", "[SL:CONTACT", "@ptr2", "SL:CONTACT]", "IN:GET_LOCATION]"], "predicted_tokens": ["[IN:GET_LOCATION", "[SL:CONTACT", "@ptr2", "SL:CONTACT]", "[SL:LOCATION", "@ptr4", "@ptr5", "@ptr6", "SL:LOCATION]", "IN:GET_LOCATION]"]}
{"loss": 0.968407392501831, "class_log_probabilities": [-0.4025801718235016, -5.699130058288574, -5.795969009399414, -5.969475269317627], "predictions": [211, 6, 402, 7, 212, 4, 4], "target_tokens": ["[IN:GET_LOCATION", "[SL:CONTACT", "@ptr7", "SL:CONTACT]", "IN:GET_LOCATION]"], "predicted_tokens": ["[IN:GET_LOCATION", "[SL:CONTACT", "@ptr7", "SL:CONTACT]", "IN:GET_LOCATION]"]}
{"loss": 0.9692843556404114, "class_log_probabilities": [-0.321338415145874, -7.960946083068848, -8.075774192810059, -8.434244155883789], "predictions": [211, 6, 399, 7, 212, 4, 4, 4], "target_tokens": ["[IN:GET_LOCATION", "[SL:CONTACT", "@ptr4", "SL:CONTACT]", "IN:GET_LOCATION]"], "predicted_tokens": ["[IN:GET_LOCATION", "[SL:CONTACT", "@ptr4", "SL:CONTACT]", "IN:GET_LOCATION]"]}
{"loss": 0.9632635116577148, "class_log_probabilities": [-0.46565553545951843, -6.400357723236084, -6.4214558601379395, -8.015642166137695], "predictions": [211, 6, 397, 7, 212, 4, 4, 4, 4], "target_tokens": ["[IN:GET_LOCATION", "[SL:CONTACT", "@ptr2", "SL:CONTACT]", "IN:GET_LOCATION]"], "predicted_tokens": ["[IN:GET_LOCATION", "[SL:CONTACT", "@ptr2", "SL:CONTACT]", "IN:GET_LOCATION]"]}
{"loss": 0.9662976264953613, "class_log_probabilities": [-0.34804767370224, -7.19502067565918, -7.222065448760986, -7.255524635314941], "predictions": [70, 138, 398, 139, 73, 4], "target_tokens": ["[IN:GET_CONTACT", "[SL:EMPLOYER", "@ptr3", "SL:EMPLOYER]", "IN:GET_CONTACT]"], "predicted_tokens": ["[IN:GET_CONTACT", "[SL:EMPLOYER", "@ptr3", "SL:EMPLOYER]", "IN:GET_CONTACT]"]}
{"loss": 0.9775307774543762, "class_log_probabilities": [-0.5660117268562317, -4.353302478790283, -5.023706912994385, -6.325625419616699], "predictions": [70, 138, 401, 402, 403, 139, 73, 4], "target_tokens": ["[IN:GET_CONTACT", "[SL:EMPLOYER", "@ptr6", "@ptr7", "@ptr8", "SL:EMPLOYER]", "IN:GET_CONTACT]"], "predicted_tokens": ["[IN:GET_CONTACT", "[SL:EMPLOYER", "@ptr6", "@ptr7", "@ptr8", "SL:EMPLOYER]", "IN:GET_CONTACT]"]}
{"loss": 0.967266321182251, "class_log_probabilities": [-0.5132454037666321, -7.012473106384277, -7.062197208404541, -7.094029903411865], "predictions": [211, 6, 395, 7, 14, 400, 15, 212, 4, 4, 4, 4], "target_tokens": ["[IN:GET_LOCATION", "[SL:CONTACT", "@ptr0", "SL:CONTACT]", "[SL:LOCATION", "@ptr5", "SL:LOCATION]", "IN:GET_LOCATION]"], "predicted_tokens": ["[IN:GET_LOCATION", "[SL:CONTACT", "@ptr0", "SL:CONTACT]", "[SL:LOCATION", "@ptr5", "SL:LOCATION]", "IN:GET_LOCATION]"]}
{"loss": 0.9716866612434387, "class_log_probabilities": [-0.3196685016155243, -6.442720413208008, -7.017852306365967, -7.548153877258301], "predictions": [70, 138, 398, 139, 73, 4, 4, 4], "target_tokens": ["[IN:GET_CONTACT", "[SL:EMPLOYER", "@ptr3", "SL:EMPLOYER]", "IN:GET_CONTACT]"], "predicted_tokens": ["[IN:GET_CONTACT", "[SL:EMPLOYER", "@ptr3", "SL:EMPLOYER]", "IN:GET_CONTACT]"]}
{"loss": 0.9738726615905762, "class_log_probabilities": [-0.34511223435401917, -6.217471122741699, -6.587250709533691, -8.918760299682617], "predictions": [70, 138, 399, 139, 73, 4, 4, 4], "target_tokens": ["[IN:GET_CONTACT", "[SL:EMPLOYER", "@ptr4", "SL:EMPLOYER]", "IN:GET_CONTACT]"], "predicted_tokens": ["[IN:GET_CONTACT", "[SL:EMPLOYER", "@ptr4", "SL:EMPLOYER]", "IN:GET_CONTACT]"]}
{"loss": 1.287987232208252, "class_log_probabilities": [-2.2227699756622314, -3.037907123565674, -3.6178348064422607, -4.6717681884765625], "predictions": [70, 93, 399, 94, 138, 405, 407, 139, 73, 4, 4], "target_tokens": ["[IN:GET_CONTACT", "[SL:CONTACT_RELATED", "@ptr4", "SL:CONTACT_RELATED]", "[SL:EMPLOYER", "@ptr10", "@ptr11", "@ptr12", "SL:EMPLOYER]", "IN:GET_CONTACT]"], "predicted_tokens": ["[IN:GET_CONTACT", "[SL:CONTACT_RELATED", "@ptr4", "SL:CONTACT_RELATED]", "[SL:EMPLOYER", "@ptr10", "@ptr12", "SL:EMPLOYER]", "IN:GET_CONTACT]"]}
{"loss": 0.970811128616333, "class_log_probabilities": [-0.43123435974121094, -6.783980369567871, -6.937839031219482, -7.005666255950928], "predictions": [70, 138, 398, 399, 400, 139, 73, 4], "target_tokens": ["[IN:GET_CONTACT", "[SL:EMPLOYER", "@ptr3", "@ptr4", "@ptr5", "SL:EMPLOYER]", "IN:GET_CONTACT]"], "predicted_tokens": ["[IN:GET_CONTACT", "[SL:EMPLOYER", "@ptr3", "@ptr4", "@ptr5", "SL:EMPLOYER]", "IN:GET_CONTACT]"]}
{"loss": 1.3466085195541382, "class_log_probabilities": [-3.861698627471924, -4.483458518981934, -4.6059675216674805, -5.0380473136901855], "predictions": [70, 93, 399, 94, 71, 401, 72, 138, 404, 139, 73, 4], "target_tokens": ["[IN:GET_CONTACT", "[SL:CONTACT_RELATED", "@ptr5", "SL:CONTACT_RELATED]", "[SL:TYPE_RELATION", "@ptr6", "SL:TYPE_RELATION]", "[SL:EMPLOYER", "@ptr9", "SL:EMPLOYER]", "IN:GET_CONTACT]"], "predicted_tokens": ["[IN:GET_CONTACT", "[SL:CONTACT_RELATED", "@ptr4", "SL:CONTACT_RELATED]", "[SL:TYPE_RELATION", "@ptr6", "SL:TYPE_RELATION]", "[SL:EMPLOYER", "@ptr9", "SL:EMPLOYER]", "IN:GET_CONTACT]"]}
{"loss": 1.079365611076355, "class_log_probabilities": [-1.4055505990982056, -2.260450601577759, -2.7320361137390137, -3.425041675567627], "predictions": [70, 14, 401, 15, 73, 4], "target_tokens": ["[IN:GET_CONTACT", "[SL:LOCATION", "@ptr6", "SL:LOCATION]", "IN:GET_CONTACT]"], "predicted_tokens": ["[IN:GET_CONTACT", "[SL:LOCATION", "@ptr6", "SL:LOCATION]", "IN:GET_CONTACT]"]}
{"loss": 1.0404826402664185, "class_log_probabilities": [-0.9595012068748474, -2.5795950889587402, -6.439179420471191, -6.647905349731445], "predictions": [70, 138, 404, 139, 73, 4, 4, 4, 4], "target_tokens": ["[IN:GET_CONTACT", "[SL:EMPLOYER", "@ptr9", "SL:EMPLOYER]", "IN:GET_CONTACT]"], "predicted_tokens": ["[IN:GET_CONTACT", "[SL:EMPLOYER", "@ptr9", "SL:EMPLOYER]", "IN:GET_CONTACT]"]}
{"loss": 1.0085409879684448, "class_log_probabilities": [-0.7648096084594727, -3.8166537284851074, -4.087926387786865, -4.893764495849609], "predictions": [70, 138, 402, 403, 139, 73, 4], "target_tokens": ["[IN:GET_CONTACT", "[SL:EMPLOYER", "@ptr7", "@ptr8", "SL:EMPLOYER]", "IN:GET_CONTACT]"], "predicted_tokens": ["[IN:GET_CONTACT", "[SL:EMPLOYER", "@ptr7", "@ptr8", "SL:EMPLOYER]", "IN:GET_CONTACT]"]}
{"loss": 1.533690094947815, "class_log_probabilities": [-0.45664143562316895, -4.500051498413086, -5.047056198120117, -5.284409999847412], "predictions": [70, 73, 4, 4, 4, 4], "target_tokens": ["[IN:GET_CONTACT", "[SL:EMPLOYER", "@ptr5", "SL:EMPLOYER]", "IN:GET_CONTACT]"], "predicted_tokens": ["[IN:GET_CONTACT", "IN:GET_CONTACT]"]}
{"loss": 0.9698808789253235, "class_log_probabilities": [-0.32345688343048096, -7.4244771003723145, -7.620983600616455, -7.682140827178955], "predictions": [70, 138, 398, 139, 73, 4, 4, 4], "target_tokens": ["[IN:GET_CONTACT", "[SL:EMPLOYER", "@ptr3", "SL:EMPLOYER]", "IN:GET_CONTACT]"], "predicted_tokens": ["[IN:GET_CONTACT", "[SL:EMPLOYER", "@ptr3", "SL:EMPLOYER]", "IN:GET_CONTACT]"]}
{"loss": 0.965265154838562, "class_log_probabilities": [-0.6275851726531982, -5.128638744354248, -5.654057502746582, -5.756159782409668], "predictions": [70, 138, 398, 399, 400, 139, 73, 4], "target_tokens": ["[IN:GET_CONTACT", "[SL:EMPLOYER", "@ptr3", "@ptr4", "@ptr5", "SL:EMPLOYER]", "IN:GET_CONTACT]"], "predicted_tokens": ["[IN:GET_CONTACT", "[SL:EMPLOYER", "@ptr3", "@ptr4", "@ptr5", "SL:EMPLOYER]", "IN:GET_CONTACT]"]}
{"loss": 0.9688041806221008, "class_log_probabilities": [-0.344993531703949, -6.830064296722412, -7.0924859046936035, -7.506048202514648], "predictions": [70, 138, 401, 139, 73, 4, 4, 4], "target_tokens": ["[IN:GET_CONTACT", "[SL:EMPLOYER", "@ptr6", "SL:EMPLOYER]", "IN:GET_CONTACT]"], "predicted_tokens": ["[IN:GET_CONTACT", "[SL:EMPLOYER", "@ptr6", "SL:EMPLOYER]", "IN:GET_CONTACT]"]}
{"loss": 1.990572214126587, "class_log_probabilities": [-2.7529518604278564, -3.6832709312438965, -3.7727346420288086, -4.381479740142822], "predictions": [70, 93, 395, 94, 138, 401, 402, 403, 139, 73, 4, 4, 4, 4], "target_tokens": ["[IN:GET_CONTACT", "[SL:EMPLOYER", "@ptr6", "@ptr7", "@ptr8", "SL:EMPLOYER]", "IN:GET_CONTACT]"], "predicted_tokens": ["[IN:GET_CONTACT", "[SL:CONTACT_RELATED", "@ptr0", "SL:CONTACT_RELATED]", "[SL:EMPLOYER", "@ptr6", "@ptr7", "@ptr8", "SL:EMPLOYER]", "IN:GET_CONTACT]"]}
{"loss": 2.5327060222625732, "class_log_probabilities": [-2.5287046432495117, -3.4932034015655518, -3.836422920227051, -4.694697856903076], "predictions": [137, 6, 395, 7, 138, 401, 402, 139, 140, 4, 4], "target_tokens": ["[IN:GET_CONTACT", "[SL:EMPLOYER", "@ptr6", "@ptr7", "SL:EMPLOYER]", "IN:GET_CONTACT]"], "predicted_tokens": ["[IN:GET_EMPLOYER", "[SL:CONTACT", "@ptr0", "SL:CONTACT]", "[SL:EMPLOYER", "@ptr6", "@ptr7", "SL:EMPLOYER]", "IN:GET_EMPLOYER]"]}
{"loss": 0.9711138606071472, "class_log_probabilities": [-0.3242115080356598, -7.464883804321289, -7.490860462188721, -7.667237281799316], "predictions": [70, 138, 398, 139, 73, 4, 4, 4], "target_tokens": ["[IN:GET_CONTACT", "[SL:EMPLOYER", "@ptr3", "SL:EMPLOYER]", "IN:GET_CONTACT]"], "predicted_tokens": ["[IN:GET_CONTACT", "[SL:EMPLOYER", "@ptr3", "SL:EMPLOYER]", "IN:GET_CONTACT]"]}
{"loss": 0.97339928150177, "class_log_probabilities": [-0.41489219665527344, -6.930548191070557, -7.086216926574707, -7.125247478485107], "predictions": [70, 138, 398, 399, 400, 139, 73, 4, 4], "target_tokens": ["[IN:GET_CONTACT", "[SL:EMPLOYER", "@ptr3", "@ptr4", "@ptr5", "SL:EMPLOYER]", "IN:GET_CONTACT]"], "predicted_tokens": ["[IN:GET_CONTACT", "[SL:EMPLOYER", "@ptr3", "@ptr4", "@ptr5", "SL:EMPLOYER]", "IN:GET_CONTACT]"]}
{"loss": 0.9782823920249939, "class_log_probabilities": [-0.4820038080215454, -6.04008674621582, -6.467319965362549, -6.523917198181152], "predictions": [137, 6, 395, 7, 138, 403, 139, 140, 4, 4, 4], "target_tokens": ["[IN:GET_EMPLOYER", "[SL:CONTACT", "@ptr0", "SL:CONTACT]", "[SL:EMPLOYER", "@ptr8", "SL:EMPLOYER]", "IN:GET_EMPLOYER]"], "predicted_tokens": ["[IN:GET_EMPLOYER", "[SL:CONTACT", "@ptr0", "SL:CONTACT]", "[SL:EMPLOYER", "@ptr8", "SL:EMPLOYER]", "IN:GET_EMPLOYER]"]}
{"loss": 2.3032257556915283, "class_log_probabilities": [-0.7648581862449646, -2.2509477138519287, -5.913966655731201, -6.343986511230469], "predictions": [70, 93, 397, 94, 138, 401, 139, 73, 4], "target_tokens": ["[IN:GET_CONTACT", "[SL:EMPLOYER", "@ptr6", "SL:EMPLOYER]", "IN:GET_CONTACT]"], "predicted_tokens": ["[IN:GET_CONTACT", "[SL:CONTACT_RELATED", "@ptr2", "SL:CONTACT_RELATED]", "[SL:EMPLOYER", "@ptr6", "SL:EMPLOYER]", "IN:GET_CONTACT]"]}
{"loss": 2.278376340866089, "class_log_probabilities": [-0.8253524303436279, -2.939063787460327, -5.020917892456055, -5.381320476531982], "predictions": [70, 71, 396, 72, 257, 400, 401, 402, 258, 73, 4], "target_tokens": ["[IN:GET_CONTACT", "[SL:TYPE_RELATION", "@ptr1", "SL:TYPE_RELATION]", "[SL:SCHOOL", "@ptr6", "SL:SCHOOL]", "[SL:LIFE_EVENT", "@ptr4", "SL:LIFE_EVENT]", "IN:GET_CONTACT]"], "predicted_tokens": ["[IN:GET_CONTACT", "[SL:TYPE_RELATION", "@ptr1", "SL:TYPE_RELATION]", "[SL:SCHOOL", "@ptr5", "@ptr6", "@ptr7", "SL:SCHOOL]", "IN:GET_CONTACT]"]}
{"loss": 1.9644103050231934, "class_log_probabilities": [-3.891422986984253, -4.123098850250244, -4.631119728088379, -5.0297627449035645], "predictions": [70, 93, 397, 94, 71, 399, 72, 257, 404, 405, 407, 258, 73, 4], "target_tokens": ["[IN:GET_CONTACT", "[SL:CONTACT_RELATED", "@ptr2", "SL:CONTACT_RELATED]", "[SL:SCHOOL", "@ptr10", "@ptr11", "@ptr12", "SL:SCHOOL]", "IN:GET_CONTACT]"], "predicted_tokens": ["[IN:GET_CONTACT", "[SL:CONTACT_RELATED", "@ptr2", "SL:CONTACT_RELATED]", "[SL:TYPE_RELATION", "@ptr4", "SL:TYPE_RELATION]", "[SL:SCHOOL", "@ptr9", "@ptr10", "@ptr12", "SL:SCHOOL]", "IN:GET_CONTACT]"]}
{"loss": 3.740346670150757, "class_log_probabilities": [-1.2401094436645508, -6.553398132324219, -6.775417804718018, -9.903790473937988], "predictions": [70, 73, 4, 4, 4, 4, 4, 4, 4, 4, 4, 4], "target_tokens": ["[IN:GET_CONTACT", "[SL:SCHOOL", "@ptr11", "@ptr12", "SL:SCHOOL]", "[SL:DATE_TIME", "@ptr13", "@ptr14", "SL:DATE_TIME]", "IN:GET_CONTACT]"], "predicted_tokens": ["[IN:GET_CONTACT", "IN:GET_CONTACT]"]}
{"loss": 1.0917465686798096, "class_log_probabilities": [-1.2846920490264893, -2.785482406616211, -5.1747846603393555, -5.607083320617676], "predictions": [70, 93, 397, 94, 71, 398, 72, 257, 404, 405, 258, 73, 4, 4], "target_tokens": ["[IN:GET_CONTACT", "[SL:CONTACT_RELATED", "@ptr2", "SL:CONTACT_RELATED]", "[SL:TYPE_RELATION", "@ptr3", "SL:TYPE_RELATION]", "[SL:SCHOOL", "@ptr9", "@ptr10", "@ptr11", "SL:SCHOOL]", "IN:GET_CONTACT]"], "predicted_tokens": ["[IN:GET_CONTACT", "[SL:CONTACT_RELATED", "@ptr2", "SL:CONTACT_RELATED]", "[SL:TYPE_RELATION", "@ptr3", "SL:TYPE_RELATION]", "[SL:SCHOOL", "@ptr9", "@ptr10", "SL:SCHOOL]", "IN:GET_CONTACT]"]}
{"loss": 1.5309717655181885, "class_log_probabilities": [-4.4167399406433105, -4.625260829925537, -4.664945125579834, -4.935431480407715], "predictions": [70, 257, 399, 400, 401, 402, 403, 404, 405, 258, 93, 407, 94, 73, 4], "target_tokens": ["[IN:GET_CONTACT", "[SL:SCHOOL", "@ptr5", "@ptr6", "@ptr7", "@ptr8", "@ptr9", "@ptr10", "SL:SCHOOL]", "[SL:CONTACT_RELATED", "@ptr12", "SL:CONTACT_RELATED]", "IN:GET_CONTACT]"], "predicted_tokens": ["[IN:GET_CONTACT", "[SL:SCHOOL", "@ptr4", "@ptr5", "@ptr6", "@ptr7", "@ptr8", "@ptr9", "@ptr10", "SL:SCHOOL]", "[SL:CONTACT_RELATED", "@ptr12", "SL:CONTACT_RELATED]", "IN:GET_CONTACT]"]}
{"loss": 1.5291720628738403, "class_log_probabilities": [-3.093092679977417, -4.324102401733398, -4.396054744720459, -4.652214050292969], "predictions": [70, 93, 399, 94, 73, 4, 4, 4, 4], "target_tokens": ["[IN:GET_CONTACT", "[SL:CONTACT_RELATED", "@ptr4", "SL:CONTACT_RELATED]", "[SL:SCHOOL", "@ptr11", "SL:SCHOOL]", "IN:GET_CONTACT]"], "predicted_tokens": ["[IN:GET_CONTACT", "[SL:CONTACT_RELATED", "@ptr4", "SL:CONTACT_RELATED]", "IN:GET_CONTACT]"]}
{"loss": 2.3138864040374756, "class_log_probabilities": [-10.944802284240723, -13.015841484069824, -52.155784606933594, -52.902915954589844], "predictions": [70, 93, 401, 93, 401, 93, 401, 93, 401, 94, 93, 401, 94, 93, 401, 94, 257, 401, 94, 257, 406, 73, 4, 4, 4, 4, 4, 4, 4, 4, 4, 4, 4, 4, 4, 4, 4, 4, 4, 4, 4, 4, 4, 4, 4, 4, 4, 4, 4, 4, 4, 4, 4, 4, 4, 4, 4, 4, 4, 4, 4, 4, 4, 4, 4, 4, 4, 4, 4, 4, 4, 4, 4, 4, 4, 4, 4, 4, 4, 4, 4, 4, 4, 4, 4, 4, 4, 4, 4, 4, 4, 4, 4, 4, 4, 4, 4, 4, 4, 4], "target_tokens": ["[IN:GET_CONTACT", "[SL:CONTACT_RELATED", "@ptr6", "SL:CONTACT_RELATED]", "[SL:SCHOOL", "@ptr11", "SL:SCHOOL]", "IN:GET_CONTACT]"], "predicted_tokens": ["[IN:GET_CONTACT", "[SL:CONTACT_RELATED", "@ptr6", "[SL:CONTACT_RELATED", "@ptr6", "[SL:CONTACT_RELATED", "@ptr6", "[SL:CONTACT_RELATED", "@ptr6", "SL:CONTACT_RELATED]", "[SL:CONTACT_RELATED", "@ptr6", "SL:CONTACT_RELATED]", "[SL:CONTACT_RELATED", "@ptr6", "SL:CONTACT_RELATED]", "[SL:SCHOOL", "@ptr6", "SL:CONTACT_RELATED]", "[SL:SCHOOL", "@ptr11", "IN:GET_CONTACT]"]}
{"loss": 1.187833309173584, "class_log_probabilities": [-1.8642908334732056, -2.2290754318237305, -2.7732625007629395, -4.452335357666016], "predictions": [70, 73, 4, 4, 4, 4, 4], "target_tokens": ["[IN:GET_CONTACT", "[SL:SCHOOL", "@ptr5", "SL:SCHOOL]", "IN:GET_CONTACT]"], "predicted_tokens": ["[IN:GET_CONTACT", "IN:GET_CONTACT]"]}
{"loss": 2.43721866607666, "class_log_probabilities": [-2.2160913944244385, -4.91107702255249, -5.45591402053833, -6.503025054931641], "predictions": [70, 93, 398, 94, 73, 4, 4, 4, 4, 4, 4, 4, 4], "target_tokens": ["[IN:GET_CONTACT", "[SL:CONTACT_RELATED", "@ptr3", "SL:CONTACT_RELATED]", "[SL:SCHOOL", "@ptr8", "SL:SCHOOL]", "IN:GET_CONTACT]"], "predicted_tokens": ["[IN:GET_CONTACT", "[SL:CONTACT_RELATED", "@ptr3", "SL:CONTACT_RELATED]", "IN:GET_CONTACT]"]}
{"loss": 1.1238540410995483, "class_log_probabilities": [-2.209439516067505, -2.7322816848754883, -4.0955352783203125, -81.12873840332031], "predictions": [70, 93, 399, 94, 257, 407, 258, 73, 4, 4, 4, 4, 4, 4, 4, 4, 4, 4, 4, 4, 4, 4, 4, 4, 4, 4, 4, 4, 4, 4, 4, 4, 4, 4, 4, 4, 4, 4, 4, 4, 4, 4, 4, 4, 4, 4, 4, 4, 4, 4, 4, 4, 4, 4, 4, 4, 4, 4, 4, 4, 4, 4, 4, 4, 4, 4, 4, 4, 4, 4, 4, 4, 4, 4, 4, 4, 4, 4, 4, 4, 4, 4, 4, 4, 4, 4, 4, 4, 4, 4, 4, 4, 4, 4, 4, 4, 4, 4, 4, 4], "target_tokens": ["[IN:GET_CONTACT", "[SL:CONTACT_RELATED", "@ptr4", "SL:CONTACT_RELATED]", "[SL:SCHOOL", "@ptr12", "SL:SCHOOL]", "IN:GET_CONTACT]"], "predicted_tokens": ["[IN:GET_CONTACT", "[SL:CONTACT_RELATED", "@ptr4", "SL:CONTACT_RELATED]", "[SL:SCHOOL", "@ptr12", "SL:SCHOOL]", "IN:GET_CONTACT]"]}
{"loss": 1.9134999513626099, "class_log_probabilities": [-1.6478195190429688, -4.7220048904418945, -4.834954738616943, -5.301705360412598], "predictions": [70, 93, 397, 94, 71, 398, 72, 257, 402, 258, 73, 4, 4, 4, 4], "target_tokens": ["[IN:GET_CONTACT", "[SL:CONTACT_RELATED", "@ptr2", "SL:CONTACT_RELATED]", "[SL:TYPE_RELATION", "@ptr3", "SL:TYPE_RELATION]", "[SL:LOCATION", "@ptr7", "SL:LOCATION]", "IN:GET_CONTACT]"], "predicted_tokens": ["[IN:GET_CONTACT", "[SL:CONTACT_RELATED", "@ptr2", "SL:CONTACT_RELATED]", "[SL:TYPE_RELATION", "@ptr3", "SL:TYPE_RELATION]", "[SL:SCHOOL", "@ptr7", "SL:SCHOOL]", "IN:GET_CONTACT]"]}
{"loss": 4.160052299499512, "class_log_probabilities": [-13.948058128356934, -18.130809783935547, -18.25741958618164, -18.51565170288086], "predictions": [70, 93, 403, 94, 93, 403, 94, 93, 403, 94, 93, 403, 94, 93, 403, 94, 93, 403, 94, 93, 403, 94, 93, 403, 94, 93, 403, 94, 93, 403, 94, 93, 403, 94, 93, 403, 94, 93, 403, 94, 93, 403, 94, 93, 403, 94, 93, 403, 94, 93, 403, 94, 93, 403, 94, 93, 403, 94, 93, 403, 94, 93, 403, 94, 93, 403, 94, 93, 403, 94, 93, 403, 94, 93, 403, 94, 93, 403, 94, 93, 403, 94, 93, 403, 94, 93, 403, 94, 93, 403, 94, 93, 403, 94, 93, 403, 94, 93, 403, 94], "target_tokens": ["[IN:GET_CONTACT", "[SL:CONTACT_RELATED", "@ptr8", "SL:CONTACT_RELATED]", "[SL:EDUCATION_DEGREE", "@ptr11", "SL:EDUCATION_DEGREE]", "[SL:LOCATION", "@ptr16", "@ptr17", "SL:LOCATION]", "IN:GET_CONTACT]"], "predicted_tokens": ["[IN:GET_CONTACT", "[SL:CONTACT_RELATED", "@ptr8", "SL:CONTACT_RELATED]", "[SL:CONTACT_RELATED", "@ptr8", "SL:CONTACT_RELATED]", "[SL:CONTACT_RELATED", "@ptr8", "SL:CONTACT_RELATED]", "[SL:CONTACT_RELATED", "@ptr8", "SL:CONTACT_RELATED]", "[SL:CONTACT_RELATED", "@ptr8", "SL:CONTACT_RELATED]", "[SL:CONTACT_RELATED", "@ptr8", "SL:CONTACT_RELATED]", "[SL:CONTACT_RELATED", "@ptr8", "SL:CONTACT_RELATED]", "[SL:CONTACT_RELATED", "@ptr8", "SL:CONTACT_RELATED]", "[SL:CONTACT_RELATED", "@ptr8", "SL:CONTACT_RELATED]", "[SL:CONTACT_RELATED", "@ptr8", "SL:CONTACT_RELATED]", "[SL:CONTACT_RELATED", "@ptr8", "SL:CONTACT_RELATED]", "[SL:CONTACT_RELATED", "@ptr8", "SL:CONTACT_RELATED]", "[SL:CONTACT_RELATED", "@ptr8", "SL:CONTACT_RELATED]", "[SL:CONTACT_RELATED", "@ptr8", "SL:CONTACT_RELATED]", "[SL:CONTACT_RELATED", "@ptr8", "SL:CONTACT_RELATED]", "[SL:CONTACT_RELATED", "@ptr8", "SL:CONTACT_RELATED]", "[SL:CONTACT_RELATED", "@ptr8", "SL:CONTACT_RELATED]", "[SL:CONTACT_RELATED", "@ptr8", "SL:CONTACT_RELATED]", "[SL:CONTACT_RELATED", "@ptr8", "SL:CONTACT_RELATED]", "[SL:CONTACT_RELATED", "@ptr8", "SL:CONTACT_RELATED]", "[SL:CONTACT_RELATED", "@ptr8", "SL:CONTACT_RELATED]", "[SL:CONTACT_RELATED", "@ptr8", "SL:CONTACT_RELATED]", "[SL:CONTACT_RELATED", "@ptr8", "SL:CONTACT_RELATED]", "[SL:CONTACT_RELATED", "@ptr8", "SL:CONTACT_RELATED]", "[SL:CONTACT_RELATED", "@ptr8", "SL:CONTACT_RELATED]", "[SL:CONTACT_RELATED", "@ptr8", "SL:CONTACT_RELATED]", "[SL:CONTACT_RELATED", "@ptr8", "SL:CONTACT_RELATED]", "[SL:CONTACT_RELATED", "@ptr8", "SL:CONTACT_RELATED]", "[SL:CONTACT_RELATED", "@ptr8", "SL:CONTACT_RELATED]", "[SL:CONTACT_RELATED", "@ptr8", "SL:CONTACT_RELATED]", "[SL:CONTACT_RELATED", "@ptr8", "SL:CONTACT_RELATED]", "[SL:CONTACT_RELATED", "@ptr8", "SL:CONTACT_RELATED]", "[SL:CONTACT_RELATED", "@ptr8", "SL:CONTACT_RELATED]"]}
{"loss": 1.1811760663986206, "class_log_probabilities": [-3.938751220703125, -3.9839890003204346, -4.494211196899414, -4.5903425216674805], "predictions": [147, 93, 396, 94, 71, 397, 72, 257, 404, 258, 150, 4, 4, 4], "target_tokens": ["[IN:GET_EDUCATION_TIME", "[SL:CONTACT_RELATED", "@ptr1", "SL:CONTACT_RELATED]", "[SL:TYPE_RELATION", "@ptr2", "SL:TYPE_RELATION]", "[SL:SCHOOL", "@ptr9", "SL:SCHOOL]", "IN:GET_EDUCATION_TIME]"], "predicted_tokens": ["[IN:GET_EDUCATION_TIME", "[SL:CONTACT_RELATED", "@ptr1", "SL:CONTACT_RELATED]", "[SL:TYPE_RELATION", "@ptr2", "SL:TYPE_RELATION]", "[SL:SCHOOL", "@ptr9", "SL:SCHOOL]", "IN:GET_EDUCATION_TIME]"]}
{"loss": 0.962569534778595, "class_log_probabilities": [-0.35960653424263, -7.58653450012207, -7.609188556671143, -7.65661096572876], "predictions": [70, 14, 398, 15, 73, 4], "target_tokens": ["[IN:GET_CONTACT", "[SL:LOCATION", "@ptr3", "SL:LOCATION]", "IN:GET_CONTACT]"], "predicted_tokens": ["[IN:GET_CONTACT", "[SL:LOCATION", "@ptr3", "SL:LOCATION]", "IN:GET_CONTACT]"]}
{"loss": 0.9837484359741211, "class_log_probabilities": [-0.646481454372406, -5.4438700675964355, -5.568384170532227, -5.676922798156738], "predictions": [70, 93, 397, 94, 71, 400, 72, 14, 402, 15, 73, 4], "target_tokens": ["[IN:GET_CONTACT", "[SL:CONTACT_RELATED", "@ptr2", "SL:CONTACT_RELATED]", "[SL:TYPE_RELATION", "@ptr5", "SL:TYPE_RELATION]", "[SL:LOCATION", "@ptr7", "SL:LOCATION]", "IN:GET_CONTACT]"], "predicted_tokens": ["[IN:GET_CONTACT", "[SL:CONTACT_RELATED", "@ptr2", "SL:CONTACT_RELATED]", "[SL:TYPE_RELATION", "@ptr5", "SL:TYPE_RELATION]", "[SL:LOCATION", "@ptr7", "SL:LOCATION]", "IN:GET_CONTACT]"]}
{"loss": 0.9771130084991455, "class_log_probabilities": [-0.5893383622169495, -2.9948220252990723, -5.938766002655029, -6.6557936668396], "predictions": [70, 71, 396, 72, 14, 399, 15, 73, 4, 4, 4, 4], "target_tokens": ["[IN:GET_CONTACT", "[SL:TYPE_RELATION", "@ptr1", "SL:TYPE_RELATION]", "[SL:LOCATION", "@ptr4", "SL:LOCATION]", "IN:GET_CONTACT]"], "predicted_tokens": ["[IN:GET_CONTACT", "[SL:TYPE_RELATION", "@ptr1", "SL:TYPE_RELATION]", "[SL:LOCATION", "@ptr4", "SL:LOCATION]", "IN:GET_CONTACT]"]}
{"loss": 0.9774645566940308, "class_log_probabilities": [-0.8278024196624756, -3.601921319961548, -4.822232246398926, -6.148526668548584], "predictions": [70, 93, 396, 94, 71, 397, 72, 14, 400, 401, 15, 73, 4], "target_tokens": ["[IN:GET_CONTACT", "[SL:CONTACT_RELATED", "@ptr1", "SL:CONTACT_RELATED]", "[SL:TYPE_RELATION", "@ptr2", "SL:TYPE_RELATION]", "[SL:LOCATION", "@ptr5", "@ptr6", "SL:LOCATION]", "IN:GET_CONTACT]"], "predicted_tokens": ["[IN:GET_CONTACT", "[SL:CONTACT_RELATED", "@ptr1", "SL:CONTACT_RELATED]", "[SL:TYPE_RELATION", "@ptr2", "SL:TYPE_RELATION]", "[SL:LOCATION", "@ptr5", "@ptr6", "SL:LOCATION]", "IN:GET_CONTACT]"]}
{"loss": 0.9618004560470581, "class_log_probabilities": [-0.4386568069458008, -6.515542984008789, -6.760748863220215, -7.064770698547363], "predictions": [70, 14, 398, 399, 15, 73, 4, 4], "target_tokens": ["[IN:GET_CONTACT", "[SL:LOCATION", "@ptr3", "@ptr4", "SL:LOCATION]", "IN:GET_CONTACT]"], "predicted_tokens": ["[IN:GET_CONTACT", "[SL:LOCATION", "@ptr3", "@ptr4", "SL:LOCATION]", "IN:GET_CONTACT]"]}
{"loss": 1.0434876680374146, "class_log_probabilities": [-1.0006895065307617, -1.3355889320373535, -6.397225379943848, -6.405272483825684], "predictions": [70, 14, 401, 15, 73, 4, 4, 4], "target_tokens": ["[IN:GET_CONTACT", "[SL:LOCATION", "@ptr6", "SL:LOCATION]", "IN:GET_CONTACT]"], "predicted_tokens": ["[IN:GET_CONTACT", "[SL:LOCATION", "@ptr6", "SL:LOCATION]", "IN:GET_CONTACT]"]}
{"loss": 0.9775338768959045, "class_log_probabilities": [-0.4698984920978546, -5.677667617797852, -5.709170341491699, -6.354538440704346], "predictions": [70, 93, 399, 94, 14, 405, 15, 73, 4], "target_tokens": ["[IN:GET_CONTACT", "[SL:CONTACT_RELATED", "@ptr4", "SL:CONTACT_RELATED]", "[SL:LOCATION", "@ptr10", "SL:LOCATION]", "IN:GET_CONTACT]"], "predicted_tokens": ["[IN:GET_CONTACT", "[SL:CONTACT_RELATED", "@ptr4", "SL:CONTACT_RELATED]", "[SL:LOCATION", "@ptr10", "SL:LOCATION]", "IN:GET_CONTACT]"]}
{"loss": 1.032211422920227, "class_log_probabilities": [-1.5340970754623413, -1.8630197048187256, -2.3612709045410156, -4.421470642089844], "predictions": [70, 93, 397, 94, 71, 399, 72, 14, 402, 15, 73, 4, 4], "target_tokens": ["[IN:GET_CONTACT", "[SL:CONTACT_RELATED", "@ptr2", "SL:CONTACT_RELATED]", "[SL:TYPE_RELATION", "@ptr4", "SL:TYPE_RELATION]", "[SL:LOCATION", "@ptr7", "SL:LOCATION]", "IN:GET_CONTACT]"], "predicted_tokens": ["[IN:GET_CONTACT", "[SL:CONTACT_RELATED", "@ptr2", "SL:CONTACT_RELATED]", "[SL:TYPE_RELATION", "@ptr4", "SL:TYPE_RELATION]", "[SL:LOCATION", "@ptr7", "SL:LOCATION]", "IN:GET_CONTACT]"]}
{"loss": 1.3859004974365234, "class_log_probabilities": [-0.8079659342765808, -5.13540506362915, -5.456392288208008, -5.473257064819336], "predictions": [70, 71, 400, 72, 93, 402, 94, 73, 4, 4, 4, 4], "target_tokens": ["[IN:GET_CONTACT", "[SL:CONTACT_RELATED", "@ptr7", "SL:CONTACT_RELATED]", "[SL:TYPE_RELATION", "@ptr5", "SL:TYPE_RELATION]", "IN:GET_CONTACT]"], "predicted_tokens": ["[IN:GET_CONTACT", "[SL:TYPE_RELATION", "@ptr5", "SL:TYPE_RELATION]", "[SL:CONTACT_RELATED", "@ptr7", "SL:CONTACT_RELATED]", "IN:GET_CONTACT]"]}
{"loss": 1.3477873802185059, "class_log_probabilities": [-1.5352981090545654, -3.564765691757202, -4.693881988525391, -5.027698993682861], "predictions": [70, 71, 399, 72, 93, 401, 94, 73, 4], "target_tokens": ["[IN:GET_CONTACT", "[SL:CONTACT_RELATED", "@ptr6", "SL:CONTACT_RELATED]", "[SL:TYPE_RELATION", "@ptr4", "SL:TYPE_RELATION]", "IN:GET_CONTACT]"], "predicted_tokens": ["[IN:GET_CONTACT", "[SL:TYPE_RELATION", "@ptr4", "SL:TYPE_RELATION]", "[SL:CONTACT_RELATED", "@ptr6", "SL:CONTACT_RELATED]", "IN:GET_CONTACT]"]}
{"loss": 0.9674479365348816, "class_log_probabilities": [-0.5096594095230103, -7.608399391174316, -7.838984489440918, -8.05612564086914], "predictions": [70, 93, 397, 94, 71, 398, 72, 73, 4, 4, 4], "target_tokens": ["[IN:GET_CONTACT", "[SL:CONTACT_RELATED", "@ptr2", "SL:CONTACT_RELATED]", "[SL:TYPE_RELATION", "@ptr3", "SL:TYPE_RELATION]", "IN:GET_CONTACT]"], "predicted_tokens": ["[IN:GET_CONTACT", "[SL:CONTACT_RELATED", "@ptr2", "SL:CONTACT_RELATED]", "[SL:TYPE_RELATION", "@ptr3", "SL:TYPE_RELATION]", "IN:GET_CONTACT]"]}
{"loss": 0.9962630867958069, "class_log_probabilities": [-0.9057821035385132, -2.717876672744751, -3.7686707973480225, -5.3756561279296875], "predictions": [70, 71, 398, 72, 93, 400, 94, 73, 4], "target_tokens": ["[IN:GET_CONTACT", "[SL:TYPE_RELATION", "@ptr3", "SL:TYPE_RELATION]", "[SL:CONTACT_RELATED", "@ptr5", "SL:CONTACT_RELATED]", "IN:GET_CONTACT]"], "predicted_tokens": ["[IN:GET_CONTACT", "[SL:TYPE_RELATION", "@ptr3", "SL:TYPE_RELATION]", "[SL:CONTACT_RELATED", "@ptr5", "SL:CONTACT_RELATED]", "IN:GET_CONTACT]"]}
{"loss": 1.7128932476043701, "class_log_probabilities": [-1.5249189138412476, -2.020075559616089, -3.700007677078247, -4.205360412597656], "predictions": [70, 71, 398, 72, 93, 400, 94, 73, 4, 4], "target_tokens": ["[IN:GET_CONTACT", "[SL:CONTACT_RELATED", "@ptr5", "SL:CONTACT_RELATED]", "[SL:TYPE_RELATION", "@ptr3", "SL:TYPE_RELATION]", "IN:GET_CONTACT]"], "predicted_tokens": ["[IN:GET_CONTACT", "[SL:TYPE_RELATION", "@ptr3", "SL:TYPE_RELATION]", "[SL:CONTACT_RELATED", "@ptr5", "SL:CONTACT_RELATED]", "IN:GET_CONTACT]"]}
{"loss": 1.0532656908035278, "class_log_probabilities": [-1.7751113176345825, -2.928936719894409, -3.518608808517456, -9.873147964477539], "predictions": [70, 71, 396, 72, 93, 398, 399, 94, 73, 4, 4, 4, 4, 4], "target_tokens": ["[IN:GET_CONTACT", "[SL:TYPE_RELATION", "@ptr1", "SL:TYPE_RELATION]", "[SL:CONTACT_RELATED", "@ptr3", "@ptr4", "SL:CONTACT_RELATED]", "IN:GET_CONTACT]"], "predicted_tokens": ["[IN:GET_CONTACT", "[SL:TYPE_RELATION", "@ptr1", "SL:TYPE_RELATION]", "[SL:CONTACT_RELATED", "@ptr3", "@ptr4", "SL:CONTACT_RELATED]", "IN:GET_CONTACT]"]}
{"loss": 2.0973713397979736, "class_log_probabilities": [-0.6271189451217651, -6.220104217529297, -6.420811653137207, -6.447355270385742], "predictions": [70, 93, 396, 94, 71, 397, 72, 73, 4, 4, 4, 4], "target_tokens": ["[IN:GET_CONTACT", "[SL:TYPE_RELATION", "@ptr2", "SL:TYPE_RELATION]", "[SL:CONTACT_RELATED", "@ptr1", "SL:CONTACT_RELATED]", "IN:GET_CONTACT]"], "predicted_tokens": ["[IN:GET_CONTACT", "[SL:CONTACT_RELATED", "@ptr1", "SL:CONTACT_RELATED]", "[SL:TYPE_RELATION", "@ptr2", "SL:TYPE_RELATION]", "IN:GET_CONTACT]"]}
{"loss": 1.0599348545074463, "class_log_probabilities": [-1.2782539129257202, -1.4344521760940552, -5.3622894287109375, -6.378187656402588], "predictions": [70, 71, 395, 72, 93, 398, 94, 73, 4, 4], "target_tokens": ["[IN:GET_CONTACT", "[SL:TYPE_RELATION", "@ptr1", "SL:TYPE_RELATION]", "[SL:CONTACT_RELATED", "@ptr3", "SL:CONTACT_RELATED]", "IN:GET_CONTACT]"], "predicted_tokens": ["[IN:GET_CONTACT", "[SL:TYPE_RELATION", "@ptr0", "SL:TYPE_RELATION]", "[SL:CONTACT_RELATED", "@ptr3", "SL:CONTACT_RELATED]", "IN:GET_CONTACT]"]}
{"loss": 3.030294895172119, "class_log_probabilities": [-2.825687885284424, -4.611018657684326, -4.787238597869873, -8.377702713012695], "predictions": [55, 56, 402, 403, 404, 405, 406, 408, 57, 58, 4, 4, 4, 4, 4, 4, 4], "target_tokens": ["[IN:GET_DETAILS_NEWS", "[SL:NEWS_TOPIC", "@ptr7", "@ptr8", "@ptr9", "@ptr10", "@ptr11", "@ptr12", "@ptr13", "@ptr14", "@ptr15", "@ptr16", "@ptr17", "@ptr18", "@ptr19", "@ptr20", "@ptr21", "SL:NEWS_TOPIC]", "IN:GET_DETAILS_NEWS]"], "predicted_tokens": ["[IN:QUESTION_NEWS", "[SL:NEWS_TOPIC", "@ptr7", "@ptr8", "@ptr9", "@ptr10", "@ptr11", "@ptr13", "SL:NEWS_TOPIC]", "IN:QUESTION_NEWS]"]}
{"loss": 2.3876659870147705, "class_log_probabilities": [-1.4083551168441772, -3.476102352142334, -4.3298258781433105, -5.0283098220825195], "predictions": [45, 46, 4, 4, 4, 4, 4, 4, 4, 4], "target_tokens": ["[IN:CREATE_ALARM", "[SL:DATE_TIME", "@ptr8", "@ptr9", "@ptr10", "SL:DATE_TIME]", "IN:CREATE_ALARM]"], "predicted_tokens": ["[IN:CREATE_ALARM", "IN:CREATE_ALARM]"]}
{"loss": 1.7213157415390015, "class_log_probabilities": [-2.1370832920074463, -3.647300958633423, -4.643983364105225, -4.7887654304504395], "predictions": [13, 79, 400, 80, 18, 4, 4, 4, 4, 4, 4, 4, 4, 4, 4], "target_tokens": ["[IN:GET_WEATHER", "[SL:WEATHER_ATTRIBUTE", "@ptr5", "SL:WEATHER_ATTRIBUTE]", "[SL:DATE_TIME", "@ptr10", "@ptr11", "SL:DATE_TIME]", "IN:GET_WEATHER]"], "predicted_tokens": ["[IN:GET_WEATHER", "[SL:WEATHER_ATTRIBUTE", "@ptr5", "SL:WEATHER_ATTRIBUTE]", "IN:GET_WEATHER]"]}
{"loss": 1.7894980907440186, "class_log_probabilities": [-0.7203214764595032, -5.650312900543213, -6.168585300445557, -6.550872325897217], "predictions": [63, 64, 398, 65, 66, 400, 401, 67, 68, 4], "target_tokens": ["[IN:PLAY_MUSIC", "[SL:MUSIC_ARTIST_NAME", "@ptr5", "@ptr6", "SL:MUSIC_ARTIST_NAME]", "[SL:MUSIC_TYPE", "@ptr3", "SL:MUSIC_TYPE]", "IN:PLAY_MUSIC]"], "predicted_tokens": ["[IN:PLAY_MUSIC", "[SL:MUSIC_TYPE", "@ptr3", "SL:MUSIC_TYPE]", "[SL:MUSIC_ARTIST_NAME", "@ptr5", "@ptr6", "SL:MUSIC_ARTIST_NAME]", "IN:PLAY_MUSIC]"]}
{"loss": 2.863527297973633, "class_log_probabilities": [-3.8356642723083496, -4.1941728591918945, -4.530850887298584, -62.90366744995117], "predictions": [13, 14, 401, 402, 403, 15, 16, 406, 407, 17, 18, 4, 4, 4, 4, 4, 4, 4, 4, 4, 4, 4, 4, 4, 4, 4, 4, 4, 4, 4, 4, 4, 4, 4, 4, 4, 4, 4, 4, 4, 4, 4, 4, 4, 4, 4, 4, 4, 4, 4, 4, 4, 4, 4, 4, 4, 4, 4, 4, 4, 4, 4, 4, 4, 4, 4, 4, 4, 4, 4, 4, 4, 4, 4, 4, 4, 4, 4, 4, 4, 4, 4, 4, 4, 4, 4, 4, 4, 4, 4, 4, 4, 4, 4, 4, 4, 4, 4, 4, 4], "target_tokens": ["[IN:GET_WEATHER", "[SL:LOCATION", "@ptr5", "@ptr6", "@ptr7", "SL:LOCATION]", "[SL:DATE_TIME", "@ptr9", "@ptr10", "@ptr11", "@ptr12", "SL:DATE_TIME]", "IN:GET_WEATHER]"], "predicted_tokens": ["[IN:GET_WEATHER", "[SL:LOCATION", "@ptr6", "@ptr7", "@ptr8", "SL:LOCATION]", "[SL:DATE_TIME", "@ptr11", "@ptr12", "SL:DATE_TIME]", "IN:GET_WEATHER]"]}
{"loss": 3.35587215423584, "class_log_probabilities": [-0.8788113594055176, -2.1914315223693848, -5.1388115882873535, -7.600790023803711], "predictions": [51, 52, 399, 53, 54, 4, 4], "target_tokens": ["[IN:GET_RECIPES", "[SL:RECIPES_CUISINE", "@ptr5", "SL:RECIPES_CUISINE]", "[SL:RECIPES_DISH", "@ptr4", "SL:RECIPES_DISH]", "IN:GET_RECIPES]"], "predicted_tokens": ["[IN:GET_RECIPES", "[SL:RECIPES_DISH", "@ptr4", "SL:RECIPES_DISH]", "IN:GET_RECIPES]"]}
{"loss": 0.9843034744262695, "class_log_probabilities": [-0.6722103357315063, -3.3599765300750732, -3.9344308376312256, -4.275516510009766], "predictions": [51, 52, 398, 53, 54, 4], "target_tokens": ["[IN:GET_RECIPES", "[SL:RECIPES_DISH", "@ptr3", "SL:RECIPES_DISH]", "IN:GET_RECIPES]"], "predicted_tokens": ["[IN:GET_RECIPES", "[SL:RECIPES_DISH", "@ptr3", "SL:RECIPES_DISH]", "IN:GET_RECIPES]"]}
{"loss": 1.9140640497207642, "class_log_probabilities": [-0.8385823965072632, -3.005959987640381, -3.3709983825683594, -4.434632778167725], "predictions": [27, 277, 400, 278, 129, 403, 130, 30, 4], "target_tokens": ["[IN:IS_TRUE_RECIPES", "[SL:METHOD_RECIPES", "@ptr5", "SL:METHOD_RECIPES]", "[SL:RECIPES_INCLUDED_INGREDIENT", "@ptr8", "@ptr9", "SL:RECIPES_INCLUDED_INGREDIENT]", "IN:IS_TRUE_RECIPES]"], "predicted_tokens": ["[IN:GET_INFO_RECIPES", "[SL:METHOD_RECIPES", "@ptr5", "SL:METHOD_RECIPES]", "[SL:RECIPES_INCLUDED_INGREDIENT", "@ptr8", "SL:RECIPES_INCLUDED_INGREDIENT]", "IN:GET_INFO_RECIPES]"]}
{"loss": 0.9694650173187256, "class_log_probabilities": [-0.3152501583099365, -7.756529331207275, -7.969541549682617, -8.678582191467285], "predictions": [51, 52, 402, 53, 54, 4, 4, 4], "target_tokens": ["[IN:GET_RECIPES", "[SL:RECIPES_DISH", "@ptr7", "SL:RECIPES_DISH]", "IN:GET_RECIPES]"], "predicted_tokens": ["[IN:GET_RECIPES", "[SL:RECIPES_DISH", "@ptr7", "SL:RECIPES_DISH]", "IN:GET_RECIPES]"]}
{"loss": 1.6400041580200195, "class_log_probabilities": [-0.9890068769454956, -2.165558338165283, -3.0043344497680664, -5.75521993637085], "predictions": [27, 28, 398, 29, 52, 402, 403, 53, 30, 4, 4], "target_tokens": ["[IN:GET_INFO_RECIPES", "[SL:RECIPES_ATTRIBUTE", "@ptr3", "SL:RECIPES_ATTRIBUTE]", "[SL:RECIPES_DISH", "@ptr6", "@ptr7", "SL:RECIPES_DISH]", "IN:GET_INFO_RECIPES]"], "predicted_tokens": ["[IN:GET_INFO_RECIPES", "[SL:RECIPES_ATTRIBUTE", "@ptr3", "SL:RECIPES_ATTRIBUTE]", "[SL:RECIPES_DISH", "@ptr7", "@ptr8", "SL:RECIPES_DISH]", "IN:GET_INFO_RECIPES]"]}
{"loss": 3.692904233932495, "class_log_probabilities": [-0.28879690170288086, -6.299034118652344, -6.762270927429199, -9.466448783874512], "predictions": [27, 30, 4, 4, 4, 4, 4, 4, 4, 4, 4, 4], "target_tokens": ["[IN:GET_INFO_RECIPES", "[SL:RECIPES_ATTRIBUTE", "@ptr3", "@ptr4", "SL:RECIPES_ATTRIBUTE]", "[SL:RECIPES_INCLUDED_INGREDIENT", "@ptr5", "@ptr6", "@ptr7", "SL:RECIPES_INCLUDED_INGREDIENT]", "IN:GET_INFO_RECIPES]"], "predicted_tokens": ["[IN:GET_INFO_RECIPES", "IN:GET_INFO_RECIPES]"]}
{"loss": 1.424351692199707, "class_log_probabilities": [-0.7433116436004639, -3.7298190593719482, -5.795712471008301, -5.811932563781738], "predictions": [27, 28, 395, 396, 29, 175, 397, 176, 129, 400, 130, 30, 4], "target_tokens": ["[IN:GET_INFO_RECIPES", "[SL:RECIPES_ATTRIBUTE", "@ptr0", "SL:RECIPES_ATTRIBUTE]", "[SL:RECIPES_UNIT_NUTRITION", "@ptr2", "SL:RECIPES_UNIT_NUTRITION]", "[SL:RECIPES_INCLUDED_INGREDIENT", "@ptr5", "SL:RECIPES_INCLUDED_INGREDIENT]", "IN:GET_INFO_RECIPES]"], "predicted_tokens": ["[IN:GET_INFO_RECIPES", "[SL:RECIPES_ATTRIBUTE", "@ptr0", "@ptr1", "SL:RECIPES_ATTRIBUTE]", "[SL:RECIPES_UNIT_NUTRITION", "@ptr2", "SL:RECIPES_UNIT_NUTRITION]", "[SL:RECIPES_INCLUDED_INGREDIENT", "@ptr5", "SL:RECIPES_INCLUDED_INGREDIENT]", "IN:GET_INFO_RECIPES]"]}
{"loss": 1.0780761241912842, "class_log_probabilities": [-0.8347454071044922, -2.7369298934936523, -3.1254475116729736, -4.8273844718933105], "predictions": [45, 46, 4], "target_tokens": ["[IN:CREATE_ALARM", "IN:CREATE_ALARM]"], "predicted_tokens": ["[IN:CREATE_ALARM", "IN:CREATE_ALARM]"]}
{"loss": 0.9754552841186523, "class_log_probabilities": [-0.1776575744152069, -6.797865390777588, -7.011967658996582, -7.0155348777771], "predictions": [19, 22, 4, 4], "target_tokens": ["[IN:GET_ALARM", "IN:GET_ALARM]"], "predicted_tokens": ["[IN:GET_ALARM", "IN:GET_ALARM]"]}
{"loss": 0.9683040976524353, "class_log_probabilities": [-0.29224517941474915, -4.066869735717773, -5.767526626586914, -6.533957004547119], "predictions": [19, 22, 4], "target_tokens": ["[IN:GET_ALARM", "IN:GET_ALARM]"], "predicted_tokens": ["[IN:GET_ALARM", "IN:GET_ALARM]"]}
{"loss": 1.9654899835586548, "class_log_probabilities": [-2.4608991146087646, -3.239713668823242, -3.3302714824676514, -5.005990505218506], "predictions": [273, 92, 4, 4, 4, 4], "target_tokens": ["[IN:RESUME_TIMER", "[SL:METHOD_TIMER", "@ptr2", "SL:METHOD_TIMER]", "IN:RESUME_TIMER]"], "predicted_tokens": ["[IN:RESTART_TIMER", "IN:CREATE_TIMER]"]}
{"loss": 0.9754511713981628, "class_log_probabilities": [-0.3741733431816101, -3.8329992294311523, -6.24662971496582, -6.859786510467529], "predictions": [115, 90, 401, 91, 116, 4], "target_tokens": ["[IN:GET_TIMER", "[SL:METHOD_TIMER", "@ptr6", "SL:METHOD_TIMER]", "IN:GET_TIMER]"], "predicted_tokens": ["[IN:GET_TIMER", "[SL:METHOD_TIMER", "@ptr6", "SL:METHOD_TIMER]", "IN:GET_TIMER]"]}
{"loss": 2.577921152114868, "class_log_probabilities": [-0.3322761356830597, -5.840070724487305, -6.303455829620361, -6.952592372894287], "predictions": [89, 90, 397, 91, 92, 4, 4], "target_tokens": ["[IN:CREATE_TIMER", "[SL:TIMER_NAME", "@ptr4", "SL:TIMER_NAME]", "[SL:METHOD_TIMER", "@ptr2", "SL:METHOD_TIMER]", "IN:CREATE_TIMER]"], "predicted_tokens": ["[IN:CREATE_TIMER", "[SL:METHOD_TIMER", "@ptr2", "SL:METHOD_TIMER]", "IN:CREATE_TIMER]"]}
{"loss": 5.648187160491943, "class_log_probabilities": [-3.7516543865203857, -4.078215599060059, -4.930438041687012, -5.009575843811035], "predictions": [147, 150, 4, 4, 4, 4, 4, 4], "target_tokens": ["[IN:QUESTION_NEWS", "[SL:NEWS_TOPIC", "@ptr0", "@ptr1", "@ptr2", "@ptr3", "@ptr4", "@ptr5", "@ptr6", "@ptr7", "@ptr8", "@ptr9", "@ptr10", "@ptr11", "SL:NEWS_TOPIC]", "IN:QUESTION_NEWS]"], "predicted_tokens": ["[IN:GET_EDUCATION_TIME", "IN:GET_EDUCATION_TIME]"]}
{"loss": 2.698453426361084, "class_log_probabilities": [-2.8707196712493896, -3.896923303604126, -5.472406387329102, -6.192992210388184], "predictions": [55, 133, 400, 134, 16, 401, 402, 403, 17, 58, 4, 4, 4, 4], "target_tokens": ["[IN:QUESTION_NEWS", "[SL:NEWS_TOPIC", "@ptr2", "@ptr3", "SL:NEWS_TOPIC]", "[SL:NEWS_SOURCE", "@ptr5", "SL:NEWS_SOURCE]", "[SL:DATE_TIME", "@ptr6", "@ptr7", "SL:DATE_TIME]", "IN:QUESTION_NEWS]"], "predicted_tokens": ["[IN:QUESTION_NEWS", "[SL:NEWS_SOURCE", "@ptr5", "SL:NEWS_SOURCE]", "[SL:DATE_TIME", "@ptr6", "@ptr7", "@ptr8", "SL:DATE_TIME]", "IN:QUESTION_NEWS]"]}
{"loss": 1.5265246629714966, "class_log_probabilities": [-0.554657518863678, -6.507754325866699, -6.595284938812256, -6.649626731872559], "predictions": [183, 16, 396, 397, 398, 17, 90, 400, 91, 184, 4], "target_tokens": ["[IN:ADD_TIME_TIMER", "[SL:DATE_TIME", "@ptr1", "@ptr2", "SL:DATE_TIME]", "[SL:METHOD_TIMER", "@ptr5", "SL:METHOD_TIMER]", "IN:ADD_TIME_TIMER]"], "predicted_tokens": ["[IN:ADD_TIME_TIMER", "[SL:DATE_TIME", "@ptr1", "@ptr2", "@ptr3", "SL:DATE_TIME]", "[SL:METHOD_TIMER", "@ptr5", "SL:METHOD_TIMER]", "IN:ADD_TIME_TIMER]"]}
{"loss": 2.7805914878845215, "class_log_probabilities": [-1.1183972358703613, -1.6093647480010986, -3.2087342739105225, -4.633389472961426], "predictions": [115, 90, 398, 91, 116, 4], "target_tokens": ["[IN:GET_TIMER", "[SL:METHOD_TIMER", "@ptr3", "@ptr4", "@ptr5", "SL:METHOD_TIMER]", "[SL:METHOD_TIMER", "@ptr8", "SL:METHOD_TIMER]", "IN:GET_TIMER]"], "predicted_tokens": ["[IN:GET_TIMER", "[SL:METHOD_TIMER", "@ptr3", "SL:METHOD_TIMER]", "IN:GET_TIMER]"]}
{"loss": 1.3736754655838013, "class_log_probabilities": [-2.343970537185669, -3.3587372303009033, -3.831148624420166, -4.24366569519043], "predictions": [27, 129, 397, 398, 130, 30, 4], "target_tokens": ["[IN:QUESTION_NEWS", "[SL:NEWS_TOPIC", "@ptr2", "@ptr3", "SL:NEWS_TOPIC]", "IN:QUESTION_NEWS]"], "predicted_tokens": ["[IN:GET_INFO_RECIPES", "[SL:RECIPES_INCLUDED_INGREDIENT", "@ptr2", "@ptr3", "SL:RECIPES_INCLUDED_INGREDIENT]", "IN:GET_INFO_RECIPES]"]}
{"loss": 1.111358404159546, "class_log_probabilities": [-2.323821544647217, -3.1858859062194824, -4.02949333190918, -4.214488983154297], "predictions": [55, 56, 395, 396, 397, 398, 399, 400, 401, 402, 403, 404, 405, 406, 407, 408, 57, 58, 4, 4], "target_tokens": ["[IN:QUESTION_NEWS", "[SL:NEWS_TOPIC", "@ptr0", "@ptr1", "@ptr2", "@ptr3", "@ptr4", "@ptr5", "@ptr6", "@ptr7", "@ptr8", "@ptr9", "@ptr10", "@ptr11", "@ptr12", "@ptr13", "@ptr14", "SL:NEWS_TOPIC]", "IN:QUESTION_NEWS]"], "predicted_tokens": ["[IN:QUESTION_NEWS", "[SL:NEWS_TOPIC", "@ptr0", "@ptr1", "@ptr2", "@ptr3", "@ptr4", "@ptr5", "@ptr6", "@ptr7", "@ptr8", "@ptr9", "@ptr10", "@ptr11", "@ptr12", "@ptr13", "SL:NEWS_TOPIC]", "IN:QUESTION_NEWS]"]}
{"loss": 2.2262775897979736, "class_log_probabilities": [-2.831913948059082, -3.1735408306121826, -4.89842414855957, -6.157074451446533], "predictions": [39, 40, 402, 41, 56, 404, 405, 57, 42, 4, 4, 4, 4, 4, 4], "target_tokens": ["[IN:GET_STORIES_NEWS", "[SL:NEWS_TYPE", "@ptr7", "SL:NEWS_TYPE]", "[SL:NEWS_TOPIC", "@ptr10", "@ptr11", "@ptr12", "@ptr13", "@ptr14", "@ptr15", "@ptr16", "@ptr17", "SL:NEWS_TOPIC]", "IN:GET_STORIES_NEWS]"], "predicted_tokens": ["[IN:GET_STORIES_NEWS", "[SL:NEWS_TYPE", "@ptr7", "SL:NEWS_TYPE]", "[SL:NEWS_TOPIC", "@ptr9", "@ptr10", "SL:NEWS_TOPIC]", "IN:GET_STORIES_NEWS]"]}
{"loss": 1.6763256788253784, "class_log_probabilities": [-0.7421544790267944, -5.906158447265625, -5.9486002922058105, -6.1895036697387695], "predictions": [19, 22, 4, 4, 4, 4], "target_tokens": ["[IN:GET_TIMER", "[SL:METHOD_TIMER", "@ptr6", "SL:METHOD_TIMER]", "IN:GET_TIMER]"], "predicted_tokens": ["[IN:GET_ALARM", "IN:GET_ALARM]"]}
{"loss": 1.3824363946914673, "class_log_probabilities": [-0.9269970059394836, -4.18570613861084, -4.513014793395996, -6.0194010734558105], "predictions": [55, 56, 398, 399, 400, 401, 57, 58, 4, 4, 4, 4], "target_tokens": ["[IN:QUESTION_NEWS", "[SL:NEWS_TOPIC", "@ptr4", "@ptr5", "@ptr6", "SL:NEWS_TOPIC]", "IN:QUESTION_NEWS]"], "predicted_tokens": ["[IN:QUESTION_NEWS", "[SL:NEWS_TOPIC", "@ptr3", "@ptr4", "@ptr5", "@ptr6", "SL:NEWS_TOPIC]", "IN:QUESTION_NEWS]"]}
{"loss": 1.873318076133728, "class_log_probabilities": [-2.0478758811950684, -3.555798053741455, -4.341410160064697, -6.77384090423584], "predictions": [39, 40, 397, 41, 16, 399, 400, 401, 17, 42, 4], "target_tokens": ["[IN:GET_STORIES_NEWS", "[SL:NEWS_TYPE", "@ptr2", "SL:NEWS_TYPE]", "[SL:DATE_TIME", "@ptr3", "@ptr4", "@ptr5", "@ptr6", "SL:DATE_TIME]", "IN:GET_STORIES_NEWS]"], "predicted_tokens": ["[IN:GET_STORIES_NEWS", "[SL:NEWS_TYPE", "@ptr2", "SL:NEWS_TYPE]", "[SL:DATE_TIME", "@ptr4", "@ptr5", "@ptr6", "SL:DATE_TIME]", "IN:GET_STORIES_NEWS]"]}
{"loss": 2.7010457515716553, "class_log_probabilities": [-6.217675685882568, -7.077317714691162, -7.446478843688965, -7.692572116851807], "predictions": [39, 40, 399, 41, 56, 401, 402, 403, 404, 405, 406, 407, 408, 410, 17, 58, 4, 4], "target_tokens": ["[IN:GET_STORIES_NEWS", "[SL:NEWS_TYPE", "@ptr4", "SL:NEWS_TYPE]", "[SL:NEWS_TOPIC", "@ptr7", "@ptr8", "@ptr9", "@ptr12", "@ptr13", "@ptr14", "@ptr15", "SL:NEWS_TOPIC]", "[SL:DATE_TIME", "@ptr11", "SL:DATE_TIME]", "IN:GET_STORIES_NEWS]"], "predicted_tokens": ["[IN:GET_STORIES_NEWS", "[SL:NEWS_TYPE", "@ptr4", "SL:NEWS_TYPE]", "[SL:NEWS_TOPIC", "@ptr6", "@ptr7", "@ptr8", "@ptr9", "@ptr10", "@ptr11", "@ptr12", "@ptr13", "@ptr15", "SL:DATE_TIME]", "IN:QUESTION_NEWS]"]}
{"loss": 1.2167184352874756, "class_log_probabilities": [-1.3063918352127075, -2.28204345703125, -4.075501918792725, -4.783053398132324], "predictions": [39, 40, 402, 41, 56, 404, 405, 57, 42, 4, 4, 4], "target_tokens": ["[IN:GET_STORIES_NEWS", "[SL:NEWS_TYPE", "@ptr7", "SL:NEWS_TYPE]", "[SL:NEWS_TOPIC", "@ptr9", "@ptr10", "@ptr11", "@ptr12", "SL:NEWS_TOPIC]", "IN:GET_STORIES_NEWS]"], "predicted_tokens": ["[IN:GET_STORIES_NEWS", "[SL:NEWS_TYPE", "@ptr7", "SL:NEWS_TYPE]", "[SL:NEWS_TOPIC", "@ptr9", "@ptr10", "SL:NEWS_TOPIC]", "IN:GET_STORIES_NEWS]"]}
{"loss": 1.1981874704360962, "class_log_probabilities": [-1.5632973909378052, -3.8813202381134033, -4.468400955200195, -4.676202774047852], "predictions": [55, 56, 396, 397, 398, 399, 57, 16, 400, 401, 17, 58, 4], "target_tokens": ["[IN:QUESTION_NEWS", "[SL:NEWS_TOPIC", "@ptr2", "@ptr3", "@ptr4", "SL:NEWS_TOPIC]", "[SL:DATE_TIME", "@ptr5", "@ptr6", "SL:DATE_TIME]", "IN:QUESTION_NEWS]"], "predicted_tokens": ["[IN:QUESTION_NEWS", "[SL:NEWS_TOPIC", "@ptr1", "@ptr2", "@ptr3", "@ptr4", "SL:NEWS_TOPIC]", "[SL:DATE_TIME", "@ptr5", "@ptr6", "SL:DATE_TIME]", "IN:QUESTION_NEWS]"]}
{"loss": 3.1359145641326904, "class_log_probabilities": [-0.4138171672821045, -6.517658710479736, -6.91472053527832, -8.108580589294434], "predictions": [27, 129, 396, 130, 30, 4, 4, 4, 4], "target_tokens": ["[IN:IS_TRUE_RECIPES", "[SL:RECIPES_INCLUDED_INGREDIENT", "@ptr1", "SL:RECIPES_INCLUDED_INGREDIENT]", "IN:IS_TRUE_RECIPES]"], "predicted_tokens": ["[IN:GET_INFO_RECIPES", "[SL:RECIPES_INCLUDED_INGREDIENT", "@ptr1", "SL:RECIPES_INCLUDED_INGREDIENT]", "IN:GET_INFO_RECIPES]"]}
{"loss": 1.6965094804763794, "class_log_probabilities": [-0.634845495223999, -5.931260108947754, -6.357619285583496, -6.852017402648926], "predictions": [13, 14, 400, 401, 15, 16, 402, 403, 404, 17, 18, 4], "target_tokens": ["[IN:GET_WEATHER", "[SL:LOCATION", "@ptr5", "@ptr6", "SL:LOCATION]", "[SL:DATE_TIME", "@ptr8", "@ptr9", "SL:DATE_TIME]", "IN:GET_WEATHER]"], "predicted_tokens": ["[IN:GET_WEATHER", "[SL:LOCATION", "@ptr5", "@ptr6", "SL:LOCATION]", "[SL:DATE_TIME", "@ptr7", "@ptr8", "@ptr9", "SL:DATE_TIME]", "IN:GET_WEATHER]"]}
{"loss": 2.220454454421997, "class_log_probabilities": [-0.6931110620498657, -3.5688939094543457, -4.428516387939453, -5.143624305725098], "predictions": [39, 40, 396, 41, 43, 400, 44, 42, 4], "target_tokens": ["[IN:GET_STORIES_NEWS", "[SL:NEWS_CATEGORY", "@ptr5", "SL:NEWS_CATEGORY]", "[SL:NEWS_TYPE", "@ptr4", "SL:NEWS_TYPE]", "IN:GET_STORIES_NEWS]"], "predicted_tokens": ["[IN:GET_STORIES_NEWS", "[SL:NEWS_TYPE", "@ptr1", "SL:NEWS_TYPE]", "[SL:NEWS_CATEGORY", "@ptr5", "SL:NEWS_CATEGORY]", "IN:GET_STORIES_NEWS]"]}
{"loss": 1.2950478792190552, "class_log_probabilities": [-0.5965285897254944, -4.596527576446533, -6.450648307800293, -6.51033878326416], "predictions": [89, 90, 398, 91, 16, 400, 401, 17, 92, 4, 4], "target_tokens": ["[IN:CREATE_TIMER", "[SL:METHOD_TIMER", "@ptr3", "SL:METHOD_TIMER]", "[SL:DATE_TIME", "@ptr4", "@ptr5", "@ptr6", "SL:DATE_TIME]", "IN:CREATE_TIMER]"], "predicted_tokens": ["[IN:CREATE_TIMER", "[SL:METHOD_TIMER", "@ptr3", "SL:METHOD_TIMER]", "[SL:DATE_TIME", "@ptr5", "@ptr6", "SL:DATE_TIME]", "IN:CREATE_TIMER]"]}
{"loss": 1.2331798076629639, "class_log_probabilities": [-0.850111186504364, -3.578247547149658, -4.196885585784912, -4.920840263366699], "predictions": [183, 16, 396, 397, 398, 17, 90, 399, 91, 184, 4], "target_tokens": ["[IN:ADD_TIME_TIMER", "[SL:DATE_TIME", "@ptr1", "@ptr2", "SL:DATE_TIME]", "[SL:METHOD_TIMER", "@ptr4", "SL:METHOD_TIMER]", "IN:ADD_TIME_TIMER]"], "predicted_tokens": ["[IN:ADD_TIME_TIMER", "[SL:DATE_TIME", "@ptr1", "@ptr2", "@ptr3", "SL:DATE_TIME]", "[SL:METHOD_TIMER", "@ptr4", "SL:METHOD_TIMER]", "IN:ADD_TIME_TIMER]"]}
{"loss": 1.3269129991531372, "class_log_probabilities": [-3.49385404586792, -3.848548173904419, -4.4765191078186035, -5.284782886505127], "predictions": [255, 90, 397, 91, 256, 4], "target_tokens": ["[IN:PAUSE_TIMER", "[SL:METHOD_TIMER", "@ptr2", "SL:METHOD_TIMER]", "IN:PAUSE_TIMER]"], "predicted_tokens": ["[IN:PAUSE_TIMER", "[SL:METHOD_TIMER", "@ptr2", "SL:METHOD_TIMER]", "IN:PAUSE_TIMER]"]}
{"loss": 1.7068202495574951, "class_log_probabilities": [-3.1277503967285156, -3.1302099227905273, -3.1827216148376465, -85.40310668945312], "predictions": [27, 28, 395, 396, 29, 175, 397, 176, 52, 408, 53, 30, 4, 4, 4, 4, 4, 4, 4, 4, 4, 4, 4, 4, 4, 4, 4, 4, 4, 4, 4, 4, 4, 4, 4, 4, 4, 4, 4, 4, 4, 4, 4, 4, 4, 4, 4, 4, 4, 4, 4, 4, 4, 4, 4, 4, 4, 4, 4, 4, 4, 4, 4, 4, 4, 4, 4, 4, 4, 4, 4, 4, 4, 4, 4, 4, 4, 4, 4, 4, 4, 4, 4, 4, 4, 4, 4, 4, 4, 4, 4, 4, 4, 4, 4, 4, 4, 4, 4, 4], "target_tokens": ["[IN:GET_INFO_RECIPES", "[SL:RECIPES_ATTRIBUTE", "@ptr0", "SL:RECIPES_ATTRIBUTE]", "[SL:RECIPES_UNIT_NUTRITION", "@ptr2", "SL:RECIPES_UNIT_NUTRITION]", "[SL:RECIPES_INCLUDED_INGREDIENT", "@ptr13", "@ptr14", "SL:RECIPES_INCLUDED_INGREDIENT]", "IN:GET_INFO_RECIPES]"], "predicted_tokens": ["[IN:GET_INFO_RECIPES", "[SL:RECIPES_ATTRIBUTE", "@ptr0", "@ptr1", "SL:RECIPES_ATTRIBUTE]", "[SL:RECIPES_UNIT_NUTRITION", "@ptr2", "SL:RECIPES_UNIT_NUTRITION]", "[SL:RECIPES_DISH", "@ptr13", "SL:RECIPES_DISH]", "IN:GET_INFO_RECIPES]"]}
{"loss": 3.5541694164276123, "class_log_probabilities": [-1.265099048614502, -3.0730209350585938, -3.4365696907043457, -5.509718894958496], "predictions": [19, 22, 4, 4, 4, 4], "target_tokens": ["[IN:GET_ALARM", "[SL:AMOUNT", "@ptr1", "SL:AMOUNT]", "[SL:ALARM_NAME", "@ptr2", "@ptr3", "@ptr4", "@ptr5", "SL:ALARM_NAME]", "IN:GET_ALARM]"], "predicted_tokens": ["[IN:GET_ALARM", "IN:GET_ALARM]"]}
{"loss": 1.8566051721572876, "class_log_probabilities": [-1.7571747303009033, -3.392397403717041, -3.998471975326538, -4.213246822357178], "predictions": [55, 133, 401, 134, 58, 4, 4], "target_tokens": ["[IN:GET_STORIES_NEWS", "[SL:NEWS_TYPE", "@ptr3", "@ptr4", "SL:NEWS_TYPE]", "[SL:NEWS_SOURCE", "@ptr6", "SL:NEWS_SOURCE]", "IN:GET_STORIES_NEWS]"], "predicted_tokens": ["[IN:QUESTION_NEWS", "[SL:NEWS_SOURCE", "@ptr6", "SL:NEWS_SOURCE]", "IN:QUESTION_NEWS]"]}
{"loss": 0.9654728174209595, "class_log_probabilities": [-0.5663179159164429, -5.001927375793457, -6.313828945159912, -6.357259750366211], "predictions": [45, 16, 398, 399, 400, 17, 46, 4, 4], "target_tokens": ["[IN:CREATE_ALARM", "[SL:DATE_TIME", "@ptr3", "@ptr4", "@ptr5", "SL:DATE_TIME]", "IN:CREATE_ALARM]"], "predicted_tokens": ["[IN:CREATE_ALARM", "[SL:DATE_TIME", "@ptr3", "@ptr4", "@ptr5", "SL:DATE_TIME]", "IN:CREATE_ALARM]"]}
{"loss": 2.0386242866516113, "class_log_probabilities": [-0.7340646386146545, -3.1645309925079346, -5.880402088165283, -6.504518985748291], "predictions": [45, 16, 400, 401, 402, 403, 17, 46, 4, 4, 4, 4], "target_tokens": ["[IN:CREATE_ALARM", "[SL:DATE_TIME", "@ptr4", "@ptr5", "@ptr6", "@ptr7", "SL:DATE_TIME]", "IN:CREATE_ALARM]"], "predicted_tokens": ["[IN:CREATE_ALARM", "[SL:DATE_TIME", "@ptr5", "@ptr6", "@ptr7", "@ptr8", "SL:DATE_TIME]", "IN:CREATE_ALARM]"]}
{"loss": 1.7800296545028687, "class_log_probabilities": [-0.6047105193138123, -3.28322696685791, -5.677412509918213, -6.06804084777832], "predictions": [227, 90, 397, 91, 16, 399, 400, 17, 228, 4, 4], "target_tokens": ["[IN:UPDATE_TIMER", "[SL:METHOD_TIMER", "@ptr2", "SL:METHOD_TIMER]", "[SL:DATE_TIME", "@ptr3", "@ptr4", "@ptr5", "SL:DATE_TIME]", "IN:UPDATE_TIMER]"], "predicted_tokens": ["[IN:UPDATE_TIMER", "[SL:METHOD_TIMER", "@ptr2", "SL:METHOD_TIMER]", "[SL:DATE_TIME", "@ptr4", "@ptr5", "SL:DATE_TIME]", "IN:UPDATE_TIMER]"]}
{"loss": 3.173774242401123, "class_log_probabilities": [-0.8749969005584717, -4.426166534423828, -4.679324150085449, -4.800013542175293], "predictions": [39, 40, 398, 41, 16, 401, 402, 403, 404, 17, 42, 4, 4], "target_tokens": ["[IN:GET_STORIES_NEWS", "[SL:DATE_TIME", "@ptr5", "@ptr6", "@ptr7", "@ptr8", "@ptr9", "SL:DATE_TIME]", "[SL:NEWS_REFERENCE", "@ptr4", "SL:NEWS_REFERENCE]", "[SL:NEWS_TYPE", "@ptr3", "SL:NEWS_TYPE]", "IN:GET_STORIES_NEWS]"], "predicted_tokens": ["[IN:GET_STORIES_NEWS", "[SL:NEWS_TYPE", "@ptr3", "SL:NEWS_TYPE]", "[SL:DATE_TIME", "@ptr6", "@ptr7", "@ptr8", "@ptr9", "SL:DATE_TIME]", "IN:GET_STORIES_NEWS]"]}
{"loss": 2.5530970096588135, "class_log_probabilities": [-1.6994705200195312, -2.1332263946533203, -3.4142560958862305, -4.192618370056152], "predictions": [89, 90, 399, 91, 16, 401, 402, 17, 92, 4, 4], "target_tokens": ["[IN:CREATE_TIMER", "[SL:METHOD_TIMER", "@ptr3", "SL:METHOD_TIMER]", "[SL:DATE_TIME", "@ptr4", "@ptr5", "@ptr6", "SL:DATE_TIME]", "IN:CREATE_TIMER]"], "predicted_tokens": ["[IN:CREATE_TIMER", "[SL:METHOD_TIMER", "@ptr4", "SL:METHOD_TIMER]", "[SL:DATE_TIME", "@ptr6", "@ptr7", "SL:DATE_TIME]", "IN:CREATE_TIMER]"]}
{"loss": 0.9665233492851257, "class_log_probabilities": [-0.6351792216300964, -5.598876476287842, -5.859942436218262, -6.680322170257568], "predictions": [45, 16, 398, 399, 400, 401, 402, 17, 46, 4], "target_tokens": ["[IN:CREATE_ALARM", "[SL:DATE_TIME", "@ptr3", "@ptr4", "@ptr5", "@ptr6", "@ptr7", "SL:DATE_TIME]", "IN:CREATE_ALARM]"], "predicted_tokens": ["[IN:CREATE_ALARM", "[SL:DATE_TIME", "@ptr3", "@ptr4", "@ptr5", "@ptr6", "@ptr7", "SL:DATE_TIME]", "IN:CREATE_ALARM]"]}
{"loss": 3.180253744125366, "class_log_probabilities": [-1.1650882959365845, -3.251462459564209, -3.819096088409424, -4.311496734619141], "predictions": [273, 90, 398, 91, 16, 399, 400, 401, 17, 274, 4], "target_tokens": ["[IN:CREATE_TIMER", "[SL:METHOD_TIMER", "@ptr2", "SL:METHOD_TIMER]", "[SL:DATE_TIME", "@ptr3", "@ptr4", "@ptr5", "SL:DATE_TIME]", "IN:CREATE_TIMER]"], "predicted_tokens": ["[IN:RESTART_TIMER", "[SL:METHOD_TIMER", "@ptr3", "SL:METHOD_TIMER]", "[SL:DATE_TIME", "@ptr4", "@ptr5", "@ptr6", "SL:DATE_TIME]", "IN:RESTART_TIMER]"]}
{"loss": 1.9549598693847656, "class_log_probabilities": [-3.322801113128662, -3.7195677757263184, -4.047231197357178, -4.855090141296387], "predictions": [45, 141, 400, 401, 402, 403, 404, 142, 16, 405, 406, 407, 17, 46, 4, 4], "target_tokens": ["[IN:CREATE_ALARM", "[SL:PERIOD", "@ptr5", "@ptr6", "@ptr7", "@ptr8", "SL:PERIOD]", "[SL:DATE_TIME", "@ptr9", "@ptr10", "@ptr11", "@ptr12", "@ptr13", "SL:DATE_TIME]", "IN:CREATE_ALARM]"], "predicted_tokens": ["[IN:CREATE_ALARM", "[SL:PERIOD", "@ptr5", "@ptr6", "@ptr7", "@ptr8", "@ptr9", "SL:PERIOD]", "[SL:DATE_TIME", "@ptr10", "@ptr11", "@ptr12", "SL:DATE_TIME]", "IN:CREATE_ALARM]"]}
{"loss": 2.074802875518799, "class_log_probabilities": [-0.6215161085128784, -3.303771734237671, -6.815925121307373, -7.165199279785156], "predictions": [45, 16, 399, 400, 401, 402, 403, 17, 46, 4, 4], "target_tokens": ["[IN:CREATE_ALARM", "[SL:DATE_TIME", "@ptr3", "@ptr4", "@ptr5", "@ptr6", "@ptr7", "@ptr8", "@ptr9", "SL:DATE_TIME]", "IN:CREATE_ALARM]"], "predicted_tokens": ["[IN:CREATE_ALARM", "[SL:DATE_TIME", "@ptr4", "@ptr5", "@ptr6", "@ptr7", "@ptr8", "SL:DATE_TIME]", "IN:CREATE_ALARM]"]}
{"loss": 1.1451375484466553, "class_log_probabilities": [-2.4161009788513184, -2.5393028259277344, -3.1175639629364014, -4.610954284667969], "predictions": [39, 16, 399, 17, 43, 400, 44, 40, 400, 41, 42, 4, 4], "target_tokens": ["[IN:GET_STORIES_NEWS", "[SL:DATE_TIME", "@ptr4", "SL:DATE_TIME]", "[SL:NEWS_CATEGORY", "@ptr6", "SL:NEWS_CATEGORY]", "[SL:NEWS_TYPE", "@ptr5", "SL:NEWS_TYPE]", "IN:GET_STORIES_NEWS]"], "predicted_tokens": ["[IN:GET_STORIES_NEWS", "[SL:DATE_TIME", "@ptr4", "SL:DATE_TIME]", "[SL:NEWS_CATEGORY", "@ptr5", "SL:NEWS_CATEGORY]", "[SL:NEWS_TYPE", "@ptr5", "SL:NEWS_TYPE]", "IN:GET_STORIES_NEWS]"]}
{"loss": 1.747281551361084, "class_log_probabilities": [-2.4568049907684326, -3.1887030601501465, -4.593775272369385, -5.21809720993042], "predictions": [39, 40, 399, 41, 56, 402, 403, 404, 57, 42, 4, 4, 4], "target_tokens": ["[IN:GET_STORIES_NEWS", "[SL:NEWS_TYPE", "@ptr4", "SL:NEWS_TYPE]", "[SL:NEWS_TOPIC", "@ptr7", "@ptr8", "@ptr9", "SL:NEWS_TOPIC]", "[SL:NEWS_TYPE", "@ptr12", "@ptr13", "SL:NEWS_TYPE]", "IN:GET_STORIES_NEWS]"], "predicted_tokens": ["[IN:GET_STORIES_NEWS", "[SL:NEWS_TYPE", "@ptr4", "SL:NEWS_TYPE]", "[SL:NEWS_TOPIC", "@ptr7", "@ptr8", "@ptr9", "SL:NEWS_TOPIC]", "IN:GET_STORIES_NEWS]"]}
{"loss": 3.5237877368927, "class_log_probabilities": [-0.3859432339668274, -5.698801040649414, -5.974060535430908, -6.427226543426514], "predictions": [183, 16, 396, 397, 17, 184, 4, 4], "target_tokens": ["[IN:ADD_TIME_TIMER", "[SL:DATE_TIME", "@ptr1", "@ptr2", "SL:DATE_TIME]", "[SL:METHOD_TIMER", "@ptr4", "@ptr5", "@ptr6", "SL:METHOD_TIMER]", "IN:ADD_TIME_TIMER]"], "predicted_tokens": ["[IN:ADD_TIME_TIMER", "[SL:DATE_TIME", "@ptr1", "@ptr2", "SL:DATE_TIME]", "IN:ADD_TIME_TIMER]"]}
{"loss": 3.8314311504364014, "class_log_probabilities": [-0.893987774848938, -4.15761137008667, -5.427788734436035, -5.435296058654785], "predictions": [89, 14, 395, 15, 16, 396, 397, 398, 17, 92, 4], "target_tokens": ["[IN:SUBTRACT_TIME_TIMER", "[SL:METHOD_TIMER", "@ptr5", "SL:METHOD_TIMER]", "[SL:DATE_TIME", "@ptr1", "@ptr2", "SL:DATE_TIME]", "IN:SUBTRACT_TIME_TIMER]"], "predicted_tokens": ["[IN:CREATE_TIMER", "[SL:LOCATION", "@ptr0", "SL:LOCATION]", "[SL:DATE_TIME", "@ptr1", "@ptr2", "@ptr3", "SL:DATE_TIME]", "IN:CREATE_TIMER]"]}
{"loss": 2.0372262001037598, "class_log_probabilities": [-2.225102424621582, -2.7876529693603516, -3.0166027545928955, -4.084151744842529], "predictions": [219, 16, 396, 397, 17, 20, 400, 21, 220, 4], "target_tokens": ["[IN:SUBTRACT_TIME_TIMER", "[SL:DATE_TIME", "@ptr1", "@ptr2", "SL:DATE_TIME]", "[SL:ORDINAL", "@ptr5", "SL:ORDINAL]", "[SL:METHOD_TIMER", "@ptr6", "SL:METHOD_TIMER]", "IN:SUBTRACT_TIME_TIMER]"], "predicted_tokens": ["[IN:SUBTRACT_TIME_TIMER", "[SL:DATE_TIME", "@ptr1", "@ptr2", "SL:DATE_TIME]", "[SL:ORDINAL", "@ptr5", "SL:ORDINAL]", "IN:SUBTRACT_TIME_TIMER]"]}
{"loss": 1.6916446685791016, "class_log_probabilities": [-0.7786524295806885, -3.5460877418518066, -4.321807861328125, -5.213069915771484], "predictions": [39, 40, 399, 41, 42, 4, 4, 4, 4, 4, 4, 4], "target_tokens": ["[IN:GET_STORIES_NEWS", "[SL:NEWS_TYPE", "@ptr4", "SL:NEWS_TYPE]", "[SL:NEWS_TOPIC", "@ptr5", "@ptr6", "@ptr7", "@ptr8", "@ptr9", "@ptr10", "SL:NEWS_TOPIC]", "IN:GET_STORIES_NEWS]"], "predicted_tokens": ["[IN:GET_STORIES_NEWS", "[SL:NEWS_TYPE", "@ptr4", "SL:NEWS_TYPE]", "IN:GET_STORIES_NEWS]"]}
{"loss": 2.684983015060425, "class_log_probabilities": [-3.3581020832061768, -3.511627435684204, -4.364392280578613, -4.880610466003418], "predictions": [39, 131, 399, 132, 43, 400, 44, 42, 4, 4, 4, 4], "target_tokens": ["[IN:GET_STORIES_NEWS", "[SL:DATE_TIME", "@ptr3", "SL:DATE_TIME]", "[SL:NEWS_CATEGORY", "@ptr5", "SL:NEWS_CATEGORY]", "[SL:NEWS_TYPE", "@ptr4", "SL:NEWS_TYPE]", "IN:GET_STORIES_NEWS]"], "predicted_tokens": ["[IN:GET_STORIES_NEWS", "[SL:NEWS_REFERENCE", "@ptr4", "SL:NEWS_REFERENCE]", "[SL:NEWS_CATEGORY", "@ptr5", "SL:NEWS_CATEGORY]", "IN:GET_STORIES_NEWS]"]}
{"loss": 2.0778119564056396, "class_log_probabilities": [-0.6312021017074585, -6.131624698638916, -6.42207145690918, -6.4923224449157715], "predictions": [55, 56, 398, 399, 400, 401, 402, 403, 404, 57, 58, 4, 4, 4, 4, 4, 4], "target_tokens": ["[IN:QUESTION_NEWS", "[SL:NEWS_TOPIC", "@ptr3", "@ptr4", "SL:NEWS_TOPIC]", "[SL:NEWS_TOPIC", "@ptr7", "@ptr8", "@ptr9", "SL:NEWS_TOPIC]", "IN:QUESTION_NEWS]"], "predicted_tokens": ["[IN:QUESTION_NEWS", "[SL:NEWS_TOPIC", "@ptr3", "@ptr4", "@ptr5", "@ptr6", "@ptr7", "@ptr8", "@ptr9", "SL:NEWS_TOPIC]", "IN:QUESTION_NEWS]"]}
{"loss": 2.074791193008423, "class_log_probabilities": [-3.1472387313842773, -3.6051974296569824, -3.8384814262390137, -5.873114109039307], "predictions": [39, 40, 401, 41, 42, 4, 4, 4, 4, 4, 4, 4, 4, 4], "target_tokens": ["[IN:GET_STORIES_NEWS", "[SL:NEWS_CATEGORY", "@ptr8", "SL:NEWS_CATEGORY]", "[SL:NEWS_TYPE", "@ptr6", "SL:NEWS_TYPE]", "[SL:DATE_TIME", "@ptr9", "@ptr10", "@ptr11", "@ptr12", "SL:DATE_TIME]", "IN:GET_STORIES_NEWS]"], "predicted_tokens": ["[IN:GET_STORIES_NEWS", "[SL:NEWS_TYPE", "@ptr6", "SL:NEWS_TYPE]", "IN:GET_STORIES_NEWS]"]}
{"loss": 2.4767537117004395, "class_log_probabilities": [-5.342447757720947, -5.845180034637451, -5.913498401641846, -6.549935817718506], "predictions": [55, 131, 396, 397, 132, 56, 399, 400, 57, 58, 4], "target_tokens": ["[IN:GET_STORIES_NEWS", "[SL:NEWS_REFERENCE", "@ptr2", "SL:NEWS_REFERENCE]", "[SL:NEWS_TYPE", "@ptr1", "SL:NEWS_TYPE]", "[SL:NEWS_TOPIC", "@ptr4", "SL:NEWS_TOPIC]", "IN:GET_STORIES_NEWS]"], "predicted_tokens": ["[IN:QUESTION_NEWS", "[SL:NEWS_REFERENCE", "@ptr1", "@ptr2", "SL:NEWS_REFERENCE]", "[SL:NEWS_TOPIC", "@ptr4", "@ptr5", "SL:NEWS_TOPIC]", "IN:QUESTION_NEWS]"]}
{"loss": 2.3163623809814453, "class_log_probabilities": [-7.423226356506348, -8.522029876708984, -8.655341148376465, -9.485963821411133], "predictions": [13, 79, 401, 80, 79, 402, 403, 404, 80, 16, 410, 17, 79, 407, 80, 18, 4, 4, 4], "target_tokens": ["[IN:GET_WEATHER", "[SL:WEATHER_ATTRIBUTE", "@ptr7", "@ptr8", "@ptr9", "SL:WEATHER_ATTRIBUTE]", "[SL:WEATHER_ATTRIBUTE", "@ptr10", "SL:WEATHER_ATTRIBUTE]", "[SL:WEATHER_TEMPERATURE_UNIT", "@ptr12", "SL:WEATHER_TEMPERATURE_UNIT]", "[SL:LOCATION", "@ptr14", "SL:LOCATION]", "[SL:DATE_TIME", "@ptr15", "@ptr16", "SL:DATE_TIME]", "IN:GET_WEATHER]"], "predicted_tokens": ["[IN:GET_WEATHER", "[SL:WEATHER_ATTRIBUTE", "@ptr6", "SL:WEATHER_ATTRIBUTE]", "[SL:WEATHER_ATTRIBUTE", "@ptr7", "@ptr8", "@ptr9", "SL:WEATHER_ATTRIBUTE]", "[SL:DATE_TIME", "@ptr15", "SL:DATE_TIME]", "[SL:WEATHER_ATTRIBUTE", "@ptr12", "SL:WEATHER_ATTRIBUTE]", "IN:GET_WEATHER]"]}
{"loss": 1.6808005571365356, "class_log_probabilities": [-2.9338295459747314, -3.5037364959716797, -3.952042818069458, -3.962916612625122], "predictions": [13, 14, 396, 397, 398, 399, 15, 16, 401, 402, 17, 135, 403, 136, 18, 4, 4], "target_tokens": ["[IN:GET_WEATHER", "[SL:LOCATION", "@ptr3", "@ptr4", "SL:LOCATION]", "[SL:DATE_TIME", "@ptr5", "@ptr6", "SL:DATE_TIME]", "[SL:WEATHER_TEMPERATURE_UNIT", "@ptr8", "SL:WEATHER_TEMPERATURE_UNIT]", "IN:GET_WEATHER]"], "predicted_tokens": ["[IN:GET_WEATHER", "[SL:LOCATION", "@ptr1", "@ptr2", "@ptr3", "@ptr4", "SL:LOCATION]", "[SL:DATE_TIME", "@ptr6", "@ptr7", "SL:DATE_TIME]", "[SL:WEATHER_TEMPERATURE_UNIT", "@ptr8", "SL:WEATHER_TEMPERATURE_UNIT]", "IN:GET_WEATHER]"]}
{"loss": 0.9970610737800598, "class_log_probabilities": [-0.6160313487052917, -3.1725003719329834, -7.257477760314941, -7.297374725341797], "predictions": [13, 135, 396, 136, 18, 4, 4, 4, 4, 4, 4, 4], "target_tokens": ["[IN:GET_WEATHER", "[SL:WEATHER_TEMPERATURE_UNIT", "@ptr1", "SL:WEATHER_TEMPERATURE_UNIT]", "IN:GET_WEATHER]"], "predicted_tokens": ["[IN:GET_WEATHER", "[SL:WEATHER_TEMPERATURE_UNIT", "@ptr1", "SL:WEATHER_TEMPERATURE_UNIT]", "IN:GET_WEATHER]"]}
{"loss": 1.0828369855880737, "class_log_probabilities": [-1.6392369270324707, -2.032454013824463, -2.2966320514678955, -3.060417652130127], "predictions": [13, 14, 397, 15, 16, 398, 17, 135, 401, 136, 18, 4], "target_tokens": ["[IN:GET_WEATHER", "[SL:LOCATION", "@ptr2", "SL:LOCATION]", "[SL:DATE_TIME", "@ptr3", "SL:DATE_TIME]", "[SL:WEATHER_TEMPERATURE_UNIT", "@ptr5", "SL:WEATHER_TEMPERATURE_UNIT]", "IN:GET_WEATHER]"], "predicted_tokens": ["[IN:GET_WEATHER", "[SL:LOCATION", "@ptr2", "SL:LOCATION]", "[SL:DATE_TIME", "@ptr3", "SL:DATE_TIME]", "[SL:WEATHER_TEMPERATURE_UNIT", "@ptr6", "SL:WEATHER_TEMPERATURE_UNIT]", "IN:GET_WEATHER]"]}
{"loss": 1.4208916425704956, "class_log_probabilities": [-1.8592212200164795, -1.951612949371338, -2.5622870922088623, -4.944196701049805], "predictions": [27, 28, 396, 397, 29, 52, 402, 53, 113, 404, 114, 30, 4, 4], "target_tokens": ["[IN:GET_INFO_RECIPES", "[SL:RECIPES_ATTRIBUTE", "@ptr1", "SL:RECIPES_ATTRIBUTE]", "[SL:RECIPES_DISH", "@ptr7", "SL:RECIPES_DISH]", "[SL:RECIPES_COOKING_METHOD", "@ptr10", "SL:RECIPES_COOKING_METHOD]", "IN:GET_INFO_RECIPES]"], "predicted_tokens": ["[IN:GET_INFO_RECIPES", "[SL:RECIPES_ATTRIBUTE", "@ptr1", "@ptr2", "SL:RECIPES_ATTRIBUTE]", "[SL:RECIPES_DISH", "@ptr7", "SL:RECIPES_DISH]", "[SL:RECIPES_COOKING_METHOD", "@ptr9", "SL:RECIPES_COOKING_METHOD]", "IN:GET_INFO_RECIPES]"]}
{"loss": 0.9667171835899353, "class_log_probabilities": [-0.32843825221061707, -7.9094672203063965, -7.939746856689453, -8.974220275878906], "predictions": [51, 52, 398, 53, 54, 4, 4, 4], "target_tokens": ["[IN:GET_RECIPES", "[SL:RECIPES_DISH", "@ptr3", "SL:RECIPES_DISH]", "IN:GET_RECIPES]"], "predicted_tokens": ["[IN:GET_RECIPES", "[SL:RECIPES_DISH", "@ptr3", "SL:RECIPES_DISH]", "IN:GET_RECIPES]"]}
{"loss": 1.0922458171844482, "class_log_probabilities": [-1.080486536026001, -1.863294005393982, -3.086449384689331, -5.357952117919922], "predictions": [27, 28, 397, 29, 52, 399, 400, 401, 53, 30, 4], "target_tokens": ["[IN:GET_INFO_RECIPES", "[SL:RECIPES_ATTRIBUTE", "@ptr2", "SL:RECIPES_ATTRIBUTE]", "[SL:RECIPES_DISH", "@ptr5", "@ptr6", "SL:RECIPES_DISH]", "IN:GET_INFO_RECIPES]"], "predicted_tokens": ["[IN:GET_INFO_RECIPES", "[SL:RECIPES_ATTRIBUTE", "@ptr2", "SL:RECIPES_ATTRIBUTE]", "[SL:RECIPES_DISH", "@ptr4", "@ptr5", "@ptr6", "SL:RECIPES_DISH]", "IN:GET_INFO_RECIPES]"]}
{"loss": 1.7333946228027344, "class_log_probabilities": [-0.9220271110534668, -3.0081675052642822, -3.8243913650512695, -4.372593879699707], "predictions": [27, 113, 396, 114, 129, 398, 130, 113, 401, 114, 30, 4], "target_tokens": ["[IN:GET_INFO_RECIPES", "[SL:RECIPES_INCLUDED_INGREDIENT", "@ptr3", "SL:RECIPES_INCLUDED_INGREDIENT]", "[SL:RECIPES_COOKING_METHOD", "@ptr6", "SL:RECIPES_COOKING_METHOD]", "IN:GET_INFO_RECIPES]"], "predicted_tokens": ["[IN:GET_INFO_RECIPES", "[SL:RECIPES_COOKING_METHOD", "@ptr1", "SL:RECIPES_COOKING_METHOD]", "[SL:RECIPES_INCLUDED_INGREDIENT", "@ptr3", "SL:RECIPES_INCLUDED_INGREDIENT]", "[SL:RECIPES_COOKING_METHOD", "@ptr6", "SL:RECIPES_COOKING_METHOD]", "IN:GET_INFO_RECIPES]"]}
{"loss": 1.5502251386642456, "class_log_probabilities": [-0.83083176612854, -2.5607967376708984, -3.0623459815979004, -4.790774345397949], "predictions": [27, 52, 398, 53, 113, 401, 402, 403, 114, 30, 4], "target_tokens": ["[IN:GET_RECIPES", "[SL:RECIPES_DISH", "@ptr3", "SL:RECIPES_DISH]", "[SL:RECIPES_COOKING_METHOD", "@ptr6", "@ptr7", "@ptr8", "SL:RECIPES_COOKING_METHOD]", "IN:GET_RECIPES]"], "predicted_tokens": ["[IN:GET_INFO_RECIPES", "[SL:RECIPES_DISH", "@ptr3", "SL:RECIPES_DISH]", "[SL:RECIPES_COOKING_METHOD", "@ptr6", "@ptr7", "@ptr8", "SL:RECIPES_COOKING_METHOD]", "IN:GET_INFO_RECIPES]"]}
{"loss": 4.420487880706787, "class_log_probabilities": [-0.673324704170227, -3.0674407482147217, -3.081592321395874, -4.936250686645508], "predictions": [27, 30, 4, 4, 4, 4, 4, 4, 4], "target_tokens": ["[IN:GET_RECIPES", "[SL:RECIPES_RATING", "@ptr3", "SL:RECIPES_RATING]", "[SL:RECIPES_DISH", "@ptr6", "@ptr7", "@ptr8", "@ptr9", "SL:RECIPES_DISH]", "IN:GET_RECIPES]"], "predicted_tokens": ["[IN:GET_INFO_RECIPES", "IN:GET_INFO_RECIPES]"]}
{"loss": 2.416262149810791, "class_log_probabilities": [-3.9460132122039795, -5.437325477600098, -16.67504119873047, -18.42082405090332], "predictions": [27, 52, 405, 53, 30, 4, 4, 4, 4, 4, 4, 4, 4, 4, 4, 4, 4, 4, 4, 4, 4, 4, 4, 4, 4, 4, 4, 4, 4, 4, 4, 4, 4, 4, 4, 4, 4, 4, 4, 4, 4, 4, 4, 4, 4, 4, 4, 4, 4, 4, 4, 4, 4, 4, 4, 4, 4, 4, 4, 4, 4, 4, 4, 4, 4, 4, 4, 4, 4, 4, 4, 4, 4, 4, 4, 4, 4, 4, 4, 4, 4, 4, 4, 4, 4, 4, 4, 4, 4, 4, 4, 4, 4, 4, 4, 4, 4, 4, 4, 4], "target_tokens": ["[IN:GET_INFO_RECIPES", "[SL:RECIPES_DISH", "@ptr11", "SL:RECIPES_DISH]", "IN:GET_INFO_RECIPES]"], "predicted_tokens": ["[IN:GET_INFO_RECIPES", "[SL:RECIPES_DISH", "@ptr10", "SL:RECIPES_DISH]", "IN:GET_INFO_RECIPES]"]}
{"loss": 1.0391873121261597, "class_log_probabilities": [-1.109796404838562, -2.037982940673828, -3.6470947265625, -4.889309883117676], "predictions": [51, 52, 400, 401, 53, 54, 4, 4, 4, 4], "target_tokens": ["[IN:GET_RECIPES", "[SL:RECIPES_DISH", "@ptr5", "@ptr6", "SL:RECIPES_DISH]", "IN:GET_RECIPES]"], "predicted_tokens": ["[IN:GET_RECIPES", "[SL:RECIPES_DISH", "@ptr5", "@ptr6", "SL:RECIPES_DISH]", "IN:GET_RECIPES]"]}
{"loss": 2.716207981109619, "class_log_probabilities": [-1.645616888999939, -3.321303129196167, -3.671802520751953, -3.7601261138916016], "predictions": [27, 129, 399, 400, 130, 129, 402, 130, 30, 4], "target_tokens": ["[IN:IS_TRUE_RECIPES", "[SL:RECIPES_INCLUDED_INGREDIENT", "@ptr5", "SL:RECIPES_INCLUDED_INGREDIENT]", "[SL:RECIPES_DISH", "@ptr7", "@ptr8", "SL:RECIPES_DISH]", "IN:IS_TRUE_RECIPES]"], "predicted_tokens": ["[IN:GET_INFO_RECIPES", "[SL:RECIPES_INCLUDED_INGREDIENT", "@ptr4", "@ptr5", "SL:RECIPES_INCLUDED_INGREDIENT]", "[SL:RECIPES_INCLUDED_INGREDIENT", "@ptr7", "SL:RECIPES_INCLUDED_INGREDIENT]", "IN:GET_INFO_RECIPES]"]}
{"loss": 0.9683663249015808, "class_log_probabilities": [-0.33812642097473145, -6.812909126281738, -7.434525966644287, -7.564412593841553], "predictions": [27, 52, 403, 53, 30, 4, 4], "target_tokens": ["[IN:GET_INFO_RECIPES", "[SL:RECIPES_DISH", "@ptr8", "SL:RECIPES_DISH]", "IN:GET_INFO_RECIPES]"], "predicted_tokens": ["[IN:GET_INFO_RECIPES", "[SL:RECIPES_DISH", "@ptr8", "SL:RECIPES_DISH]", "IN:GET_INFO_RECIPES]"]}
{"loss": 1.5136946439743042, "class_log_probabilities": [-0.7905901670455933, -3.13100528717041, -4.8950090408325195, -4.9255547523498535], "predictions": [51, 52, 397, 53, 129, 399, 130, 54, 4, 4], "target_tokens": ["[IN:GET_RECIPES", "[SL:RECIPES_DISH", "@ptr2", "@ptr3", "@ptr4", "SL:RECIPES_DISH]", "IN:GET_RECIPES]"], "predicted_tokens": ["[IN:GET_RECIPES", "[SL:RECIPES_DISH", "@ptr2", "SL:RECIPES_DISH]", "[SL:RECIPES_INCLUDED_INGREDIENT", "@ptr4", "SL:RECIPES_INCLUDED_INGREDIENT]", "IN:GET_RECIPES]"]}
{"loss": 0.9626765847206116, "class_log_probabilities": [-0.3763235807418823, -6.232276916503906, -6.24075174331665, -7.373437881469727], "predictions": [51, 52, 400, 53, 54, 4], "target_tokens": ["[IN:GET_RECIPES", "[SL:RECIPES_DISH", "@ptr5", "SL:RECIPES_DISH]", "IN:GET_RECIPES]"], "predicted_tokens": ["[IN:GET_RECIPES", "[SL:RECIPES_DISH", "@ptr5", "SL:RECIPES_DISH]", "IN:GET_RECIPES]"]}
{"loss": 2.4917538166046143, "class_log_probabilities": [-0.7819741368293762, -4.047556400299072, -4.305076599121094, -4.3861985206604], "predictions": [27, 113, 399, 114, 129, 401, 130, 30, 4], "target_tokens": ["[IN:GET_RECIPES", "[SL:RECIPES_COOKING_METHOD", "@ptr4", "SL:RECIPES_COOKING_METHOD]", "[SL:RECIPES_DISH", "@ptr6", "SL:RECIPES_DISH]", "IN:GET_RECIPES]"], "predicted_tokens": ["[IN:GET_INFO_RECIPES", "[SL:RECIPES_COOKING_METHOD", "@ptr4", "SL:RECIPES_COOKING_METHOD]", "[SL:RECIPES_INCLUDED_INGREDIENT", "@ptr6", "SL:RECIPES_INCLUDED_INGREDIENT]", "IN:GET_INFO_RECIPES]"]}
{"loss": 0.9599888920783997, "class_log_probabilities": [-0.5480597615242004, -7.737161636352539, -7.784802436828613, -8.189608573913574], "predictions": [13, 79, 396, 80, 16, 401, 17, 18, 4, 4], "target_tokens": ["[IN:GET_WEATHER", "[SL:WEATHER_ATTRIBUTE", "@ptr1", "SL:WEATHER_ATTRIBUTE]", "[SL:DATE_TIME", "@ptr6", "SL:DATE_TIME]", "IN:GET_WEATHER]"], "predicted_tokens": ["[IN:GET_WEATHER", "[SL:WEATHER_ATTRIBUTE", "@ptr1", "SL:WEATHER_ATTRIBUTE]", "[SL:DATE_TIME", "@ptr6", "SL:DATE_TIME]", "IN:GET_WEATHER]"]}
{"loss": 1.3923531770706177, "class_log_probabilities": [-1.088942289352417, -1.9338041543960571, -2.9354591369628906, -4.029819965362549], "predictions": [13, 79, 398, 80, 18, 4, 4], "target_tokens": ["[IN:GET_WEATHER", "[SL:WEATHER_ATTRIBUTE", "@ptr3", "@ptr4", "SL:WEATHER_ATTRIBUTE]", "IN:GET_WEATHER]"], "predicted_tokens": ["[IN:GET_WEATHER", "[SL:WEATHER_ATTRIBUTE", "@ptr3", "SL:WEATHER_ATTRIBUTE]", "IN:GET_WEATHER]"]}
{"loss": 1.7022305727005005, "class_log_probabilities": [-0.5061237812042236, -6.661040306091309, -7.124475002288818, -7.279996395111084], "predictions": [13, 16, 400, 401, 402, 17, 18, 4, 4], "target_tokens": ["[IN:GET_WEATHER", "[SL:DATE_TIME", "@ptr4", "@ptr5", "@ptr6", "@ptr7", "SL:DATE_TIME]", "IN:GET_WEATHER]"], "predicted_tokens": ["[IN:GET_WEATHER", "[SL:DATE_TIME", "@ptr5", "@ptr6", "@ptr7", "SL:DATE_TIME]", "IN:GET_WEATHER]"]}
{"loss": 2.394892454147339, "class_log_probabilities": [-0.5503882169723511, -6.386856555938721, -6.525086879730225, -7.2262773513793945], "predictions": [13, 14, 403, 15, 16, 404, 17, 18, 4, 4], "target_tokens": ["[IN:GET_WEATHER", "[SL:DATE_TIME", "@ptr9", "SL:DATE_TIME]", "[SL:LOCATION", "@ptr8", "SL:LOCATION]", "IN:GET_WEATHER]"], "predicted_tokens": ["[IN:GET_WEATHER", "[SL:LOCATION", "@ptr8", "SL:LOCATION]", "[SL:DATE_TIME", "@ptr9", "SL:DATE_TIME]", "IN:GET_WEATHER]"]}
{"loss": 2.1451265811920166, "class_log_probabilities": [-0.9237785935401917, -2.2389273643493652, -3.7887232303619385, -4.8232831954956055], "predictions": [27, 28, 399, 29, 113, 401, 114, 129, 403, 130, 30, 4], "target_tokens": ["[IN:GET_INFO_RECIPES", "[SL:RECIPES_ATTRIBUTE", "@ptr4", "SL:RECIPES_ATTRIBUTE]", "[SL:RECIPES_DISH", "@ptr8", "SL:RECIPES_DISH]", "IN:GET_INFO_RECIPES]"], "predicted_tokens": ["[IN:GET_INFO_RECIPES", "[SL:RECIPES_ATTRIBUTE", "@ptr4", "SL:RECIPES_ATTRIBUTE]", "[SL:RECIPES_COOKING_METHOD", "@ptr6", "SL:RECIPES_COOKING_METHOD]", "[SL:RECIPES_INCLUDED_INGREDIENT", "@ptr8", "SL:RECIPES_INCLUDED_INGREDIENT]", "IN:GET_INFO_RECIPES]"]}
{"loss": 1.1019020080566406, "class_log_probabilities": [-2.1008825302124023, -2.4067816734313965, -3.522719383239746, -4.013726711273193], "predictions": [165, 129, 396, 130, 181, 400, 182, 166, 4], "target_tokens": ["[IN:IS_TRUE_RECIPES", "[SL:RECIPES_INCLUDED_INGREDIENT", "@ptr1", "SL:RECIPES_INCLUDED_INGREDIENT]", "[SL:RECIPES_DIET", "@ptr5", "SL:RECIPES_DIET]", "IN:IS_TRUE_RECIPES]"], "predicted_tokens": ["[IN:IS_TRUE_RECIPES", "[SL:RECIPES_INCLUDED_INGREDIENT", "@ptr1", "SL:RECIPES_INCLUDED_INGREDIENT]", "[SL:RECIPES_DIET", "@ptr5", "SL:RECIPES_DIET]", "IN:IS_TRUE_RECIPES]"]}
{"loss": 0.9651763439178467, "class_log_probabilities": [-0.3598190248012543, -5.729437828063965, -6.277349948883057, -7.7368927001953125], "predictions": [51, 52, 398, 53, 54, 4], "target_tokens": ["[IN:GET_RECIPES", "[SL:RECIPES_DISH", "@ptr3", "SL:RECIPES_DISH]", "IN:GET_RECIPES]"], "predicted_tokens": ["[IN:GET_RECIPES", "[SL:RECIPES_DISH", "@ptr3", "SL:RECIPES_DISH]", "IN:GET_RECIPES]"]}
{"loss": 1.0191503763198853, "class_log_probabilities": [-0.11939194798469543, -6.849359035491943, -7.385140419006348, -7.702410697937012], "predictions": [221, 222, 4], "target_tokens": ["[IN:GET_SUNSET", "IN:GET_SUNSET]"], "predicted_tokens": ["[IN:GET_SUNSET", "IN:GET_SUNSET]"]}
{"loss": 1.1194348335266113, "class_log_probabilities": [-1.0108561515808105, -1.276845932006836, -2.9724833965301514, -5.83235502243042], "predictions": [169, 64, 400, 65, 170, 4], "target_tokens": ["[IN:STOP_MUSIC", "[SL:MUSIC_TYPE", "@ptr5", "SL:MUSIC_TYPE]", "IN:STOP_MUSIC]"], "predicted_tokens": ["[IN:REMOVE_FROM_PLAYLIST_MUSIC", "[SL:MUSIC_TYPE", "@ptr5", "SL:MUSIC_TYPE]", "IN:REMOVE_FROM_PLAYLIST_MUSIC]"]}
{"loss": 1.2170096635818481, "class_log_probabilities": [-2.628671169281006, -3.1275527477264404, -3.3843636512756348, -3.58132004737854], "predictions": [63, 101, 395, 102, 64, 398, 65, 66, 400, 401, 67, 68, 4], "target_tokens": ["[IN:PLAY_MUSIC", "[SL:MUSIC_TYPE", "@ptr3", "SL:MUSIC_TYPE]", "[SL:MUSIC_ARTIST_NAME", "@ptr5", "@ptr6", "SL:MUSIC_ARTIST_NAME]", "IN:PLAY_MUSIC]"], "predicted_tokens": ["[IN:PLAY_MUSIC", "[SL:MUSIC_TRACK_TITLE", "@ptr0", "SL:MUSIC_TRACK_TITLE]", "[SL:MUSIC_TYPE", "@ptr3", "SL:MUSIC_TYPE]", "[SL:MUSIC_ARTIST_NAME", "@ptr5", "@ptr6", "SL:MUSIC_ARTIST_NAME]", "IN:PLAY_MUSIC]"]}
{"loss": 0.9607499241828918, "class_log_probabilities": [-0.4282156229019165, -6.9820661544799805, -7.021643161773682, -7.849358558654785], "predictions": [13, 14, 400, 401, 15, 18, 4, 4], "target_tokens": ["[IN:GET_WEATHER", "[SL:LOCATION", "@ptr5", "@ptr6", "SL:LOCATION]", "IN:GET_WEATHER]"], "predicted_tokens": ["[IN:GET_WEATHER", "[SL:LOCATION", "@ptr5", "@ptr6", "SL:LOCATION]", "IN:GET_WEATHER]"]}
{"loss": 0.9678554534912109, "class_log_probabilities": [-0.3334197998046875, -6.696274280548096, -7.738590717315674, -7.886554718017578], "predictions": [63, 64, 397, 65, 68, 4], "target_tokens": ["[IN:PLAY_MUSIC", "[SL:MUSIC_TYPE", "@ptr2", "SL:MUSIC_TYPE]", "IN:PLAY_MUSIC]"], "predicted_tokens": ["[IN:PLAY_MUSIC", "[SL:MUSIC_TYPE", "@ptr2", "SL:MUSIC_TYPE]", "IN:PLAY_MUSIC]"]}
{"loss": 1.8991222381591797, "class_log_probabilities": [-26.08930778503418, -26.930994033813477, -26.935592651367188, -26.99993324279785], "predictions": [63, 151, 406, 152, 151, 405, 152, 151, 406, 152, 151, 406, 152, 151, 406, 152, 151, 406, 152, 151, 406, 152, 151, 406, 152, 151, 406, 152, 151, 406, 152, 151, 406, 152, 151, 406, 152, 151, 406, 152, 151, 406, 152, 151, 406, 152, 151, 406, 152, 151, 406, 152, 151, 406, 152, 151, 406, 152, 151, 406, 152, 151, 406, 152, 151, 406, 152, 151, 406, 152, 151, 406, 152, 151, 406, 152, 151, 406, 152, 151, 406, 152, 151, 406, 152, 151, 406, 152, 151, 406, 152, 151, 406, 152, 151, 406, 152, 151, 406, 152], "target_tokens": ["[IN:PLAY_MUSIC", "[SL:MUSIC_GENRE", "@ptr11", "SL:MUSIC_GENRE]", "[SL:MUSIC_TYPE", "@ptr10", "SL:MUSIC_TYPE]", "IN:PLAY_MUSIC]"], "predicted_tokens": ["[IN:PLAY_MUSIC", "[SL:MUSIC_GENRE", "@ptr11", "SL:MUSIC_GENRE]", "[SL:MUSIC_GENRE", "@ptr10", "SL:MUSIC_GENRE]", "[SL:MUSIC_GENRE", "@ptr11", "SL:MUSIC_GENRE]", "[SL:MUSIC_GENRE", "@ptr11", "SL:MUSIC_GENRE]", "[SL:MUSIC_GENRE", "@ptr11", "SL:MUSIC_GENRE]", "[SL:MUSIC_GENRE", "@ptr11", "SL:MUSIC_GENRE]", "[SL:MUSIC_GENRE", "@ptr11", "SL:MUSIC_GENRE]", "[SL:MUSIC_GENRE", "@ptr11", "SL:MUSIC_GENRE]", "[SL:MUSIC_GENRE", "@ptr11", "SL:MUSIC_GENRE]", "[SL:MUSIC_GENRE", "@ptr11", "SL:MUSIC_GENRE]", "[SL:MUSIC_GENRE", "@ptr11", "SL:MUSIC_GENRE]", "[SL:MUSIC_GENRE", "@ptr11", "SL:MUSIC_GENRE]", "[SL:MUSIC_GENRE", "@ptr11", "SL:MUSIC_GENRE]", "[SL:MUSIC_GENRE", "@ptr11", "SL:MUSIC_GENRE]", "[SL:MUSIC_GENRE", "@ptr11", "SL:MUSIC_GENRE]", "[SL:MUSIC_GENRE", "@ptr11", "SL:MUSIC_GENRE]", "[SL:MUSIC_GENRE", "@ptr11", "SL:MUSIC_GENRE]", "[SL:MUSIC_GENRE", "@ptr11", "SL:MUSIC_GENRE]", "[SL:MUSIC_GENRE", "@ptr11", "SL:MUSIC_GENRE]", "[SL:MUSIC_GENRE", "@ptr11", "SL:MUSIC_GENRE]", "[SL:MUSIC_GENRE", "@ptr11", "SL:MUSIC_GENRE]", "[SL:MUSIC_GENRE", "@ptr11", "SL:MUSIC_GENRE]", "[SL:MUSIC_GENRE", "@ptr11", "SL:MUSIC_GENRE]", "[SL:MUSIC_GENRE", "@ptr11", "SL:MUSIC_GENRE]", "[SL:MUSIC_GENRE", "@ptr11", "SL:MUSIC_GENRE]", "[SL:MUSIC_GENRE", "@ptr11", "SL:MUSIC_GENRE]", "[SL:MUSIC_GENRE", "@ptr11", "SL:MUSIC_GENRE]", "[SL:MUSIC_GENRE", "@ptr11", "SL:MUSIC_GENRE]", "[SL:MUSIC_GENRE", "@ptr11", "SL:MUSIC_GENRE]", "[SL:MUSIC_GENRE", "@ptr11", "SL:MUSIC_GENRE]", "[SL:MUSIC_GENRE", "@ptr11", "SL:MUSIC_GENRE]", "[SL:MUSIC_GENRE", "@ptr11", "SL:MUSIC_GENRE]", "[SL:MUSIC_GENRE", "@ptr11", "SL:MUSIC_GENRE]"]}
{"loss": 2.1718688011169434, "class_log_probabilities": [-0.6188978552818298, -3.658128261566162, -3.782949209213257, -4.2336907386779785], "predictions": [13, 79, 400, 80, 16, 402, 403, 17, 18, 4, 4], "target_tokens": ["[IN:GET_WEATHER", "[SL:WEATHER_ATTRIBUTE", "@ptr5", "SL:WEATHER_ATTRIBUTE]", "[SL:DATE_TIME", "@ptr6", "@ptr7", "SL:DATE_TIME]", "IN:GET_WEATHER]"], "predicted_tokens": ["[IN:GET_WEATHER", "[SL:WEATHER_ATTRIBUTE", "@ptr5", "SL:WEATHER_ATTRIBUTE]", "[SL:DATE_TIME", "@ptr7", "@ptr8", "SL:DATE_TIME]", "IN:GET_WEATHER]"]}
{"loss": 2.1267971992492676, "class_log_probabilities": [-1.3558011054992676, -2.768667459487915, -2.98496675491333, -3.8798911571502686], "predictions": [63, 64, 400, 65, 68, 4, 4, 4, 4], "target_tokens": ["[IN:PLAY_MUSIC", "[SL:MUSIC_GENRE", "@ptr7", "SL:MUSIC_GENRE]", "[SL:MUSIC_TYPE", "@ptr5", "SL:MUSIC_TYPE]", "IN:PLAY_MUSIC]"], "predicted_tokens": ["[IN:PLAY_MUSIC", "[SL:MUSIC_TYPE", "@ptr5", "SL:MUSIC_TYPE]", "IN:PLAY_MUSIC]"]}
{"loss": 1.88114333152771, "class_log_probabilities": [-1.6732991933822632, -3.536130666732788, -4.670731544494629, -4.879720211029053], "predictions": [241, 64, 401, 65, 242, 4], "target_tokens": ["[IN:SKIP_TRACK_MUSIC", "[SL:ORDINAL", "@ptr7", "SL:ORDINAL]", "[SL:MUSIC_TYPE", "@ptr6", "SL:MUSIC_TYPE]", "IN:SKIP_TRACK_MUSIC]"], "predicted_tokens": ["[IN:SKIP_TRACK_MUSIC", "[SL:MUSIC_TYPE", "@ptr6", "SL:MUSIC_TYPE]", "IN:SKIP_TRACK_MUSIC]"]}
{"loss": 1.8464653491973877, "class_log_probabilities": [-2.3309643268585205, -3.712195634841919, -4.291397571563721, -4.386553764343262], "predictions": [13, 14, 405, 15, 18, 4, 4], "target_tokens": ["[IN:GET_WEATHER", "[SL:LOCATION", "@ptr11", "@ptr12", "@ptr13", "@ptr14", "@ptr15", "SL:LOCATION]", "IN:GET_WEATHER]"], "predicted_tokens": ["[IN:GET_WEATHER", "[SL:LOCATION", "@ptr10", "SL:LOCATION]", "IN:GET_WEATHER]"]}
{"loss": 1.49583899974823, "class_log_probabilities": [-0.9537950158119202, -1.7930840253829956, -3.794989585876465, -4.45774507522583], "predictions": [221, 14, 403, 15, 222, 4, 4, 4, 4], "target_tokens": ["[IN:GET_SUNSET", "[SL:LOCATION", "@ptr9", "SL:LOCATION]", "IN:GET_SUNSET]"], "predicted_tokens": ["[IN:GET_SUNSET", "[SL:LOCATION", "@ptr8", "SL:LOCATION]", "IN:GET_SUNSET]"]}
{"loss": 1.1597257852554321, "class_log_probabilities": [-1.3277348279953003, -1.9827507734298706, -2.2408320903778076, -4.729973316192627], "predictions": [221, 16, 401, 402, 403, 17, 222, 4], "target_tokens": ["[IN:GET_SUNSET", "[SL:DATE_TIME", "@ptr7", "@ptr8", "SL:DATE_TIME]", "IN:GET_SUNSET]"], "predicted_tokens": ["[IN:GET_SUNSET", "[SL:DATE_TIME", "@ptr6", "@ptr7", "@ptr8", "SL:DATE_TIME]", "IN:GET_SUNSET]"]}
{"loss": 2.9641294479370117, "class_log_probabilities": [-1.2456011772155762, -2.378192901611328, -4.95493745803833, -6.7247538566589355], "predictions": [241, 242, 4, 4], "target_tokens": ["[IN:LOOP_MUSIC", "IN:LOOP_MUSIC]"], "predicted_tokens": ["[IN:SKIP_TRACK_MUSIC", "IN:SKIP_TRACK_MUSIC]"]}
{"loss": 1.0940603017807007, "class_log_probabilities": [-1.4127460718154907, -1.6964704990386963, -3.2012758255004883, -6.760077953338623], "predictions": [13, 16, 403, 17, 18, 4, 4], "target_tokens": ["[IN:GET_WEATHER", "[SL:DATE_TIME", "@ptr8", "SL:DATE_TIME]", "IN:GET_WEATHER]"], "predicted_tokens": ["[IN:GET_WEATHER", "[SL:DATE_TIME", "@ptr8", "SL:DATE_TIME]", "IN:GET_WEATHER]"]}
{"loss": 3.7388405799865723, "class_log_probabilities": [-0.326770544052124, -8.286827087402344, -8.44105052947998, -9.020840644836426], "predictions": [13, 79, 400, 80, 18, 4, 4, 4], "target_tokens": ["[IN:GET_WEATHER", "[SL:WEATHER_ATTRIBUTE", "@ptr3", "@ptr4", "@ptr5", "SL:WEATHER_ATTRIBUTE]", "IN:GET_WEATHER]"], "predicted_tokens": ["[IN:GET_WEATHER", "[SL:WEATHER_ATTRIBUTE", "@ptr5", "SL:WEATHER_ATTRIBUTE]", "IN:GET_WEATHER]"]}
{"loss": 0.9784235954284668, "class_log_probabilities": [-0.15444763004779816, -7.33939790725708, -7.849120140075684, -8.899417877197266], "predictions": [115, 116, 4, 4], "target_tokens": ["[IN:GET_TIMER", "IN:GET_TIMER]"], "predicted_tokens": ["[IN:GET_TIMER", "IN:GET_TIMER]"]}
{"loss": 0.9617727398872375, "class_log_probabilities": [-0.35263729095458984, -7.659979820251465, -7.840872764587402, -7.8973236083984375], "predictions": [13, 79, 401, 80, 18, 4, 4, 4], "target_tokens": ["[IN:GET_WEATHER", "[SL:WEATHER_ATTRIBUTE", "@ptr6", "SL:WEATHER_ATTRIBUTE]", "IN:GET_WEATHER]"], "predicted_tokens": ["[IN:GET_WEATHER", "[SL:WEATHER_ATTRIBUTE", "@ptr6", "SL:WEATHER_ATTRIBUTE]", "IN:GET_WEATHER]"]}
{"loss": 2.071011543273926, "class_log_probabilities": [-1.4677993059158325, -2.6244993209838867, -2.802797317504883, -4.177787780761719], "predictions": [63, 64, 397, 65, 151, 398, 152, 68, 4], "target_tokens": ["[IN:PLAY_MUSIC", "[SL:MUSIC_GENRE", "@ptr3", "SL:MUSIC_GENRE]", "[SL:MUSIC_TYPE", "@ptr2", "SL:MUSIC_TYPE]", "IN:PLAY_MUSIC]"], "predicted_tokens": ["[IN:PLAY_MUSIC", "[SL:MUSIC_TYPE", "@ptr2", "SL:MUSIC_TYPE]", "[SL:MUSIC_GENRE", "@ptr3", "SL:MUSIC_GENRE]", "IN:PLAY_MUSIC]"]}
{"loss": 0.9896159172058105, "class_log_probabilities": [-0.5449751615524292, -2.8176076412200928, -5.241944313049316, -5.382888317108154], "predictions": [221, 14, 403, 15, 222, 4, 4, 4, 4], "target_tokens": ["[IN:GET_SUNSET", "[SL:LOCATION", "@ptr8", "SL:LOCATION]", "IN:GET_SUNSET]"], "predicted_tokens": ["[IN:GET_SUNSET", "[SL:LOCATION", "@ptr8", "SL:LOCATION]", "IN:GET_SUNSET]"]}
{"loss": 0.9894443154335022, "class_log_probabilities": [-0.5701674818992615, -3.8561718463897705, -5.4371538162231445, -6.69423246383667], "predictions": [13, 79, 403, 80, 14, 405, 15, 18, 4, 4, 4, 4], "target_tokens": ["[IN:GET_WEATHER", "[SL:WEATHER_ATTRIBUTE", "@ptr8", "SL:WEATHER_ATTRIBUTE]", "[SL:LOCATION", "@ptr10", "SL:LOCATION]", "IN:GET_WEATHER]"], "predicted_tokens": ["[IN:GET_WEATHER", "[SL:WEATHER_ATTRIBUTE", "@ptr8", "SL:WEATHER_ATTRIBUTE]", "[SL:LOCATION", "@ptr10", "SL:LOCATION]", "IN:GET_WEATHER]"]}
{"loss": 1.9711862802505493, "class_log_probabilities": [-0.9902018904685974, -2.45076060295105, -2.709672689437866, -5.2714152336120605], "predictions": [63, 64, 398, 65, 68, 4, 4, 4, 4], "target_tokens": ["[IN:PLAY_MUSIC", "[SL:MUSIC_GENRE", "@ptr4", "SL:MUSIC_GENRE]", "[SL:MUSIC_TYPE", "@ptr3", "SL:MUSIC_TYPE]", "IN:PLAY_MUSIC]"], "predicted_tokens": ["[IN:PLAY_MUSIC", "[SL:MUSIC_TYPE", "@ptr3", "SL:MUSIC_TYPE]", "IN:PLAY_MUSIC]"]}
{"loss": 0.9905840754508972, "class_log_probabilities": [-0.2859119772911072, -5.946228981018066, -6.733942031860352, -7.221521854400635], "predictions": [287, 64, 399, 65, 288, 4], "target_tokens": ["[IN:REPLAY_MUSIC", "[SL:MUSIC_TYPE", "@ptr4", "SL:MUSIC_TYPE]", "IN:REPLAY_MUSIC]"], "predicted_tokens": ["[IN:REPLAY_MUSIC", "[SL:MUSIC_TYPE", "@ptr4", "SL:MUSIC_TYPE]", "IN:REPLAY_MUSIC]"]}
{"loss": 3.3633933067321777, "class_log_probabilities": [-0.7736256718635559, -3.112388849258423, -5.323577880859375, -5.807290077209473], "predictions": [45, 16, 399, 400, 17, 46, 4], "target_tokens": ["[IN:CREATE_ALARM", "[SL:DATE_TIME", "@ptr3", "@ptr4", "SL:DATE_TIME]", "IN:CREATE_ALARM]"], "predicted_tokens": ["[IN:CREATE_ALARM", "[SL:DATE_TIME", "@ptr4", "@ptr5", "SL:DATE_TIME]", "IN:CREATE_ALARM]"]}
{"loss": 1.3873546123504639, "class_log_probabilities": [-0.7826130986213684, -2.8098981380462646, -3.2202658653259277, -5.1252946853637695], "predictions": [13, 79, 397, 80, 16, 405, 17, 18, 4, 4], "target_tokens": ["[IN:GET_WEATHER", "[SL:WEATHER_ATTRIBUTE", "@ptr2", "SL:WEATHER_ATTRIBUTE]", "[SL:DATE_TIME", "@ptr10", "@ptr11", "SL:DATE_TIME]", "IN:GET_WEATHER]"], "predicted_tokens": ["[IN:GET_WEATHER", "[SL:WEATHER_ATTRIBUTE", "@ptr2", "SL:WEATHER_ATTRIBUTE]", "[SL:DATE_TIME", "@ptr10", "SL:DATE_TIME]", "IN:GET_WEATHER]"]}
{"loss": 1.7866759300231934, "class_log_probabilities": [-1.1029444932937622, -3.9984512329101562, -4.391658782958984, -5.067227363586426], "predictions": [13, 79, 402, 80, 16, 403, 404, 405, 17, 18, 4], "target_tokens": ["[IN:GET_WEATHER", "[SL:WEATHER_ATTRIBUTE", "@ptr6", "@ptr7", "SL:WEATHER_ATTRIBUTE]", "[SL:DATE_TIME", "@ptr8", "@ptr9", "@ptr10", "SL:DATE_TIME]", "IN:GET_WEATHER]"], "predicted_tokens": ["[IN:GET_WEATHER", "[SL:WEATHER_ATTRIBUTE", "@ptr7", "SL:WEATHER_ATTRIBUTE]", "[SL:DATE_TIME", "@ptr8", "@ptr9", "@ptr10", "SL:DATE_TIME]", "IN:GET_WEATHER]"]}
{"loss": 1.1498550176620483, "class_log_probabilities": [-1.0277830362319946, -3.09085750579834, -3.564938545227051, -3.6343111991882324], "predictions": [221, 222, 4], "target_tokens": ["[IN:GET_SUNSET", "IN:GET_SUNSET]"], "predicted_tokens": ["[IN:GET_SUNSET", "IN:GET_SUNSET]"]}
{"loss": 2.8476932048797607, "class_log_probabilities": [-1.583825945854187, -1.9657444953918457, -3.579974412918091, -3.6867215633392334], "predictions": [63, 103, 396, 104, 151, 403, 152, 64, 402, 65, 68, 4], "target_tokens": ["[IN:PLAY_MUSIC", "[SL:MUSIC_PROVIDER_NAME", "@ptr1", "SL:MUSIC_PROVIDER_NAME]", "[SL:MUSIC_PLAYLIST_TITLE", "@ptr7", "@ptr8", "SL:MUSIC_PLAYLIST_TITLE]", "[SL:MUSIC_TYPE", "@ptr5", "SL:MUSIC_TYPE]", "IN:PLAY_MUSIC]"], "predicted_tokens": ["[IN:PLAY_MUSIC", "[SL:MUSIC_PROVIDER_NAME", "@ptr1", "SL:MUSIC_PROVIDER_NAME]", "[SL:MUSIC_GENRE", "@ptr8", "SL:MUSIC_GENRE]", "[SL:MUSIC_TYPE", "@ptr7", "SL:MUSIC_TYPE]", "IN:PLAY_MUSIC]"]}
{"loss": 1.028037428855896, "class_log_probabilities": [-1.41645348072052, -1.566549301147461, -4.66807746887207, -5.8144989013671875], "predictions": [13, 16, 401, 402, 17, 18, 4, 4, 4, 4], "target_tokens": ["[IN:GET_WEATHER", "[SL:WEATHER_ATTRIBUTE", "@ptr5", "SL:WEATHER_ATTRIBUTE]", "[SL:DATE_TIME", "@ptr6", "@ptr7", "SL:DATE_TIME]", "IN:GET_WEATHER]"], "predicted_tokens": ["[IN:GET_WEATHER", "[SL:DATE_TIME", "@ptr6", "@ptr7", "SL:DATE_TIME]", "IN:GET_WEATHER]"]}
{"loss": 1.9026349782943726, "class_log_probabilities": [-0.7253538370132446, -5.032744407653809, -5.050002574920654, -5.276803016662598], "predictions": [63, 64, 397, 65, 103, 400, 104, 68, 4], "target_tokens": ["[IN:PLAY_MUSIC", "[SL:MUSIC_GENRE", "@ptr3", "SL:MUSIC_GENRE]", "[SL:MUSIC_TYPE", "@ptr2", "SL:MUSIC_TYPE]", "[SL:MUSIC_PROVIDER_NAME", "@ptr5", "SL:MUSIC_PROVIDER_NAME]", "IN:PLAY_MUSIC]"], "predicted_tokens": ["[IN:PLAY_MUSIC", "[SL:MUSIC_TYPE", "@ptr2", "SL:MUSIC_TYPE]", "[SL:MUSIC_PROVIDER_NAME", "@ptr5", "SL:MUSIC_PROVIDER_NAME]", "IN:PLAY_MUSIC]"]}
{"loss": 0.979877233505249, "class_log_probabilities": [-0.22394007444381714, -4.761242866516113, -6.737751007080078, -6.75175666809082], "predictions": [217, 218, 4, 4, 4, 4], "target_tokens": ["[IN:GET_TRACK_INFO_MUSIC", "IN:GET_TRACK_INFO_MUSIC]"], "predicted_tokens": ["[IN:GET_TRACK_INFO_MUSIC", "IN:GET_TRACK_INFO_MUSIC]"]}
{"loss": 1.2789227962493896, "class_log_probabilities": [-1.8072665929794312, -1.8385523557662964, -2.5816659927368164, -2.924345016479492], "predictions": [63, 151, 401, 152, 151, 402, 152, 68, 4], "target_tokens": ["[IN:PLAY_MUSIC", "[SL:MUSIC_GENRE", "@ptr5", "SL:MUSIC_GENRE]", "IN:PLAY_MUSIC]"], "predicted_tokens": ["[IN:PLAY_MUSIC", "[SL:MUSIC_GENRE", "@ptr6", "SL:MUSIC_GENRE]", "[SL:MUSIC_GENRE", "@ptr7", "SL:MUSIC_GENRE]", "IN:PLAY_MUSIC]"]}
{"loss": 1.0093930959701538, "class_log_probabilities": [-0.26470914483070374, -6.291635036468506, -6.783185958862305, -6.810513973236084], "predictions": [297, 64, 397, 65, 298, 4], "target_tokens": ["[IN:STOP_MUSIC", "[SL:MUSIC_TYPE", "@ptr2", "SL:MUSIC_TYPE]", "IN:STOP_MUSIC]"], "predicted_tokens": ["[IN:STOP_MUSIC", "[SL:MUSIC_TYPE", "@ptr2", "SL:MUSIC_TYPE]", "IN:STOP_MUSIC]"]}
{"loss": 1.158352255821228, "class_log_probabilities": [-1.8020896911621094, -1.9166531562805176, -2.9764297008514404, -4.980277061462402], "predictions": [217, 64, 400, 65, 218, 4], "target_tokens": ["[IN:SKIP_TRACK_MUSIC", "[SL:MUSIC_TYPE", "@ptr5", "SL:MUSIC_TYPE]", "IN:SKIP_TRACK_MUSIC]"], "predicted_tokens": ["[IN:GET_TRACK_INFO_MUSIC", "[SL:MUSIC_TYPE", "@ptr5", "SL:MUSIC_TYPE]", "IN:GET_TRACK_INFO_MUSIC]"]}
{"loss": 3.550143003463745, "class_log_probabilities": [-0.6640260815620422, -4.883962631225586, -4.988035202026367, -5.200499057769775], "predictions": [63, 151, 399, 152, 151, 402, 403, 152, 68, 4, 4], "target_tokens": ["[IN:PLAY_MUSIC", "[SL:MUSIC_TYPE", "@ptr2", "SL:MUSIC_TYPE]", "[SL:MUSIC_GENRE", "@ptr4", "SL:MUSIC_GENRE]", "[SL:MUSIC_GENRE", "@ptr8", "SL:MUSIC_GENRE]", "IN:PLAY_MUSIC]"], "predicted_tokens": ["[IN:PLAY_MUSIC", "[SL:MUSIC_GENRE", "@ptr4", "SL:MUSIC_GENRE]", "[SL:MUSIC_GENRE", "@ptr7", "@ptr8", "SL:MUSIC_GENRE]", "IN:PLAY_MUSIC]"]}
{"loss": 0.9826614856719971, "class_log_probabilities": [-0.5567817687988281, -3.839148998260498, -5.6353960037231445, -6.285999298095703], "predictions": [51, 285, 398, 286, 54, 4], "target_tokens": ["[IN:GET_RECIPES", "[SL:RECIPES_MEAL", "@ptr3", "SL:RECIPES_MEAL]", "IN:GET_RECIPES]"], "predicted_tokens": ["[IN:GET_RECIPES", "[SL:RECIPES_MEAL", "@ptr3", "SL:RECIPES_MEAL]", "IN:GET_RECIPES]"]}
{"loss": 1.9412436485290527, "class_log_probabilities": [-2.0029637813568115, -3.4261767864227295, -3.46071720123291, -3.5320944786071777], "predictions": [89, 90, 397, 91, 167, 401, 402, 168, 92, 4], "target_tokens": ["[IN:CREATE_TIMER", "[SL:METHOD_TIMER", "@ptr2", "SL:METHOD_TIMER]", "[SL:TIMER_NAME", "@ptr5", "@ptr6", "@ptr7", "SL:TIMER_NAME]", "IN:CREATE_TIMER]"], "predicted_tokens": ["[IN:CREATE_TIMER", "[SL:METHOD_TIMER", "@ptr2", "SL:METHOD_TIMER]", "[SL:TIMER_NAME", "@ptr6", "@ptr7", "SL:TIMER_NAME]", "IN:CREATE_TIMER]"]}
{"loss": 2.891307830810547, "class_log_probabilities": [-0.9036338329315186, -4.583662033081055, -5.637221813201904, -5.985394477844238], "predictions": [63, 64, 399, 65, 66, 402, 403, 404, 67, 68, 4, 4, 4, 4], "target_tokens": ["[IN:CREATE_PLAYLIST_MUSIC", "[SL:MUSIC_ARTIST_NAME", "@ptr7", "@ptr8", "SL:MUSIC_ARTIST_NAME]", "[SL:MUSIC_TYPE", "@ptr4", "SL:MUSIC_TYPE]", "IN:CREATE_PLAYLIST_MUSIC]"], "predicted_tokens": ["[IN:PLAY_MUSIC", "[SL:MUSIC_TYPE", "@ptr4", "SL:MUSIC_TYPE]", "[SL:MUSIC_ARTIST_NAME", "@ptr7", "@ptr8", "@ptr9", "SL:MUSIC_ARTIST_NAME]", "IN:PLAY_MUSIC]"]}
{"loss": 1.8288103342056274, "class_log_probabilities": [-1.8700447082519531, -1.9314299821853638, -3.774686813354492, -5.536767482757568], "predictions": [63, 64, 401, 65, 206, 402, 207, 68, 4], "target_tokens": ["[IN:PLAY_MUSIC", "[SL:MUSIC_GENRE", "@ptr7", "SL:MUSIC_GENRE]", "[SL:MUSIC_TYPE", "@ptr6", "SL:MUSIC_TYPE]", "IN:PLAY_MUSIC]"], "predicted_tokens": ["[IN:PLAY_MUSIC", "[SL:MUSIC_TYPE", "@ptr6", "SL:MUSIC_TYPE]", "[SL:MUSIC_ALBUM_TITLE", "@ptr7", "SL:MUSIC_ALBUM_TITLE]", "IN:PLAY_MUSIC]"]}
{"loss": 0.9662293791770935, "class_log_probabilities": [-0.5717827677726746, -4.656554698944092, -4.831645488739014, -5.633295059204102], "predictions": [255, 90, 399, 91, 256, 4], "target_tokens": ["[IN:PAUSE_TIMER", "[SL:METHOD_TIMER", "@ptr4", "SL:METHOD_TIMER]", "IN:PAUSE_TIMER]"], "predicted_tokens": ["[IN:PAUSE_TIMER", "[SL:METHOD_TIMER", "@ptr4", "SL:METHOD_TIMER]", "IN:PAUSE_TIMER]"]}
{"loss": 0.9669521450996399, "class_log_probabilities": [-0.5546302199363708, -4.975258827209473, -7.494650363922119, -7.560553073883057], "predictions": [13, 79, 400, 80, 16, 401, 402, 17, 18, 4, 4], "target_tokens": ["[IN:GET_WEATHER", "[SL:WEATHER_ATTRIBUTE", "@ptr5", "SL:WEATHER_ATTRIBUTE]", "[SL:DATE_TIME", "@ptr6", "@ptr7", "SL:DATE_TIME]", "IN:GET_WEATHER]"], "predicted_tokens": ["[IN:GET_WEATHER", "[SL:WEATHER_ATTRIBUTE", "@ptr5", "SL:WEATHER_ATTRIBUTE]", "[SL:DATE_TIME", "@ptr6", "@ptr7", "SL:DATE_TIME]", "IN:GET_WEATHER]"]}
{"loss": 0.9765670299530029, "class_log_probabilities": [-0.32967305183410645, -6.7467241287231445, -7.66799259185791, -7.774312973022461], "predictions": [115, 90, 402, 91, 116, 4], "target_tokens": ["[IN:GET_TIMER", "[SL:METHOD_TIMER", "@ptr7", "SL:METHOD_TIMER]", "IN:GET_TIMER]"], "predicted_tokens": ["[IN:GET_TIMER", "[SL:METHOD_TIMER", "@ptr7", "SL:METHOD_TIMER]", "IN:GET_TIMER]"]}
{"loss": 1.0625616312026978, "class_log_probabilities": [-1.3571133613586426, -1.5120506286621094, -3.2943179607391357, -4.54482364654541], "predictions": [39, 40, 401, 41, 43, 404, 44, 42, 4], "target_tokens": ["[IN:GET_STORIES_NEWS", "[SL:NEWS_TYPE", "@ptr6", "SL:NEWS_TYPE]", "[SL:NEWS_CATEGORY", "@ptr9", "SL:NEWS_CATEGORY]", "IN:GET_STORIES_NEWS]"], "predicted_tokens": ["[IN:GET_STORIES_NEWS", "[SL:NEWS_TYPE", "@ptr6", "SL:NEWS_TYPE]", "[SL:NEWS_CATEGORY", "@ptr9", "SL:NEWS_CATEGORY]", "IN:GET_STORIES_NEWS]"]}
{"loss": 3.18164324760437, "class_log_probabilities": [-0.6361140608787537, -4.115255832672119, -4.162383079528809, -7.294401168823242], "predictions": [13, 79, 399, 400, 80, 18, 4], "target_tokens": ["[IN:GET_WEATHER", "[SL:WEATHER_ATTRIBUTE", "@ptr5", "@ptr6", "@ptr7", "SL:WEATHER_ATTRIBUTE]", "IN:GET_WEATHER]"], "predicted_tokens": ["[IN:GET_WEATHER", "[SL:WEATHER_ATTRIBUTE", "@ptr4", "@ptr5", "SL:WEATHER_ATTRIBUTE]", "IN:GET_WEATHER]"]}
{"loss": 0.9900562167167664, "class_log_probabilities": [-0.33459001779556274, -4.841149806976318, -5.983465671539307, -6.268661022186279], "predictions": [123, 64, 397, 65, 124, 4], "target_tokens": ["[IN:PAUSE_MUSIC", "[SL:MUSIC_TYPE", "@ptr2", "SL:MUSIC_TYPE]", "IN:PAUSE_MUSIC]"], "predicted_tokens": ["[IN:PAUSE_MUSIC", "[SL:MUSIC_TYPE", "@ptr2", "SL:MUSIC_TYPE]", "IN:PAUSE_MUSIC]"]}
{"loss": 2.982362985610962, "class_log_probabilities": [-1.0093493461608887, -2.2171764373779297, -3.379054307937622, -5.381802558898926], "predictions": [259, 16, 399, 400, 17, 260, 4, 4], "target_tokens": ["[IN:CREATE_ALARM", "[SL:DATE_TIME", "@ptr3", "@ptr4", "SL:DATE_TIME]", "IN:CREATE_ALARM]"], "predicted_tokens": ["[IN:UPDATE_ALARM", "[SL:DATE_TIME", "@ptr4", "@ptr5", "SL:DATE_TIME]", "IN:UPDATE_ALARM]"]}
{"loss": 0.9945006370544434, "class_log_probabilities": [-0.3271377980709076, -4.650805950164795, -5.869719505310059, -6.051763534545898], "predictions": [287, 64, 397, 65, 288, 4], "target_tokens": ["[IN:REPLAY_MUSIC", "[SL:MUSIC_TYPE", "@ptr2", "SL:MUSIC_TYPE]", "IN:REPLAY_MUSIC]"], "predicted_tokens": ["[IN:REPLAY_MUSIC", "[SL:MUSIC_TYPE", "@ptr2", "SL:MUSIC_TYPE]", "IN:REPLAY_MUSIC]"]}
{"loss": 1.0877641439437866, "class_log_probabilities": [-0.9106804132461548, -1.671089768409729, -4.731462478637695, -6.325878143310547], "predictions": [13, 79, 398, 80, 16, 403, 17, 18, 4, 4], "target_tokens": ["[IN:GET_WEATHER", "[SL:WEATHER_ATTRIBUTE", "@ptr3", "SL:WEATHER_ATTRIBUTE]", "[SL:DATE_TIME", "@ptr7", "SL:DATE_TIME]", "IN:GET_WEATHER]"], "predicted_tokens": ["[IN:GET_WEATHER", "[SL:WEATHER_ATTRIBUTE", "@ptr3", "SL:WEATHER_ATTRIBUTE]", "[SL:DATE_TIME", "@ptr8", "SL:DATE_TIME]", "IN:GET_WEATHER]"]}
{"loss": 0.9668896794319153, "class_log_probabilities": [-0.4755582809448242, -7.994386672973633, -8.329696655273438, -9.110454559326172], "predictions": [13, 79, 400, 80, 16, 401, 17, 18, 4, 4, 4], "target_tokens": ["[IN:GET_WEATHER", "[SL:WEATHER_ATTRIBUTE", "@ptr5", "SL:WEATHER_ATTRIBUTE]", "[SL:DATE_TIME", "@ptr6", "SL:DATE_TIME]", "IN:GET_WEATHER]"], "predicted_tokens": ["[IN:GET_WEATHER", "[SL:WEATHER_ATTRIBUTE", "@ptr5", "SL:WEATHER_ATTRIBUTE]", "[SL:DATE_TIME", "@ptr6", "SL:DATE_TIME]", "IN:GET_WEATHER]"]}
{"loss": 0.9588069915771484, "class_log_probabilities": [-0.6479775309562683, -7.531682014465332, -7.690045356750488, -7.874217510223389], "predictions": [13, 16, 399, 400, 17, 14, 402, 15, 18, 4], "target_tokens": ["[IN:GET_WEATHER", "[SL:DATE_TIME", "@ptr4", "@ptr5", "SL:DATE_TIME]", "[SL:LOCATION", "@ptr7", "SL:LOCATION]", "IN:GET_WEATHER]"], "predicted_tokens": ["[IN:GET_WEATHER", "[SL:DATE_TIME", "@ptr4", "@ptr5", "SL:DATE_TIME]", "[SL:LOCATION", "@ptr7", "SL:LOCATION]", "IN:GET_WEATHER]"]}
{"loss": 1.9347518682479858, "class_log_probabilities": [-0.431850403547287, -3.955568790435791, -6.505058288574219, -8.052310943603516], "predictions": [13, 16, 400, 401, 17, 18, 4, 4], "target_tokens": ["[IN:GET_WEATHER", "[SL:DATE_TIME", "@ptr4", "@ptr5", "@ptr6", "SL:DATE_TIME]", "IN:GET_WEATHER]"], "predicted_tokens": ["[IN:GET_WEATHER", "[SL:DATE_TIME", "@ptr5", "@ptr6", "SL:DATE_TIME]", "IN:GET_WEATHER]"]}
{"loss": 0.9851319789886475, "class_log_probabilities": [-0.2818838059902191, -6.7831196784973145, -7.278798580169678, -7.583530902862549], "predictions": [217, 64, 398, 65, 218, 4], "target_tokens": ["[IN:GET_TRACK_INFO_MUSIC", "[SL:MUSIC_TYPE", "@ptr3", "SL:MUSIC_TYPE]", "IN:GET_TRACK_INFO_MUSIC]"], "predicted_tokens": ["[IN:GET_TRACK_INFO_MUSIC", "[SL:MUSIC_TYPE", "@ptr3", "SL:MUSIC_TYPE]", "IN:GET_TRACK_INFO_MUSIC]"]}
{"loss": 3.125908613204956, "class_log_probabilities": [-2.6935296058654785, -4.006603240966797, -4.085724830627441, -4.197235584259033], "predictions": [39, 40, 403, 41, 56, 405, 57, 42, 4, 4], "target_tokens": ["[IN:GET_STORIES_NEWS", "[SL:NEWS_TYPE", "@ptr7", "@ptr8", "SL:NEWS_TYPE]", "[SL:NEWS_TOPIC", "@ptr11", "@ptr12", "@ptr13", "SL:NEWS_TOPIC]", "IN:GET_STORIES_NEWS]"], "predicted_tokens": ["[IN:GET_STORIES_NEWS", "[SL:NEWS_TYPE", "@ptr8", "SL:NEWS_TYPE]", "[SL:NEWS_TOPIC", "@ptr10", "SL:NEWS_TOPIC]", "IN:GET_STORIES_NEWS]"]}
{"loss": 3.98606276512146, "class_log_probabilities": [-2.347287178039551, -4.90561056137085, -5.358461380004883, -5.655943393707275], "predictions": [89, 14, 395, 396, 15, 92, 4, 4], "target_tokens": ["[IN:GET_TIMER", "[SL:METHOD_TIMER", "@ptr4", "SL:METHOD_TIMER]", "IN:GET_TIMER]"], "predicted_tokens": ["[IN:CREATE_TIMER", "[SL:LOCATION", "@ptr0", "@ptr1", "SL:LOCATION]", "IN:CREATE_TIMER]"]}
{"loss": 2.7877089977264404, "class_log_probabilities": [-1.2112224102020264, -1.5059480667114258, -5.311700344085693, -5.651514053344727], "predictions": [89, 90, 397, 91, 16, 399, 400, 401, 17, 92, 4], "target_tokens": ["[IN:CREATE_TIMER", "[SL:METHOD_TIMER", "@ptr2", "SL:METHOD_TIMER]", "[SL:DATE_TIME", "@ptr3", "@ptr4", "@ptr5", "SL:DATE_TIME]", "IN:CREATE_TIMER]"], "predicted_tokens": ["[IN:CREATE_TIMER", "[SL:METHOD_TIMER", "@ptr2", "SL:METHOD_TIMER]", "[SL:DATE_TIME", "@ptr4", "@ptr5", "@ptr6", "SL:DATE_TIME]", "IN:CREATE_TIMER]"]}
{"loss": 0.9712809920310974, "class_log_probabilities": [-0.3392738997936249, -6.964466571807861, -6.980287075042725, -7.220589637756348], "predictions": [115, 90, 405, 91, 116, 4, 4, 4, 4], "target_tokens": ["[IN:GET_TIMER", "[SL:METHOD_TIMER", "@ptr10", "SL:METHOD_TIMER]", "IN:GET_TIMER]"], "predicted_tokens": ["[IN:GET_TIMER", "[SL:METHOD_TIMER", "@ptr10", "SL:METHOD_TIMER]", "IN:GET_TIMER]"]}
{"loss": 1.13930344581604, "class_log_probabilities": [-0.8213476538658142, -2.204098701477051, -5.005335330963135, -5.097015380859375], "predictions": [13, 79, 404, 80, 16, 406, 17, 18, 4, 4, 4, 4], "target_tokens": ["[IN:GET_WEATHER", "[SL:WEATHER_ATTRIBUTE", "@ptr9", "SL:WEATHER_ATTRIBUTE]", "[SL:DATE_TIME", "@ptr10", "SL:DATE_TIME]", "IN:GET_WEATHER]"], "predicted_tokens": ["[IN:GET_WEATHER", "[SL:WEATHER_ATTRIBUTE", "@ptr9", "SL:WEATHER_ATTRIBUTE]", "[SL:DATE_TIME", "@ptr11", "SL:DATE_TIME]", "IN:GET_WEATHER]"]}
{"loss": 1.1569480895996094, "class_log_probabilities": [-0.7188828587532043, -1.6425116062164307, -6.70906400680542, -6.7266364097595215], "predictions": [115, 90, 400, 91, 116, 4, 4, 4, 4], "target_tokens": ["[IN:GET_TIMER", "[SL:METHOD_TIMER", "@ptr4", "SL:METHOD_TIMER]", "IN:GET_TIMER]"], "predicted_tokens": ["[IN:GET_TIMER", "[SL:METHOD_TIMER", "@ptr5", "SL:METHOD_TIMER]", "IN:GET_TIMER]"]}
{"loss": 1.045722484588623, "class_log_probabilities": [-1.5212464332580566, -3.634060859680176, -4.374128818511963, -4.704461574554443], "predictions": [13, 79, 400, 80, 16, 401, 17, 18, 4, 4, 4, 4], "target_tokens": ["[IN:GET_WEATHER", "[SL:WEATHER_ATTRIBUTE", "@ptr5", "SL:WEATHER_ATTRIBUTE]", "[SL:DATE_TIME", "@ptr6", "SL:DATE_TIME]", "IN:GET_WEATHER]"], "predicted_tokens": ["[IN:GET_WEATHER", "[SL:WEATHER_ATTRIBUTE", "@ptr5", "SL:WEATHER_ATTRIBUTE]", "[SL:DATE_TIME", "@ptr6", "SL:DATE_TIME]", "IN:GET_WEATHER]"]}
{"loss": 0.9915050864219666, "class_log_probabilities": [-0.28201448917388916, -6.476982593536377, -6.729933261871338, -7.038948059082031], "predictions": [85, 64, 398, 65, 88, 4], "target_tokens": ["[IN:CREATE_PLAYLIST_MUSIC", "[SL:MUSIC_TYPE", "@ptr3", "SL:MUSIC_TYPE]", "IN:CREATE_PLAYLIST_MUSIC]"], "predicted_tokens": ["[IN:CREATE_PLAYLIST_MUSIC", "[SL:MUSIC_TYPE", "@ptr3", "SL:MUSIC_TYPE]", "IN:CREATE_PLAYLIST_MUSIC]"]}
{"loss": 0.9625406861305237, "class_log_probabilities": [-0.3420625925064087, -7.761184215545654, -8.142001152038574, -9.051347732543945], "predictions": [13, 79, 400, 80, 18, 4, 4, 4], "target_tokens": ["[IN:GET_WEATHER", "[SL:WEATHER_ATTRIBUTE", "@ptr5", "SL:WEATHER_ATTRIBUTE]", "IN:GET_WEATHER]"], "predicted_tokens": ["[IN:GET_WEATHER", "[SL:WEATHER_ATTRIBUTE", "@ptr5", "SL:WEATHER_ATTRIBUTE]", "IN:GET_WEATHER]"]}
{"loss": 4.76360559463501, "class_log_probabilities": [-2.4380252361297607, -2.5570554733276367, -2.918598175048828, -6.431876182556152], "predictions": [39, 40, 399, 41, 133, 401, 134, 42, 4], "target_tokens": ["[IN:GET_STORIES_NEWS", "[SL:DATE_TIME", "@ptr7", "@ptr8", "@ptr9", "SL:DATE_TIME]", "[SL:NEWS_TYPE", "@ptr3", "@ptr4", "SL:NEWS_TYPE]", "[SL:NEWS_SOURCE", "@ptr6", "SL:NEWS_SOURCE]", "IN:GET_STORIES_NEWS]"], "predicted_tokens": ["[IN:GET_STORIES_NEWS", "[SL:NEWS_TYPE", "@ptr4", "SL:NEWS_TYPE]", "[SL:NEWS_SOURCE", "@ptr6", "SL:NEWS_SOURCE]", "IN:GET_STORIES_NEWS]"]}
{"loss": 1.3030120134353638, "class_log_probabilities": [-2.839960813522339, -3.070664644241333, -3.929276943206787, -4.527245998382568], "predictions": [219, 16, 396, 397, 398, 17, 220, 4, 4, 4, 4], "target_tokens": ["[IN:SUBTRACT_TIME_TIMER", "[SL:DATE_TIME", "@ptr1", "@ptr2", "SL:DATE_TIME]", "[SL:METHOD_TIMER", "@ptr5", "SL:METHOD_TIMER]", "IN:SUBTRACT_TIME_TIMER]"], "predicted_tokens": ["[IN:SUBTRACT_TIME_TIMER", "[SL:DATE_TIME", "@ptr1", "@ptr2", "@ptr3", "SL:DATE_TIME]", "IN:SUBTRACT_TIME_TIMER]"]}
{"loss": 3.2226903438568115, "class_log_probabilities": [-0.5343834757804871, -4.894193172454834, -6.018287658691406, -8.149971961975098], "predictions": [39, 40, 396, 41, 42, 4, 4, 4, 4, 4, 4, 4], "target_tokens": ["[IN:GET_STORIES_NEWS", "[SL:NEWS_REFERENCE", "@ptr2", "@ptr3", "@ptr4", "SL:NEWS_REFERENCE]", "[SL:NEWS_TYPE", "@ptr1", "SL:NEWS_TYPE]", "IN:GET_STORIES_NEWS]"], "predicted_tokens": ["[IN:GET_STORIES_NEWS", "[SL:NEWS_TYPE", "@ptr1", "SL:NEWS_TYPE]", "IN:GET_STORIES_NEWS]"]}
{"loss": 0.9573325514793396, "class_log_probabilities": [-0.37198972702026367, -8.016322135925293, -8.158517837524414, -8.16419506072998], "predictions": [13, 16, 399, 17, 18, 4], "target_tokens": ["[IN:GET_WEATHER", "[SL:DATE_TIME", "@ptr4", "SL:DATE_TIME]", "IN:GET_WEATHER]"], "predicted_tokens": ["[IN:GET_WEATHER", "[SL:DATE_TIME", "@ptr4", "SL:DATE_TIME]", "IN:GET_WEATHER]"]}
{"loss": 1.8907699584960938, "class_log_probabilities": [-3.605299949645996, -4.43740177154541, -4.5094804763793945, -6.1868391036987305], "predictions": [61, 62, 4, 4, 4, 4, 4], "target_tokens": ["[IN:GET_STORIES_NEWS", "[SL:NEWS_CATEGORY", "@ptr6", "SL:NEWS_CATEGORY]", "[SL:NEWS_TYPE", "@ptr5", "SL:NEWS_TYPE]", "IN:GET_STORIES_NEWS]"], "predicted_tokens": ["[IN:GET_EVENT", "IN:GET_EVENT]"]}
{"loss": 0.9779618978500366, "class_log_probabilities": [-0.6086335778236389, -5.10841703414917, -6.380549430847168, -6.530624866485596], "predictions": [63, 64, 396, 65, 66, 398, 399, 67, 68, 4], "target_tokens": ["[IN:PLAY_MUSIC", "[SL:MUSIC_TYPE", "@ptr1", "SL:MUSIC_TYPE]", "[SL:MUSIC_ARTIST_NAME", "@ptr3", "@ptr4", "SL:MUSIC_ARTIST_NAME]", "IN:PLAY_MUSIC]"], "predicted_tokens": ["[IN:PLAY_MUSIC", "[SL:MUSIC_TYPE", "@ptr1", "SL:MUSIC_TYPE]", "[SL:MUSIC_ARTIST_NAME", "@ptr3", "@ptr4", "SL:MUSIC_ARTIST_NAME]", "IN:PLAY_MUSIC]"]}
{"loss": 1.6216996908187866, "class_log_probabilities": [-1.0286951065063477, -1.870554804801941, -4.3205671310424805, -4.916646480560303], "predictions": [225, 120, 397, 121, 226, 4, 4, 4, 4], "target_tokens": ["[IN:DELETE_TIMER", "[SL:AMOUNT", "@ptr1", "SL:AMOUNT]", "[SL:METHOD_TIMER", "@ptr3", "SL:METHOD_TIMER]", "IN:DELETE_TIMER]"], "predicted_tokens": ["[IN:DELETE_TIMER", "[SL:AMOUNT", "@ptr2", "SL:AMOUNT]", "IN:DELETE_TIMER]"]}
{"loss": 1.1918169260025024, "class_log_probabilities": [-0.7463417649269104, -3.2471063137054443, -3.79577898979187, -7.693270683288574], "predictions": [13, 14, 400, 15, 16, 402, 17, 18, 4, 4], "target_tokens": ["[IN:GET_WEATHER", "[SL:LOCATION", "@ptr5", "SL:LOCATION]", "[SL:DATE_TIME", "@ptr6", "@ptr7", "SL:DATE_TIME]", "IN:GET_WEATHER]"], "predicted_tokens": ["[IN:GET_WEATHER", "[SL:LOCATION", "@ptr5", "SL:LOCATION]", "[SL:DATE_TIME", "@ptr7", "SL:DATE_TIME]", "IN:GET_WEATHER]"]}
{"loss": 3.8392727375030518, "class_log_probabilities": [-3.3621888160705566, -4.079878807067871, -4.080605506896973, -5.393726825714111], "predictions": [165, 129, 396, 397, 130, 166, 4, 4], "target_tokens": ["[IN:DELETE_TIMER", "[SL:METHOD_TIMER", "@ptr2", "SL:METHOD_TIMER]", "IN:DELETE_TIMER]"], "predicted_tokens": ["[IN:IS_TRUE_RECIPES", "[SL:RECIPES_INCLUDED_INGREDIENT", "@ptr1", "@ptr2", "SL:RECIPES_INCLUDED_INGREDIENT]", "IN:IS_TRUE_RECIPES]"]}
{"loss": 1.3307048082351685, "class_log_probabilities": [-0.7433818578720093, -1.5545848608016968, -6.066244602203369, -6.2114434242248535], "predictions": [213, 214, 4], "target_tokens": ["[IN:DELETE_ALARM", "IN:DELETE_ALARM]"], "predicted_tokens": ["[IN:SILENCE_ALARM", "IN:SILENCE_ALARM]"]}
{"loss": 1.3829399347305298, "class_log_probabilities": [-1.3742432594299316, -1.7050483226776123, -3.5488440990448, -4.561070442199707], "predictions": [13, 79, 400, 80, 14, 404, 15, 16, 405, 17, 18, 4, 4], "target_tokens": ["[IN:GET_WEATHER", "[SL:WEATHER_ATTRIBUTE", "@ptr5", "SL:WEATHER_ATTRIBUTE]", "[SL:LOCATION", "@ptr10", "SL:LOCATION]", "[SL:DATE_TIME", "@ptr11", "SL:DATE_TIME]", "IN:GET_WEATHER]"], "predicted_tokens": ["[IN:GET_WEATHER", "[SL:WEATHER_ATTRIBUTE", "@ptr5", "SL:WEATHER_ATTRIBUTE]", "[SL:LOCATION", "@ptr9", "SL:LOCATION]", "[SL:DATE_TIME", "@ptr10", "SL:DATE_TIME]", "IN:GET_WEATHER]"]}
{"loss": 0.9748241305351257, "class_log_probabilities": [-0.5883622765541077, -5.883288860321045, -6.542730808258057, -6.5981340408325195], "predictions": [39, 40, 396, 41, 56, 398, 399, 57, 42, 4], "target_tokens": ["[IN:GET_STORIES_NEWS", "[SL:NEWS_TYPE", "@ptr1", "SL:NEWS_TYPE]", "[SL:NEWS_TOPIC", "@ptr3", "@ptr4", "SL:NEWS_TOPIC]", "IN:GET_STORIES_NEWS]"], "predicted_tokens": ["[IN:GET_STORIES_NEWS", "[SL:NEWS_TYPE", "@ptr1", "SL:NEWS_TYPE]", "[SL:NEWS_TOPIC", "@ptr3", "@ptr4", "SL:NEWS_TOPIC]", "IN:GET_STORIES_NEWS]"]}
{"loss": 3.515465497970581, "class_log_probabilities": [-0.8524523973464966, -3.796292543411255, -4.578509330749512, -5.574794292449951], "predictions": [63, 64, 399, 65, 66, 401, 402, 67, 68, 4, 4, 4, 4], "target_tokens": ["[IN:PLAY_MUSIC", "[SL:MUSIC_ARTIST_NAME", "@ptr5", "@ptr6", "SL:MUSIC_ARTIST_NAME]", "[SL:MUSIC_TYPE", "@ptr3", "SL:MUSIC_TYPE]", "IN:PLAY_MUSIC]"], "predicted_tokens": ["[IN:PLAY_MUSIC", "[SL:MUSIC_TYPE", "@ptr4", "SL:MUSIC_TYPE]", "[SL:MUSIC_ARTIST_NAME", "@ptr6", "@ptr7", "SL:MUSIC_ARTIST_NAME]", "IN:PLAY_MUSIC]"]}
{"loss": 2.786437511444092, "class_log_probabilities": [-2.2327046394348145, -2.2739017009735107, -2.6540634632110596, -3.7614827156066895], "predictions": [301, 56, 395, 396, 397, 398, 399, 400, 401, 402, 403, 404, 57, 40, 406, 41, 302, 4], "target_tokens": ["[IN:GET_STORIES_NEWS", "[SL:NEWS_TOPIC", "@ptr7", "@ptr8", "SL:NEWS_TOPIC]", "[SL:NEWS_TYPE", "@ptr12", "SL:NEWS_TYPE]", "IN:GET_STORIES_NEWS]"], "predicted_tokens": ["[IN:GET_DETAILS_NEWS", "[SL:NEWS_TOPIC", "@ptr0", "@ptr1", "@ptr2", "@ptr3", "@ptr4", "@ptr5", "@ptr6", "@ptr7", "@ptr8", "@ptr9", "SL:NEWS_TOPIC]", "[SL:NEWS_TYPE", "@ptr11", "SL:NEWS_TYPE]", "IN:GET_DETAILS_NEWS]"]}
{"loss": 1.0320987701416016, "class_log_probabilities": [-1.3605765104293823, -1.9122369289398193, -3.027628183364868, -3.1383485794067383], "predictions": [13, 79, 402, 80, 16, 403, 404, 405, 17, 18, 4], "target_tokens": ["[IN:GET_WEATHER", "[SL:WEATHER_ATTRIBUTE", "@ptr7", "SL:WEATHER_ATTRIBUTE]", "[SL:DATE_TIME", "@ptr8", "@ptr9", "@ptr10", "SL:DATE_TIME]", "IN:GET_WEATHER]"], "predicted_tokens": ["[IN:GET_WEATHER", "[SL:WEATHER_ATTRIBUTE", "@ptr7", "SL:WEATHER_ATTRIBUTE]", "[SL:DATE_TIME", "@ptr8", "@ptr9", "@ptr10", "SL:DATE_TIME]", "IN:GET_WEATHER]"]}
{"loss": 0.9594587087631226, "class_log_probabilities": [-0.6587197780609131, -3.538331985473633, -5.9656453132629395, -6.4597954750061035], "predictions": [45, 16, 398, 399, 400, 17, 46, 4, 4], "target_tokens": ["[IN:CREATE_ALARM", "[SL:DATE_TIME", "@ptr3", "@ptr4", "@ptr5", "SL:DATE_TIME]", "IN:CREATE_ALARM]"], "predicted_tokens": ["[IN:CREATE_ALARM", "[SL:DATE_TIME", "@ptr3", "@ptr4", "@ptr5", "SL:DATE_TIME]", "IN:CREATE_ALARM]"]}
{"loss": 2.141087293624878, "class_log_probabilities": [-0.38829511404037476, -4.478402614593506, -7.85414457321167, -8.048308372497559], "predictions": [13, 14, 400, 15, 18, 4], "target_tokens": ["[IN:GET_WEATHER", "[SL:LOCATION", "@ptr4", "@ptr5", "SL:LOCATION]", "IN:GET_WEATHER]"], "predicted_tokens": ["[IN:GET_WEATHER", "[SL:LOCATION", "@ptr5", "SL:LOCATION]", "IN:GET_WEATHER]"]}
{"loss": 1.1085515022277832, "class_log_probabilities": [-1.4007480144500732, -2.33526611328125, -4.1868486404418945, -5.241127967834473], "predictions": [45, 141, 398, 399, 400, 401, 402, 142, 46, 4], "target_tokens": ["[IN:CREATE_ALARM", "[SL:PERIOD", "@ptr3", "@ptr4", "@ptr5", "@ptr6", "SL:PERIOD]", "IN:CREATE_ALARM]"], "predicted_tokens": ["[IN:CREATE_ALARM", "[SL:PERIOD", "@ptr3", "@ptr4", "@ptr5", "@ptr6", "@ptr7", "SL:PERIOD]", "IN:CREATE_ALARM]"]}
{"loss": 4.597245693206787, "class_log_probabilities": [-3.661565065383911, -3.6742851734161377, -3.717634439468384, -4.4296650886535645], "predictions": [291, 206, 396, 207, 64, 400, 65, 292, 4], "target_tokens": ["[IN:SKIP_TRACK_MUSIC", "[SL:MUSIC_TRACK_TITLE", "@ptr1", "SL:MUSIC_TRACK_TITLE]", "IN:SKIP_TRACK_MUSIC]"], "predicted_tokens": ["[IN:LOOP_MUSIC", "[SL:MUSIC_ALBUM_TITLE", "@ptr1", "SL:MUSIC_ALBUM_TITLE]", "[SL:MUSIC_TYPE", "@ptr5", "SL:MUSIC_TYPE]", "IN:LOOP_MUSIC]"]}
{"loss": 4.447120666503906, "class_log_probabilities": [-3.2801764011383057, -5.25386381149292, -5.482309341430664, -6.7124738693237305], "predictions": [27, 30, 4, 4, 4, 4, 4, 4, 4, 4, 4, 4, 4, 4, 4, 4], "target_tokens": ["[IN:GET_WEATHER", "[SL:WEATHER_ATTRIBUTE", "@ptr4", "SL:WEATHER_ATTRIBUTE]", "IN:GET_WEATHER]"], "predicted_tokens": ["[IN:GET_INFO_RECIPES", "IN:GET_INFO_RECIPES]"]}
{"loss": 2.9619390964508057, "class_log_probabilities": [-1.792275309562683, -2.4334330558776855, -3.423668384552002, -4.415228366851807], "predictions": [63, 64, 397, 65, 68, 4], "target_tokens": ["[IN:CREATE_TIMER", "[SL:METHOD_TIMER", "@ptr2", "SL:METHOD_TIMER]", "[SL:TIMER_NAME", "@ptr5", "@ptr6", "SL:TIMER_NAME]", "IN:CREATE_TIMER]"], "predicted_tokens": ["[IN:PLAY_MUSIC", "[SL:MUSIC_TYPE", "@ptr2", "SL:MUSIC_TYPE]", "IN:PLAY_MUSIC]"]}
{"loss": 2.2984132766723633, "class_log_probabilities": [-1.0620167255401611, -3.8921823501586914, -4.080413818359375, -4.720547676086426], "predictions": [219, 16, 396, 397, 398, 17, 90, 400, 91, 220, 4], "target_tokens": ["[IN:SUBTRACT_TIME_TIMER", "[SL:METHOD_TIMER", "@ptr5", "SL:METHOD_TIMER]", "[SL:DATE_TIME", "@ptr1", "@ptr2", "SL:DATE_TIME]", "IN:SUBTRACT_TIME_TIMER]"], "predicted_tokens": ["[IN:SUBTRACT_TIME_TIMER", "[SL:DATE_TIME", "@ptr1", "@ptr2", "@ptr3", "SL:DATE_TIME]", "[SL:METHOD_TIMER", "@ptr5", "SL:METHOD_TIMER]", "IN:SUBTRACT_TIME_TIMER]"]}
{"loss": 0.9580439925193787, "class_log_probabilities": [-0.42295050621032715, -8.126614570617676, -8.198868751525879, -8.359871864318848], "predictions": [13, 16, 399, 400, 17, 18, 4], "target_tokens": ["[IN:GET_WEATHER", "[SL:DATE_TIME", "@ptr4", "@ptr5", "SL:DATE_TIME]", "IN:GET_WEATHER]"], "predicted_tokens": ["[IN:GET_WEATHER", "[SL:DATE_TIME", "@ptr4", "@ptr5", "SL:DATE_TIME]", "IN:GET_WEATHER]"]}
{"loss": 0.9727365374565125, "class_log_probabilities": [-0.3745371699333191, -5.069350719451904, -6.066104888916016, -6.289449214935303], "predictions": [225, 90, 397, 91, 226, 4], "target_tokens": ["[IN:DELETE_TIMER", "[SL:METHOD_TIMER", "@ptr2", "SL:METHOD_TIMER]", "IN:DELETE_TIMER]"], "predicted_tokens": ["[IN:DELETE_TIMER", "[SL:METHOD_TIMER", "@ptr2", "SL:METHOD_TIMER]", "IN:DELETE_TIMER]"]}
{"loss": 2.176825523376465, "class_log_probabilities": [-0.7859625220298767, -1.9645897150039673, -7.354043483734131, -7.5778703689575195], "predictions": [13, 16, 400, 401, 402, 17, 18, 4, 4], "target_tokens": ["[IN:GET_WEATHER", "[SL:DATE_TIME", "@ptr4", "@ptr5", "@ptr6", "@ptr7", "SL:DATE_TIME]", "IN:GET_WEATHER]"], "predicted_tokens": ["[IN:GET_WEATHER", "[SL:DATE_TIME", "@ptr5", "@ptr6", "@ptr7", "SL:DATE_TIME]", "IN:GET_WEATHER]"]}
{"loss": 0.9609134197235107, "class_log_probabilities": [-0.5297156572341919, -7.8814849853515625, -7.908350944519043, -8.304636001586914], "predictions": [13, 79, 397, 80, 16, 401, 17, 18, 4, 4], "target_tokens": ["[IN:GET_WEATHER", "[SL:WEATHER_ATTRIBUTE", "@ptr2", "SL:WEATHER_ATTRIBUTE]", "[SL:DATE_TIME", "@ptr6", "SL:DATE_TIME]", "IN:GET_WEATHER]"], "predicted_tokens": ["[IN:GET_WEATHER", "[SL:WEATHER_ATTRIBUTE", "@ptr2", "SL:WEATHER_ATTRIBUTE]", "[SL:DATE_TIME", "@ptr6", "SL:DATE_TIME]", "IN:GET_WEATHER]"]}
{"loss": 2.963998317718506, "class_log_probabilities": [-0.4974268674850464, -5.424929618835449, -6.496942520141602, -6.642008304595947], "predictions": [55, 56, 398, 399, 400, 401, 402, 403, 404, 57, 58, 4], "target_tokens": ["[IN:QUESTION_NEWS", "[SL:NEWS_TOPIC", "@ptr6", "@ptr7", "SL:NEWS_TOPIC]", "IN:QUESTION_NEWS]"], "predicted_tokens": ["[IN:QUESTION_NEWS", "[SL:NEWS_TOPIC", "@ptr3", "@ptr4", "@ptr5", "@ptr6", "@ptr7", "@ptr8", "@ptr9", "SL:NEWS_TOPIC]", "IN:QUESTION_NEWS]"]}
{"loss": 0.974719226360321, "class_log_probabilities": [-0.1603039652109146, -7.322246551513672, -7.500861167907715, -7.521821975708008], "predictions": [19, 22, 4], "target_tokens": ["[IN:GET_ALARM", "IN:GET_ALARM]"], "predicted_tokens": ["[IN:GET_ALARM", "IN:GET_ALARM]"]}
{"loss": 0.9738693237304688, "class_log_probabilities": [-0.5580880045890808, -4.229846954345703, -5.428192615509033, -7.204193592071533], "predictions": [13, 79, 400, 80, 18, 4, 4, 4, 4], "target_tokens": ["[IN:GET_WEATHER", "[SL:WEATHER_ATTRIBUTE", "@ptr5", "SL:WEATHER_ATTRIBUTE]", "IN:GET_WEATHER]"], "predicted_tokens": ["[IN:GET_WEATHER", "[SL:WEATHER_ATTRIBUTE", "@ptr5", "SL:WEATHER_ATTRIBUTE]", "IN:GET_WEATHER]"]}
{"loss": 0.9613810777664185, "class_log_probabilities": [-0.5269827246665955, -7.929206848144531, -8.028461456298828, -8.526808738708496], "predictions": [13, 79, 398, 80, 16, 399, 17, 18, 4], "target_tokens": ["[IN:GET_WEATHER", "[SL:WEATHER_ATTRIBUTE", "@ptr3", "SL:WEATHER_ATTRIBUTE]", "[SL:DATE_TIME", "@ptr4", "SL:DATE_TIME]", "IN:GET_WEATHER]"], "predicted_tokens": ["[IN:GET_WEATHER", "[SL:WEATHER_ATTRIBUTE", "@ptr3", "SL:WEATHER_ATTRIBUTE]", "[SL:DATE_TIME", "@ptr4", "SL:DATE_TIME]", "IN:GET_WEATHER]"]}
{"loss": 3.043335199356079, "class_log_probabilities": [-0.35319656133651733, -4.981368064880371, -5.028824329376221, -5.363833904266357], "predictions": [259, 260, 4], "target_tokens": ["[IN:CREATE_ALARM", "[SL:ALARM_NAME", "@ptr4", "SL:ALARM_NAME]", "IN:CREATE_ALARM]"], "predicted_tokens": ["[IN:UPDATE_ALARM", "IN:UPDATE_ALARM]"]}
{"loss": 2.2749757766723633, "class_log_probabilities": [-1.2940205335617065, -2.7406837940216064, -3.660712718963623, -4.537353992462158], "predictions": [63, 86, 396, 397, 398, 87, 103, 400, 104, 68, 4, 4], "target_tokens": ["[IN:PLAY_MUSIC", "[SL:MUSIC_TYPE", "@ptr2", "SL:MUSIC_TYPE]", "[SL:MUSIC_PROVIDER_NAME", "@ptr5", "SL:MUSIC_PROVIDER_NAME]", "IN:PLAY_MUSIC]"], "predicted_tokens": ["[IN:PLAY_MUSIC", "[SL:MUSIC_PLAYLIST_TITLE", "@ptr1", "@ptr2", "@ptr3", "SL:MUSIC_PLAYLIST_TITLE]", "[SL:MUSIC_PROVIDER_NAME", "@ptr5", "SL:MUSIC_PROVIDER_NAME]", "IN:PLAY_MUSIC]"]}
{"loss": 3.532306671142578, "class_log_probabilities": [-1.401077389717102, -1.8526533842086792, -4.835222244262695, -5.255594730377197], "predictions": [39, 43, 399, 44, 40, 402, 41, 42, 4, 4, 4, 4], "target_tokens": ["[IN:GET_STORIES_NEWS", "[SL:NEWS_TYPE", "@ptr3", "SL:NEWS_TYPE]", "[SL:NEWS_CATEGORY", "@ptr4", "SL:NEWS_CATEGORY]", "[SL:NEWS_SOURCE", "@ptr6", "@ptr7", "@ptr8", "SL:NEWS_SOURCE]", "IN:GET_STORIES_NEWS]"], "predicted_tokens": ["[IN:GET_STORIES_NEWS", "[SL:NEWS_CATEGORY", "@ptr4", "SL:NEWS_CATEGORY]", "[SL:NEWS_TYPE", "@ptr7", "SL:NEWS_TYPE]", "IN:GET_STORIES_NEWS]"]}
{"loss": 0.9668775200843811, "class_log_probabilities": [-0.48368868231773376, -8.094185829162598, -8.391831398010254, -9.147597312927246], "predictions": [13, 79, 400, 80, 16, 401, 17, 18, 4, 4, 4], "target_tokens": ["[IN:GET_WEATHER", "[SL:WEATHER_ATTRIBUTE", "@ptr5", "SL:WEATHER_ATTRIBUTE]", "[SL:DATE_TIME", "@ptr6", "SL:DATE_TIME]", "IN:GET_WEATHER]"], "predicted_tokens": ["[IN:GET_WEATHER", "[SL:WEATHER_ATTRIBUTE", "@ptr5", "SL:WEATHER_ATTRIBUTE]", "[SL:DATE_TIME", "@ptr6", "SL:DATE_TIME]", "IN:GET_WEATHER]"]}
{"loss": 0.9837434887886047, "class_log_probabilities": [-0.1419195532798767, -7.694119453430176, -7.904752254486084, -8.034558296203613], "predictions": [19, 22, 4], "target_tokens": ["[IN:GET_ALARM", "IN:GET_ALARM]"], "predicted_tokens": ["[IN:GET_ALARM", "IN:GET_ALARM]"]}
{"loss": 0.9800570011138916, "class_log_probabilities": [-0.7478064894676208, -2.312577962875366, -7.963755130767822, -8.077125549316406], "predictions": [13, 79, 397, 80, 16, 398, 17, 18, 4], "target_tokens": ["[IN:GET_WEATHER", "[SL:WEATHER_ATTRIBUTE", "@ptr2", "SL:WEATHER_ATTRIBUTE]", "[SL:DATE_TIME", "@ptr3", "SL:DATE_TIME]", "IN:GET_WEATHER]"], "predicted_tokens": ["[IN:GET_WEATHER", "[SL:WEATHER_ATTRIBUTE", "@ptr2", "SL:WEATHER_ATTRIBUTE]", "[SL:DATE_TIME", "@ptr3", "SL:DATE_TIME]", "IN:GET_WEATHER]"]}
{"loss": 0.9651158452033997, "class_log_probabilities": [-0.5894322395324707, -6.455606460571289, -6.511218070983887, -6.873126029968262], "predictions": [45, 16, 398, 399, 400, 401, 402, 17, 46, 4, 4, 4, 4], "target_tokens": ["[IN:CREATE_ALARM", "[SL:DATE_TIME", "@ptr3", "@ptr4", "@ptr5", "@ptr6", "@ptr7", "SL:DATE_TIME]", "IN:CREATE_ALARM]"], "predicted_tokens": ["[IN:CREATE_ALARM", "[SL:DATE_TIME", "@ptr3", "@ptr4", "@ptr5", "@ptr6", "@ptr7", "SL:DATE_TIME]", "IN:CREATE_ALARM]"]}
{"loss": 2.9771976470947266, "class_log_probabilities": [-0.364946573972702, -7.741451740264893, -8.330622673034668, -8.361617088317871], "predictions": [13, 79, 400, 80, 18, 4, 4, 4], "target_tokens": ["[IN:GET_WEATHER", "[SL:WEATHER_ATTRIBUTE", "@ptr5", "SL:WEATHER_ATTRIBUTE]", "[SL:DATE_TIME", "@ptr6", "@ptr7", "SL:DATE_TIME]", "IN:GET_WEATHER]"], "predicted_tokens": ["[IN:GET_WEATHER", "[SL:WEATHER_ATTRIBUTE", "@ptr5", "SL:WEATHER_ATTRIBUTE]", "IN:GET_WEATHER]"]}
{"loss": 2.083826780319214, "class_log_probabilities": [-2.9682865142822266, -4.199734687805176, -5.108641147613525, -5.175692081451416], "predictions": [39, 40, 397, 41, 42, 4, 4, 4, 4, 4, 4, 4, 4, 4, 4], "target_tokens": ["[IN:GET_STORIES_NEWS", "[SL:NEWS_TYPE", "@ptr2", "SL:NEWS_TYPE]", "[SL:NEWS_TOPIC", "@ptr5", "@ptr6", "@ptr7", "@ptr8", "SL:NEWS_TOPIC]", "[SL:DATE_TIME", "@ptr9", "SL:DATE_TIME]", "IN:GET_STORIES_NEWS]"], "predicted_tokens": ["[IN:GET_STORIES_NEWS", "[SL:NEWS_TYPE", "@ptr2", "SL:NEWS_TYPE]", "IN:GET_STORIES_NEWS]"]}
{"loss": 0.9987176060676575, "class_log_probabilities": [-0.35663753747940063, -5.936808109283447, -6.956014633178711, -7.195326328277588], "predictions": [275, 90, 395, 91, 276, 4], "target_tokens": ["[IN:RESUME_TIMER", "[SL:METHOD_TIMER", "@ptr0", "SL:METHOD_TIMER]", "IN:RESUME_TIMER]"], "predicted_tokens": ["[IN:RESUME_TIMER", "[SL:METHOD_TIMER", "@ptr0", "SL:METHOD_TIMER]", "IN:RESUME_TIMER]"]}
{"loss": 1.6853467226028442, "class_log_probabilities": [-1.9810898303985596, -2.0869903564453125, -4.023906707763672, -6.092072010040283], "predictions": [89, 90, 397, 91, 16, 399, 400, 17, 92, 4], "target_tokens": ["[IN:CREATE_TIMER", "[SL:METHOD_TIMER", "@ptr2", "SL:METHOD_TIMER]", "[SL:DATE_TIME", "@ptr3", "@ptr4", "@ptr5", "SL:DATE_TIME]", "IN:CREATE_TIMER]"], "predicted_tokens": ["[IN:CREATE_TIMER", "[SL:METHOD_TIMER", "@ptr2", "SL:METHOD_TIMER]", "[SL:DATE_TIME", "@ptr4", "@ptr5", "SL:DATE_TIME]", "IN:CREATE_TIMER]"]}
{"loss": 1.0243202447891235, "class_log_probabilities": [-1.4696502685546875, -1.9396741390228271, -2.947227716445923, -5.865058898925781], "predictions": [55, 56, 397, 398, 399, 400, 401, 402, 403, 404, 405, 57, 58, 4, 4], "target_tokens": ["[IN:QUESTION_NEWS", "[SL:NEWS_TOPIC", "@ptr2", "@ptr3", "@ptr4", "@ptr5", "@ptr6", "@ptr7", "@ptr8", "@ptr9", "@ptr10", "SL:NEWS_TOPIC]", "IN:QUESTION_NEWS]"], "predicted_tokens": ["[IN:QUESTION_NEWS", "[SL:NEWS_TOPIC", "@ptr2", "@ptr3", "@ptr4", "@ptr5", "@ptr6", "@ptr7", "@ptr8", "@ptr9", "@ptr10", "SL:NEWS_TOPIC]", "IN:QUESTION_NEWS]"]}
{"loss": 0.9669135212898254, "class_log_probabilities": [-0.2053816020488739, -5.877556800842285, -5.94710636138916, -6.761929035186768], "predictions": [19, 22, 4], "target_tokens": ["[IN:GET_ALARM", "IN:GET_ALARM]"], "predicted_tokens": ["[IN:GET_ALARM", "IN:GET_ALARM]"]}
{"loss": 1.912516713142395, "class_log_probabilities": [-4.584146499633789, -5.113173007965088, -5.502178192138672, -5.551911354064941], "predictions": [39, 56, 395, 57, 131, 401, 132, 40, 402, 41, 42, 4, 4], "target_tokens": ["[IN:GET_STORIES_NEWS", "[SL:NEWS_REFERENCE", "@ptr6", "SL:NEWS_REFERENCE]", "[SL:NEWS_TYPE", "@ptr7", "SL:NEWS_TYPE]", "IN:GET_STORIES_NEWS]"], "predicted_tokens": ["[IN:GET_STORIES_NEWS", "[SL:NEWS_TOPIC", "@ptr0", "SL:NEWS_TOPIC]", "[SL:NEWS_REFERENCE", "@ptr6", "SL:NEWS_REFERENCE]", "[SL:NEWS_TYPE", "@ptr7", "SL:NEWS_TYPE]", "IN:GET_STORIES_NEWS]"]}
{"loss": 1.7206215858459473, "class_log_probabilities": [-0.5688972473144531, -6.912813663482666, -7.452919006347656, -7.6662750244140625], "predictions": [89, 90, 397, 91, 16, 399, 400, 17, 92, 4], "target_tokens": ["[IN:CREATE_TIMER", "[SL:METHOD_TIMER", "@ptr2", "SL:METHOD_TIMER]", "[SL:DATE_TIME", "@ptr3", "@ptr4", "@ptr5", "SL:DATE_TIME]", "IN:CREATE_TIMER]"], "predicted_tokens": ["[IN:CREATE_TIMER", "[SL:METHOD_TIMER", "@ptr2", "SL:METHOD_TIMER]", "[SL:DATE_TIME", "@ptr4", "@ptr5", "SL:DATE_TIME]", "IN:CREATE_TIMER]"]}
{"loss": 1.1207070350646973, "class_log_probabilities": [-0.8977797627449036, -1.307216763496399, -3.113570213317871, -5.771265029907227], "predictions": [13, 16, 403, 17, 18, 4, 4], "target_tokens": ["[IN:GET_WEATHER", "[SL:DATE_TIME", "@ptr9", "SL:DATE_TIME]", "IN:GET_WEATHER]"], "predicted_tokens": ["[IN:GET_WEATHER", "[SL:DATE_TIME", "@ptr8", "SL:DATE_TIME]", "IN:GET_WEATHER]"]}
{"loss": 1.3791487216949463, "class_log_probabilities": [-0.7708920836448669, -4.257597923278809, -4.6645073890686035, -4.851800441741943], "predictions": [39, 133, 401, 134, 42, 4, 4, 4, 4], "target_tokens": ["[IN:GET_STORIES_NEWS", "[SL:NEWS_TYPE", "@ptr4", "SL:NEWS_TYPE]", "[SL:NEWS_SOURCE", "@ptr6", "SL:NEWS_SOURCE]", "IN:GET_STORIES_NEWS]"], "predicted_tokens": ["[IN:GET_STORIES_NEWS", "[SL:NEWS_SOURCE", "@ptr6", "SL:NEWS_SOURCE]", "IN:GET_STORIES_NEWS]"]}
{"loss": 2.5494143962860107, "class_log_probabilities": [-2.6673760414123535, -2.772965669631958, -3.6794214248657227, -3.868335723876953], "predictions": [39, 40, 399, 41, 133, 401, 402, 134, 16, 405, 17, 42, 4, 4], "target_tokens": ["[IN:GET_STORIES_NEWS", "[SL:DATE_TIME", "@ptr10", "SL:DATE_TIME]", "[SL:NEWS_TYPE", "@ptr4", "SL:NEWS_TYPE]", "[SL:NEWS_SOURCE", "@ptr6", "@ptr7", "@ptr8", "SL:NEWS_SOURCE]", "IN:GET_STORIES_NEWS]"], "predicted_tokens": ["[IN:GET_STORIES_NEWS", "[SL:NEWS_TYPE", "@ptr4", "SL:NEWS_TYPE]", "[SL:NEWS_SOURCE", "@ptr6", "@ptr7", "SL:NEWS_SOURCE]", "[SL:DATE_TIME", "@ptr10", "SL:DATE_TIME]", "IN:GET_STORIES_NEWS]"]}
{"loss": 0.9619806408882141, "class_log_probabilities": [-0.5327697992324829, -3.46333909034729, -7.354115962982178, -7.6667160987854], "predictions": [13, 79, 400, 80, 18, 4], "target_tokens": ["[IN:GET_WEATHER", "[SL:WEATHER_ATTRIBUTE", "@ptr5", "SL:WEATHER_ATTRIBUTE]", "IN:GET_WEATHER]"], "predicted_tokens": ["[IN:GET_WEATHER", "[SL:WEATHER_ATTRIBUTE", "@ptr5", "SL:WEATHER_ATTRIBUTE]", "IN:GET_WEATHER]"]}
{"loss": 0.9742220044136047, "class_log_probabilities": [-0.3076396584510803, -6.8961358070373535, -7.403162956237793, -7.727258205413818], "predictions": [115, 90, 404, 91, 116, 4], "target_tokens": ["[IN:GET_TIMER", "[SL:METHOD_TIMER", "@ptr9", "SL:METHOD_TIMER]", "IN:GET_TIMER]"], "predicted_tokens": ["[IN:GET_TIMER", "[SL:METHOD_TIMER", "@ptr9", "SL:METHOD_TIMER]", "IN:GET_TIMER]"]}
{"loss": 0.9797878861427307, "class_log_probabilities": [-0.35120832920074463, -5.318495273590088, -5.637816429138184, -6.59797477722168], "predictions": [63, 64, 398, 65, 68, 4, 4, 4, 4, 4, 4], "target_tokens": ["[IN:PLAY_MUSIC", "[SL:MUSIC_TYPE", "@ptr3", "SL:MUSIC_TYPE]", "IN:PLAY_MUSIC]"], "predicted_tokens": ["[IN:PLAY_MUSIC", "[SL:MUSIC_TYPE", "@ptr3", "SL:MUSIC_TYPE]", "IN:PLAY_MUSIC]"]}
{"loss": 0.9683371782302856, "class_log_probabilities": [-0.4881233274936676, -6.994177341461182, -7.038913249969482, -7.343625068664551], "predictions": [13, 16, 402, 17, 14, 404, 15, 18, 4, 4], "target_tokens": ["[IN:GET_WEATHER", "[SL:DATE_TIME", "@ptr7", "SL:DATE_TIME]", "[SL:LOCATION", "@ptr9", "SL:LOCATION]", "IN:GET_WEATHER]"], "predicted_tokens": ["[IN:GET_WEATHER", "[SL:DATE_TIME", "@ptr7", "SL:DATE_TIME]", "[SL:LOCATION", "@ptr9", "SL:LOCATION]", "IN:GET_WEATHER]"]}
{"loss": 3.8908233642578125, "class_log_probabilities": [-1.2776364088058472, -2.117520809173584, -3.5833988189697266, -5.027792453765869], "predictions": [70, 71, 398, 72, 93, 400, 401, 94, 73, 4], "target_tokens": ["[IN:QUESTION_NEWS", "[SL:NEWS_TOPIC", "@ptr3", "@ptr4", "@ptr5", "@ptr6", "SL:NEWS_TOPIC]", "IN:QUESTION_NEWS]"], "predicted_tokens": ["[IN:GET_CONTACT", "[SL:TYPE_RELATION", "@ptr3", "SL:TYPE_RELATION]", "[SL:CONTACT_RELATED", "@ptr5", "@ptr6", "SL:CONTACT_RELATED]", "IN:GET_CONTACT]"]}
{"loss": 0.9597102999687195, "class_log_probabilities": [-0.44263774156570435, -6.534980297088623, -7.689272880554199, -8.148588180541992], "predictions": [13, 14, 402, 403, 15, 18, 4, 4, 4], "target_tokens": ["[IN:GET_WEATHER", "[SL:LOCATION", "@ptr7", "@ptr8", "SL:LOCATION]", "IN:GET_WEATHER]"], "predicted_tokens": ["[IN:GET_WEATHER", "[SL:LOCATION", "@ptr7", "@ptr8", "SL:LOCATION]", "IN:GET_WEATHER]"]}
{"loss": 1.4010331630706787, "class_log_probabilities": [-1.9702078104019165, -2.596484661102295, -3.4008288383483887, -4.917181015014648], "predictions": [13, 79, 405, 80, 79, 405, 80, 16, 406, 17, 18, 4], "target_tokens": ["[IN:GET_WEATHER", "[SL:WEATHER_ATTRIBUTE", "@ptr10", "SL:WEATHER_ATTRIBUTE]", "[SL:DATE_TIME", "@ptr11", "SL:DATE_TIME]", "IN:GET_WEATHER]"], "predicted_tokens": ["[IN:GET_WEATHER", "[SL:WEATHER_ATTRIBUTE", "@ptr10", "SL:WEATHER_ATTRIBUTE]", "[SL:WEATHER_ATTRIBUTE", "@ptr10", "SL:WEATHER_ATTRIBUTE]", "[SL:DATE_TIME", "@ptr11", "SL:DATE_TIME]", "IN:GET_WEATHER]"]}
{"loss": 1.0575313568115234, "class_log_probabilities": [-1.8699361085891724, -1.9723784923553467, -4.76550817489624, -5.048078536987305], "predictions": [251, 64, 399, 65, 66, 401, 67, 252, 4], "target_tokens": ["[IN:QUESTION_MUSIC", "[SL:MUSIC_TYPE", "@ptr4", "SL:MUSIC_TYPE]", "[SL:MUSIC_ARTIST_NAME", "@ptr6", "SL:MUSIC_ARTIST_NAME]", "IN:QUESTION_MUSIC]"], "predicted_tokens": ["[IN:QUESTION_MUSIC", "[SL:MUSIC_TYPE", "@ptr4", "SL:MUSIC_TYPE]", "[SL:MUSIC_ARTIST_NAME", "@ptr6", "SL:MUSIC_ARTIST_NAME]", "IN:QUESTION_MUSIC]"]}
{"loss": 1.0953633785247803, "class_log_probabilities": [-1.8919087648391724, -2.5330355167388916, -3.4948339462280273, -3.9876837730407715], "predictions": [63, 64, 397, 65, 86, 398, 87, 68, 4], "target_tokens": ["[IN:PLAY_MUSIC", "[SL:MUSIC_TYPE", "@ptr2", "SL:MUSIC_TYPE]", "[SL:MUSIC_PLAYLIST_TITLE", "@ptr3", "SL:MUSIC_PLAYLIST_TITLE]", "IN:PLAY_MUSIC]"], "predicted_tokens": ["[IN:PLAY_MUSIC", "[SL:MUSIC_TYPE", "@ptr2", "SL:MUSIC_TYPE]", "[SL:MUSIC_PLAYLIST_TITLE", "@ptr3", "SL:MUSIC_PLAYLIST_TITLE]", "IN:PLAY_MUSIC]"]}
{"loss": 0.9688568115234375, "class_log_probabilities": [-0.3482513129711151, -6.713414669036865, -7.045710563659668, -7.092658519744873], "predictions": [115, 90, 400, 91, 116, 4], "target_tokens": ["[IN:GET_TIMER", "[SL:METHOD_TIMER", "@ptr5", "SL:METHOD_TIMER]", "IN:GET_TIMER]"], "predicted_tokens": ["[IN:GET_TIMER", "[SL:METHOD_TIMER", "@ptr5", "SL:METHOD_TIMER]", "IN:GET_TIMER]"]}
{"loss": 2.25461483001709, "class_log_probabilities": [-1.633980631828308, -2.3620429039001465, -3.549786329269409, -4.0196709632873535], "predictions": [63, 64, 400, 65, 66, 402, 67, 68, 4, 4, 4, 4], "target_tokens": ["[IN:PLAY_MUSIC", "[SL:MUSIC_ARTIST_NAME", "@ptr7", "SL:MUSIC_ARTIST_NAME]", "[SL:MUSIC_TYPE", "@ptr5", "SL:MUSIC_TYPE]", "IN:PLAY_MUSIC]"], "predicted_tokens": ["[IN:PLAY_MUSIC", "[SL:MUSIC_TYPE", "@ptr5", "SL:MUSIC_TYPE]", "[SL:MUSIC_ARTIST_NAME", "@ptr7", "SL:MUSIC_ARTIST_NAME]", "IN:PLAY_MUSIC]"]}
{"loss": 0.9867969155311584, "class_log_probabilities": [-0.2948019206523895, -7.557985305786133, -7.700798034667969, -7.853377342224121], "predictions": [217, 64, 400, 65, 218, 4, 4, 4], "target_tokens": ["[IN:GET_TRACK_INFO_MUSIC", "[SL:MUSIC_TYPE", "@ptr5", "SL:MUSIC_TYPE]", "IN:GET_TRACK_INFO_MUSIC]"], "predicted_tokens": ["[IN:GET_TRACK_INFO_MUSIC", "[SL:MUSIC_TYPE", "@ptr5", "SL:MUSIC_TYPE]", "IN:GET_TRACK_INFO_MUSIC]"]}
{"loss": 2.3489062786102295, "class_log_probabilities": [-0.6158803105354309, -4.01340913772583, -5.046908378601074, -7.248087406158447], "predictions": [45, 16, 399, 400, 17, 46, 4, 4], "target_tokens": ["[IN:CREATE_ALARM", "[SL:DATE_TIME", "@ptr3", "@ptr4", "SL:DATE_TIME]", "IN:CREATE_ALARM]"], "predicted_tokens": ["[IN:CREATE_ALARM", "[SL:DATE_TIME", "@ptr4", "@ptr5", "SL:DATE_TIME]", "IN:CREATE_ALARM]"]}
{"loss": 1.5805273056030273, "class_log_probabilities": [-0.8752930164337158, -2.4403607845306396, -2.8451061248779297, -5.072044849395752], "predictions": [13, 16, 399, 400, 401, 17, 18, 4], "target_tokens": ["[IN:GET_WEATHER", "[SL:DATE_TIME", "@ptr4", "@ptr5", "SL:DATE_TIME]", "IN:GET_WEATHER]"], "predicted_tokens": ["[IN:GET_WEATHER", "[SL:DATE_TIME", "@ptr4", "@ptr5", "@ptr6", "SL:DATE_TIME]", "IN:GET_WEATHER]"]}
{"loss": 0.9749504923820496, "class_log_probabilities": [-0.16032356023788452, -7.286076545715332, -7.585899353027344, -7.846276760101318], "predictions": [19, 22, 4], "target_tokens": ["[IN:GET_ALARM", "IN:GET_ALARM]"], "predicted_tokens": ["[IN:GET_ALARM", "IN:GET_ALARM]"]}
{"loss": 2.793250799179077, "class_log_probabilities": [-2.0001680850982666, -3.744394302368164, -4.228291034698486, -4.878146171569824], "predictions": [19, 16, 395, 396, 397, 398, 17, 22, 4], "target_tokens": ["[IN:GET_ALARM", "IN:GET_ALARM]"], "predicted_tokens": ["[IN:GET_ALARM", "[SL:DATE_TIME", "@ptr0", "@ptr1", "@ptr2", "@ptr3", "SL:DATE_TIME]", "IN:GET_ALARM]"]}
{"loss": 1.7040235996246338, "class_log_probabilities": [-2.4933228492736816, -3.2283289432525635, -4.027684211730957, -4.44277811050415], "predictions": [39, 40, 401, 41, 16, 403, 17, 42, 4, 4], "target_tokens": ["[IN:GET_STORIES_NEWS", "[SL:NEWS_TYPE", "@ptr6", "SL:NEWS_TYPE]", "[SL:DATE_TIME", "@ptr7", "@ptr8", "SL:DATE_TIME]", "IN:GET_STORIES_NEWS]"], "predicted_tokens": ["[IN:GET_STORIES_NEWS", "[SL:NEWS_TYPE", "@ptr6", "SL:NEWS_TYPE]", "[SL:DATE_TIME", "@ptr8", "SL:DATE_TIME]", "IN:GET_STORIES_NEWS]"]}
{"loss": 1.9485039710998535, "class_log_probabilities": [-1.2247889041900635, -2.8221778869628906, -3.60589599609375, -4.866334915161133], "predictions": [63, 151, 401, 152, 151, 402, 152, 68, 4], "target_tokens": ["[IN:PLAY_MUSIC", "[SL:MUSIC_GENRE", "@ptr7", "SL:MUSIC_GENRE]", "IN:PLAY_MUSIC]"], "predicted_tokens": ["[IN:PLAY_MUSIC", "[SL:MUSIC_GENRE", "@ptr6", "SL:MUSIC_GENRE]", "[SL:MUSIC_GENRE", "@ptr7", "SL:MUSIC_GENRE]", "IN:PLAY_MUSIC]"]}
{"loss": 0.9922614097595215, "class_log_probabilities": [-0.6757892966270447, -3.661545753479004, -7.060108184814453, -7.079588890075684], "predictions": [13, 79, 400, 80, 18, 4], "target_tokens": ["[IN:GET_WEATHER", "[SL:WEATHER_ATTRIBUTE", "@ptr5", "SL:WEATHER_ATTRIBUTE]", "IN:GET_WEATHER]"], "predicted_tokens": ["[IN:GET_WEATHER", "[SL:WEATHER_ATTRIBUTE", "@ptr5", "SL:WEATHER_ATTRIBUTE]", "IN:GET_WEATHER]"]}
{"loss": 1.0218309164047241, "class_log_probabilities": [-1.355546236038208, -1.9028277397155762, -3.9887161254882812, -5.312417984008789], "predictions": [13, 79, 401, 80, 14, 404, 15, 18, 4, 4, 4, 4], "target_tokens": ["[IN:GET_WEATHER", "[SL:WEATHER_ATTRIBUTE", "@ptr6", "SL:WEATHER_ATTRIBUTE]", "[SL:LOCATION", "@ptr9", "SL:LOCATION]", "IN:GET_WEATHER]"], "predicted_tokens": ["[IN:GET_WEATHER", "[SL:WEATHER_ATTRIBUTE", "@ptr6", "SL:WEATHER_ATTRIBUTE]", "[SL:LOCATION", "@ptr9", "SL:LOCATION]", "IN:GET_WEATHER]"]}
{"loss": 0.9952079057693481, "class_log_probabilities": [-0.34464123845100403, -6.832935810089111, -7.137895584106445, -7.160780906677246], "predictions": [63, 151, 400, 401, 152, 68, 4, 4, 4, 4], "target_tokens": ["[IN:PLAY_MUSIC", "[SL:MUSIC_GENRE", "@ptr5", "@ptr6", "SL:MUSIC_GENRE]", "IN:PLAY_MUSIC]"], "predicted_tokens": ["[IN:PLAY_MUSIC", "[SL:MUSIC_GENRE", "@ptr5", "@ptr6", "SL:MUSIC_GENRE]", "IN:PLAY_MUSIC]"]}
{"loss": 2.5555286407470703, "class_log_probabilities": [-4.219638347625732, -4.852671146392822, -4.912110805511475, -5.810176372528076], "predictions": [63, 66, 395, 396, 397, 67, 64, 400, 401, 65, 206, 403, 404, 207, 68, 4], "target_tokens": ["[IN:PLAY_MUSIC", "[SL:MUSIC_ALBUM_TITLE", "@ptr8", "@ptr9", "SL:MUSIC_ALBUM_TITLE]", "[SL:MUSIC_TYPE", "@ptr5", "@ptr6", "SL:MUSIC_TYPE]", "IN:PLAY_MUSIC]"], "predicted_tokens": ["[IN:PLAY_MUSIC", "[SL:MUSIC_ARTIST_NAME", "@ptr0", "@ptr1", "@ptr2", "SL:MUSIC_ARTIST_NAME]", "[SL:MUSIC_TYPE", "@ptr5", "@ptr6", "SL:MUSIC_TYPE]", "[SL:MUSIC_ALBUM_TITLE", "@ptr8", "@ptr9", "SL:MUSIC_ALBUM_TITLE]", "IN:PLAY_MUSIC]"]}
{"loss": 1.8951219320297241, "class_log_probabilities": [-3.5066306591033936, -3.806459426879883, -3.8955986499786377, -4.719660758972168], "predictions": [13, 79, 395, 80, 18, 4, 4, 4, 4, 4, 4, 4, 4, 4], "target_tokens": ["[IN:GET_WEATHER", "[SL:WEATHER_ATTRIBUTE", "@ptr8", "SL:WEATHER_ATTRIBUTE]", "IN:GET_WEATHER]"], "predicted_tokens": ["[IN:GET_WEATHER", "[SL:WEATHER_ATTRIBUTE", "@ptr0", "SL:WEATHER_ATTRIBUTE]", "IN:GET_WEATHER]"]}
{"loss": 0.9805768728256226, "class_log_probabilities": [-0.5409515500068665, -5.783269882202148, -6.095117092132568, -6.181222915649414], "predictions": [183, 16, 396, 397, 17, 90, 400, 91, 184, 4, 4], "target_tokens": ["[IN:ADD_TIME_TIMER", "[SL:DATE_TIME", "@ptr1", "@ptr2", "SL:DATE_TIME]", "[SL:METHOD_TIMER", "@ptr5", "SL:METHOD_TIMER]", "IN:ADD_TIME_TIMER]"], "predicted_tokens": ["[IN:ADD_TIME_TIMER", "[SL:DATE_TIME", "@ptr1", "@ptr2", "SL:DATE_TIME]", "[SL:METHOD_TIMER", "@ptr5", "SL:METHOD_TIMER]", "IN:ADD_TIME_TIMER]"]}
{"loss": 0.9606017470359802, "class_log_probabilities": [-0.35444962978363037, -7.534295558929443, -8.0355863571167, -8.202861785888672], "predictions": [13, 14, 400, 15, 18, 4], "target_tokens": ["[IN:GET_WEATHER", "[SL:LOCATION", "@ptr5", "SL:LOCATION]", "IN:GET_WEATHER]"], "predicted_tokens": ["[IN:GET_WEATHER", "[SL:LOCATION", "@ptr5", "SL:LOCATION]", "IN:GET_WEATHER]"]}
{"loss": 1.3322312831878662, "class_log_probabilities": [-1.2059156894683838, -4.111484527587891, -4.324469566345215, -5.114945411682129], "predictions": [45, 141, 399, 400, 142, 46, 4, 4], "target_tokens": ["[IN:CREATE_ALARM", "[SL:PERIOD", "@ptr3", "@ptr4", "@ptr5", "SL:PERIOD]", "IN:CREATE_ALARM]"], "predicted_tokens": ["[IN:CREATE_ALARM", "[SL:PERIOD", "@ptr4", "@ptr5", "SL:PERIOD]", "IN:CREATE_ALARM]"]}
{"loss": 2.028843402862549, "class_log_probabilities": [-1.477506399154663, -2.3616461753845215, -4.993051052093506, -5.50050687789917], "predictions": [89, 90, 397, 91, 16, 399, 400, 17, 92, 4, 4], "target_tokens": ["[IN:CREATE_TIMER", "[SL:METHOD_TIMER", "@ptr2", "SL:METHOD_TIMER]", "[SL:DATE_TIME", "@ptr3", "@ptr4", "@ptr5", "SL:DATE_TIME]", "IN:CREATE_TIMER]"], "predicted_tokens": ["[IN:CREATE_TIMER", "[SL:METHOD_TIMER", "@ptr2", "SL:METHOD_TIMER]", "[SL:DATE_TIME", "@ptr4", "@ptr5", "SL:DATE_TIME]", "IN:CREATE_TIMER]"]}
{"loss": 1.4426947832107544, "class_log_probabilities": [-0.47284436225891113, -4.096749305725098, -4.355169296264648, -4.550112247467041], "predictions": [115, 116, 4, 4, 4, 4], "target_tokens": ["[IN:GET_TIMER", "[SL:METHOD_TIMER", "@ptr3", "SL:METHOD_TIMER]", "IN:GET_TIMER]"], "predicted_tokens": ["[IN:GET_TIMER", "IN:GET_TIMER]"]}
{"loss": 0.9837403297424316, "class_log_probabilities": [-0.7782951593399048, -2.8237576484680176, -3.611924171447754, -4.22102689743042], "predictions": [13, 79, 400, 80, 16, 401, 402, 17, 18, 4], "target_tokens": ["[IN:GET_WEATHER", "[SL:WEATHER_ATTRIBUTE", "@ptr5", "SL:WEATHER_ATTRIBUTE]", "[SL:DATE_TIME", "@ptr6", "@ptr7", "SL:DATE_TIME]", "IN:GET_WEATHER]"], "predicted_tokens": ["[IN:GET_WEATHER", "[SL:WEATHER_ATTRIBUTE", "@ptr5", "SL:WEATHER_ATTRIBUTE]", "[SL:DATE_TIME", "@ptr6", "@ptr7", "SL:DATE_TIME]", "IN:GET_WEATHER]"]}
{"loss": 3.27028489112854, "class_log_probabilities": [-1.8881301879882812, -3.954678773880005, -4.422147750854492, -4.640883445739746], "predictions": [259, 249, 400, 401, 402, 250, 16, 404, 406, 17, 260, 4], "target_tokens": ["[IN:CREATE_ALARM", "[SL:ALARM_NAME", "@ptr2", "@ptr3", "@ptr4", "@ptr5", "@ptr6", "@ptr7", "SL:ALARM_NAME]", "[SL:DATE_TIME", "@ptr8", "@ptr9", "@ptr10", "SL:DATE_TIME]", "IN:CREATE_ALARM]"], "predicted_tokens": ["[IN:UPDATE_ALARM", "[SL:ALARM_NAME", "@ptr5", "@ptr6", "@ptr7", "SL:ALARM_NAME]", "[SL:DATE_TIME", "@ptr9", "@ptr11", "SL:DATE_TIME]", "IN:UPDATE_ALARM]"]}
{"loss": 0.9588623046875, "class_log_probabilities": [-0.4294596016407013, -7.322179794311523, -7.508137226104736, -8.073201179504395], "predictions": [45, 16, 398, 399, 17, 46, 4, 4], "target_tokens": ["[IN:CREATE_ALARM", "[SL:DATE_TIME", "@ptr3", "@ptr4", "SL:DATE_TIME]", "IN:CREATE_ALARM]"], "predicted_tokens": ["[IN:CREATE_ALARM", "[SL:DATE_TIME", "@ptr3", "@ptr4", "SL:DATE_TIME]", "IN:CREATE_ALARM]"]}
{"loss": 1.366302251815796, "class_log_probabilities": [-0.6246169209480286, -5.278679847717285, -5.621491432189941, -6.229039192199707], "predictions": [13, 79, 400, 80, 16, 401, 402, 403, 404, 17, 18, 4, 4], "target_tokens": ["[IN:GET_WEATHER", "[SL:WEATHER_ATTRIBUTE", "@ptr5", "SL:WEATHER_ATTRIBUTE]", "[SL:DATE_TIME", "@ptr6", "@ptr7", "@ptr8", "SL:DATE_TIME]", "IN:GET_WEATHER]"], "predicted_tokens": ["[IN:GET_WEATHER", "[SL:WEATHER_ATTRIBUTE", "@ptr5", "SL:WEATHER_ATTRIBUTE]", "[SL:DATE_TIME", "@ptr6", "@ptr7", "@ptr8", "@ptr9", "SL:DATE_TIME]", "IN:GET_WEATHER]"]}
{"loss": 2.10410737991333, "class_log_probabilities": [-2.0230557918548584, -2.3156042098999023, -2.6042916774749756, -3.631664991378784], "predictions": [13, 79, 400, 401, 402, 403, 80, 16, 404, 17, 18, 4], "target_tokens": ["[IN:GET_WEATHER", "[SL:DATE_TIME", "@ptr9", "SL:DATE_TIME]", "IN:GET_WEATHER]"], "predicted_tokens": ["[IN:GET_WEATHER", "[SL:WEATHER_ATTRIBUTE", "@ptr5", "@ptr6", "@ptr7", "@ptr8", "SL:WEATHER_ATTRIBUTE]", "[SL:DATE_TIME", "@ptr9", "SL:DATE_TIME]", "IN:GET_WEATHER]"]}
{"loss": 2.178452730178833, "class_log_probabilities": [-3.3934085369110107, -4.820435523986816, -5.077348232269287, -5.9841532707214355], "predictions": [45, 141, 399, 400, 401, 142, 46, 4, 4, 4, 4], "target_tokens": ["[IN:CREATE_ALARM", "[SL:PERIOD", "@ptr3", "@ptr4", "@ptr5", "@ptr6", "SL:PERIOD]", "IN:CREATE_ALARM]"], "predicted_tokens": ["[IN:CREATE_ALARM", "[SL:PERIOD", "@ptr4", "@ptr5", "@ptr6", "SL:PERIOD]", "IN:CREATE_ALARM]"]}
{"loss": 1.957682728767395, "class_log_probabilities": [-3.3983962535858154, -3.792083263397217, -4.332812309265137, -4.770685195922852], "predictions": [39, 56, 395, 57, 40, 398, 41, 42, 4, 4, 4, 4], "target_tokens": ["[IN:GET_STORIES_NEWS", "[SL:NEWS_CATEGORY", "@ptr3", "SL:NEWS_CATEGORY]", "[SL:NEWS_TYPE", "@ptr2", "SL:NEWS_TYPE]", "IN:GET_STORIES_NEWS]"], "predicted_tokens": ["[IN:GET_STORIES_NEWS", "[SL:NEWS_TOPIC", "@ptr0", "SL:NEWS_TOPIC]", "[SL:NEWS_TYPE", "@ptr3", "SL:NEWS_TYPE]", "IN:GET_STORIES_NEWS]"]}
{"loss": 1.215415596961975, "class_log_probabilities": [-2.4214532375335693, -3.0554981231689453, -3.2067623138427734, -4.076578617095947], "predictions": [89, 90, 397, 91, 92, 4], "target_tokens": ["[IN:CREATE_TIMER", "[SL:METHOD_TIMER", "@ptr2", "SL:METHOD_TIMER]", "IN:CREATE_TIMER]"], "predicted_tokens": ["[IN:CREATE_TIMER", "[SL:METHOD_TIMER", "@ptr2", "SL:METHOD_TIMER]", "IN:CREATE_TIMER]"]}
{"loss": 4.641520023345947, "class_log_probabilities": [-0.609749436378479, -5.195013999938965, -6.442694664001465, -6.502825736999512], "predictions": [63, 66, 395, 67, 68, 4], "target_tokens": ["[IN:GET_WEATHER", "[SL:WEATHER_ATTRIBUTE", "@ptr5", "SL:WEATHER_ATTRIBUTE]", "IN:GET_WEATHER]"], "predicted_tokens": ["[IN:PLAY_MUSIC", "[SL:MUSIC_ARTIST_NAME", "@ptr0", "SL:MUSIC_ARTIST_NAME]", "IN:PLAY_MUSIC]"]}
{"loss": 3.6110568046569824, "class_log_probabilities": [-4.909825801849365, -5.6707763671875, -5.80073356628418, -6.005973815917969], "predictions": [111, 20, 397, 398, 21, 112, 4], "target_tokens": ["[IN:DELETE_TIMER", "[SL:ORDINAL", "@ptr2", "SL:ORDINAL]", "[SL:METHOD_TIMER", "@ptr3", "SL:METHOD_TIMER]", "IN:DELETE_TIMER]"], "predicted_tokens": ["[IN:UPDATE_REMINDER_DATE_TIME", "[SL:ORDINAL", "@ptr2", "@ptr3", "SL:ORDINAL]", "IN:UPDATE_REMINDER_DATE_TIME]"]}
{"loss": 0.9616727828979492, "class_log_probabilities": [-0.34879714250564575, -7.5661797523498535, -7.849315643310547, -8.173219680786133], "predictions": [13, 14, 401, 15, 18, 4, 4, 4], "target_tokens": ["[IN:GET_WEATHER", "[SL:LOCATION", "@ptr6", "SL:LOCATION]", "IN:GET_WEATHER]"], "predicted_tokens": ["[IN:GET_WEATHER", "[SL:LOCATION", "@ptr6", "SL:LOCATION]", "IN:GET_WEATHER]"]}
{"loss": 0.9625561237335205, "class_log_probabilities": [-0.34077638387680054, -7.945929050445557, -8.188183784484863, -8.220052719116211], "predictions": [13, 79, 400, 80, 18, 4, 4, 4], "target_tokens": ["[IN:GET_WEATHER", "[SL:WEATHER_ATTRIBUTE", "@ptr5", "SL:WEATHER_ATTRIBUTE]", "IN:GET_WEATHER]"], "predicted_tokens": ["[IN:GET_WEATHER", "[SL:WEATHER_ATTRIBUTE", "@ptr5", "SL:WEATHER_ATTRIBUTE]", "IN:GET_WEATHER]"]}
{"loss": 2.100006341934204, "class_log_probabilities": [-0.34433713555336, -4.220527648925781, -4.5446319580078125, -4.883489608764648], "predictions": [115, 116, 4], "target_tokens": ["[IN:GET_ALARM", "IN:GET_ALARM]"], "predicted_tokens": ["[IN:GET_TIMER", "IN:GET_TIMER]"]}
{"loss": 2.2583253383636475, "class_log_probabilities": [-2.8373160362243652, -3.480320692062378, -3.5887937545776367, -5.177484035491943], "predictions": [55, 56, 396, 397, 398, 399, 400, 401, 57, 58, 4], "target_tokens": ["[IN:GET_STORIES_NEWS", "[SL:NEWS_TYPE", "@ptr2", "@ptr3", "SL:NEWS_TYPE]", "[SL:NEWS_TOPIC", "@ptr4", "@ptr5", "@ptr6", "SL:NEWS_TOPIC]", "IN:GET_STORIES_NEWS]"], "predicted_tokens": ["[IN:QUESTION_NEWS", "[SL:NEWS_TOPIC", "@ptr1", "@ptr2", "@ptr3", "@ptr4", "@ptr5", "@ptr6", "SL:NEWS_TOPIC]", "IN:QUESTION_NEWS]"]}
{"loss": 1.8144901990890503, "class_log_probabilities": [-0.5539076328277588, -6.53073263168335, -7.626667022705078, -8.045280456542969], "predictions": [39, 16, 397, 17, 40, 398, 41, 42, 4, 4, 4, 4], "target_tokens": ["[IN:GET_STORIES_NEWS", "[SL:NEWS_REFERENCE", "@ptr2", "SL:NEWS_REFERENCE]", "[SL:NEWS_TYPE", "@ptr3", "SL:NEWS_TYPE]", "IN:GET_STORIES_NEWS]"], "predicted_tokens": ["[IN:GET_STORIES_NEWS", "[SL:DATE_TIME", "@ptr2", "SL:DATE_TIME]", "[SL:NEWS_TYPE", "@ptr3", "SL:NEWS_TYPE]", "IN:GET_STORIES_NEWS]"]}
{"loss": 2.1867034435272217, "class_log_probabilities": [-0.39053934812545776, -5.8851423263549805, -6.643412113189697, -8.179627418518066], "predictions": [229, 64, 398, 65, 230, 4, 4, 4, 4], "target_tokens": ["[IN:PREVIOUS_TRACK_MUSIC", "[SL:ORDINAL", "@ptr4", "SL:ORDINAL]", "[SL:MUSIC_TYPE", "@ptr3", "SL:MUSIC_TYPE]", "IN:PREVIOUS_TRACK_MUSIC]"], "predicted_tokens": ["[IN:PREVIOUS_TRACK_MUSIC", "[SL:MUSIC_TYPE", "@ptr3", "SL:MUSIC_TYPE]", "IN:PREVIOUS_TRACK_MUSIC]"]}
{"loss": 0.975037157535553, "class_log_probabilities": [-0.1631673276424408, -7.156899452209473, -7.20203161239624, -7.768080711364746], "predictions": [19, 22, 4], "target_tokens": ["[IN:GET_ALARM", "IN:GET_ALARM]"], "predicted_tokens": ["[IN:GET_ALARM", "IN:GET_ALARM]"]}
{"loss": 1.8331729173660278, "class_log_probabilities": [-1.1794359683990479, -1.6602672338485718, -5.535698890686035, -5.868053913116455], "predictions": [89, 90, 397, 91, 16, 399, 400, 17, 92, 4, 4], "target_tokens": ["[IN:CREATE_TIMER", "[SL:METHOD_TIMER", "@ptr2", "SL:METHOD_TIMER]", "[SL:DATE_TIME", "@ptr3", "@ptr4", "@ptr5", "SL:DATE_TIME]", "IN:CREATE_TIMER]"], "predicted_tokens": ["[IN:CREATE_TIMER", "[SL:METHOD_TIMER", "@ptr2", "SL:METHOD_TIMER]", "[SL:DATE_TIME", "@ptr4", "@ptr5", "SL:DATE_TIME]", "IN:CREATE_TIMER]"]}
{"loss": 1.3303160667419434, "class_log_probabilities": [-0.6424550414085388, -4.188353061676025, -4.782104969024658, -7.021362781524658], "predictions": [45, 16, 398, 399, 400, 401, 402, 17, 46, 4], "target_tokens": ["[IN:CREATE_ALARM", "[SL:DATE_TIME", "@ptr3", "@ptr4", "@ptr5", "@ptr6", "SL:DATE_TIME]", "IN:CREATE_ALARM]"], "predicted_tokens": ["[IN:CREATE_ALARM", "[SL:DATE_TIME", "@ptr3", "@ptr4", "@ptr5", "@ptr6", "@ptr7", "SL:DATE_TIME]", "IN:CREATE_ALARM]"]}
{"loss": 1.64194917678833, "class_log_probabilities": [-0.960982620716095, -3.411874532699585, -3.4142096042633057, -4.4296722412109375], "predictions": [259, 16, 398, 399, 400, 401, 402, 403, 404, 17, 260, 4], "target_tokens": ["[IN:UPDATE_ALARM", "[SL:ALARM_NAME", "@ptr2", "SL:ALARM_NAME]", "[SL:DATE_TIME", "@ptr3", "@ptr4", "@ptr5", "@ptr6", "@ptr7", "@ptr8", "@ptr9", "SL:DATE_TIME]", "IN:UPDATE_ALARM]"], "predicted_tokens": ["[IN:UPDATE_ALARM", "[SL:DATE_TIME", "@ptr3", "@ptr4", "@ptr5", "@ptr6", "@ptr7", "@ptr8", "@ptr9", "SL:DATE_TIME]", "IN:UPDATE_ALARM]"]}
{"loss": 1.4231457710266113, "class_log_probabilities": [-0.9341723918914795, -3.829745292663574, -4.632726669311523, -5.116875648498535], "predictions": [63, 101, 398, 399, 400, 102, 68, 4], "target_tokens": ["[IN:PLAY_MUSIC", "[SL:MUSIC_ARTIST_NAME", "@ptr3", "@ptr4", "@ptr5", "SL:MUSIC_ARTIST_NAME]", "IN:PLAY_MUSIC]"], "predicted_tokens": ["[IN:PLAY_MUSIC", "[SL:MUSIC_TRACK_TITLE", "@ptr3", "@ptr4", "@ptr5", "SL:MUSIC_TRACK_TITLE]", "IN:PLAY_MUSIC]"]}
{"loss": 0.9651400446891785, "class_log_probabilities": [-0.5095884799957275, -6.777390956878662, -6.778501510620117, -7.135153293609619], "predictions": [45, 16, 398, 399, 400, 401, 17, 46, 4], "target_tokens": ["[IN:CREATE_ALARM", "[SL:DATE_TIME", "@ptr3", "@ptr4", "@ptr5", "@ptr6", "SL:DATE_TIME]", "IN:CREATE_ALARM]"], "predicted_tokens": ["[IN:CREATE_ALARM", "[SL:DATE_TIME", "@ptr3", "@ptr4", "@ptr5", "@ptr6", "SL:DATE_TIME]", "IN:CREATE_ALARM]"]}
{"loss": 3.4807839393615723, "class_log_probabilities": [-4.133823394775391, -4.391627788543701, -4.894951820373535, -7.169063568115234], "predictions": [55, 131, 396, 397, 132, 56, 402, 57, 58, 4, 4, 4, 4], "target_tokens": ["[IN:GET_STORIES_NEWS", "[SL:NEWS_TOPIC", "@ptr7", "SL:NEWS_TOPIC]", "[SL:NEWS_TYPE", "@ptr1", "@ptr2", "SL:NEWS_TYPE]", "IN:GET_STORIES_NEWS]"], "predicted_tokens": ["[IN:QUESTION_NEWS", "[SL:NEWS_REFERENCE", "@ptr1", "@ptr2", "SL:NEWS_REFERENCE]", "[SL:NEWS_TOPIC", "@ptr7", "SL:NEWS_TOPIC]", "IN:QUESTION_NEWS]"]}
{"loss": 1.9302741289138794, "class_log_probabilities": [-1.0590813159942627, -3.3588294982910156, -3.5305511951446533, -4.104678153991699], "predictions": [63, 151, 400, 401, 152, 68, 4, 4, 4], "target_tokens": ["[IN:PLAY_MUSIC", "[SL:MUSIC_GENRE", "@ptr6", "SL:MUSIC_GENRE]", "[SL:MUSIC_TYPE", "@ptr5", "SL:MUSIC_TYPE]", "IN:PLAY_MUSIC]"], "predicted_tokens": ["[IN:PLAY_MUSIC", "[SL:MUSIC_GENRE", "@ptr5", "@ptr6", "SL:MUSIC_GENRE]", "IN:PLAY_MUSIC]"]}
{"loss": 0.9595098495483398, "class_log_probabilities": [-0.429673969745636, -7.179728984832764, -7.29365873336792, -7.363583087921143], "predictions": [45, 16, 396, 397, 17, 46, 4, 4], "target_tokens": ["[IN:CREATE_ALARM", "[SL:DATE_TIME", "@ptr1", "@ptr2", "SL:DATE_TIME]", "IN:CREATE_ALARM]"], "predicted_tokens": ["[IN:CREATE_ALARM", "[SL:DATE_TIME", "@ptr1", "@ptr2", "SL:DATE_TIME]", "IN:CREATE_ALARM]"]}
{"loss": 3.8285577297210693, "class_log_probabilities": [-2.0438363552093506, -4.872718811035156, -5.1386542320251465, -5.176053047180176], "predictions": [55, 58, 4, 4, 4, 4, 4, 4], "target_tokens": ["[IN:GET_STORIES_NEWS", "[SL:DATE_TIME", "@ptr6", "SL:DATE_TIME]", "[SL:NEWS_CATEGORY", "@ptr5", "SL:NEWS_CATEGORY]", "[SL:NEWS_TYPE", "@ptr3", "@ptr4", "SL:NEWS_TYPE]", "IN:GET_STORIES_NEWS]"], "predicted_tokens": ["[IN:QUESTION_NEWS", "IN:QUESTION_NEWS]"]}
{"loss": 1.2748658657073975, "class_log_probabilities": [-2.7472517490386963, -2.7622296810150146, -2.9686408042907715, -3.298471450805664], "predictions": [13, 79, 399, 80, 16, 405, 17, 18, 4, 4, 4, 4], "target_tokens": ["[IN:GET_WEATHER", "[SL:WEATHER_ATTRIBUTE", "@ptr4", "SL:WEATHER_ATTRIBUTE]", "[SL:DATE_TIME", "@ptr11", "SL:DATE_TIME]", "IN:GET_WEATHER]"], "predicted_tokens": ["[IN:GET_WEATHER", "[SL:WEATHER_ATTRIBUTE", "@ptr4", "SL:WEATHER_ATTRIBUTE]", "[SL:DATE_TIME", "@ptr10", "SL:DATE_TIME]", "IN:GET_WEATHER]"]}
{"loss": 2.9381394386291504, "class_log_probabilities": [-0.2886613607406616, -7.216802597045898, -7.5835652351379395, -8.162555694580078], "predictions": [13, 79, 400, 80, 18, 4, 4, 4], "target_tokens": ["[IN:GET_WEATHER", "[SL:WEATHER_ATTRIBUTE", "@ptr4", "@ptr5", "SL:WEATHER_ATTRIBUTE]", "IN:GET_WEATHER]"], "predicted_tokens": ["[IN:GET_WEATHER", "[SL:WEATHER_ATTRIBUTE", "@ptr5", "SL:WEATHER_ATTRIBUTE]", "IN:GET_WEATHER]"]}
{"loss": 1.4972680807113647, "class_log_probabilities": [-0.6166682839393616, -4.337247848510742, -5.190176963806152, -6.115697860717773], "predictions": [63, 66, 399, 400, 67, 68, 4, 4, 4, 4], "target_tokens": ["[IN:PLAY_MUSIC", "[SL:MUSIC_TYPE", "@ptr2", "SL:MUSIC_TYPE]", "[SL:MUSIC_ARTIST_NAME", "@ptr4", "@ptr5", "SL:MUSIC_ARTIST_NAME]", "IN:PLAY_MUSIC]"], "predicted_tokens": ["[IN:PLAY_MUSIC", "[SL:MUSIC_ARTIST_NAME", "@ptr4", "@ptr5", "SL:MUSIC_ARTIST_NAME]", "IN:PLAY_MUSIC]"]}
{"loss": 0.9574424624443054, "class_log_probabilities": [-0.3724178969860077, -7.233535289764404, -7.948512077331543, -8.110325813293457], "predictions": [13, 16, 399, 17, 18, 4], "target_tokens": ["[IN:GET_WEATHER", "[SL:DATE_TIME", "@ptr4", "SL:DATE_TIME]", "IN:GET_WEATHER]"], "predicted_tokens": ["[IN:GET_WEATHER", "[SL:DATE_TIME", "@ptr4", "SL:DATE_TIME]", "IN:GET_WEATHER]"]}
{"loss": 2.585303544998169, "class_log_probabilities": [-0.34468984603881836, -6.39218282699585, -6.987536907196045, -7.319123268127441], "predictions": [63, 64, 397, 65, 68, 4, 4, 4, 4], "target_tokens": ["[IN:START_SHUFFLE_MUSIC", "[SL:MUSIC_TYPE", "@ptr2", "SL:MUSIC_TYPE]", "IN:START_SHUFFLE_MUSIC]"], "predicted_tokens": ["[IN:PLAY_MUSIC", "[SL:MUSIC_TYPE", "@ptr2", "SL:MUSIC_TYPE]", "IN:PLAY_MUSIC]"]}
{"loss": 0.9588804244995117, "class_log_probabilities": [-0.17943118512630463, -8.317346572875977, -8.946410179138184, -9.867491722106934], "predictions": [13, 18, 4, 4], "target_tokens": ["[IN:GET_WEATHER", "IN:GET_WEATHER]"], "predicted_tokens": ["[IN:GET_WEATHER", "IN:GET_WEATHER]"]}
{"loss": 1.335184097290039, "class_log_probabilities": [-1.6689796447753906, -1.9578875303268433, -3.2696142196655273, -3.502500295639038], "predictions": [13, 16, 399, 400, 401, 402, 403, 17, 14, 404, 15, 18, 4], "target_tokens": ["[IN:GET_WEATHER", "[SL:DATE_TIME", "@ptr4", "@ptr5", "@ptr6", "@ptr7", "SL:DATE_TIME]", "[SL:LOCATION", "@ptr9", "SL:LOCATION]", "IN:GET_WEATHER]"], "predicted_tokens": ["[IN:GET_WEATHER", "[SL:DATE_TIME", "@ptr4", "@ptr5", "@ptr6", "@ptr7", "@ptr8", "SL:DATE_TIME]", "[SL:LOCATION", "@ptr9", "SL:LOCATION]", "IN:GET_WEATHER]"]}
{"loss": 1.020234227180481, "class_log_probabilities": [-1.216741681098938, -1.3078452348709106, -7.439133167266846, -7.750365257263184], "predictions": [13, 14, 400, 15, 16, 401, 402, 403, 17, 18, 4], "target_tokens": ["[IN:GET_WEATHER", "[SL:LOCATION", "@ptr5", "SL:LOCATION]", "[SL:DATE_TIME", "@ptr6", "@ptr7", "@ptr8", "SL:DATE_TIME]", "IN:GET_WEATHER]"], "predicted_tokens": ["[IN:GET_WEATHER", "[SL:LOCATION", "@ptr5", "SL:LOCATION]", "[SL:DATE_TIME", "@ptr6", "@ptr7", "@ptr8", "SL:DATE_TIME]", "IN:GET_WEATHER]"]}
{"loss": 0.9706692099571228, "class_log_probabilities": [-0.4780709743499756, -5.938775062561035, -6.16499662399292, -6.86272668838501], "predictions": [13, 79, 400, 80, 16, 403, 17, 18, 4, 4], "target_tokens": ["[IN:GET_WEATHER", "[SL:WEATHER_ATTRIBUTE", "@ptr5", "SL:WEATHER_ATTRIBUTE]", "[SL:DATE_TIME", "@ptr8", "SL:DATE_TIME]", "IN:GET_WEATHER]"], "predicted_tokens": ["[IN:GET_WEATHER", "[SL:WEATHER_ATTRIBUTE", "@ptr5", "SL:WEATHER_ATTRIBUTE]", "[SL:DATE_TIME", "@ptr8", "SL:DATE_TIME]", "IN:GET_WEATHER]"]}
{"loss": 1.6326831579208374, "class_log_probabilities": [-1.0926175117492676, -2.8588995933532715, -3.0667684078216553, -6.200911521911621], "predictions": [39, 40, 397, 41, 43, 398, 44, 42, 4, 4, 4, 4], "target_tokens": ["[IN:GET_STORIES_NEWS", "[SL:NEWS_CATEGORY", "@ptr3", "SL:NEWS_CATEGORY]", "[SL:NEWS_TYPE", "@ptr2", "SL:NEWS_TYPE]", "IN:GET_STORIES_NEWS]"], "predicted_tokens": ["[IN:GET_STORIES_NEWS", "[SL:NEWS_TYPE", "@ptr2", "SL:NEWS_TYPE]", "[SL:NEWS_CATEGORY", "@ptr3", "SL:NEWS_CATEGORY]", "IN:GET_STORIES_NEWS]"]}
{"loss": 2.479036808013916, "class_log_probabilities": [-1.3850256204605103, -1.5822999477386475, -6.324143409729004, -6.394929885864258], "predictions": [13, 79, 400, 80, 16, 401, 402, 403, 17, 18, 4], "target_tokens": ["[IN:GET_WEATHER", "[SL:WEATHER_ATTRIBUTE", "@ptr3", "@ptr4", "@ptr5", "SL:WEATHER_ATTRIBUTE]", "[SL:DATE_TIME", "@ptr6", "@ptr7", "@ptr8", "SL:DATE_TIME]", "IN:GET_WEATHER]"], "predicted_tokens": ["[IN:GET_WEATHER", "[SL:WEATHER_ATTRIBUTE", "@ptr5", "SL:WEATHER_ATTRIBUTE]", "[SL:DATE_TIME", "@ptr6", "@ptr7", "@ptr8", "SL:DATE_TIME]", "IN:GET_WEATHER]"]}
{"loss": 2.96812105178833, "class_log_probabilities": [-1.7275019884109497, -1.9207942485809326, -2.3990941047668457, -3.0481820106506348], "predictions": [13, 79, 400, 80, 18, 4, 4, 4, 4], "target_tokens": ["[IN:GET_WEATHER", "[SL:WEATHER_ATTRIBUTE", "@ptr4", "@ptr5", "@ptr6", "SL:WEATHER_ATTRIBUTE]", "IN:GET_WEATHER]"], "predicted_tokens": ["[IN:GET_WEATHER", "[SL:WEATHER_ATTRIBUTE", "@ptr5", "SL:WEATHER_ATTRIBUTE]", "IN:GET_WEATHER]"]}
{"loss": 2.0745980739593506, "class_log_probabilities": [-1.0731757879257202, -1.3125964403152466, -6.019679069519043, -6.332118034362793], "predictions": [115, 90, 405, 91, 116, 4], "target_tokens": ["[IN:GET_TIMER", "[SL:METHOD_TIMER", "@ptr9", "SL:METHOD_TIMER]", "IN:GET_TIMER]"], "predicted_tokens": ["[IN:GET_TIMER", "[SL:METHOD_TIMER", "@ptr10", "SL:METHOD_TIMER]", "IN:GET_TIMER]"]}
{"loss": 0.9646213054656982, "class_log_probabilities": [-0.489952027797699, -7.481590270996094, -7.712113857269287, -7.7958149909973145], "predictions": [13, 14, 401, 15, 16, 402, 17, 18, 4], "target_tokens": ["[IN:GET_WEATHER", "[SL:LOCATION", "@ptr6", "SL:LOCATION]", "[SL:DATE_TIME", "@ptr7", "SL:DATE_TIME]", "IN:GET_WEATHER]"], "predicted_tokens": ["[IN:GET_WEATHER", "[SL:LOCATION", "@ptr6", "SL:LOCATION]", "[SL:DATE_TIME", "@ptr7", "SL:DATE_TIME]", "IN:GET_WEATHER]"]}
{"loss": 2.472912311553955, "class_log_probabilities": [-0.3052336275577545, -5.069723129272461, -7.703892707824707, -7.981828212738037], "predictions": [39, 40, 399, 41, 42, 4, 4], "target_tokens": ["[IN:GET_STORIES_NEWS", "[SL:NEWS_TYPE", "@ptr4", "SL:NEWS_TYPE]", "[SL:NEWS_CATEGORY", "@ptr6", "@ptr7", "SL:NEWS_CATEGORY]", "IN:GET_STORIES_NEWS]"], "predicted_tokens": ["[IN:GET_STORIES_NEWS", "[SL:NEWS_TYPE", "@ptr4", "SL:NEWS_TYPE]", "IN:GET_STORIES_NEWS]"]}
{"loss": 1.9429693222045898, "class_log_probabilities": [-0.37204158306121826, -5.296060085296631, -5.319752216339111, -5.411673069000244], "predictions": [169, 64, 401, 65, 170, 4], "target_tokens": ["[IN:DELETE_PLAYLIST_MUSIC", "[SL:MUSIC_TYPE", "@ptr6", "SL:MUSIC_TYPE]", "IN:DELETE_PLAYLIST_MUSIC]"], "predicted_tokens": ["[IN:REMOVE_FROM_PLAYLIST_MUSIC", "[SL:MUSIC_TYPE", "@ptr6", "SL:MUSIC_TYPE]", "IN:REMOVE_FROM_PLAYLIST_MUSIC]"]}
{"loss": 0.9785874485969543, "class_log_probabilities": [-0.31640246510505676, -7.074646472930908, -7.435972690582275, -7.648011684417725], "predictions": [255, 90, 397, 91, 256, 4], "target_tokens": ["[IN:PAUSE_TIMER", "[SL:METHOD_TIMER", "@ptr2", "SL:METHOD_TIMER]", "IN:PAUSE_TIMER]"], "predicted_tokens": ["[IN:PAUSE_TIMER", "[SL:METHOD_TIMER", "@ptr2", "SL:METHOD_TIMER]", "IN:PAUSE_TIMER]"]}
{"loss": 0.9603509902954102, "class_log_probabilities": [-0.3571520447731018, -7.947630882263184, -7.984774589538574, -8.143099784851074], "predictions": [13, 14, 400, 15, 18, 4], "target_tokens": ["[IN:GET_WEATHER", "[SL:LOCATION", "@ptr5", "SL:LOCATION]", "IN:GET_WEATHER]"], "predicted_tokens": ["[IN:GET_WEATHER", "[SL:LOCATION", "@ptr5", "SL:LOCATION]", "IN:GET_WEATHER]"]}
{"loss": 1.7427403926849365, "class_log_probabilities": [-0.9423884749412537, -1.7421869039535522, -6.806247234344482, -7.200368881225586], "predictions": [45, 16, 399, 400, 401, 402, 17, 46, 4], "target_tokens": ["[IN:CREATE_ALARM", "[SL:DATE_TIME", "@ptr3", "@ptr4", "@ptr5", "@ptr6", "SL:DATE_TIME]", "IN:CREATE_ALARM]"], "predicted_tokens": ["[IN:CREATE_ALARM", "[SL:DATE_TIME", "@ptr4", "@ptr5", "@ptr6", "@ptr7", "SL:DATE_TIME]", "IN:CREATE_ALARM]"]}
{"loss": 0.9650512337684631, "class_log_probabilities": [-0.487587571144104, -7.943676948547363, -8.208481788635254, -9.143708229064941], "predictions": [13, 79, 400, 80, 16, 401, 17, 18, 4, 4, 4], "target_tokens": ["[IN:GET_WEATHER", "[SL:WEATHER_ATTRIBUTE", "@ptr5", "SL:WEATHER_ATTRIBUTE]", "[SL:DATE_TIME", "@ptr6", "SL:DATE_TIME]", "IN:GET_WEATHER]"], "predicted_tokens": ["[IN:GET_WEATHER", "[SL:WEATHER_ATTRIBUTE", "@ptr5", "SL:WEATHER_ATTRIBUTE]", "[SL:DATE_TIME", "@ptr6", "SL:DATE_TIME]", "IN:GET_WEATHER]"]}
{"loss": 1.1162892580032349, "class_log_probabilities": [-2.123359441757202, -2.972560405731201, -5.233973503112793, -5.978503227233887], "predictions": [39, 40, 403, 41, 16, 404, 17, 42, 4], "target_tokens": ["[IN:GET_STORIES_NEWS", "[SL:NEWS_TYPE", "@ptr8", "SL:NEWS_TYPE]", "[SL:DATE_TIME", "@ptr9", "SL:DATE_TIME]", "IN:GET_STORIES_NEWS]"], "predicted_tokens": ["[IN:GET_STORIES_NEWS", "[SL:NEWS_TYPE", "@ptr8", "SL:NEWS_TYPE]", "[SL:DATE_TIME", "@ptr9", "SL:DATE_TIME]", "IN:GET_STORIES_NEWS]"]}
{"loss": 1.5439021587371826, "class_log_probabilities": [-1.5969892740249634, -1.785362720489502, -2.5610930919647217, -4.611712455749512], "predictions": [13, 79, 399, 80, 16, 404, 17, 18, 4, 4], "target_tokens": ["[IN:GET_WEATHER", "[SL:WEATHER_ATTRIBUTE", "@ptr4", "SL:WEATHER_ATTRIBUTE]", "[SL:DATE_TIME", "@ptr8", "@ptr9", "SL:DATE_TIME]", "IN:GET_WEATHER]"], "predicted_tokens": ["[IN:GET_WEATHER", "[SL:WEATHER_ATTRIBUTE", "@ptr4", "SL:WEATHER_ATTRIBUTE]", "[SL:DATE_TIME", "@ptr9", "SL:DATE_TIME]", "IN:GET_WEATHER]"]}
{"loss": 2.6114110946655273, "class_log_probabilities": [-1.5827828645706177, -1.6550408601760864, -4.237567901611328, -4.522228717803955], "predictions": [63, 103, 397, 104, 64, 400, 65, 68, 4], "target_tokens": ["[IN:PLAY_MUSIC", "[SL:MUSIC_PROVIDER_NAME", "@ptr1", "SL:MUSIC_PROVIDER_NAME]", "[SL:MUSIC_ARTIST_NAME", "@ptr6", "SL:MUSIC_ARTIST_NAME]", "[SL:MUSIC_TYPE", "@ptr5", "SL:MUSIC_TYPE]", "IN:PLAY_MUSIC]"], "predicted_tokens": ["[IN:PLAY_MUSIC", "[SL:MUSIC_PROVIDER_NAME", "@ptr2", "SL:MUSIC_PROVIDER_NAME]", "[SL:MUSIC_TYPE", "@ptr5", "SL:MUSIC_TYPE]", "IN:PLAY_MUSIC]"]}
{"loss": 1.242599606513977, "class_log_probabilities": [-0.7053747177124023, -4.540526390075684, -4.626138210296631, -6.492764472961426], "predictions": [45, 16, 399, 400, 401, 402, 403, 404, 17, 46, 4, 4], "target_tokens": ["[IN:CREATE_ALARM", "[SL:DATE_TIME", "@ptr3", "@ptr4", "@ptr5", "@ptr6", "@ptr7", "@ptr8", "@ptr9", "SL:DATE_TIME]", "IN:CREATE_ALARM]"], "predicted_tokens": ["[IN:CREATE_ALARM", "[SL:DATE_TIME", "@ptr4", "@ptr5", "@ptr6", "@ptr7", "@ptr8", "@ptr9", "SL:DATE_TIME]", "IN:CREATE_ALARM]"]}
{"loss": 0.9562621712684631, "class_log_probabilities": [-0.6630213260650635, -5.950857162475586, -6.8393778800964355, -7.051975727081299], "predictions": [13, 16, 401, 402, 403, 17, 18, 4, 4], "target_tokens": ["[IN:GET_WEATHER", "[SL:DATE_TIME", "@ptr6", "@ptr7", "@ptr8", "SL:DATE_TIME]", "IN:GET_WEATHER]"], "predicted_tokens": ["[IN:GET_WEATHER", "[SL:DATE_TIME", "@ptr6", "@ptr7", "@ptr8", "SL:DATE_TIME]", "IN:GET_WEATHER]"]}
{"loss": 1.7777214050292969, "class_log_probabilities": [-1.3860834836959839, -2.1642050743103027, -3.590576171875, -3.7573635578155518], "predictions": [39, 40, 402, 41, 16, 403, 404, 405, 406, 17, 42, 4], "target_tokens": ["[IN:GET_STORIES_NEWS", "[SL:DATE_TIME", "@ptr8", "@ptr9", "@ptr10", "SL:DATE_TIME]", "[SL:NEWS_TYPE", "@ptr7", "SL:NEWS_TYPE]", "[SL:DATE_TIME", "@ptr11", "SL:DATE_TIME]", "IN:GET_STORIES_NEWS]"], "predicted_tokens": ["[IN:GET_STORIES_NEWS", "[SL:NEWS_TYPE", "@ptr7", "SL:NEWS_TYPE]", "[SL:DATE_TIME", "@ptr8", "@ptr9", "@ptr10", "@ptr11", "SL:DATE_TIME]", "IN:GET_STORIES_NEWS]"]}
{"loss": 0.9632107019424438, "class_log_probabilities": [-0.5721650719642639, -6.542125701904297, -6.976179599761963, -7.00054931640625], "predictions": [45, 16, 398, 399, 400, 401, 402, 17, 46, 4, 4], "target_tokens": ["[IN:CREATE_ALARM", "[SL:DATE_TIME", "@ptr3", "@ptr4", "@ptr5", "@ptr6", "@ptr7", "SL:DATE_TIME]", "IN:CREATE_ALARM]"], "predicted_tokens": ["[IN:CREATE_ALARM", "[SL:DATE_TIME", "@ptr3", "@ptr4", "@ptr5", "@ptr6", "@ptr7", "SL:DATE_TIME]", "IN:CREATE_ALARM]"]}
{"loss": 0.9672548174858093, "class_log_probabilities": [-0.34346505999565125, -7.216004371643066, -7.365266799926758, -8.596184730529785], "predictions": [63, 64, 397, 65, 68, 4, 4, 4, 4], "target_tokens": ["[IN:PLAY_MUSIC", "[SL:MUSIC_TYPE", "@ptr2", "SL:MUSIC_TYPE]", "IN:PLAY_MUSIC]"], "predicted_tokens": ["[IN:PLAY_MUSIC", "[SL:MUSIC_TYPE", "@ptr2", "SL:MUSIC_TYPE]", "IN:PLAY_MUSIC]"]}
{"loss": 2.881087303161621, "class_log_probabilities": [-2.4797520637512207, -4.600086212158203, -6.00827169418335, -7.170346260070801], "predictions": [251, 252, 4, 4, 4, 4, 4], "target_tokens": ["[IN:GET_STORIES_NEWS", "[SL:NEWS_CATEGORY", "@ptr7", "SL:NEWS_CATEGORY]", "[SL:NEWS_TYPE", "@ptr5", "SL:NEWS_TYPE]", "IN:GET_STORIES_NEWS]"], "predicted_tokens": ["[IN:QUESTION_MUSIC", "IN:QUESTION_MUSIC]"]}
{"loss": 1.5727518796920776, "class_log_probabilities": [-0.6608421206474304, -3.1479151248931885, -4.668423175811768, -7.2951130867004395], "predictions": [45, 16, 399, 400, 401, 402, 403, 404, 17, 46, 4, 4, 4], "target_tokens": ["[IN:CREATE_ALARM", "[SL:DATE_TIME", "@ptr3", "@ptr4", "@ptr5", "@ptr6", "@ptr7", "@ptr8", "@ptr9", "SL:DATE_TIME]", "IN:CREATE_ALARM]"], "predicted_tokens": ["[IN:CREATE_ALARM", "[SL:DATE_TIME", "@ptr4", "@ptr5", "@ptr6", "@ptr7", "@ptr8", "@ptr9", "SL:DATE_TIME]", "IN:CREATE_ALARM]"]}
{"loss": 2.7144391536712646, "class_log_probabilities": [-2.2597930431365967, -2.832658052444458, -2.9761605262756348, -3.3785853385925293], "predictions": [115, 90, 397, 91, 116, 4], "target_tokens": ["[IN:RESTART_TIMER", "[SL:METHOD_TIMER", "@ptr2", "SL:METHOD_TIMER]", "IN:RESTART_TIMER]"], "predicted_tokens": ["[IN:GET_TIMER", "[SL:METHOD_TIMER", "@ptr2", "SL:METHOD_TIMER]", "IN:GET_TIMER]"]}
{"loss": 3.088104248046875, "class_log_probabilities": [-0.19369147717952728, -5.638032913208008, -6.241740703582764, -6.243597507476807], "predictions": [259, 260, 4], "target_tokens": ["[IN:CREATE_ALARM", "IN:CREATE_ALARM]"], "predicted_tokens": ["[IN:UPDATE_ALARM", "IN:UPDATE_ALARM]"]}
{"loss": 1.0388649702072144, "class_log_probabilities": [-0.8287164568901062, -4.124897003173828, -4.13031005859375, -4.229429244995117], "predictions": [85, 64, 397, 65, 88, 4, 4, 4, 4], "target_tokens": ["[IN:CREATE_PLAYLIST_MUSIC", "[SL:MUSIC_TYPE", "@ptr2", "SL:MUSIC_TYPE]", "IN:CREATE_PLAYLIST_MUSIC]"], "predicted_tokens": ["[IN:CREATE_PLAYLIST_MUSIC", "[SL:MUSIC_TYPE", "@ptr2", "SL:MUSIC_TYPE]", "IN:CREATE_PLAYLIST_MUSIC]"]}
{"loss": 0.9669802188873291, "class_log_probabilities": [-0.5890495181083679, -5.2068867683410645, -6.333662986755371, -6.690145015716553], "predictions": [13, 79, 402, 80, 16, 403, 17, 18, 4, 4], "target_tokens": ["[IN:GET_WEATHER", "[SL:WEATHER_ATTRIBUTE", "@ptr7", "SL:WEATHER_ATTRIBUTE]", "[SL:DATE_TIME", "@ptr8", "SL:DATE_TIME]", "IN:GET_WEATHER]"], "predicted_tokens": ["[IN:GET_WEATHER", "[SL:WEATHER_ATTRIBUTE", "@ptr7", "SL:WEATHER_ATTRIBUTE]", "[SL:DATE_TIME", "@ptr8", "SL:DATE_TIME]", "IN:GET_WEATHER]"]}
{"loss": 1.6007734537124634, "class_log_probabilities": [-0.5300782918930054, -4.589372158050537, -6.669544219970703, -6.969915390014648], "predictions": [45, 16, 399, 400, 401, 402, 17, 46, 4, 4], "target_tokens": ["[IN:CREATE_ALARM", "[SL:DATE_TIME", "@ptr3", "@ptr4", "@ptr5", "@ptr6", "@ptr7", "SL:DATE_TIME]", "IN:CREATE_ALARM]"], "predicted_tokens": ["[IN:CREATE_ALARM", "[SL:DATE_TIME", "@ptr4", "@ptr5", "@ptr6", "@ptr7", "SL:DATE_TIME]", "IN:CREATE_ALARM]"]}
{"loss": 0.9824651479721069, "class_log_probabilities": [-1.292149305343628, -3.265099048614502, -3.410581111907959, -5.541987895965576], "predictions": [39, 40, 396, 41, 56, 398, 399, 57, 16, 400, 17, 42, 4], "target_tokens": ["[IN:GET_STORIES_NEWS", "[SL:NEWS_TYPE", "@ptr1", "SL:NEWS_TYPE]", "[SL:NEWS_TOPIC", "@ptr3", "@ptr4", "SL:NEWS_TOPIC]", "[SL:DATE_TIME", "@ptr5", "SL:DATE_TIME]", "IN:GET_STORIES_NEWS]"], "predicted_tokens": ["[IN:GET_STORIES_NEWS", "[SL:NEWS_TYPE", "@ptr1", "SL:NEWS_TYPE]", "[SL:NEWS_TOPIC", "@ptr3", "@ptr4", "SL:NEWS_TOPIC]", "[SL:DATE_TIME", "@ptr5", "SL:DATE_TIME]", "IN:GET_STORIES_NEWS]"]}
{"loss": 0.979762077331543, "class_log_probabilities": [-0.3028041124343872, -7.467218399047852, -7.760750770568848, -9.079232215881348], "predictions": [217, 64, 396, 65, 218, 4, 4, 4], "target_tokens": ["[IN:GET_TRACK_INFO_MUSIC", "[SL:MUSIC_TYPE", "@ptr1", "SL:MUSIC_TYPE]", "IN:GET_TRACK_INFO_MUSIC]"], "predicted_tokens": ["[IN:GET_TRACK_INFO_MUSIC", "[SL:MUSIC_TYPE", "@ptr1", "SL:MUSIC_TYPE]", "IN:GET_TRACK_INFO_MUSIC]"]}
{"loss": 1.920115351676941, "class_log_probabilities": [-1.3415580987930298, -2.3254692554473877, -3.0429112911224365, -5.214611530303955], "predictions": [63, 64, 397, 65, 151, 398, 152, 68, 4], "target_tokens": ["[IN:PLAY_MUSIC", "[SL:MUSIC_GENRE", "@ptr3", "SL:MUSIC_GENRE]", "[SL:MUSIC_TYPE", "@ptr2", "SL:MUSIC_TYPE]", "IN:PLAY_MUSIC]"], "predicted_tokens": ["[IN:PLAY_MUSIC", "[SL:MUSIC_TYPE", "@ptr2", "SL:MUSIC_TYPE]", "[SL:MUSIC_GENRE", "@ptr3", "SL:MUSIC_GENRE]", "IN:PLAY_MUSIC]"]}
{"loss": 0.9774236679077148, "class_log_probabilities": [-0.1754014790058136, -6.35772180557251, -6.811044692993164, -6.878025531768799], "predictions": [19, 22, 4], "target_tokens": ["[IN:GET_ALARM", "IN:GET_ALARM]"], "predicted_tokens": ["[IN:GET_ALARM", "IN:GET_ALARM]"]}
{"loss": 1.3479409217834473, "class_log_probabilities": [-0.5427310466766357, -5.34827995300293, -7.218069553375244, -7.452868461608887], "predictions": [89, 90, 396, 91, 16, 398, 399, 17, 92, 4, 4], "target_tokens": ["[IN:CREATE_TIMER", "[SL:METHOD_TIMER", "@ptr1", "SL:METHOD_TIMER]", "[SL:DATE_TIME", "@ptr2", "@ptr3", "@ptr4", "SL:DATE_TIME]", "IN:CREATE_TIMER]"], "predicted_tokens": ["[IN:CREATE_TIMER", "[SL:METHOD_TIMER", "@ptr1", "SL:METHOD_TIMER]", "[SL:DATE_TIME", "@ptr3", "@ptr4", "SL:DATE_TIME]", "IN:CREATE_TIMER]"]}
{"loss": 1.9050334692001343, "class_log_probabilities": [-0.7521895170211792, -3.944658041000366, -4.356636047363281, -4.634713649749756], "predictions": [159, 16, 396, 397, 17, 160, 4], "target_tokens": ["[IN:SUBTRACT_TIME_TIMER", "[SL:DATE_TIME", "@ptr1", "@ptr2", "SL:DATE_TIME]", "IN:SUBTRACT_TIME_TIMER]"], "predicted_tokens": ["[IN:SNOOZE_ALARM", "[SL:DATE_TIME", "@ptr1", "@ptr2", "SL:DATE_TIME]", "IN:SNOOZE_ALARM]"]}
{"loss": 4.373703956604004, "class_log_probabilities": [-0.35968783497810364, -3.6239986419677734, -5.5893964767456055, -5.829804420471191], "predictions": [211, 212, 4, 4, 4, 4], "target_tokens": ["[IN:GET_STORIES_NEWS", "[SL:NEWS_CATEGORY", "@ptr5", "SL:NEWS_CATEGORY]", "[SL:NEWS_TYPE", "@ptr4", "SL:NEWS_TYPE]", "IN:GET_STORIES_NEWS]"], "predicted_tokens": ["[IN:GET_LOCATION", "IN:GET_LOCATION]"]}
{"loss": 0.97637540102005, "class_log_probabilities": [-0.6302443742752075, -3.594047784805298, -6.486123085021973, -6.607759475708008], "predictions": [63, 64, 397, 65, 66, 399, 400, 67, 68, 4, 4], "target_tokens": ["[IN:PLAY_MUSIC", "[SL:MUSIC_TYPE", "@ptr2", "SL:MUSIC_TYPE]", "[SL:MUSIC_ARTIST_NAME", "@ptr4", "@ptr5", "SL:MUSIC_ARTIST_NAME]", "IN:PLAY_MUSIC]"], "predicted_tokens": ["[IN:PLAY_MUSIC", "[SL:MUSIC_TYPE", "@ptr2", "SL:MUSIC_TYPE]", "[SL:MUSIC_ARTIST_NAME", "@ptr4", "@ptr5", "SL:MUSIC_ARTIST_NAME]", "IN:PLAY_MUSIC]"]}
{"loss": 0.9658353328704834, "class_log_probabilities": [-0.569918155670166, -6.048574924468994, -6.322046756744385, -6.513908386230469], "predictions": [45, 16, 398, 399, 400, 401, 17, 46, 4, 4, 4, 4], "target_tokens": ["[IN:CREATE_ALARM", "[SL:DATE_TIME", "@ptr3", "@ptr4", "@ptr5", "@ptr6", "SL:DATE_TIME]", "IN:CREATE_ALARM]"], "predicted_tokens": ["[IN:CREATE_ALARM", "[SL:DATE_TIME", "@ptr3", "@ptr4", "@ptr5", "@ptr6", "SL:DATE_TIME]", "IN:CREATE_ALARM]"]}
{"loss": 1.6543112993240356, "class_log_probabilities": [-1.3488144874572754, -1.8837590217590332, -5.666934490203857, -6.620062351226807], "predictions": [39, 40, 396, 41, 56, 398, 57, 16, 399, 400, 17, 42, 4], "target_tokens": ["[IN:GET_STORIES_NEWS", "[SL:NEWS_TOPIC", "@ptr3", "SL:NEWS_TOPIC]", "[SL:NEWS_TYPE", "@ptr1", "SL:NEWS_TYPE]", "[SL:DATE_TIME", "@ptr4", "@ptr5", "SL:DATE_TIME]", "IN:GET_STORIES_NEWS]"], "predicted_tokens": ["[IN:GET_STORIES_NEWS", "[SL:NEWS_TYPE", "@ptr1", "SL:NEWS_TYPE]", "[SL:NEWS_TOPIC", "@ptr3", "SL:NEWS_TOPIC]", "[SL:DATE_TIME", "@ptr4", "@ptr5", "SL:DATE_TIME]", "IN:GET_STORIES_NEWS]"]}
{"loss": 1.4360123872756958, "class_log_probabilities": [-4.145175933837891, -4.180490970611572, -6.309778690338135, -6.3639020919799805], "predictions": [287, 64, 397, 65, 288, 4], "target_tokens": ["[IN:REPLAY_MUSIC", "[SL:MUSIC_TYPE", "@ptr2", "SL:MUSIC_TYPE]", "IN:REPLAY_MUSIC]"], "predicted_tokens": ["[IN:REPLAY_MUSIC", "[SL:MUSIC_TYPE", "@ptr2", "SL:MUSIC_TYPE]", "IN:REPLAY_MUSIC]"]}
{"loss": 1.0250645875930786, "class_log_probabilities": [-1.8187371492385864, -2.3239667415618896, -3.036750555038452, -3.9937143325805664], "predictions": [13, 79, 399, 80, 14, 401, 402, 15, 16, 403, 17, 18, 4], "target_tokens": ["[IN:GET_WEATHER", "[SL:WEATHER_ATTRIBUTE", "@ptr4", "SL:WEATHER_ATTRIBUTE]", "[SL:LOCATION", "@ptr6", "@ptr7", "SL:LOCATION]", "[SL:DATE_TIME", "@ptr8", "SL:DATE_TIME]", "IN:GET_WEATHER]"], "predicted_tokens": ["[IN:GET_WEATHER", "[SL:WEATHER_ATTRIBUTE", "@ptr4", "SL:WEATHER_ATTRIBUTE]", "[SL:LOCATION", "@ptr6", "@ptr7", "SL:LOCATION]", "[SL:DATE_TIME", "@ptr8", "SL:DATE_TIME]", "IN:GET_WEATHER]"]}
{"loss": 1.7685953378677368, "class_log_probabilities": [-1.0781381130218506, -3.34857177734375, -3.708815336227417, -5.808460235595703], "predictions": [39, 40, 399, 41, 42, 4, 4, 4, 4, 4, 4, 4], "target_tokens": ["[IN:GET_STORIES_NEWS", "[SL:NEWS_CATEGORY", "@ptr5", "SL:NEWS_CATEGORY]", "[SL:NEWS_TYPE", "@ptr4", "SL:NEWS_TYPE]", "IN:GET_STORIES_NEWS]"], "predicted_tokens": ["[IN:GET_STORIES_NEWS", "[SL:NEWS_TYPE", "@ptr4", "SL:NEWS_TYPE]", "IN:GET_STORIES_NEWS]"]}
{"loss": 1.5336464643478394, "class_log_probabilities": [-3.160069704055786, -3.4396603107452393, -4.361054420471191, -4.7548933029174805], "predictions": [63, 64, 399, 65, 103, 401, 104, 68, 4, 4, 4, 4], "target_tokens": ["[IN:PLAY_MUSIC", "[SL:MUSIC_GENRE", "@ptr4", "SL:MUSIC_GENRE]", "[SL:MUSIC_TYPE", "@ptr3", "SL:MUSIC_TYPE]", "[SL:MUSIC_PROVIDER_NAME", "@ptr6", "SL:MUSIC_PROVIDER_NAME]", "IN:PLAY_MUSIC]"], "predicted_tokens": ["[IN:PLAY_MUSIC", "[SL:MUSIC_TYPE", "@ptr4", "SL:MUSIC_TYPE]", "[SL:MUSIC_PROVIDER_NAME", "@ptr6", "SL:MUSIC_PROVIDER_NAME]", "IN:PLAY_MUSIC]"]}
{"loss": 0.9768437147140503, "class_log_probabilities": [-0.5275573134422302, -5.548101902008057, -5.831793785095215, -6.343238353729248], "predictions": [39, 40, 396, 41, 133, 398, 134, 42, 4], "target_tokens": ["[IN:GET_STORIES_NEWS", "[SL:NEWS_TYPE", "@ptr1", "SL:NEWS_TYPE]", "[SL:NEWS_SOURCE", "@ptr3", "SL:NEWS_SOURCE]", "IN:GET_STORIES_NEWS]"], "predicted_tokens": ["[IN:GET_STORIES_NEWS", "[SL:NEWS_TYPE", "@ptr1", "SL:NEWS_TYPE]", "[SL:NEWS_SOURCE", "@ptr3", "SL:NEWS_SOURCE]", "IN:GET_STORIES_NEWS]"]}
{"loss": 1.0108357667922974, "class_log_probabilities": [-0.8028464317321777, -2.565835952758789, -3.238466262817383, -5.3636860847473145], "predictions": [241, 64, 397, 65, 242, 4], "target_tokens": ["[IN:SKIP_TRACK_MUSIC", "[SL:MUSIC_TYPE", "@ptr2", "SL:MUSIC_TYPE]", "IN:SKIP_TRACK_MUSIC]"], "predicted_tokens": ["[IN:SKIP_TRACK_MUSIC", "[SL:MUSIC_TYPE", "@ptr2", "SL:MUSIC_TYPE]", "IN:SKIP_TRACK_MUSIC]"]}
{"loss": 1.6741440296173096, "class_log_probabilities": [-1.445363163948059, -2.9868195056915283, -4.986903190612793, -4.9900994300842285], "predictions": [63, 66, 395, 67, 101, 397, 398, 102, 66, 401, 402, 67, 68, 4], "target_tokens": ["[IN:PLAY_MUSIC", "[SL:MUSIC_TRACK_TITLE", "@ptr2", "@ptr3", "SL:MUSIC_TRACK_TITLE]", "[SL:MUSIC_ARTIST_NAME", "@ptr6", "@ptr7", "SL:MUSIC_ARTIST_NAME]", "IN:PLAY_MUSIC]"], "predicted_tokens": ["[IN:PLAY_MUSIC", "[SL:MUSIC_ARTIST_NAME", "@ptr0", "SL:MUSIC_ARTIST_NAME]", "[SL:MUSIC_TRACK_TITLE", "@ptr2", "@ptr3", "SL:MUSIC_TRACK_TITLE]", "[SL:MUSIC_ARTIST_NAME", "@ptr6", "@ptr7", "SL:MUSIC_ARTIST_NAME]", "IN:PLAY_MUSIC]"]}
{"loss": 0.9630719423294067, "class_log_probabilities": [-0.5421090126037598, -6.423439979553223, -7.543866157531738, -7.584591388702393], "predictions": [13, 79, 402, 80, 16, 403, 17, 18, 4, 4], "target_tokens": ["[IN:GET_WEATHER", "[SL:WEATHER_ATTRIBUTE", "@ptr7", "SL:WEATHER_ATTRIBUTE]", "[SL:DATE_TIME", "@ptr8", "SL:DATE_TIME]", "IN:GET_WEATHER]"], "predicted_tokens": ["[IN:GET_WEATHER", "[SL:WEATHER_ATTRIBUTE", "@ptr7", "SL:WEATHER_ATTRIBUTE]", "[SL:DATE_TIME", "@ptr8", "SL:DATE_TIME]", "IN:GET_WEATHER]"]}
{"loss": 2.3364195823669434, "class_log_probabilities": [-2.6010215282440186, -2.724827289581299, -4.297154903411865, -4.954475402832031], "predictions": [63, 151, 397, 398, 399, 152, 64, 402, 65, 68, 4, 4, 4, 4], "target_tokens": ["[IN:PLAY_MUSIC", "[SL:MUSIC_GENRE", "@ptr2", "@ptr3", "SL:MUSIC_GENRE]", "[SL:MUSIC_GENRE", "@ptr6", "SL:MUSIC_GENRE]", "[SL:MUSIC_TYPE", "@ptr5", "SL:MUSIC_TYPE]", "IN:PLAY_MUSIC]"], "predicted_tokens": ["[IN:PLAY_MUSIC", "[SL:MUSIC_GENRE", "@ptr2", "@ptr3", "@ptr4", "SL:MUSIC_GENRE]", "[SL:MUSIC_TYPE", "@ptr7", "SL:MUSIC_TYPE]", "IN:PLAY_MUSIC]"]}
{"loss": 1.5368800163269043, "class_log_probabilities": [-0.48651665449142456, -4.281134605407715, -5.075727939605713, -5.31001091003418], "predictions": [251, 64, 398, 65, 252, 4], "target_tokens": ["[IN:GET_TRACK_INFO_MUSIC", "[SL:MUSIC_TYPE", "@ptr3", "SL:MUSIC_TYPE]", "IN:GET_TRACK_INFO_MUSIC]"], "predicted_tokens": ["[IN:QUESTION_MUSIC", "[SL:MUSIC_TYPE", "@ptr3", "SL:MUSIC_TYPE]", "IN:QUESTION_MUSIC]"]}
{"loss": 1.1154135465621948, "class_log_probabilities": [-1.0883034467697144, -1.5281133651733398, -6.012314796447754, -6.395694255828857], "predictions": [13, 14, 402, 15, 18, 4], "target_tokens": ["[IN:GET_WEATHER", "[SL:LOCATION", "@ptr6", "SL:LOCATION]", "IN:GET_WEATHER]"], "predicted_tokens": ["[IN:GET_WEATHER", "[SL:LOCATION", "@ptr7", "SL:LOCATION]", "IN:GET_WEATHER]"]}
{"loss": 0.9842953681945801, "class_log_probabilities": [-0.5866068005561829, -4.384314060211182, -5.041471481323242, -6.14902400970459], "predictions": [225, 90, 397, 91, 226, 4], "target_tokens": ["[IN:DELETE_TIMER", "[SL:METHOD_TIMER", "@ptr2", "SL:METHOD_TIMER]", "IN:DELETE_TIMER]"], "predicted_tokens": ["[IN:DELETE_TIMER", "[SL:METHOD_TIMER", "@ptr2", "SL:METHOD_TIMER]", "IN:DELETE_TIMER]"]}
{"loss": 2.9872312545776367, "class_log_probabilities": [-2.0406014919281006, -3.4374756813049316, -4.271952152252197, -5.739531993865967], "predictions": [13, 14, 395, 15, 16, 398, 399, 17, 79, 402, 80, 18, 4], "target_tokens": ["[IN:GET_WEATHER", "[SL:WEATHER_ATTRIBUTE", "@ptr7", "SL:WEATHER_ATTRIBUTE]", "IN:GET_WEATHER]"], "predicted_tokens": ["[IN:GET_WEATHER", "[SL:LOCATION", "@ptr0", "SL:LOCATION]", "[SL:DATE_TIME", "@ptr3", "@ptr4", "SL:DATE_TIME]", "[SL:WEATHER_ATTRIBUTE", "@ptr7", "SL:WEATHER_ATTRIBUTE]", "IN:GET_WEATHER]"]}
{"loss": 0.9684116840362549, "class_log_probabilities": [-0.3440362215042114, -6.592044830322266, -7.395584583282471, -7.573434829711914], "predictions": [115, 90, 403, 91, 116, 4], "target_tokens": ["[IN:GET_TIMER", "[SL:METHOD_TIMER", "@ptr8", "SL:METHOD_TIMER]", "IN:GET_TIMER]"], "predicted_tokens": ["[IN:GET_TIMER", "[SL:METHOD_TIMER", "@ptr8", "SL:METHOD_TIMER]", "IN:GET_TIMER]"]}
{"loss": 0.9764026403427124, "class_log_probabilities": [-0.6268334984779358, -3.557111978530884, -5.410408020019531, -6.453093528747559], "predictions": [45, 16, 398, 399, 400, 401, 402, 17, 46, 4, 4], "target_tokens": ["[IN:CREATE_ALARM", "[SL:DATE_TIME", "@ptr3", "@ptr4", "@ptr5", "@ptr6", "@ptr7", "SL:DATE_TIME]", "IN:CREATE_ALARM]"], "predicted_tokens": ["[IN:CREATE_ALARM", "[SL:DATE_TIME", "@ptr3", "@ptr4", "@ptr5", "@ptr6", "@ptr7", "SL:DATE_TIME]", "IN:CREATE_ALARM]"]}
{"loss": 0.9618775248527527, "class_log_probabilities": [-0.34493517875671387, -7.839198589324951, -7.986806869506836, -8.083569526672363], "predictions": [13, 14, 401, 15, 18, 4], "target_tokens": ["[IN:GET_WEATHER", "[SL:LOCATION", "@ptr6", "SL:LOCATION]", "IN:GET_WEATHER]"], "predicted_tokens": ["[IN:GET_WEATHER", "[SL:LOCATION", "@ptr6", "SL:LOCATION]", "IN:GET_WEATHER]"]}
{"loss": 1.1759774684906006, "class_log_probabilities": [-1.614270567893982, -1.7695281505584717, -2.4299519062042236, -3.18105149269104], "predictions": [89, 90, 397, 91, 16, 404, 406, 17, 92, 4], "target_tokens": ["[IN:CREATE_TIMER", "[SL:METHOD_TIMER", "@ptr2", "SL:METHOD_TIMER]", "IN:CREATE_TIMER]"], "predicted_tokens": ["[IN:CREATE_TIMER", "[SL:METHOD_TIMER", "@ptr2", "SL:METHOD_TIMER]", "[SL:DATE_TIME", "@ptr9", "@ptr11", "SL:DATE_TIME]", "IN:CREATE_TIMER]"]}
{"loss": 2.0331177711486816, "class_log_probabilities": [-1.1969423294067383, -4.0472636222839355, -4.416861534118652, -5.094420909881592], "predictions": [89, 16, 399, 400, 17, 92, 4, 4, 4, 4], "target_tokens": ["[IN:CREATE_TIMER", "[SL:METHOD_TIMER", "@ptr2", "SL:METHOD_TIMER]", "[SL:DATE_TIME", "@ptr3", "@ptr4", "@ptr5", "SL:DATE_TIME]", "IN:CREATE_TIMER]"], "predicted_tokens": ["[IN:CREATE_TIMER", "[SL:DATE_TIME", "@ptr4", "@ptr5", "SL:DATE_TIME]", "IN:CREATE_TIMER]"]}
{"loss": 2.0743443965911865, "class_log_probabilities": [-4.697056770324707, -4.900758266448975, -5.1371002197265625, -7.4952545166015625], "predictions": [39, 40, 401, 402, 41, 42, 4, 4, 4, 4, 4], "target_tokens": ["[IN:GET_STORIES_NEWS", "[SL:NEWS_REFERENCE", "@ptr3", "SL:NEWS_REFERENCE]", "[SL:NEWS_TYPE", "@ptr4", "@ptr5", "@ptr6", "SL:NEWS_TYPE]", "[SL:NEWS_TOPIC", "@ptr8", "SL:NEWS_TOPIC]", "IN:GET_STORIES_NEWS]"], "predicted_tokens": ["[IN:GET_STORIES_NEWS", "[SL:NEWS_TYPE", "@ptr6", "@ptr7", "SL:NEWS_TYPE]", "IN:GET_STORIES_NEWS]"]}
{"loss": 1.0644421577453613, "class_log_probabilities": [-1.100385069847107, -1.8099040985107422, -5.30806827545166, -5.7180657386779785], "predictions": [45, 16, 399, 400, 401, 402, 403, 404, 405, 17, 46, 4], "target_tokens": ["[IN:CREATE_ALARM", "[SL:DATE_TIME", "@ptr4", "@ptr5", "@ptr6", "@ptr7", "@ptr8", "@ptr9", "SL:DATE_TIME]", "IN:CREATE_ALARM]"], "predicted_tokens": ["[IN:CREATE_ALARM", "[SL:DATE_TIME", "@ptr4", "@ptr5", "@ptr6", "@ptr7", "@ptr8", "@ptr9", "@ptr10", "SL:DATE_TIME]", "IN:CREATE_ALARM]"]}
{"loss": 2.5583105087280273, "class_log_probabilities": [-0.5130655169487, -6.051422119140625, -6.317914009094238, -6.582142353057861], "predictions": [45, 16, 399, 400, 401, 402, 17, 46, 4], "target_tokens": ["[IN:CREATE_ALARM", "[SL:DATE_TIME", "@ptr3", "@ptr4", "@ptr5", "@ptr6", "SL:DATE_TIME]", "IN:CREATE_ALARM]"], "predicted_tokens": ["[IN:CREATE_ALARM", "[SL:DATE_TIME", "@ptr4", "@ptr5", "@ptr6", "@ptr7", "SL:DATE_TIME]", "IN:CREATE_ALARM]"]}
{"loss": 3.314972162246704, "class_log_probabilities": [-0.8994582891464233, -2.3404929637908936, -3.3048737049102783, -5.390872478485107], "predictions": [89, 90, 397, 91, 16, 399, 400, 401, 17, 92, 4], "target_tokens": ["[IN:CREATE_TIMER", "[SL:DATE_TIME", "@ptr3", "@ptr4", "@ptr5", "SL:DATE_TIME]", "[SL:METHOD_TIMER", "@ptr2", "SL:METHOD_TIMER]", "IN:CREATE_TIMER]"], "predicted_tokens": ["[IN:CREATE_TIMER", "[SL:METHOD_TIMER", "@ptr2", "SL:METHOD_TIMER]", "[SL:DATE_TIME", "@ptr4", "@ptr5", "@ptr6", "SL:DATE_TIME]", "IN:CREATE_TIMER]"]}
{"loss": 1.0015822649002075, "class_log_probabilities": [-0.3945378065109253, -3.2347819805145264, -5.942296981811523, -6.083311557769775], "predictions": [347, 64, 399, 65, 348, 4], "target_tokens": ["[IN:DISLIKE_MUSIC", "[SL:MUSIC_TYPE", "@ptr4", "SL:MUSIC_TYPE]", "IN:DISLIKE_MUSIC]"], "predicted_tokens": ["[IN:DISLIKE_MUSIC", "[SL:MUSIC_TYPE", "@ptr4", "SL:MUSIC_TYPE]", "IN:DISLIKE_MUSIC]"]}
{"loss": 1.8010839223861694, "class_log_probabilities": [-0.7746121883392334, -3.1354804039001465, -3.2448415756225586, -5.8440423011779785], "predictions": [45, 16, 398, 399, 400, 401, 402, 403, 17, 46, 4, 4], "target_tokens": ["[IN:CREATE_ALARM", "[SL:ALARM_NAME", "@ptr2", "SL:ALARM_NAME]", "[SL:DATE_TIME", "@ptr3", "@ptr4", "@ptr5", "@ptr6", "@ptr7", "@ptr8", "SL:DATE_TIME]", "IN:CREATE_ALARM]"], "predicted_tokens": ["[IN:CREATE_ALARM", "[SL:DATE_TIME", "@ptr3", "@ptr4", "@ptr5", "@ptr6", "@ptr7", "@ptr8", "SL:DATE_TIME]", "IN:CREATE_ALARM]"]}
{"loss": 1.9060003757476807, "class_log_probabilities": [-0.5819830894470215, -5.021961212158203, -7.749182224273682, -7.814106464385986], "predictions": [39, 16, 397, 17, 40, 398, 41, 42, 4, 4, 4, 4], "target_tokens": ["[IN:GET_STORIES_NEWS", "[SL:NEWS_REFERENCE", "@ptr2", "SL:NEWS_REFERENCE]", "[SL:NEWS_TYPE", "@ptr3", "SL:NEWS_TYPE]", "IN:GET_STORIES_NEWS]"], "predicted_tokens": ["[IN:GET_STORIES_NEWS", "[SL:DATE_TIME", "@ptr2", "SL:DATE_TIME]", "[SL:NEWS_TYPE", "@ptr3", "SL:NEWS_TYPE]", "IN:GET_STORIES_NEWS]"]}
{"loss": 1.8174549341201782, "class_log_probabilities": [-0.4479577839374542, -4.273550510406494, -5.40034294128418, -6.139354705810547], "predictions": [63, 64, 397, 65, 68, 4], "target_tokens": ["[IN:START_SHUFFLE_MUSIC", "[SL:MUSIC_TYPE", "@ptr2", "SL:MUSIC_TYPE]", "IN:START_SHUFFLE_MUSIC]"], "predicted_tokens": ["[IN:PLAY_MUSIC", "[SL:MUSIC_TYPE", "@ptr2", "SL:MUSIC_TYPE]", "IN:PLAY_MUSIC]"]}
{"loss": 0.9634060859680176, "class_log_probabilities": [-0.4658654034137726, -6.748880863189697, -7.173511981964111, -7.221809387207031], "predictions": [13, 14, 398, 399, 400, 15, 18, 4], "target_tokens": ["[IN:GET_WEATHER", "[SL:LOCATION", "@ptr3", "@ptr4", "@ptr5", "SL:LOCATION]", "IN:GET_WEATHER]"], "predicted_tokens": ["[IN:GET_WEATHER", "[SL:LOCATION", "@ptr3", "@ptr4", "@ptr5", "SL:LOCATION]", "IN:GET_WEATHER]"]}
{"loss": 2.645444869995117, "class_log_probabilities": [-0.5889872908592224, -3.8441319465637207, -7.228006362915039, -7.2704362869262695], "predictions": [89, 90, 397, 91, 16, 399, 400, 17, 92, 4, 4], "target_tokens": ["[IN:CREATE_TIMER", "[SL:DATE_TIME", "@ptr3", "@ptr4", "@ptr5", "SL:DATE_TIME]", "[SL:METHOD_TIMER", "@ptr2", "SL:METHOD_TIMER]", "IN:CREATE_TIMER]"], "predicted_tokens": ["[IN:CREATE_TIMER", "[SL:METHOD_TIMER", "@ptr2", "SL:METHOD_TIMER]", "[SL:DATE_TIME", "@ptr4", "@ptr5", "SL:DATE_TIME]", "IN:CREATE_TIMER]"]}
{"loss": 1.257917881011963, "class_log_probabilities": [-1.1116149425506592, -2.5632002353668213, -2.999011993408203, -3.3324966430664062], "predictions": [63, 64, 397, 65, 68, 4], "target_tokens": ["[IN:GET_TRACK_INFO_MUSIC", "[SL:MUSIC_TYPE", "@ptr2", "SL:MUSIC_TYPE]", "IN:GET_TRACK_INFO_MUSIC]"], "predicted_tokens": ["[IN:PLAY_MUSIC", "[SL:MUSIC_TYPE", "@ptr2", "SL:MUSIC_TYPE]", "IN:PLAY_MUSIC]"]}
{"loss": 2.8938751220703125, "class_log_probabilities": [-1.4688026905059814, -2.569221019744873, -3.1980979442596436, -4.338264465332031], "predictions": [89, 16, 399, 400, 17, 92, 4], "target_tokens": ["[IN:CREATE_TIMER", "[SL:METHOD_TIMER", "@ptr0", "@ptr1", "@ptr2", "SL:METHOD_TIMER]", "[SL:DATE_TIME", "@ptr3", "@ptr4", "@ptr5", "SL:DATE_TIME]", "IN:CREATE_TIMER]"], "predicted_tokens": ["[IN:CREATE_TIMER", "[SL:DATE_TIME", "@ptr4", "@ptr5", "SL:DATE_TIME]", "IN:CREATE_TIMER]"]}
{"loss": 0.971615731716156, "class_log_probabilities": [-0.6158950328826904, -4.6331610679626465, -4.943172931671143, -7.09341287612915], "predictions": [45, 16, 398, 399, 400, 401, 402, 403, 17, 46, 4, 4], "target_tokens": ["[IN:CREATE_ALARM", "[SL:DATE_TIME", "@ptr3", "@ptr4", "@ptr5", "@ptr6", "@ptr7", "@ptr8", "SL:DATE_TIME]", "IN:CREATE_ALARM]"], "predicted_tokens": ["[IN:CREATE_ALARM", "[SL:DATE_TIME", "@ptr3", "@ptr4", "@ptr5", "@ptr6", "@ptr7", "@ptr8", "SL:DATE_TIME]", "IN:CREATE_ALARM]"]}
{"loss": 0.9789955615997314, "class_log_probabilities": [-0.32909509539604187, -5.726424694061279, -7.264651298522949, -7.32067346572876], "predictions": [115, 90, 396, 91, 116, 4], "target_tokens": ["[IN:GET_TIMER", "[SL:METHOD_TIMER", "@ptr1", "SL:METHOD_TIMER]", "IN:GET_TIMER]"], "predicted_tokens": ["[IN:GET_TIMER", "[SL:METHOD_TIMER", "@ptr1", "SL:METHOD_TIMER]", "IN:GET_TIMER]"]}
{"loss": 2.06732439994812, "class_log_probabilities": [-2.159581422805786, -2.3964390754699707, -3.030663251876831, -5.297813892364502], "predictions": [241, 20, 398, 21, 20, 399, 21, 242, 4, 4, 4, 4], "target_tokens": ["[IN:SKIP_TRACK_MUSIC", "[SL:MUSIC_TYPE", "@ptr4", "SL:MUSIC_TYPE]", "IN:SKIP_TRACK_MUSIC]"], "predicted_tokens": ["[IN:SKIP_TRACK_MUSIC", "[SL:ORDINAL", "@ptr3", "SL:ORDINAL]", "[SL:ORDINAL", "@ptr4", "SL:ORDINAL]", "IN:SKIP_TRACK_MUSIC]"]}
{"loss": 0.9730827212333679, "class_log_probabilities": [-0.5663240551948547, -5.827523231506348, -6.991318702697754, -7.112754821777344], "predictions": [259, 16, 398, 399, 400, 401, 402, 17, 260, 4, 4], "target_tokens": ["[IN:UPDATE_ALARM", "[SL:DATE_TIME", "@ptr3", "@ptr4", "@ptr5", "@ptr6", "@ptr7", "SL:DATE_TIME]", "IN:UPDATE_ALARM]"], "predicted_tokens": ["[IN:UPDATE_ALARM", "[SL:DATE_TIME", "@ptr3", "@ptr4", "@ptr5", "@ptr6", "@ptr7", "SL:DATE_TIME]", "IN:UPDATE_ALARM]"]}
{"loss": 1.0662879943847656, "class_log_probabilities": [-1.4477276802062988, -2.220305919647217, -3.819559335708618, -4.57975959777832], "predictions": [13, 79, 400, 401, 80, 18, 4, 4, 4, 4], "target_tokens": ["[IN:GET_WEATHER", "[SL:WEATHER_ATTRIBUTE", "@ptr5", "@ptr6", "SL:WEATHER_ATTRIBUTE]", "IN:GET_WEATHER]"], "predicted_tokens": ["[IN:GET_WEATHER", "[SL:WEATHER_ATTRIBUTE", "@ptr5", "@ptr6", "SL:WEATHER_ATTRIBUTE]", "IN:GET_WEATHER]"]}
{"loss": 0.9633070826530457, "class_log_probabilities": [-0.4987577795982361, -7.728626728057861, -7.875384330749512, -8.04484748840332], "predictions": [13, 14, 400, 15, 16, 401, 17, 18, 4], "target_tokens": ["[IN:GET_WEATHER", "[SL:LOCATION", "@ptr5", "SL:LOCATION]", "[SL:DATE_TIME", "@ptr6", "SL:DATE_TIME]", "IN:GET_WEATHER]"], "predicted_tokens": ["[IN:GET_WEATHER", "[SL:LOCATION", "@ptr5", "SL:LOCATION]", "[SL:DATE_TIME", "@ptr6", "SL:DATE_TIME]", "IN:GET_WEATHER]"]}
{"loss": 1.3941102027893066, "class_log_probabilities": [-2.191004753112793, -3.5759875774383545, -4.9336676597595215, -5.416242599487305], "predictions": [119, 120, 397, 121, 122, 4], "target_tokens": ["[IN:DELETE_ALARM", "[SL:AMOUNT", "@ptr1", "SL:AMOUNT]", "IN:DELETE_ALARM]"], "predicted_tokens": ["[IN:DELETE_ALARM", "[SL:AMOUNT", "@ptr2", "SL:AMOUNT]", "IN:DELETE_ALARM]"]}
{"loss": 0.9884288311004639, "class_log_probabilities": [-0.9679012298583984, -2.5660550594329834, -5.661849021911621, -5.919598579406738], "predictions": [45, 16, 398, 399, 400, 401, 17, 46, 4], "target_tokens": ["[IN:CREATE_ALARM", "[SL:DATE_TIME", "@ptr3", "@ptr4", "@ptr5", "@ptr6", "SL:DATE_TIME]", "IN:CREATE_ALARM]"], "predicted_tokens": ["[IN:CREATE_ALARM", "[SL:DATE_TIME", "@ptr3", "@ptr4", "@ptr5", "@ptr6", "SL:DATE_TIME]", "IN:CREATE_ALARM]"]}
{"loss": 1.9379359483718872, "class_log_probabilities": [-0.5563621520996094, -6.178184509277344, -6.7254862785339355, -6.936005115509033], "predictions": [89, 90, 397, 91, 16, 399, 400, 17, 92, 4, 4], "target_tokens": ["[IN:CREATE_TIMER", "[SL:METHOD_TIMER", "@ptr2", "SL:METHOD_TIMER]", "[SL:DATE_TIME", "@ptr3", "@ptr4", "@ptr5", "SL:DATE_TIME]", "IN:CREATE_TIMER]"], "predicted_tokens": ["[IN:CREATE_TIMER", "[SL:METHOD_TIMER", "@ptr2", "SL:METHOD_TIMER]", "[SL:DATE_TIME", "@ptr4", "@ptr5", "SL:DATE_TIME]", "IN:CREATE_TIMER]"]}
{"loss": 2.2772486209869385, "class_log_probabilities": [-0.7064277529716492, -5.922996520996094, -6.236762523651123, -6.298684120178223], "predictions": [63, 64, 400, 65, 151, 401, 152, 68, 4, 4, 4, 4], "target_tokens": ["[IN:PLAY_MUSIC", "[SL:MUSIC_GENRE", "@ptr6", "SL:MUSIC_GENRE]", "[SL:MUSIC_TYPE", "@ptr5", "SL:MUSIC_TYPE]", "IN:PLAY_MUSIC]"], "predicted_tokens": ["[IN:PLAY_MUSIC", "[SL:MUSIC_TYPE", "@ptr5", "SL:MUSIC_TYPE]", "[SL:MUSIC_GENRE", "@ptr6", "SL:MUSIC_GENRE]", "IN:PLAY_MUSIC]"]}
{"loss": 1.5423883199691772, "class_log_probabilities": [-5.10870361328125, -6.245240688323975, -6.5656633377075195, -6.851747035980225], "predictions": [225, 90, 397, 91, 226, 4, 4, 4, 4, 4, 4], "target_tokens": ["[IN:DELETE_TIMER", "[SL:METHOD_TIMER", "@ptr2", "SL:METHOD_TIMER]", "IN:DELETE_TIMER]"], "predicted_tokens": ["[IN:DELETE_TIMER", "[SL:METHOD_TIMER", "@ptr2", "SL:METHOD_TIMER]", "IN:DELETE_TIMER]"]}
{"loss": 1.988145112991333, "class_log_probabilities": [-1.787568211555481, -2.8583359718322754, -4.370701789855957, -5.059819221496582], "predictions": [63, 64, 400, 65, 151, 401, 402, 403, 152, 68, 4], "target_tokens": ["[IN:PLAY_MUSIC", "[SL:MUSIC_GENRE", "@ptr6", "@ptr7", "SL:MUSIC_GENRE]", "[SL:MUSIC_TYPE", "@ptr5", "SL:MUSIC_TYPE]", "IN:PLAY_MUSIC]"], "predicted_tokens": ["[IN:PLAY_MUSIC", "[SL:MUSIC_TYPE", "@ptr5", "SL:MUSIC_TYPE]", "[SL:MUSIC_GENRE", "@ptr6", "@ptr7", "@ptr8", "SL:MUSIC_GENRE]", "IN:PLAY_MUSIC]"]}
{"loss": 0.9576083421707153, "class_log_probabilities": [-0.4290817379951477, -8.008665084838867, -8.365118980407715, -8.366153717041016], "predictions": [13, 16, 399, 400, 17, 18, 4, 4], "target_tokens": ["[IN:GET_WEATHER", "[SL:DATE_TIME", "@ptr4", "@ptr5", "SL:DATE_TIME]", "IN:GET_WEATHER]"], "predicted_tokens": ["[IN:GET_WEATHER", "[SL:DATE_TIME", "@ptr4", "@ptr5", "SL:DATE_TIME]", "IN:GET_WEATHER]"]}
{"loss": 0.9718578457832336, "class_log_probabilities": [-0.34946608543395996, -6.281996726989746, -7.4752678871154785, -7.584527969360352], "predictions": [217, 64, 401, 65, 218, 4], "target_tokens": ["[IN:GET_TRACK_INFO_MUSIC", "[SL:MUSIC_TYPE", "@ptr6", "SL:MUSIC_TYPE]", "IN:GET_TRACK_INFO_MUSIC]"], "predicted_tokens": ["[IN:GET_TRACK_INFO_MUSIC", "[SL:MUSIC_TYPE", "@ptr6", "SL:MUSIC_TYPE]", "IN:GET_TRACK_INFO_MUSIC]"]}
{"loss": 1.633888840675354, "class_log_probabilities": [-3.31062388420105, -3.799687385559082, -3.827066659927368, -4.5740461349487305], "predictions": [55, 56, 395, 396, 397, 398, 399, 400, 401, 402, 57, 58, 4], "target_tokens": ["[IN:QUESTION_NEWS", "[SL:NEWS_TOPIC", "@ptr4", "@ptr5", "@ptr6", "SL:NEWS_TOPIC]", "IN:QUESTION_NEWS]"], "predicted_tokens": ["[IN:QUESTION_NEWS", "[SL:NEWS_TOPIC", "@ptr0", "@ptr1", "@ptr2", "@ptr3", "@ptr4", "@ptr5", "@ptr6", "@ptr7", "SL:NEWS_TOPIC]", "IN:QUESTION_NEWS]"]}
{"loss": 0.9803428649902344, "class_log_probabilities": [-0.6632311344146729, -5.636849880218506, -6.144174098968506, -6.491359233856201], "predictions": [63, 64, 398, 65, 66, 400, 401, 67, 68, 4], "target_tokens": ["[IN:PLAY_MUSIC", "[SL:MUSIC_TYPE", "@ptr3", "SL:MUSIC_TYPE]", "[SL:MUSIC_ARTIST_NAME", "@ptr5", "@ptr6", "SL:MUSIC_ARTIST_NAME]", "IN:PLAY_MUSIC]"], "predicted_tokens": ["[IN:PLAY_MUSIC", "[SL:MUSIC_TYPE", "@ptr3", "SL:MUSIC_TYPE]", "[SL:MUSIC_ARTIST_NAME", "@ptr5", "@ptr6", "SL:MUSIC_ARTIST_NAME]", "IN:PLAY_MUSIC]"]}
{"loss": 1.8889737129211426, "class_log_probabilities": [-5.829338550567627, -6.631251335144043, -6.872998237609863, -7.89553689956665], "predictions": [179, 64, 398, 65, 206, 399, 400, 401, 402, 403, 404, 207, 252, 4, 4, 4, 4, 4, 4], "target_tokens": ["[IN:PLAY_MUSIC", "[SL:MUSIC_TYPE", "@ptr2", "SL:MUSIC_TYPE]", "[SL:MUSIC_ALBUM_TITLE", "@ptr3", "@ptr4", "@ptr5", "@ptr6", "@ptr7", "SL:MUSIC_ALBUM_TITLE]", "[SL:MUSIC_ARTIST_NAME", "@ptr9", "@ptr10", "@ptr11", "SL:MUSIC_ARTIST_NAME]", "IN:PLAY_MUSIC]"], "predicted_tokens": ["[IN:PLAY_MEDIA", "[SL:MUSIC_TYPE", "@ptr3", "SL:MUSIC_TYPE]", "[SL:MUSIC_ALBUM_TITLE", "@ptr4", "@ptr5", "@ptr6", "@ptr7", "@ptr8", "@ptr9", "SL:MUSIC_ALBUM_TITLE]", "IN:QUESTION_MUSIC]"]}
{"loss": 0.9755287170410156, "class_log_probabilities": [-0.309664785861969, -7.4079060554504395, -7.461035251617432, -7.462477684020996], "predictions": [89, 90, 399, 91, 92, 4], "target_tokens": ["[IN:CREATE_TIMER", "[SL:METHOD_TIMER", "@ptr4", "SL:METHOD_TIMER]", "IN:CREATE_TIMER]"], "predicted_tokens": ["[IN:CREATE_TIMER", "[SL:METHOD_TIMER", "@ptr4", "SL:METHOD_TIMER]", "IN:CREATE_TIMER]"]}
{"loss": 1.0543544292449951, "class_log_probabilities": [-1.8765169382095337, -2.4147067070007324, -3.6084907054901123, -5.385262489318848], "predictions": [89, 90, 397, 91, 16, 398, 399, 17, 92, 4], "target_tokens": ["[IN:CREATE_TIMER", "[SL:METHOD_TIMER", "@ptr2", "SL:METHOD_TIMER]", "[SL:DATE_TIME", "@ptr3", "@ptr4", "SL:DATE_TIME]", "IN:CREATE_TIMER]"], "predicted_tokens": ["[IN:CREATE_TIMER", "[SL:METHOD_TIMER", "@ptr2", "SL:METHOD_TIMER]", "[SL:DATE_TIME", "@ptr3", "@ptr4", "SL:DATE_TIME]", "IN:CREATE_TIMER]"]}
{"loss": 1.3747320175170898, "class_log_probabilities": [-2.9422569274902344, -5.2145185470581055, -6.538776874542236, -6.597122669219971], "predictions": [39, 131, 398, 132, 16, 400, 17, 42, 4, 4, 4, 4, 4, 4, 4], "target_tokens": ["[IN:GET_STORIES_NEWS", "[SL:NEWS_REFERENCE", "@ptr3", "SL:NEWS_REFERENCE]", "[SL:NEWS_TYPE", "@ptr4", "SL:NEWS_TYPE]", "[SL:DATE_TIME", "@ptr5", "SL:DATE_TIME]", "IN:GET_STORIES_NEWS]"], "predicted_tokens": ["[IN:GET_STORIES_NEWS", "[SL:NEWS_REFERENCE", "@ptr3", "SL:NEWS_REFERENCE]", "[SL:DATE_TIME", "@ptr5", "SL:DATE_TIME]", "IN:GET_STORIES_NEWS]"]}
{"loss": 1.955224871635437, "class_log_probabilities": [-0.15742498636245728, -6.901591777801514, -7.032662391662598, -7.073824882507324], "predictions": [115, 116, 4, 4, 4, 4], "target_tokens": ["[IN:GET_TIMER", "[SL:METHOD_TIMER", "@ptr9", "SL:METHOD_TIMER]", "IN:GET_TIMER]"], "predicted_tokens": ["[IN:GET_TIMER", "IN:GET_TIMER]"]}
{"loss": 3.211003303527832, "class_log_probabilities": [-1.4500750303268433, -2.4081332683563232, -5.978384971618652, -6.367759704589844], "predictions": [251, 252, 4, 4, 4, 4], "target_tokens": ["[IN:GET_STORIES_NEWS", "[SL:DATE_TIME", "@ptr3", "SL:DATE_TIME]", "[SL:NEWS_TYPE", "@ptr4", "SL:NEWS_TYPE]", "IN:GET_STORIES_NEWS]"], "predicted_tokens": ["[IN:QUESTION_MUSIC", "IN:QUESTION_MUSIC]"]}
{"loss": 1.3794598579406738, "class_log_probabilities": [-1.977168321609497, -3.237696886062622, -3.5257678031921387, -5.072150707244873], "predictions": [39, 40, 396, 41, 56, 398, 399, 400, 401, 402, 403, 404, 405, 57, 42, 4, 4, 4], "target_tokens": ["[IN:GET_STORIES_NEWS", "[SL:NEWS_TYPE", "@ptr1", "SL:NEWS_TYPE]", "[SL:NEWS_TOPIC", "@ptr4", "@ptr5", "@ptr6", "@ptr7", "@ptr8", "@ptr9", "@ptr10", "@ptr11", "SL:NEWS_TOPIC]", "IN:GET_STORIES_NEWS]"], "predicted_tokens": ["[IN:GET_STORIES_NEWS", "[SL:NEWS_TYPE", "@ptr1", "SL:NEWS_TYPE]", "[SL:NEWS_TOPIC", "@ptr3", "@ptr4", "@ptr5", "@ptr6", "@ptr7", "@ptr8", "@ptr9", "@ptr10", "SL:NEWS_TOPIC]", "IN:GET_STORIES_NEWS]"]}
{"loss": 1.8124504089355469, "class_log_probabilities": [-0.668972373008728, -5.905742645263672, -6.249528884887695, -6.481646537780762], "predictions": [63, 64, 398, 65, 66, 400, 401, 67, 68, 4], "target_tokens": ["[IN:PLAY_MUSIC", "[SL:MUSIC_ARTIST_NAME", "@ptr5", "@ptr6", "SL:MUSIC_ARTIST_NAME]", "[SL:MUSIC_TYPE", "@ptr3", "SL:MUSIC_TYPE]", "IN:PLAY_MUSIC]"], "predicted_tokens": ["[IN:PLAY_MUSIC", "[SL:MUSIC_TYPE", "@ptr3", "SL:MUSIC_TYPE]", "[SL:MUSIC_ARTIST_NAME", "@ptr5", "@ptr6", "SL:MUSIC_ARTIST_NAME]", "IN:PLAY_MUSIC]"]}
{"loss": 3.313120126724243, "class_log_probabilities": [-0.7235718369483948, -3.5691123008728027, -5.317667007446289, -5.668431758880615], "predictions": [45, 16, 399, 400, 17, 46, 4], "target_tokens": ["[IN:CREATE_ALARM", "[SL:DATE_TIME", "@ptr3", "@ptr4", "SL:DATE_TIME]", "IN:CREATE_ALARM]"], "predicted_tokens": ["[IN:CREATE_ALARM", "[SL:DATE_TIME", "@ptr4", "@ptr5", "SL:DATE_TIME]", "IN:CREATE_ALARM]"]}
{"loss": 0.9704465270042419, "class_log_probabilities": [-0.3620104193687439, -5.949761867523193, -7.285167694091797, -7.404993057250977], "predictions": [217, 64, 401, 65, 218, 4], "target_tokens": ["[IN:GET_TRACK_INFO_MUSIC", "[SL:MUSIC_TYPE", "@ptr6", "SL:MUSIC_TYPE]", "IN:GET_TRACK_INFO_MUSIC]"], "predicted_tokens": ["[IN:GET_TRACK_INFO_MUSIC", "[SL:MUSIC_TYPE", "@ptr6", "SL:MUSIC_TYPE]", "IN:GET_TRACK_INFO_MUSIC]"]}
{"loss": 2.2443971633911133, "class_log_probabilities": [-0.7961012721061707, -3.1355626583099365, -3.3578813076019287, -5.688035011291504], "predictions": [227, 90, 397, 91, 16, 399, 400, 17, 228, 4, 4], "target_tokens": ["[IN:CREATE_TIMER", "[SL:METHOD_TIMER", "@ptr2", "SL:METHOD_TIMER]", "[SL:DATE_TIME", "@ptr3", "@ptr4", "@ptr5", "SL:DATE_TIME]", "IN:CREATE_TIMER]"], "predicted_tokens": ["[IN:UPDATE_TIMER", "[SL:METHOD_TIMER", "@ptr2", "SL:METHOD_TIMER]", "[SL:DATE_TIME", "@ptr4", "@ptr5", "SL:DATE_TIME]", "IN:UPDATE_TIMER]"]}
{"loss": 0.9922869801521301, "class_log_probabilities": [-0.4440571963787079, -2.767242908477783, -7.057566165924072, -7.674744606018066], "predictions": [287, 64, 397, 65, 288, 4], "target_tokens": ["[IN:REPLAY_MUSIC", "[SL:MUSIC_TYPE", "@ptr2", "SL:MUSIC_TYPE]", "IN:REPLAY_MUSIC]"], "predicted_tokens": ["[IN:REPLAY_MUSIC", "[SL:MUSIC_TYPE", "@ptr2", "SL:MUSIC_TYPE]", "IN:REPLAY_MUSIC]"]}
{"loss": 0.9584978818893433, "class_log_probabilities": [-0.42945510149002075, -8.005464553833008, -8.015631675720215, -8.060223579406738], "predictions": [45, 16, 398, 399, 17, 46, 4], "target_tokens": ["[IN:CREATE_ALARM", "[SL:DATE_TIME", "@ptr3", "@ptr4", "SL:DATE_TIME]", "IN:CREATE_ALARM]"], "predicted_tokens": ["[IN:CREATE_ALARM", "[SL:DATE_TIME", "@ptr3", "@ptr4", "SL:DATE_TIME]", "IN:CREATE_ALARM]"]}
{"loss": 2.1654040813446045, "class_log_probabilities": [-0.6486883759498596, -4.461534023284912, -5.466612815856934, -9.318662643432617], "predictions": [241, 64, 398, 65, 20, 399, 21, 242, 4, 4, 4, 4], "target_tokens": ["[IN:SKIP_TRACK_MUSIC", "[SL:ORDINAL", "@ptr4", "SL:ORDINAL]", "[SL:MUSIC_TYPE", "@ptr3", "SL:MUSIC_TYPE]", "IN:SKIP_TRACK_MUSIC]"], "predicted_tokens": ["[IN:SKIP_TRACK_MUSIC", "[SL:MUSIC_TYPE", "@ptr3", "SL:MUSIC_TYPE]", "[SL:ORDINAL", "@ptr4", "SL:ORDINAL]", "IN:SKIP_TRACK_MUSIC]"]}
{"loss": 0.9606328010559082, "class_log_probabilities": [-0.35793888568878174, -7.781893253326416, -7.909542083740234, -8.049819946289062], "predictions": [13, 14, 401, 15, 18, 4, 4, 4], "target_tokens": ["[IN:GET_WEATHER", "[SL:LOCATION", "@ptr6", "SL:LOCATION]", "IN:GET_WEATHER]"], "predicted_tokens": ["[IN:GET_WEATHER", "[SL:LOCATION", "@ptr6", "SL:LOCATION]", "IN:GET_WEATHER]"]}
{"loss": 1.3607618808746338, "class_log_probabilities": [-2.125014066696167, -3.748269557952881, -4.721343040466309, -4.82061243057251], "predictions": [115, 116, 4, 4, 4, 4, 4, 4], "target_tokens": ["[IN:GET_TIMER", "[SL:METHOD_TIMER", "@ptr6", "@ptr7", "@ptr8", "SL:METHOD_TIMER]", "IN:GET_TIMER]"], "predicted_tokens": ["[IN:GET_TIMER", "IN:GET_TIMER]"]}
{"loss": 0.9837837815284729, "class_log_probabilities": [-0.40694600343704224, -3.520916700363159, -5.13013219833374, -5.9590606689453125], "predictions": [45, 46, 4], "target_tokens": ["[IN:CREATE_ALARM", "IN:CREATE_ALARM]"], "predicted_tokens": ["[IN:CREATE_ALARM", "IN:CREATE_ALARM]"]}
{"loss": 3.6672959327697754, "class_log_probabilities": [-0.6067323088645935, -5.992635250091553, -6.0210490226745605, -6.208103179931641], "predictions": [45, 16, 402, 403, 404, 17, 46, 4, 4], "target_tokens": ["[IN:CREATE_TIMER", "[SL:METHOD_TIMER", "@ptr4", "SL:METHOD_TIMER]", "[SL:DATE_TIME", "@ptr7", "@ptr8", "@ptr9", "SL:DATE_TIME]", "IN:CREATE_TIMER]"], "predicted_tokens": ["[IN:CREATE_ALARM", "[SL:DATE_TIME", "@ptr7", "@ptr8", "@ptr9", "SL:DATE_TIME]", "IN:CREATE_ALARM]"]}
{"loss": 2.823599338531494, "class_log_probabilities": [-2.316817045211792, -2.3512632846832275, -2.7004098892211914, -4.336936950683594], "predictions": [39, 40, 397, 41, 42, 4, 4, 4, 4, 4], "target_tokens": ["[IN:GET_STORIES_NEWS", "[SL:NEWS_CATEGORY", "@ptr5", "SL:NEWS_CATEGORY]", "[SL:NEWS_TYPE", "@ptr2", "SL:NEWS_TYPE]", "IN:GET_STORIES_NEWS]"], "predicted_tokens": ["[IN:GET_STORIES_NEWS", "[SL:NEWS_TYPE", "@ptr2", "SL:NEWS_TYPE]", "IN:GET_STORIES_NEWS]"]}
{"loss": 0.9940196871757507, "class_log_probabilities": [-0.9131374955177307, -1.9483669996261597, -6.176435947418213, -6.783421993255615], "predictions": [45, 16, 398, 399, 400, 401, 402, 17, 46, 4, 4], "target_tokens": ["[IN:CREATE_ALARM", "[SL:DATE_TIME", "@ptr3", "@ptr4", "@ptr5", "@ptr6", "@ptr7", "SL:DATE_TIME]", "IN:CREATE_ALARM]"], "predicted_tokens": ["[IN:CREATE_ALARM", "[SL:DATE_TIME", "@ptr3", "@ptr4", "@ptr5", "@ptr6", "@ptr7", "SL:DATE_TIME]", "IN:CREATE_ALARM]"]}
{"loss": 2.0383408069610596, "class_log_probabilities": [-0.3653748035430908, -7.390909194946289, -7.432539939880371, -8.552386283874512], "predictions": [39, 40, 398, 41, 42, 4, 4, 4, 4], "target_tokens": ["[IN:GET_STORIES_NEWS", "[SL:NEWS_CATEGORY", "@ptr5", "SL:NEWS_CATEGORY]", "[SL:NEWS_TYPE", "@ptr3", "SL:NEWS_TYPE]", "IN:GET_STORIES_NEWS]"], "predicted_tokens": ["[IN:GET_STORIES_NEWS", "[SL:NEWS_TYPE", "@ptr3", "SL:NEWS_TYPE]", "IN:GET_STORIES_NEWS]"]}
{"loss": 0.979306161403656, "class_log_probabilities": [-0.49709558486938477, -4.113531589508057, -4.482234954833984, -5.272482395172119], "predictions": [255, 90, 399, 91, 256, 4], "target_tokens": ["[IN:PAUSE_TIMER", "[SL:METHOD_TIMER", "@ptr4", "SL:METHOD_TIMER]", "IN:PAUSE_TIMER]"], "predicted_tokens": ["[IN:PAUSE_TIMER", "[SL:METHOD_TIMER", "@ptr4", "SL:METHOD_TIMER]", "IN:PAUSE_TIMER]"]}
{"loss": 0.9626785516738892, "class_log_probabilities": [-0.5765087008476257, -7.179016590118408, -7.182839870452881, -7.373174667358398], "predictions": [45, 16, 398, 399, 400, 401, 402, 17, 46, 4], "target_tokens": ["[IN:CREATE_ALARM", "[SL:DATE_TIME", "@ptr3", "@ptr4", "@ptr5", "@ptr6", "@ptr7", "SL:DATE_TIME]", "IN:CREATE_ALARM]"], "predicted_tokens": ["[IN:CREATE_ALARM", "[SL:DATE_TIME", "@ptr3", "@ptr4", "@ptr5", "@ptr6", "@ptr7", "SL:DATE_TIME]", "IN:CREATE_ALARM]"]}
{"loss": 1.0282007455825806, "class_log_probabilities": [-0.643523633480072, -1.830553412437439, -5.65311861038208, -5.93395471572876], "predictions": [297, 64, 397, 65, 298, 4], "target_tokens": ["[IN:STOP_MUSIC", "[SL:MUSIC_TYPE", "@ptr2", "SL:MUSIC_TYPE]", "IN:STOP_MUSIC]"], "predicted_tokens": ["[IN:STOP_MUSIC", "[SL:MUSIC_TYPE", "@ptr2", "SL:MUSIC_TYPE]", "IN:STOP_MUSIC]"]}
{"loss": 1.2373226881027222, "class_log_probabilities": [-2.1687324047088623, -2.4284250736236572, -2.8593575954437256, -3.1706862449645996], "predictions": [273, 90, 398, 91, 274, 4], "target_tokens": ["[IN:RESTART_TIMER", "[SL:METHOD_TIMER", "@ptr2", "SL:METHOD_TIMER]", "IN:RESTART_TIMER]"], "predicted_tokens": ["[IN:RESTART_TIMER", "[SL:METHOD_TIMER", "@ptr3", "SL:METHOD_TIMER]", "IN:RESTART_TIMER]"]}
{"loss": 1.0525833368301392, "class_log_probabilities": [-1.3753139972686768, -1.7392325401306152, -3.571653127670288, -5.138081073760986], "predictions": [183, 16, 398, 399, 17, 184, 4, 4, 4, 4], "target_tokens": ["[IN:ADD_TIME_TIMER", "[SL:DATE_TIME", "@ptr3", "@ptr4", "SL:DATE_TIME]", "[SL:METHOD_TIMER", "@ptr7", "SL:METHOD_TIMER]", "IN:ADD_TIME_TIMER]"], "predicted_tokens": ["[IN:ADD_TIME_TIMER", "[SL:DATE_TIME", "@ptr3", "@ptr4", "SL:DATE_TIME]", "IN:ADD_TIME_TIMER]"]}
{"loss": 1.9009376764297485, "class_log_probabilities": [-3.1493537425994873, -3.2431063652038574, -3.6769845485687256, -3.85390305519104], "predictions": [45, 16, 398, 399, 400, 17, 249, 403, 404, 250, 46, 4, 4], "target_tokens": ["[IN:CREATE_ALARM", "[SL:DATE_TIME", "@ptr3", "@ptr4", "SL:DATE_TIME]", "[SL:ALARM_NAME", "@ptr9", "@ptr10", "@ptr11", "SL:ALARM_NAME]", "IN:CREATE_ALARM]"], "predicted_tokens": ["[IN:CREATE_ALARM", "[SL:DATE_TIME", "@ptr3", "@ptr4", "@ptr5", "SL:DATE_TIME]", "[SL:ALARM_NAME", "@ptr8", "@ptr9", "SL:ALARM_NAME]", "IN:CREATE_ALARM]"]}
{"loss": 2.647193431854248, "class_log_probabilities": [-0.8188251256942749, -3.9057836532592773, -4.676758766174316, -4.721625804901123], "predictions": [63, 64, 397, 398, 65, 66, 400, 67, 68, 4], "target_tokens": ["[IN:PLAY_MUSIC", "[SL:MUSIC_ALBUM_TITLE", "@ptr5", "SL:MUSIC_ALBUM_TITLE]", "[SL:MUSIC_TYPE", "@ptr2", "@ptr3", "SL:MUSIC_TYPE]", "IN:PLAY_MUSIC]"], "predicted_tokens": ["[IN:PLAY_MUSIC", "[SL:MUSIC_TYPE", "@ptr2", "@ptr3", "SL:MUSIC_TYPE]", "[SL:MUSIC_ARTIST_NAME", "@ptr5", "SL:MUSIC_ARTIST_NAME]", "IN:PLAY_MUSIC]"]}
{"loss": 2.145277261734009, "class_log_probabilities": [-2.8262691497802734, -5.152701377868652, -5.503320217132568, -7.282902717590332], "predictions": [105, 106, 4, 4, 4, 4, 4, 4, 4, 4, 4, 4], "target_tokens": ["[IN:GET_STORIES_NEWS", "[SL:NEWS_CATEGORY", "@ptr7", "SL:NEWS_CATEGORY]", "[SL:NEWS_TYPE", "@ptr4", "SL:NEWS_TYPE]", "IN:GET_STORIES_NEWS]"], "predicted_tokens": ["[IN:GET_INFO_CONTACT", "IN:GET_INFO_CONTACT]"]}
{"loss": 2.925348997116089, "class_log_probabilities": [-0.1893947422504425, -5.172789096832275, -6.925670623779297, -7.219015598297119], "predictions": [213, 214, 4], "target_tokens": ["[IN:SNOOZE_ALARM", "IN:SNOOZE_ALARM]"], "predicted_tokens": ["[IN:SILENCE_ALARM", "IN:SILENCE_ALARM]"]}
{"loss": 4.2292046546936035, "class_log_probabilities": [-1.8103529214859009, -3.050384044647217, -3.557446002960205, -3.5703530311584473], "predictions": [45, 16, 398, 399, 400, 17, 46, 4], "target_tokens": ["[IN:CREATE_TIMER", "[SL:METHOD_TIMER", "@ptr2", "SL:METHOD_TIMER]", "[SL:DATE_TIME", "@ptr3", "@ptr4", "SL:DATE_TIME]", "IN:CREATE_TIMER]"], "predicted_tokens": ["[IN:CREATE_ALARM", "[SL:DATE_TIME", "@ptr3", "@ptr4", "@ptr5", "SL:DATE_TIME]", "IN:CREATE_ALARM]"]}
{"loss": 2.3423244953155518, "class_log_probabilities": [-1.0344116687774658, -2.7191882133483887, -3.5274877548217773, -3.900648355484009], "predictions": [287, 64, 397, 65, 288, 4, 4, 4, 4], "target_tokens": ["[IN:REPLAY_MUSIC", "[SL:MUSIC_PLAYLIST_TITLE", "@ptr4", "SL:MUSIC_PLAYLIST_TITLE]", "[SL:MUSIC_TYPE", "@ptr2", "SL:MUSIC_TYPE]", "IN:REPLAY_MUSIC]"], "predicted_tokens": ["[IN:REPLAY_MUSIC", "[SL:MUSIC_TYPE", "@ptr2", "SL:MUSIC_TYPE]", "IN:REPLAY_MUSIC]"]}
{"loss": 1.474714994430542, "class_log_probabilities": [-0.6398623585700989, -5.994112968444824, -6.0640974044799805, -7.643758773803711], "predictions": [39, 16, 401, 17, 40, 402, 41, 42, 4], "target_tokens": ["[IN:GET_STORIES_NEWS", "[SL:NEWS_REFERENCE", "@ptr6", "SL:NEWS_REFERENCE]", "[SL:NEWS_TYPE", "@ptr7", "SL:NEWS_TYPE]", "IN:GET_STORIES_NEWS]"], "predicted_tokens": ["[IN:GET_STORIES_NEWS", "[SL:DATE_TIME", "@ptr6", "SL:DATE_TIME]", "[SL:NEWS_TYPE", "@ptr7", "SL:NEWS_TYPE]", "IN:GET_STORIES_NEWS]"]}
{"loss": 1.1823444366455078, "class_log_probabilities": [-2.270401954650879, -3.422086715698242, -4.426835060119629, -4.932319641113281], "predictions": [51, 54, 4, 4, 4, 4, 4, 4, 4], "target_tokens": ["[IN:GET_RECIPES", "[SL:RECIPES_ATTRIBUTE", "@ptr5", "SL:RECIPES_ATTRIBUTE]", "[SL:RECIPES_INCLUDED_INGREDIENT", "@ptr9", "SL:RECIPES_INCLUDED_INGREDIENT]", "IN:GET_RECIPES]"], "predicted_tokens": ["[IN:GET_RECIPES", "IN:GET_RECIPES]"]}
{"loss": 3.6913440227508545, "class_log_probabilities": [-0.14299246668815613, -7.423091411590576, -8.811298370361328, -8.919609069824219], "predictions": [51, 54, 4, 4, 4, 4], "target_tokens": ["[IN:GET_INFO_RECIPES", "[SL:METHOD_RECIPES", "@ptr4", "SL:METHOD_RECIPES]", "IN:GET_INFO_RECIPES]"], "predicted_tokens": ["[IN:GET_RECIPES", "IN:GET_RECIPES]"]}
{"loss": 1.0224751234054565, "class_log_probabilities": [-0.5659852623939514, -3.95959210395813, -5.925949573516846, -7.294250011444092], "predictions": [51, 145, 400, 146, 54, 4, 4, 4, 4], "target_tokens": ["[IN:GET_RECIPES", "[SL:RECIPES_TYPE", "@ptr5", "SL:RECIPES_TYPE]", "IN:GET_RECIPES]"], "predicted_tokens": ["[IN:GET_RECIPES", "[SL:RECIPES_TYPE", "@ptr5", "SL:RECIPES_TYPE]", "IN:GET_RECIPES]"]}
{"loss": 3.5363030433654785, "class_log_probabilities": [-2.481649398803711, -2.7851412296295166, -3.773744821548462, -4.461406707763672], "predictions": [51, 30, 4], "target_tokens": ["[IN:GET_RECIPES", "[SL:DATE_TIME", "@ptr4", "@ptr5", "@ptr6", "SL:DATE_TIME]", "IN:GET_RECIPES]"], "predicted_tokens": ["[IN:GET_RECIPES", "IN:GET_INFO_RECIPES]"]}
{"loss": 0.9857795834541321, "class_log_probabilities": [-0.47389015555381775, -5.396327018737793, -5.960771560668945, -6.584651470184326], "predictions": [27, 28, 397, 29, 52, 400, 401, 53, 30, 4, 4], "target_tokens": ["[IN:GET_INFO_RECIPES", "[SL:RECIPES_ATTRIBUTE", "@ptr2", "SL:RECIPES_ATTRIBUTE]", "[SL:RECIPES_DISH", "@ptr5", "@ptr6", "SL:RECIPES_DISH]", "IN:GET_INFO_RECIPES]"], "predicted_tokens": ["[IN:GET_INFO_RECIPES", "[SL:RECIPES_ATTRIBUTE", "@ptr2", "SL:RECIPES_ATTRIBUTE]", "[SL:RECIPES_DISH", "@ptr5", "@ptr6", "SL:RECIPES_DISH]", "IN:GET_INFO_RECIPES]"]}
{"loss": 0.9867731332778931, "class_log_probabilities": [-0.7398636341094971, -2.5923044681549072, -5.453038692474365, -5.670370578765869], "predictions": [51, 52, 399, 400, 401, 53, 54, 4, 4, 4, 4], "target_tokens": ["[IN:GET_RECIPES", "[SL:RECIPES_DISH", "@ptr4", "@ptr5", "@ptr6", "SL:RECIPES_DISH]", "IN:GET_RECIPES]"], "predicted_tokens": ["[IN:GET_RECIPES", "[SL:RECIPES_DISH", "@ptr4", "@ptr5", "@ptr6", "SL:RECIPES_DISH]", "IN:GET_RECIPES]"]}
{"loss": 1.0326836109161377, "class_log_probabilities": [-1.2232656478881836, -1.4862604141235352, -3.9830074310302734, -4.015617847442627], "predictions": [27, 28, 397, 29, 52, 400, 401, 402, 403, 53, 30, 4], "target_tokens": ["[IN:GET_INFO_RECIPES", "[SL:RECIPES_ATTRIBUTE", "@ptr2", "SL:RECIPES_ATTRIBUTE]", "[SL:RECIPES_DISH", "@ptr5", "@ptr6", "@ptr7", "@ptr8", "SL:RECIPES_DISH]", "IN:GET_INFO_RECIPES]"], "predicted_tokens": ["[IN:GET_INFO_RECIPES", "[SL:RECIPES_ATTRIBUTE", "@ptr2", "SL:RECIPES_ATTRIBUTE]", "[SL:RECIPES_DISH", "@ptr5", "@ptr6", "@ptr7", "@ptr8", "SL:RECIPES_DISH]", "IN:GET_INFO_RECIPES]"]}
{"loss": 2.338853359222412, "class_log_probabilities": [-1.0063995122909546, -1.8191766738891602, -5.251305103302002, -5.325056076049805], "predictions": [27, 52, 401, 402, 403, 404, 53, 30, 4], "target_tokens": ["[IN:GET_RECIPES", "[SL:RECIPES_DISH", "@ptr7", "@ptr8", "@ptr9", "SL:RECIPES_DISH]", "IN:GET_RECIPES]"], "predicted_tokens": ["[IN:GET_INFO_RECIPES", "[SL:RECIPES_DISH", "@ptr6", "@ptr7", "@ptr8", "@ptr9", "SL:RECIPES_DISH]", "IN:GET_INFO_RECIPES]"]}
{"loss": 1.7157610654830933, "class_log_probabilities": [-0.7121809720993042, -6.270179271697998, -7.004191875457764, -7.0342488288879395], "predictions": [51, 289, 398, 290, 285, 401, 286, 54, 4, 4, 4, 4], "target_tokens": ["[IN:GET_RECIPES", "[SL:RECIPES_ATTRIBUTE", "@ptr3", "SL:RECIPES_ATTRIBUTE]", "[SL:RECIPES_MEAL", "@ptr6", "SL:RECIPES_MEAL]", "IN:GET_RECIPES]"], "predicted_tokens": ["[IN:GET_RECIPES", "[SL:RECIPES_RATING", "@ptr3", "SL:RECIPES_RATING]", "[SL:RECIPES_MEAL", "@ptr6", "SL:RECIPES_MEAL]", "IN:GET_RECIPES]"]}
{"loss": 3.3390491008758545, "class_log_probabilities": [-2.1712372303009033, -2.191648483276367, -4.0636725425720215, -4.916743278503418], "predictions": [27, 28, 395, 396, 397, 29, 113, 402, 114, 129, 404, 130, 30, 4], "target_tokens": ["[IN:GET_INFO_RECIPES", "[SL:RECIPES_INCLUDED_INGREDIENT", "@ptr9", "SL:RECIPES_INCLUDED_INGREDIENT]", "IN:GET_INFO_RECIPES]"], "predicted_tokens": ["[IN:GET_INFO_RECIPES", "[SL:RECIPES_ATTRIBUTE", "@ptr0", "@ptr1", "@ptr2", "SL:RECIPES_ATTRIBUTE]", "[SL:RECIPES_COOKING_METHOD", "@ptr7", "SL:RECIPES_COOKING_METHOD]", "[SL:RECIPES_INCLUDED_INGREDIENT", "@ptr9", "SL:RECIPES_INCLUDED_INGREDIENT]", "IN:GET_INFO_RECIPES]"]}
{"loss": 2.2724995613098145, "class_log_probabilities": [-5.185163497924805, -6.91977596282959, -24.320791244506836, -25.81901741027832], "predictions": [51, 129, 401, 402, 130, 129, 408, 405, 130, 54, 4, 4, 4, 4, 4, 4, 4, 4, 4, 4, 4, 4, 4, 4, 4, 4, 4, 4, 4, 4, 4, 4, 4, 4, 4], "target_tokens": ["[IN:GET_RECIPES", "[SL:RECIPES_INCLUDED_INGREDIENT", "@ptr7", "SL:RECIPES_INCLUDED_INGREDIENT]", "[SL:RECIPES_INCLUDED_INGREDIENT", "@ptr10", "SL:RECIPES_INCLUDED_INGREDIENT]", "[SL:RECIPES_INCLUDED_INGREDIENT", "@ptr13", "@ptr14", "@ptr15", "@ptr16", "SL:RECIPES_INCLUDED_INGREDIENT]", "IN:GET_RECIPES]"], "predicted_tokens": ["[IN:GET_RECIPES", "[SL:RECIPES_INCLUDED_INGREDIENT", "@ptr6", "@ptr7", "SL:RECIPES_INCLUDED_INGREDIENT]", "[SL:RECIPES_INCLUDED_INGREDIENT", "@ptr13", "@ptr10", "SL:RECIPES_INCLUDED_INGREDIENT]", "IN:GET_RECIPES]"]}
{"loss": 0.9662650227546692, "class_log_probabilities": [-0.4468041956424713, -4.882191181182861, -5.9485931396484375, -6.786455154418945], "predictions": [51, 52, 398, 399, 53, 54, 4], "target_tokens": ["[IN:GET_RECIPES", "[SL:RECIPES_DISH", "@ptr3", "@ptr4", "SL:RECIPES_DISH]", "IN:GET_RECIPES]"], "predicted_tokens": ["[IN:GET_RECIPES", "[SL:RECIPES_DISH", "@ptr3", "@ptr4", "SL:RECIPES_DISH]", "IN:GET_RECIPES]"]}
{"loss": 1.0329393148422241, "class_log_probabilities": [-1.6675934791564941, -2.7060470581054688, -4.877892971038818, -4.917254447937012], "predictions": [27, 28, 396, 29, 52, 405, 53, 30, 4, 4, 4, 4], "target_tokens": ["[IN:GET_INFO_RECIPES", "[SL:RECIPES_ATTRIBUTE", "@ptr1", "SL:RECIPES_ATTRIBUTE]", "[SL:RECIPES_DISH", "@ptr10", "SL:RECIPES_DISH]", "IN:GET_INFO_RECIPES]"], "predicted_tokens": ["[IN:GET_INFO_RECIPES", "[SL:RECIPES_ATTRIBUTE", "@ptr1", "SL:RECIPES_ATTRIBUTE]", "[SL:RECIPES_DISH", "@ptr10", "SL:RECIPES_DISH]", "IN:GET_INFO_RECIPES]"]}
{"loss": 2.4852817058563232, "class_log_probabilities": [-1.0292073488235474, -1.272130012512207, -3.6744534969329834, -5.928810119628906], "predictions": [51, 129, 400, 130, 129, 402, 403, 130, 54, 4], "target_tokens": ["[IN:IS_TRUE_RECIPES", "[SL:RECIPES_INCLUDED_INGREDIENT", "@ptr5", "SL:RECIPES_INCLUDED_INGREDIENT]", "[SL:RECIPES_INCLUDED_INGREDIENT", "@ptr8", "SL:RECIPES_INCLUDED_INGREDIENT]", "[SL:METHOD_RECIPES", "@ptr11", "SL:METHOD_RECIPES]", "IN:IS_TRUE_RECIPES]"], "predicted_tokens": ["[IN:GET_RECIPES", "[SL:RECIPES_INCLUDED_INGREDIENT", "@ptr5", "SL:RECIPES_INCLUDED_INGREDIENT]", "[SL:RECIPES_INCLUDED_INGREDIENT", "@ptr7", "@ptr8", "SL:RECIPES_INCLUDED_INGREDIENT]", "IN:GET_RECIPES]"]}
{"loss": 2.2371819019317627, "class_log_probabilities": [-0.5989214777946472, -4.132405757904053, -5.137484073638916, -5.634913921356201], "predictions": [27, 129, 396, 130, 52, 404, 53, 30, 4, 4, 4, 4], "target_tokens": ["[IN:IS_TRUE_RECIPES", "[SL:RECIPES_INCLUDED_INGREDIENT", "@ptr1", "SL:RECIPES_INCLUDED_INGREDIENT]", "[SL:RECIPES_DISH", "@ptr9", "SL:RECIPES_DISH]", "IN:IS_TRUE_RECIPES]"], "predicted_tokens": ["[IN:GET_INFO_RECIPES", "[SL:RECIPES_INCLUDED_INGREDIENT", "@ptr1", "SL:RECIPES_INCLUDED_INGREDIENT]", "[SL:RECIPES_DISH", "@ptr9", "SL:RECIPES_DISH]", "IN:GET_INFO_RECIPES]"]}
{"loss": 2.2470409870147705, "class_log_probabilities": [-1.6887390613555908, -4.926577091217041, -4.94779109954834, -5.861268043518066], "predictions": [51, 52, 402, 53, 54, 4, 4, 4, 4], "target_tokens": ["[IN:GET_RECIPES", "[SL:RECIPES_COOKING_METHOD", "@ptr7", "SL:RECIPES_COOKING_METHOD]", "IN:GET_RECIPES]"], "predicted_tokens": ["[IN:GET_RECIPES", "[SL:RECIPES_DISH", "@ptr7", "SL:RECIPES_DISH]", "IN:GET_RECIPES]"]}
{"loss": 0.9854707717895508, "class_log_probabilities": [-0.6368443369865417, -3.7411153316497803, -4.645989418029785, -5.07706356048584], "predictions": [51, 52, 400, 401, 402, 53, 54, 4, 4, 4, 4], "target_tokens": ["[IN:GET_RECIPES", "[SL:RECIPES_DISH", "@ptr5", "@ptr6", "@ptr7", "SL:RECIPES_DISH]", "IN:GET_RECIPES]"], "predicted_tokens": ["[IN:GET_RECIPES", "[SL:RECIPES_DISH", "@ptr5", "@ptr6", "@ptr7", "SL:RECIPES_DISH]", "IN:GET_RECIPES]"]}
{"loss": 1.8905093669891357, "class_log_probabilities": [-2.9250106811523438, -3.4922962188720703, -4.3417534828186035, -4.580006122589111], "predictions": [27, 28, 397, 29, 28, 397, 29, 52, 405, 53, 30, 4, 4], "target_tokens": ["[IN:GET_INFO_RECIPES", "[SL:RECIPES_ATTRIBUTE", "@ptr2", "SL:RECIPES_ATTRIBUTE]", "[SL:RECIPES_DISH", "@ptr10", "@ptr11", "@ptr12", "SL:RECIPES_DISH]", "IN:GET_INFO_RECIPES]"], "predicted_tokens": ["[IN:GET_INFO_RECIPES", "[SL:RECIPES_ATTRIBUTE", "@ptr2", "SL:RECIPES_ATTRIBUTE]", "[SL:RECIPES_ATTRIBUTE", "@ptr2", "SL:RECIPES_ATTRIBUTE]", "[SL:RECIPES_DISH", "@ptr10", "SL:RECIPES_DISH]", "IN:GET_INFO_RECIPES]"]}
{"loss": 3.5949807167053223, "class_log_probabilities": [-2.491591215133667, -2.571308135986328, -4.736337661743164, -7.2681097984313965], "predictions": [27, 52, 399, 53, 129, 401, 402, 403, 130, 30, 4, 4, 4, 4], "target_tokens": ["[IN:GET_RECIPES", "[SL:RECIPES_ATTRIBUTE", "@ptr9", "SL:RECIPES_ATTRIBUTE]", "[SL:RECIPES_ATTRIBUTE", "@ptr11", "SL:RECIPES_ATTRIBUTE]", "[SL:RECIPES_DISH", "@ptr4", "@ptr5", "@ptr6", "@ptr7", "@ptr8", "SL:RECIPES_DISH]", "IN:GET_RECIPES]"], "predicted_tokens": ["[IN:GET_INFO_RECIPES", "[SL:RECIPES_DISH", "@ptr4", "SL:RECIPES_DISH]", "[SL:RECIPES_INCLUDED_INGREDIENT", "@ptr6", "@ptr7", "@ptr8", "SL:RECIPES_INCLUDED_INGREDIENT]", "IN:GET_INFO_RECIPES]"]}
{"loss": 3.479008674621582, "class_log_probabilities": [-0.8925310373306274, -2.6413230895996094, -4.482026100158691, -5.282227993011475], "predictions": [51, 52, 398, 399, 53, 145, 400, 146, 54, 4], "target_tokens": ["[IN:GET_RECIPES", "[SL:RECIPES_TYPE", "@ptr5", "SL:RECIPES_TYPE]", "[SL:RECIPES_DISH", "@ptr4", "SL:RECIPES_DISH]", "IN:GET_RECIPES]"], "predicted_tokens": ["[IN:GET_RECIPES", "[SL:RECIPES_DISH", "@ptr3", "@ptr4", "SL:RECIPES_DISH]", "[SL:RECIPES_TYPE", "@ptr5", "SL:RECIPES_TYPE]", "IN:GET_RECIPES]"]}
{"loss": 0.9683344960212708, "class_log_probabilities": [-0.4463857412338257, -5.2316083908081055, -5.774012565612793, -6.11348295211792], "predictions": [51, 52, 398, 53, 54, 4, 4, 4, 4], "target_tokens": ["[IN:GET_RECIPES", "[SL:RECIPES_DISH", "@ptr3", "SL:RECIPES_DISH]", "IN:GET_RECIPES]"], "predicted_tokens": ["[IN:GET_RECIPES", "[SL:RECIPES_DISH", "@ptr3", "SL:RECIPES_DISH]", "IN:GET_RECIPES]"]}
{"loss": 1.1848558187484741, "class_log_probabilities": [-1.9374322891235352, -2.8394532203674316, -3.112853765487671, -4.0488433837890625], "predictions": [51, 52, 397, 398, 53, 129, 399, 400, 130, 54, 4], "target_tokens": ["[IN:GET_RECIPES", "[SL:RECIPES_DISH", "@ptr2", "@ptr3", "@ptr4", "@ptr5", "SL:RECIPES_DISH]", "IN:GET_RECIPES]"], "predicted_tokens": ["[IN:GET_RECIPES", "[SL:RECIPES_DISH", "@ptr2", "@ptr3", "SL:RECIPES_DISH]", "[SL:RECIPES_INCLUDED_INGREDIENT", "@ptr4", "@ptr5", "SL:RECIPES_INCLUDED_INGREDIENT]", "IN:GET_RECIPES]"]}
{"loss": 1.0620067119598389, "class_log_probabilities": [-1.833727240562439, -2.853663444519043, -3.20121169090271, -3.2362074851989746], "predictions": [165, 52, 399, 53, 113, 401, 402, 114, 166, 4], "target_tokens": ["[IN:IS_TRUE_RECIPES", "[SL:RECIPES_DISH", "@ptr4", "SL:RECIPES_DISH]", "[SL:RECIPES_COOKING_METHOD", "@ptr6", "@ptr7", "SL:RECIPES_COOKING_METHOD]", "IN:IS_TRUE_RECIPES]"], "predicted_tokens": ["[IN:IS_TRUE_RECIPES", "[SL:RECIPES_DISH", "@ptr4", "SL:RECIPES_DISH]", "[SL:RECIPES_COOKING_METHOD", "@ptr6", "@ptr7", "SL:RECIPES_COOKING_METHOD]", "IN:IS_TRUE_RECIPES]"]}
{"loss": 1.3894400596618652, "class_log_probabilities": [-1.3267666101455688, -3.0666708946228027, -3.6250040531158447, -5.161769390106201], "predictions": [51, 54, 4, 4, 4, 4], "target_tokens": ["[IN:GET_RECIPES", "[SL:RECIPES_TYPE", "@ptr4", "SL:RECIPES_TYPE]", "IN:GET_RECIPES]"], "predicted_tokens": ["[IN:GET_RECIPES", "IN:GET_RECIPES]"]}
{"loss": 1.6424410343170166, "class_log_probabilities": [-0.5091305375099182, -4.489245414733887, -5.390925884246826, -6.257927894592285], "predictions": [165, 52, 399, 53, 129, 401, 130, 166, 4], "target_tokens": ["[IN:IS_TRUE_RECIPES", "[SL:RECIPES_DISH", "@ptr4", "SL:RECIPES_DISH]", "[SL:RECIPES_EXCLUDED_INGREDIENT", "@ptr6", "SL:RECIPES_EXCLUDED_INGREDIENT]", "IN:IS_TRUE_RECIPES]"], "predicted_tokens": ["[IN:IS_TRUE_RECIPES", "[SL:RECIPES_DISH", "@ptr4", "SL:RECIPES_DISH]", "[SL:RECIPES_INCLUDED_INGREDIENT", "@ptr6", "SL:RECIPES_INCLUDED_INGREDIENT]", "IN:IS_TRUE_RECIPES]"]}
{"loss": 0.9922127723693848, "class_log_probabilities": [-0.8022207021713257, -4.255485534667969, -4.28717565536499, -5.285941123962402], "predictions": [27, 28, 398, 29, 52, 400, 401, 402, 403, 53, 30, 4], "target_tokens": ["[IN:GET_INFO_RECIPES", "[SL:RECIPES_ATTRIBUTE", "@ptr3", "SL:RECIPES_ATTRIBUTE]", "[SL:RECIPES_DISH", "@ptr5", "@ptr6", "@ptr7", "@ptr8", "SL:RECIPES_DISH]", "IN:GET_INFO_RECIPES]"], "predicted_tokens": ["[IN:GET_INFO_RECIPES", "[SL:RECIPES_ATTRIBUTE", "@ptr3", "SL:RECIPES_ATTRIBUTE]", "[SL:RECIPES_DISH", "@ptr5", "@ptr6", "@ptr7", "@ptr8", "SL:RECIPES_DISH]", "IN:GET_INFO_RECIPES]"]}
{"loss": 1.98139488697052, "class_log_probabilities": [-1.0913567543029785, -3.658510684967041, -4.382687091827393, -4.398107051849365], "predictions": [51, 52, 398, 53, 129, 400, 401, 130, 54, 4], "target_tokens": ["[IN:GET_RECIPES", "[SL:RECIPES_DISH", "@ptr3", "@ptr4", "@ptr5", "@ptr6", "SL:RECIPES_DISH]", "IN:GET_RECIPES]"], "predicted_tokens": ["[IN:GET_RECIPES", "[SL:RECIPES_DISH", "@ptr3", "SL:RECIPES_DISH]", "[SL:RECIPES_INCLUDED_INGREDIENT", "@ptr5", "@ptr6", "SL:RECIPES_INCLUDED_INGREDIENT]", "IN:GET_RECIPES]"]}
{"loss": 1.2766187191009521, "class_log_probabilities": [-1.769370436668396, -2.7409138679504395, -3.332798480987549, -3.448315143585205], "predictions": [27, 30, 4, 4, 4, 4, 4, 4, 4, 4], "target_tokens": ["[IN:GET_INFO_RECIPES", "[SL:RECIPES_INCLUDED_INGREDIENT", "@ptr4", "@ptr5", "@ptr6", "SL:RECIPES_INCLUDED_INGREDIENT]", "IN:GET_INFO_RECIPES]"], "predicted_tokens": ["[IN:GET_INFO_RECIPES", "IN:GET_INFO_RECIPES]"]}
{"loss": 0.9700149297714233, "class_log_probabilities": [-0.3814094364643097, -6.1003499031066895, -6.339939117431641, -7.092502593994141], "predictions": [51, 52, 398, 399, 53, 54, 4], "target_tokens": ["[IN:GET_RECIPES", "[SL:RECIPES_DISH", "@ptr3", "@ptr4", "SL:RECIPES_DISH]", "IN:GET_RECIPES]"], "predicted_tokens": ["[IN:GET_RECIPES", "[SL:RECIPES_DISH", "@ptr3", "@ptr4", "SL:RECIPES_DISH]", "IN:GET_RECIPES]"]}
{"loss": 4.112141132354736, "class_log_probabilities": [-1.9089213609695435, -2.415774345397949, -2.5051681995391846, -3.9689908027648926], "predictions": [27, 129, 398, 399, 130, 113, 400, 114, 30, 4], "target_tokens": ["[IN:GET_RECIPES", "[SL:RECIPES_DISH", "@ptr4", "@ptr5", "SL:RECIPES_DISH]", "IN:GET_RECIPES]"], "predicted_tokens": ["[IN:GET_INFO_RECIPES", "[SL:RECIPES_INCLUDED_INGREDIENT", "@ptr3", "@ptr4", "SL:RECIPES_INCLUDED_INGREDIENT]", "[SL:RECIPES_COOKING_METHOD", "@ptr5", "SL:RECIPES_COOKING_METHOD]", "IN:GET_INFO_RECIPES]"]}
{"loss": 1.7366846799850464, "class_log_probabilities": [-1.9538646936416626, -2.172905445098877, -2.756887912750244, -3.520536184310913], "predictions": [51, 289, 398, 290, 129, 401, 130, 113, 404, 114, 54, 4], "target_tokens": ["[IN:GET_RECIPES", "[SL:RECIPES_RATING", "@ptr3", "SL:RECIPES_RATING]", "[SL:RECIPES_DISH", "@ptr6", "SL:RECIPES_DISH]", "[SL:RECIPES_COOKING_METHOD", "@ptr9", "SL:RECIPES_COOKING_METHOD]", "IN:GET_RECIPES]"], "predicted_tokens": ["[IN:GET_RECIPES", "[SL:RECIPES_RATING", "@ptr3", "SL:RECIPES_RATING]", "[SL:RECIPES_INCLUDED_INGREDIENT", "@ptr6", "SL:RECIPES_INCLUDED_INGREDIENT]", "[SL:RECIPES_COOKING_METHOD", "@ptr9", "SL:RECIPES_COOKING_METHOD]", "IN:GET_RECIPES]"]}
{"loss": 0.9658411145210266, "class_log_probabilities": [-0.3483324348926544, -7.509556293487549, -7.616551399230957, -8.05747127532959], "predictions": [51, 52, 399, 53, 54, 4, 4], "target_tokens": ["[IN:GET_RECIPES", "[SL:RECIPES_DISH", "@ptr4", "SL:RECIPES_DISH]", "IN:GET_RECIPES]"], "predicted_tokens": ["[IN:GET_RECIPES", "[SL:RECIPES_DISH", "@ptr4", "SL:RECIPES_DISH]", "IN:GET_RECIPES]"]}
{"loss": 1.2424355745315552, "class_log_probabilities": [-2.4956154823303223, -2.6579079627990723, -3.0044143199920654, -3.5840487480163574], "predictions": [27, 129, 402, 403, 130, 30, 4], "target_tokens": ["[IN:GET_INFO_RECIPES", "[SL:RECIPES_DISH", "@ptr7", "@ptr8", "SL:RECIPES_DISH]", "IN:GET_INFO_RECIPES]"], "predicted_tokens": ["[IN:GET_INFO_RECIPES", "[SL:RECIPES_INCLUDED_INGREDIENT", "@ptr7", "@ptr8", "SL:RECIPES_INCLUDED_INGREDIENT]", "IN:GET_INFO_RECIPES]"]}
{"loss": 2.51509952545166, "class_log_probabilities": [-0.9416611194610596, -3.8208413124084473, -5.109910488128662, -5.311788082122803], "predictions": [51, 52, 397, 53, 113, 398, 114, 54, 4], "target_tokens": ["[IN:GET_RECIPES", "[SL:RECIPES_COOKING_METHOD", "@ptr3", "SL:RECIPES_COOKING_METHOD]", "[SL:RECIPES_DISH", "@ptr2", "SL:RECIPES_DISH]", "IN:GET_RECIPES]"], "predicted_tokens": ["[IN:GET_RECIPES", "[SL:RECIPES_DISH", "@ptr2", "SL:RECIPES_DISH]", "[SL:RECIPES_COOKING_METHOD", "@ptr3", "SL:RECIPES_COOKING_METHOD]", "IN:GET_RECIPES]"]}
{"loss": 3.2531678676605225, "class_log_probabilities": [-0.2841694951057434, -5.764657974243164, -6.249086856842041, -6.547250747680664], "predictions": [27, 30, 4, 4, 4, 4, 4, 4, 4], "target_tokens": ["[IN:GET_RECIPES", "[SL:RECIPES_DISH", "@ptr9", "SL:RECIPES_DISH]", "IN:GET_RECIPES]"], "predicted_tokens": ["[IN:GET_INFO_RECIPES", "IN:GET_INFO_RECIPES]"]}
{"loss": 3.8472354412078857, "class_log_probabilities": [-1.334454894065857, -1.9656134843826294, -4.567144393920898, -6.434964656829834], "predictions": [23, 24, 400, 401, 25, 10, 404, 11, 26, 4, 4, 4, 4], "target_tokens": ["[IN:SEND_MESSAGE", "[SL:RECIPIENT", "@ptr7", "SL:RECIPIENT]", "[SL:RECIPIENT", "@ptr9", "SL:RECIPIENT]", "[SL:RECIPIENT", "@ptr11", "SL:RECIPIENT]", "[SL:CONTENT_EXACT", "@ptr4", "@ptr5", "SL:CONTENT_EXACT]", "IN:SEND_MESSAGE]"], "predicted_tokens": ["[IN:SEND_MESSAGE", "[SL:CONTENT_EXACT", "@ptr5", "@ptr6", "SL:CONTENT_EXACT]", "[SL:RECIPIENT", "@ptr9", "SL:RECIPIENT]", "IN:SEND_MESSAGE]"]}
{"loss": 1.0734788179397583, "class_log_probabilities": [-1.8974496126174927, -2.404209852218628, -3.787177562713623, -4.040266990661621], "predictions": [23, 10, 70, 93, 402, 94, 71, 404, 72, 73, 11, 26, 4], "target_tokens": ["[IN:SEND_MESSAGE", "[SL:RECIPIENT", "[IN:GET_CONTACT", "[SL:CONTACT_RELATED", "@ptr7", "SL:CONTACT_RELATED]", "[SL:TYPE_RELATION", "@ptr8", "SL:TYPE_RELATION]", "IN:GET_CONTACT]", "SL:RECIPIENT]", "IN:SEND_MESSAGE]"], "predicted_tokens": ["[IN:SEND_MESSAGE", "[SL:RECIPIENT", "[IN:GET_CONTACT", "[SL:CONTACT_RELATED", "@ptr7", "SL:CONTACT_RELATED]", "[SL:TYPE_RELATION", "@ptr9", "SL:TYPE_RELATION]", "IN:GET_CONTACT]", "SL:RECIPIENT]", "IN:SEND_MESSAGE]"]}
{"loss": 1.4687930345535278, "class_log_probabilities": [-3.0448508262634277, -3.307417154312134, -3.3785810470581055, -3.626892328262329], "predictions": [23, 10, 70, 93, 400, 94, 71, 400, 72, 73, 11, 26, 4, 4, 4], "target_tokens": ["[IN:SEND_MESSAGE", "[SL:RECIPIENT", "[IN:GET_CONTACT", "[SL:CONTACT_RELATED", "@ptr4", "SL:CONTACT_RELATED]", "[SL:TYPE_RELATION", "@ptr5", "@ptr6", "@ptr7", "SL:TYPE_RELATION]", "IN:GET_CONTACT]", "SL:RECIPIENT]", "IN:SEND_MESSAGE]"], "predicted_tokens": ["[IN:SEND_MESSAGE", "[SL:RECIPIENT", "[IN:GET_CONTACT", "[SL:CONTACT_RELATED", "@ptr5", "SL:CONTACT_RELATED]", "[SL:TYPE_RELATION", "@ptr5", "SL:TYPE_RELATION]", "IN:GET_CONTACT]", "SL:RECIPIENT]", "IN:SEND_MESSAGE]"]}
{"loss": 2.1579084396362305, "class_log_probabilities": [-2.4492902755737305, -2.693194627761841, -3.2454440593719482, -3.2477855682373047], "predictions": [23, 8, 400, 9, 10, 70, 93, 402, 94, 71, 404, 72, 73, 11, 26, 4, 4], "target_tokens": ["[IN:SEND_MESSAGE", "[SL:RECIPIENT", "[IN:GET_CONTACT", "[SL:CONTACT_RELATED", "@ptr7", "SL:CONTACT_RELATED]", "[SL:TYPE_RELATION", "@ptr8", "@ptr9", "@ptr10", "SL:TYPE_RELATION]", "IN:GET_CONTACT]", "SL:RECIPIENT]", "[SL:TYPE_CONTENT", "@ptr5", "SL:TYPE_CONTENT]", "IN:SEND_MESSAGE]"], "predicted_tokens": ["[IN:SEND_MESSAGE", "[SL:TYPE_CONTENT", "@ptr5", "SL:TYPE_CONTENT]", "[SL:RECIPIENT", "[IN:GET_CONTACT", "[SL:CONTACT_RELATED", "@ptr7", "SL:CONTACT_RELATED]", "[SL:TYPE_RELATION", "@ptr9", "SL:TYPE_RELATION]", "IN:GET_CONTACT]", "SL:RECIPIENT]", "IN:SEND_MESSAGE]"]}
{"loss": 1.036652684211731, "class_log_probabilities": [-1.375051498413086, -2.9737894535064697, -3.7611923217773438, -5.212096214294434], "predictions": [23, 10, 402, 11, 10, 404, 11, 26, 4], "target_tokens": ["[IN:SEND_MESSAGE", "[SL:RECIPIENT", "@ptr7", "SL:RECIPIENT]", "[SL:RECIPIENT", "@ptr9", "SL:RECIPIENT]", "IN:SEND_MESSAGE]"], "predicted_tokens": ["[IN:SEND_MESSAGE", "[SL:RECIPIENT", "@ptr7", "SL:RECIPIENT]", "[SL:RECIPIENT", "@ptr9", "SL:RECIPIENT]", "IN:SEND_MESSAGE]"]}
{"loss": 1.9831377267837524, "class_log_probabilities": [-2.040113925933838, -2.9810032844543457, -3.793710947036743, -3.878995656967163], "predictions": [23, 8, 398, 9, 10, 400, 11, 10, 402, 11, 26, 4, 4, 4, 4], "target_tokens": ["[IN:SEND_MESSAGE", "[SL:TYPE_CONTENT", "@ptr2", "SL:TYPE_CONTENT]", "[SL:RECIPIENT", "@ptr4", "SL:RECIPIENT]", "[SL:RECIPIENT", "@ptr6", "SL:RECIPIENT]", "[SL:RECIPIENT", "@ptr8", "SL:RECIPIENT]", "IN:SEND_MESSAGE]"], "predicted_tokens": ["[IN:SEND_MESSAGE", "[SL:TYPE_CONTENT", "@ptr3", "SL:TYPE_CONTENT]", "[SL:RECIPIENT", "@ptr5", "SL:RECIPIENT]", "[SL:RECIPIENT", "@ptr7", "SL:RECIPIENT]", "IN:SEND_MESSAGE]"]}
{"loss": 1.4359532594680786, "class_log_probabilities": [-4.106855392456055, -4.109421730041504, -4.460278511047363, -6.058897495269775], "predictions": [23, 8, 399, 9, 10, 401, 11, 10, 404, 11, 10, 406, 11, 26, 4, 4, 4, 4, 4, 4, 4], "target_tokens": ["[IN:SEND_MESSAGE", "[SL:TYPE_CONTENT", "@ptr4", "SL:TYPE_CONTENT]", "[SL:RECIPIENT", "@ptr6", "SL:RECIPIENT]", "[SL:RECIPIENT", "@ptr8", "SL:RECIPIENT]", "[SL:RECIPIENT", "@ptr10", "@ptr11", "SL:RECIPIENT]", "IN:SEND_MESSAGE]"], "predicted_tokens": ["[IN:SEND_MESSAGE", "[SL:TYPE_CONTENT", "@ptr4", "SL:TYPE_CONTENT]", "[SL:RECIPIENT", "@ptr6", "SL:RECIPIENT]", "[SL:RECIPIENT", "@ptr9", "SL:RECIPIENT]", "[SL:RECIPIENT", "@ptr11", "SL:RECIPIENT]", "IN:SEND_MESSAGE]"]}
{"loss": 1.6203339099884033, "class_log_probabilities": [-1.7745610475540161, -2.125159502029419, -3.3851826190948486, -4.03945255279541], "predictions": [23, 269, 403, 404, 405, 406, 25, 26, 4], "target_tokens": ["[IN:SEND_MESSAGE", "[SL:GROUP", "@ptr9", "@ptr10", "@ptr11", "SL:GROUP]", "IN:SEND_MESSAGE]"], "predicted_tokens": ["[IN:SEND_MESSAGE", "[SL:GROUP", "@ptr8", "@ptr9", "@ptr10", "@ptr11", "SL:CONTENT_EXACT]", "IN:SEND_MESSAGE]"]}
{"loss": 3.7418739795684814, "class_log_probabilities": [-5.583501815795898, -6.674704551696777, -7.270968437194824, -7.2925238609313965], "predictions": [23, 269, 403, 404, 405, 406, 11, 26, 4, 4, 4, 4, 4], "target_tokens": ["[IN:SEND_MESSAGE", "[SL:GROUP", "@ptr9", "@ptr10", "@ptr11", "@ptr12", "@ptr13", "SL:GROUP]", "IN:SEND_MESSAGE]"], "predicted_tokens": ["[IN:SEND_MESSAGE", "[SL:GROUP", "@ptr8", "@ptr9", "@ptr10", "@ptr11", "SL:RECIPIENT]", "IN:SEND_MESSAGE]"]}
{"loss": 1.3318328857421875, "class_log_probabilities": [-1.128260612487793, -4.026291370391846, -4.523746967315674, -4.814169883728027], "predictions": [5, 8, 398, 9, 10, 400, 11, 12, 4], "target_tokens": ["[IN:GET_MESSAGE", "[SL:TYPE_CONTENT", "@ptr3", "SL:TYPE_CONTENT]", "[SL:SENDER", "@ptr5", "SL:SENDER]", "IN:GET_MESSAGE]"], "predicted_tokens": ["[IN:GET_MESSAGE", "[SL:TYPE_CONTENT", "@ptr3", "SL:TYPE_CONTENT]", "[SL:RECIPIENT", "@ptr5", "SL:RECIPIENT]", "IN:GET_MESSAGE]"]}
{"loss": 1.0284439325332642, "class_log_probabilities": [-1.0991106033325195, -2.6078293323516846, -4.464431285858154, -5.0253071784973145], "predictions": [5, 59, 401, 60, 12, 4], "target_tokens": ["[IN:GET_MESSAGE", "[SL:SENDER", "@ptr6", "SL:SENDER]", "IN:GET_MESSAGE]"], "predicted_tokens": ["[IN:GET_MESSAGE", "[SL:SENDER", "@ptr6", "SL:SENDER]", "IN:GET_MESSAGE]"]}
{"loss": 2.7756664752960205, "class_log_probabilities": [-0.786932110786438, -4.095075607299805, -5.838127613067627, -5.9849958419799805], "predictions": [23, 76, 402, 77, 10, 404, 11, 26, 4, 4, 4, 4], "target_tokens": ["[IN:SEND_MESSAGE", "[SL:CONTACT", "@ptr9", "SL:CONTACT]", "[SL:NAME_APP", "@ptr7", "SL:NAME_APP]", "IN:SEND_MESSAGE]"], "predicted_tokens": ["[IN:SEND_MESSAGE", "[SL:NAME_APP", "@ptr7", "SL:NAME_APP]", "[SL:RECIPIENT", "@ptr9", "SL:RECIPIENT]", "IN:SEND_MESSAGE]"]}
{"loss": 0.993537962436676, "class_log_probabilities": [-0.6235388517379761, -5.576494216918945, -5.722851753234863, -5.947406768798828], "predictions": [23, 76, 398, 77, 26, 4, 4, 4, 4], "target_tokens": ["[IN:SEND_MESSAGE", "[SL:NAME_APP", "@ptr3", "SL:NAME_APP]", "IN:SEND_MESSAGE]"], "predicted_tokens": ["[IN:SEND_MESSAGE", "[SL:NAME_APP", "@ptr3", "SL:NAME_APP]", "IN:SEND_MESSAGE]"]}
{"loss": 1.2188822031021118, "class_log_probabilities": [-0.9614452123641968, -3.2452006340026855, -3.7370402812957764, -4.777981281280518], "predictions": [23, 10, 400, 11, 76, 403, 77, 26, 4, 4], "target_tokens": ["[IN:SEND_MESSAGE", "[SL:RECIPIENT", "@ptr5", "SL:RECIPIENT]", "[SL:NAME_APP", "@ptr7", "SL:NAME_APP]", "IN:SEND_MESSAGE]"], "predicted_tokens": ["[IN:SEND_MESSAGE", "[SL:RECIPIENT", "@ptr5", "SL:RECIPIENT]", "[SL:NAME_APP", "@ptr8", "SL:NAME_APP]", "IN:SEND_MESSAGE]"]}
{"loss": 1.0806230306625366, "class_log_probabilities": [-1.7836990356445312, -3.931072235107422, -4.198944568634033, -4.781463623046875], "predictions": [5, 10, 401, 11, 76, 404, 77, 12, 4, 4, 4, 4, 4, 4], "target_tokens": ["[IN:GET_MESSAGE", "[SL:RECIPIENT", "@ptr6", "SL:RECIPIENT]", "[SL:NAME_APP", "@ptr9", "SL:NAME_APP]", "IN:GET_MESSAGE]"], "predicted_tokens": ["[IN:GET_MESSAGE", "[SL:RECIPIENT", "@ptr6", "SL:RECIPIENT]", "[SL:NAME_APP", "@ptr9", "SL:NAME_APP]", "IN:GET_MESSAGE]"]}
{"loss": 4.108920574188232, "class_log_probabilities": [-0.6353694796562195, -5.297817707061768, -5.601760387420654, -6.807628154754639], "predictions": [39, 56, 395, 57, 40, 396, 41, 42, 4], "target_tokens": ["[IN:GET_STORIES_NEWS", "[SL:NEWS_SOURCE", "@ptr0", "@ptr1", "SL:NEWS_SOURCE]", "[SL:NEWS_TYPE", "@ptr2", "@ptr3", "SL:NEWS_TYPE]", "IN:GET_STORIES_NEWS]"], "predicted_tokens": ["[IN:GET_STORIES_NEWS", "[SL:NEWS_TOPIC", "@ptr0", "SL:NEWS_TOPIC]", "[SL:NEWS_TYPE", "@ptr1", "SL:NEWS_TYPE]", "IN:GET_STORIES_NEWS]"]}
{"loss": 2.2353720664978027, "class_log_probabilities": [-0.36621153354644775, -7.864709377288818, -8.023673057556152, -8.057435989379883], "predictions": [75, 6, 397, 7, 78, 4, 4, 4], "target_tokens": ["[IN:CREATE_CALL", "[SL:CONTACT", "@ptr1", "SL:CONTACT]", "IN:CREATE_CALL]"], "predicted_tokens": ["[IN:CREATE_CALL", "[SL:CONTACT", "@ptr2", "SL:CONTACT]", "IN:CREATE_CALL]"]}
{"loss": 1.0522561073303223, "class_log_probabilities": [-1.5301405191421509, -3.0493979454040527, -3.41451096534729, -4.566281318664551], "predictions": [75, 231, 401, 402, 403, 232, 78, 4, 4, 4], "target_tokens": ["[IN:CREATE_CALL", "[SL:PHONE_NUMBER", "@ptr6", "@ptr7", "@ptr8", "SL:PHONE_NUMBER]", "IN:CREATE_CALL]"], "predicted_tokens": ["[IN:CREATE_CALL", "[SL:PHONE_NUMBER", "@ptr6", "@ptr7", "@ptr8", "SL:PHONE_NUMBER]", "IN:CREATE_CALL]"]}
{"loss": 0.9845029711723328, "class_log_probabilities": [-0.8006190657615662, -5.668673515319824, -5.9113945960998535, -5.91803503036499], "predictions": [75, 231, 399, 400, 401, 232, 76, 403, 77, 78, 4], "target_tokens": ["[IN:CREATE_CALL", "[SL:PHONE_NUMBER", "@ptr4", "@ptr5", "@ptr6", "SL:PHONE_NUMBER]", "[SL:NAME_APP", "@ptr8", "SL:NAME_APP]", "IN:CREATE_CALL]"], "predicted_tokens": ["[IN:CREATE_CALL", "[SL:PHONE_NUMBER", "@ptr4", "@ptr5", "@ptr6", "SL:PHONE_NUMBER]", "[SL:NAME_APP", "@ptr8", "SL:NAME_APP]", "IN:CREATE_CALL]"]}
{"loss": 0.9972826838493347, "class_log_probabilities": [-0.14131566882133484, -7.094392776489258, -7.483013153076172, -7.7583136558532715], "predictions": [153, 154, 4], "target_tokens": ["[IN:ANSWER_CALL", "IN:ANSWER_CALL]"], "predicted_tokens": ["[IN:ANSWER_CALL", "IN:ANSWER_CALL]"]}
{"loss": 3.6164207458496094, "class_log_probabilities": [-0.5048938393592834, -4.982181549072266, -7.383248805999756, -7.765789985656738], "predictions": [75, 6, 397, 398, 7, 78, 4, 4, 4], "target_tokens": ["[IN:CREATE_CALL", "[SL:CONTACT", "@ptr1", "@ptr2", "SL:CONTACT]", "IN:CREATE_CALL]"], "predicted_tokens": ["[IN:CREATE_CALL", "[SL:CONTACT", "@ptr2", "@ptr3", "SL:CONTACT]", "IN:CREATE_CALL]"]}
{"loss": 0.9779186248779297, "class_log_probabilities": [-0.510456919670105, -6.771499156951904, -7.187544345855713, -7.4340691566467285], "predictions": [75, 6, 399, 400, 7, 76, 402, 77, 78, 4], "target_tokens": ["[IN:CREATE_CALL", "[SL:CONTACT", "@ptr4", "@ptr5", "SL:CONTACT]", "[SL:NAME_APP", "@ptr7", "SL:NAME_APP]", "IN:CREATE_CALL]"], "predicted_tokens": ["[IN:CREATE_CALL", "[SL:CONTACT", "@ptr4", "@ptr5", "SL:CONTACT]", "[SL:NAME_APP", "@ptr7", "SL:NAME_APP]", "IN:CREATE_CALL]"]}
{"loss": 2.89490008354187, "class_log_probabilities": [-1.9874184131622314, -2.7124438285827637, -3.8718795776367188, -4.106003284454346], "predictions": [39, 56, 401, 57, 40, 399, 41, 42, 4], "target_tokens": ["[IN:CREATE_CALL", "[SL:CONTACT", "@ptr6", "SL:CONTACT]", "IN:CREATE_CALL]"], "predicted_tokens": ["[IN:GET_STORIES_NEWS", "[SL:NEWS_TOPIC", "@ptr6", "SL:NEWS_TOPIC]", "[SL:NEWS_TYPE", "@ptr4", "SL:NEWS_TYPE]", "IN:GET_STORIES_NEWS]"]}
{"loss": 2.6579229831695557, "class_log_probabilities": [-0.7067409157752991, -4.500094413757324, -5.514718055725098, -6.718412399291992], "predictions": [75, 6, 401, 402, 403, 7, 78, 4, 4, 4], "target_tokens": ["[IN:CREATE_CALL", "[SL:GROUP", "@ptr5", "@ptr6", "@ptr7", "@ptr8", "SL:GROUP]", "IN:CREATE_CALL]"], "predicted_tokens": ["[IN:CREATE_CALL", "[SL:CONTACT", "@ptr6", "@ptr7", "@ptr8", "SL:CONTACT]", "IN:CREATE_CALL]"]}
{"loss": 4.147707462310791, "class_log_probabilities": [-31.98920440673828, -35.350894927978516, -35.49054718017578, -35.60622024536133], "predictions": [75, 6, 70, 93, 408, 408, 408, 408, 408, 408, 408, 408, 408, 408, 408, 408, 408, 408, 408, 408, 408, 408, 408, 408, 408, 408, 408, 408, 408, 408, 408, 408, 408, 408, 408, 408, 408, 408, 408, 408, 408, 408, 408, 408, 408, 408, 408, 408, 408, 408, 408, 408, 408, 408, 408, 408, 408, 408, 408, 408, 408, 408, 408, 408, 408, 408, 408, 408, 408, 408, 408, 408, 408, 408, 408, 408, 408, 408, 408, 408, 408, 408, 408, 408, 408, 408, 408, 408, 408, 408, 408, 408, 408, 408, 408, 408, 408, 408, 408, 408], "target_tokens": ["[IN:CREATE_CALL", "[SL:GROUP", "@ptr11", "@ptr12", "@ptr13", "SL:GROUP]", "[SL:NAME_APP", "@ptr15", "SL:NAME_APP]", "IN:CREATE_CALL]"], "predicted_tokens": ["[IN:CREATE_CALL", "[SL:CONTACT", "[IN:GET_CONTACT", "[SL:CONTACT_RELATED", "@ptr13", "@ptr13", "@ptr13", "@ptr13", "@ptr13", "@ptr13", "@ptr13", "@ptr13", "@ptr13", "@ptr13", "@ptr13", "@ptr13", "@ptr13", "@ptr13", "@ptr13", "@ptr13", "@ptr13", "@ptr13", "@ptr13", "@ptr13", "@ptr13", "@ptr13", "@ptr13", "@ptr13", "@ptr13", "@ptr13", "@ptr13", "@ptr13", "@ptr13", "@ptr13", "@ptr13", "@ptr13", "@ptr13", "@ptr13", "@ptr13", "@ptr13", "@ptr13", "@ptr13", "@ptr13", "@ptr13", "@ptr13", "@ptr13", "@ptr13", "@ptr13", "@ptr13", "@ptr13", "@ptr13", "@ptr13", "@ptr13", "@ptr13", "@ptr13", "@ptr13", "@ptr13", "@ptr13", "@ptr13", "@ptr13", "@ptr13", "@ptr13", "@ptr13", "@ptr13", "@ptr13", "@ptr13", "@ptr13", "@ptr13", "@ptr13", "@ptr13", "@ptr13", "@ptr13", "@ptr13", "@ptr13", "@ptr13", "@ptr13", "@ptr13", "@ptr13", "@ptr13", "@ptr13", "@ptr13", "@ptr13", "@ptr13", "@ptr13", "@ptr13", "@ptr13", "@ptr13", "@ptr13", "@ptr13", "@ptr13", "@ptr13", "@ptr13", "@ptr13", "@ptr13", "@ptr13", "@ptr13", "@ptr13", "@ptr13", "@ptr13", "@ptr13"]}
{"loss": 1.2499698400497437, "class_log_probabilities": [-1.355024814605713, -1.96274995803833, -2.2525691986083984, -2.317946195602417], "predictions": [75, 6, 403, 7, 78, 4], "target_tokens": ["[IN:CREATE_CALL", "[SL:GROUP", "@ptr7", "SL:GROUP]", "IN:CREATE_CALL]"], "predicted_tokens": ["[IN:CREATE_CALL", "[SL:CONTACT", "@ptr8", "SL:CONTACT]", "IN:CREATE_CALL]"]}
{"loss": 1.3250682353973389, "class_log_probabilities": [-2.143692970275879, -3.535433769226074, -3.6527888774871826, -4.211664199829102], "predictions": [75, 6, 70, 93, 396, 94, 6, 398, 7, 71, 401, 72, 6, 402, 7, 73, 7, 78, 4], "target_tokens": ["[IN:CREATE_CALL", "[SL:CONTACT", "[IN:GET_CONTACT", "[SL:CONTACT_RELATED", "@ptr1", "SL:CONTACT_RELATED]", "[SL:TYPE_RELATION", "@ptr2", "SL:TYPE_RELATION]", "[SL:CONTACT", "@ptr3", "SL:CONTACT]", "IN:GET_CONTACT]", "SL:CONTACT]", "[SL:CONTACT", "[IN:GET_CONTACT", "[SL:CONTACT_RELATED", "@ptr5", "SL:CONTACT_RELATED]", "[SL:TYPE_RELATION", "@ptr6", "SL:TYPE_RELATION]", "[SL:CONTACT", "@ptr7", "SL:CONTACT]", "IN:GET_CONTACT]", "SL:CONTACT]", "IN:CREATE_CALL]"], "predicted_tokens": ["[IN:CREATE_CALL", "[SL:CONTACT", "[IN:GET_CONTACT", "[SL:CONTACT_RELATED", "@ptr1", "SL:CONTACT_RELATED]", "[SL:CONTACT", "@ptr3", "SL:CONTACT]", "[SL:TYPE_RELATION", "@ptr6", "SL:TYPE_RELATION]", "[SL:CONTACT", "@ptr7", "SL:CONTACT]", "IN:GET_CONTACT]", "SL:CONTACT]", "IN:CREATE_CALL]"]}
{"loss": 1.4093834161758423, "class_log_probabilities": [-2.3738670349121094, -3.0893490314483643, -3.4193546772003174, -3.6958072185516357], "predictions": [327, 10, 403, 11, 328, 4], "target_tokens": ["[IN:CANCEL_MESSAGE", "[SL:RECIPIENT", "@ptr6", "SL:RECIPIENT]", "IN:CANCEL_MESSAGE]"], "predicted_tokens": ["[IN:CANCEL_MESSAGE", "[SL:RECIPIENT", "@ptr8", "SL:RECIPIENT]", "IN:CANCEL_MESSAGE]"]}
{"loss": 1.025653600692749, "class_log_probabilities": [-0.9322237968444824, -2.8137285709381104, -3.508732795715332, -4.9666266441345215], "predictions": [5, 6, 395, 396, 7, 10, 397, 11, 12, 4], "target_tokens": ["[IN:GET_MESSAGE", "[SL:CONTACT", "@ptr0", "@ptr1", "SL:CONTACT]", "[SL:RECIPIENT", "@ptr2", "SL:RECIPIENT]", "IN:GET_MESSAGE]"], "predicted_tokens": ["[IN:GET_MESSAGE", "[SL:CONTACT", "@ptr0", "@ptr1", "SL:CONTACT]", "[SL:RECIPIENT", "@ptr2", "SL:RECIPIENT]", "IN:GET_MESSAGE]"]}
{"loss": 1.688632607460022, "class_log_probabilities": [-0.8169201612472534, -4.786667823791504, -4.860807418823242, -5.917727947235107], "predictions": [5, 59, 399, 60, 10, 400, 11, 16, 405, 17, 12, 4, 4, 4, 4], "target_tokens": ["[IN:GET_MESSAGE", "[SL:CONTACT", "@ptr4", "SL:CONTACT]", "[SL:RECIPIENT", "@ptr5", "SL:RECIPIENT]", "[SL:DATE_TIME", "@ptr10", "SL:DATE_TIME]", "IN:GET_MESSAGE]"], "predicted_tokens": ["[IN:GET_MESSAGE", "[SL:SENDER", "@ptr4", "SL:SENDER]", "[SL:RECIPIENT", "@ptr5", "SL:RECIPIENT]", "[SL:DATE_TIME", "@ptr10", "SL:DATE_TIME]", "IN:GET_MESSAGE]"]}
{"loss": 1.4999035596847534, "class_log_probabilities": [-1.2317522764205933, -2.2755608558654785, -4.59454870223999, -4.858287811279297], "predictions": [75, 6, 70, 71, 400, 72, 6, 402, 7, 73, 7, 78, 4], "target_tokens": ["[IN:CREATE_CALL", "[SL:CONTACT", "[IN:GET_CONTACT", "[SL:TYPE_RELATION", "@ptr5", "SL:TYPE_RELATION]", "[SL:CONTACT_RELATED", "@ptr7", "SL:CONTACT_RELATED]", "IN:GET_CONTACT]", "SL:CONTACT]", "IN:CREATE_CALL]"], "predicted_tokens": ["[IN:CREATE_CALL", "[SL:CONTACT", "[IN:GET_CONTACT", "[SL:TYPE_RELATION", "@ptr5", "SL:TYPE_RELATION]", "[SL:CONTACT", "@ptr7", "SL:CONTACT]", "IN:GET_CONTACT]", "SL:CONTACT]", "IN:CREATE_CALL]"]}
{"loss": 2.6757214069366455, "class_log_probabilities": [-1.0153148174285889, -2.6806182861328125, -5.447417259216309, -5.526886940002441], "predictions": [75, 6, 70, 71, 397, 72, 73, 7, 76, 398, 77, 78, 4], "target_tokens": ["[IN:CREATE_CALL", "[SL:NAME_APP", "@ptr3", "SL:NAME_APP]", "[SL:CONTACT", "[IN:GET_CONTACT", "[SL:TYPE_RELATION", "@ptr1", "SL:TYPE_RELATION]", "IN:GET_CONTACT]", "SL:CONTACT]", "IN:CREATE_CALL]"], "predicted_tokens": ["[IN:CREATE_CALL", "[SL:CONTACT", "[IN:GET_CONTACT", "[SL:TYPE_RELATION", "@ptr2", "SL:TYPE_RELATION]", "IN:GET_CONTACT]", "SL:CONTACT]", "[SL:NAME_APP", "@ptr3", "SL:NAME_APP]", "IN:CREATE_CALL]"]}
{"loss": 0.9848408102989197, "class_log_probabilities": [-0.6890674233436584, -3.9715404510498047, -4.1750288009643555, -4.454481601715088], "predictions": [75, 6, 399, 7, 76, 401, 77, 78, 4, 4], "target_tokens": ["[IN:CREATE_CALL", "[SL:CONTACT", "@ptr4", "SL:CONTACT]", "[SL:NAME_APP", "@ptr6", "SL:NAME_APP]", "IN:CREATE_CALL]"], "predicted_tokens": ["[IN:CREATE_CALL", "[SL:CONTACT", "@ptr4", "SL:CONTACT]", "[SL:NAME_APP", "@ptr6", "SL:NAME_APP]", "IN:CREATE_CALL]"]}
{"loss": 1.5986026525497437, "class_log_probabilities": [-1.339020013809204, -2.1870195865631104, -2.8459956645965576, -4.514676570892334], "predictions": [75, 6, 397, 7, 6, 399, 7, 76, 402, 77, 78, 4, 4], "target_tokens": ["[IN:CREATE_CALL", "[SL:CONTACT", "@ptr1", "SL:CONTACT]", "[SL:CONTACT", "@ptr4", "SL:CONTACT]", "[SL:NAME_APP", "@ptr7", "SL:NAME_APP]", "IN:CREATE_CALL]"], "predicted_tokens": ["[IN:CREATE_CALL", "[SL:CONTACT", "@ptr2", "SL:CONTACT]", "[SL:CONTACT", "@ptr4", "SL:CONTACT]", "[SL:NAME_APP", "@ptr7", "SL:NAME_APP]", "IN:CREATE_CALL]"]}
{"loss": 1.1705793142318726, "class_log_probabilities": [-1.2668886184692383, -2.112142324447632, -3.0945141315460205, -3.6485707759857178], "predictions": [75, 76, 398, 77, 6, 399, 7, 78, 4, 4], "target_tokens": ["[IN:CREATE_CALL", "[SL:NAME_APP", "@ptr3", "SL:NAME_APP]", "[SL:CONTACT", "@ptr4", "@ptr5", "SL:CONTACT]", "IN:CREATE_CALL]"], "predicted_tokens": ["[IN:CREATE_CALL", "[SL:NAME_APP", "@ptr3", "SL:NAME_APP]", "[SL:CONTACT", "@ptr4", "SL:CONTACT]", "IN:CREATE_CALL]"]}
{"loss": 1.867358922958374, "class_log_probabilities": [-0.4936215281486511, -6.330888271331787, -6.407832145690918, -6.685168266296387], "predictions": [75, 6, 397, 7, 76, 400, 77, 78, 4], "target_tokens": ["[IN:CREATE_CALL", "[SL:CONTACT", "@ptr1", "SL:CONTACT]", "[SL:NAME_APP", "@ptr5", "SL:NAME_APP]", "IN:CREATE_CALL]"], "predicted_tokens": ["[IN:CREATE_CALL", "[SL:CONTACT", "@ptr2", "SL:CONTACT]", "[SL:NAME_APP", "@ptr5", "SL:NAME_APP]", "IN:CREATE_CALL]"]}
{"loss": 1.6657371520996094, "class_log_probabilities": [-2.080758810043335, -3.2840468883514404, -4.069831371307373, -4.29124116897583], "predictions": [13, 79, 395, 80, 16, 396, 397, 17, 18, 4], "target_tokens": ["[IN:GET_WEATHER", "[SL:DATE_TIME", "@ptr1", "@ptr2", "SL:DATE_TIME]", "IN:GET_WEATHER]"], "predicted_tokens": ["[IN:GET_WEATHER", "[SL:WEATHER_ATTRIBUTE", "@ptr0", "SL:WEATHER_ATTRIBUTE]", "[SL:DATE_TIME", "@ptr1", "@ptr2", "SL:DATE_TIME]", "IN:GET_WEATHER]"]}
{"loss": 2.506549835205078, "class_log_probabilities": [-3.2253801822662354, -4.575601100921631, -5.191702365875244, -5.245382308959961], "predictions": [219, 16, 396, 397, 17, 167, 399, 400, 401, 402, 403, 168, 220, 4, 4], "target_tokens": ["[IN:SUBTRACT_TIME_TIMER", "[SL:DATE_TIME", "@ptr1", "@ptr2", "SL:DATE_TIME]", "[SL:TIMER_NAME", "@ptr4", "@ptr5", "@ptr6", "@ptr7", "@ptr8", "@ptr9", "@ptr10", "@ptr11", "@ptr12", "SL:TIMER_NAME]", "[SL:METHOD_TIMER", "@ptr13", "SL:METHOD_TIMER]", "IN:SUBTRACT_TIME_TIMER]"], "predicted_tokens": ["[IN:SUBTRACT_TIME_TIMER", "[SL:DATE_TIME", "@ptr1", "@ptr2", "SL:DATE_TIME]", "[SL:TIMER_NAME", "@ptr4", "@ptr5", "@ptr6", "@ptr7", "@ptr8", "SL:TIMER_NAME]", "IN:SUBTRACT_TIME_TIMER]"]}
{"loss": 5.715893745422363, "class_log_probabilities": [-1.8597230911254883, -2.477839231491089, -3.974520683288574, -3.977177858352661], "predictions": [89, 90, 400, 91, 92, 4], "target_tokens": ["[IN:RESUME_TIMER", "[SL:TIMER_NAME", "@ptr6", "@ptr7", "@ptr8", "@ptr9", "@ptr10", "@ptr11", "@ptr12", "@ptr13", "@ptr14", "@ptr15", "@ptr16", "@ptr17", "SL:TIMER_NAME]", "[SL:METHOD_TIMER", "@ptr5", "SL:METHOD_TIMER]", "IN:RESUME_TIMER]"], "predicted_tokens": ["[IN:CREATE_TIMER", "[SL:METHOD_TIMER", "@ptr5", "SL:METHOD_TIMER]", "IN:CREATE_TIMER]"]}
{"loss": 0.9628569483757019, "class_log_probabilities": [-0.398501992225647, -6.289827346801758, -7.617973804473877, -8.027227401733398], "predictions": [75, 6, 398, 399, 7, 78, 4, 4, 4], "target_tokens": ["[IN:CREATE_CALL", "[SL:CONTACT", "@ptr3", "@ptr4", "SL:CONTACT]", "IN:CREATE_CALL]"], "predicted_tokens": ["[IN:CREATE_CALL", "[SL:CONTACT", "@ptr3", "@ptr4", "SL:CONTACT]", "IN:CREATE_CALL]"]}
{"loss": 1.3025405406951904, "class_log_probabilities": [-2.517841100692749, -2.6422393321990967, -4.489681720733643, -4.652548789978027], "predictions": [89, 90, 397, 91, 16, 399, 400, 17, 92, 4, 4, 4, 4], "target_tokens": ["[IN:CREATE_TIMER", "[SL:METHOD_TIMER", "@ptr2", "SL:METHOD_TIMER]", "[SL:DATE_TIME", "@ptr3", "@ptr4", "@ptr5", "SL:DATE_TIME]", "[SL:TIMER_NAME", "@ptr7", "SL:TIMER_NAME]", "IN:CREATE_TIMER]"], "predicted_tokens": ["[IN:CREATE_TIMER", "[SL:METHOD_TIMER", "@ptr2", "SL:METHOD_TIMER]", "[SL:DATE_TIME", "@ptr4", "@ptr5", "SL:DATE_TIME]", "IN:CREATE_TIMER]"]}
{"loss": 0.983076810836792, "class_log_probabilities": [-0.3709608018398285, -5.6410980224609375, -6.0421671867370605, -6.833889961242676], "predictions": [63, 66, 399, 400, 401, 67, 68, 4, 4], "target_tokens": ["[IN:PLAY_MUSIC", "[SL:MUSIC_ARTIST_NAME", "@ptr4", "@ptr5", "@ptr6", "SL:MUSIC_ARTIST_NAME]", "IN:PLAY_MUSIC]"], "predicted_tokens": ["[IN:PLAY_MUSIC", "[SL:MUSIC_ARTIST_NAME", "@ptr4", "@ptr5", "@ptr6", "SL:MUSIC_ARTIST_NAME]", "IN:PLAY_MUSIC]"]}
{"loss": 0.9779044985771179, "class_log_probabilities": [-0.35121551156044006, -6.595875263214111, -7.492269515991211, -7.643552303314209], "predictions": [63, 66, 397, 398, 67, 68, 4], "target_tokens": ["[IN:PLAY_MUSIC", "[SL:MUSIC_ARTIST_NAME", "@ptr2", "@ptr3", "SL:MUSIC_ARTIST_NAME]", "IN:PLAY_MUSIC]"], "predicted_tokens": ["[IN:PLAY_MUSIC", "[SL:MUSIC_ARTIST_NAME", "@ptr2", "@ptr3", "SL:MUSIC_ARTIST_NAME]", "IN:PLAY_MUSIC]"]}
{"loss": 0.9961271286010742, "class_log_probabilities": [-0.30328238010406494, -5.753522872924805, -6.682744026184082, -6.781063556671143], "predictions": [235, 103, 397, 104, 236, 4, 4, 4, 4], "target_tokens": ["[IN:SET_DEFAULT_PROVIDER_MUSIC", "[SL:MUSIC_PROVIDER_NAME", "@ptr2", "SL:MUSIC_PROVIDER_NAME]", "IN:SET_DEFAULT_PROVIDER_MUSIC]"], "predicted_tokens": ["[IN:SET_DEFAULT_PROVIDER_MUSIC", "[SL:MUSIC_PROVIDER_NAME", "@ptr2", "SL:MUSIC_PROVIDER_NAME]", "IN:SET_DEFAULT_PROVIDER_MUSIC]"]}
{"loss": 0.9959180355072021, "class_log_probabilities": [-0.3248720169067383, -5.866552352905273, -6.288143157958984, -8.916440963745117], "predictions": [235, 103, 396, 104, 236, 4, 4, 4, 4], "target_tokens": ["[IN:SET_DEFAULT_PROVIDER_MUSIC", "[SL:MUSIC_PROVIDER_NAME", "@ptr1", "SL:MUSIC_PROVIDER_NAME]", "IN:SET_DEFAULT_PROVIDER_MUSIC]"], "predicted_tokens": ["[IN:SET_DEFAULT_PROVIDER_MUSIC", "[SL:MUSIC_PROVIDER_NAME", "@ptr1", "SL:MUSIC_PROVIDER_NAME]", "IN:SET_DEFAULT_PROVIDER_MUSIC]"]}
{"loss": 3.462392568588257, "class_log_probabilities": [-2.8675296306610107, -3.77987003326416, -5.3958330154418945, -5.778318881988525], "predictions": [89, 92, 4, 4, 4, 4, 4, 4, 4], "target_tokens": ["[IN:CREATE_TIMER", "[SL:TIMER_NAME", "@ptr5", "SL:TIMER_NAME]", "[SL:METHOD_TIMER", "@ptr2", "SL:METHOD_TIMER]", "IN:CREATE_TIMER]"], "predicted_tokens": ["[IN:CREATE_TIMER", "IN:CREATE_TIMER]"]}
{"loss": 3.1009206771850586, "class_log_probabilities": [-1.9921200275421143, -3.633382797241211, -3.8987464904785156, -5.011120319366455], "predictions": [61, 233, 398, 234, 62, 4], "target_tokens": ["[IN:GET_EVENT", "[SL:ATTRIBUTE_EVENT", "@ptr4", "@ptr5", "@ptr6", "SL:ATTRIBUTE_EVENT]", "IN:GET_EVENT]"], "predicted_tokens": ["[IN:GET_EVENT", "[SL:ATTRIBUTE_EVENT", "@ptr3", "SL:ATTRIBUTE_EVENT]", "IN:GET_EVENT]"]}
{"loss": 1.0015511512756348, "class_log_probabilities": [-1.0203615427017212, -3.5551114082336426, -6.114305019378662, -9.676591873168945], "predictions": [197, 20, 397, 21, 6, 400, 7, 198, 4, 4, 4, 4], "target_tokens": ["[IN:SHARE_EVENT", "[SL:ORDINAL", "@ptr2", "SL:ORDINAL]", "[SL:CONTACT", "@ptr5", "SL:CONTACT]", "IN:SHARE_EVENT]"], "predicted_tokens": ["[IN:SHARE_EVENT", "[SL:ORDINAL", "@ptr2", "SL:ORDINAL]", "[SL:CONTACT", "@ptr5", "SL:CONTACT]", "IN:SHARE_EVENT]"]}
{"loss": 0.9798114895820618, "class_log_probabilities": [-0.49541175365448, -6.985572338104248, -7.2321600914001465, -7.361443519592285], "predictions": [75, 6, 399, 400, 7, 76, 402, 77, 78, 4], "target_tokens": ["[IN:CREATE_CALL", "[SL:CONTACT", "@ptr4", "@ptr5", "SL:CONTACT]", "[SL:NAME_APP", "@ptr7", "SL:NAME_APP]", "IN:CREATE_CALL]"], "predicted_tokens": ["[IN:CREATE_CALL", "[SL:CONTACT", "@ptr4", "@ptr5", "SL:CONTACT]", "[SL:NAME_APP", "@ptr7", "SL:NAME_APP]", "IN:CREATE_CALL]"]}
{"loss": 1.6692777872085571, "class_log_probabilities": [-2.2651383876800537, -3.864149570465088, -4.557198524475098, -4.731283664703369], "predictions": [23, 10, 409, 11, 8, 405, 9, 26, 4, 4, 4, 4], "target_tokens": ["[IN:SEND_MESSAGE", "[SL:TYPE_CONTENT", "@ptr10", "SL:TYPE_CONTENT]", "[SL:RECIPIENT", "@ptr12", "SL:RECIPIENT]", "IN:SEND_MESSAGE]"], "predicted_tokens": ["[IN:SEND_MESSAGE", "[SL:RECIPIENT", "@ptr14", "SL:RECIPIENT]", "[SL:TYPE_CONTENT", "@ptr10", "SL:TYPE_CONTENT]", "IN:SEND_MESSAGE]"]}
{"loss": 1.008320927619934, "class_log_probabilities": [-0.7038538455963135, -2.211013078689575, -4.1360015869140625, -6.872570037841797], "predictions": [23, 8, 398, 9, 10, 403, 404, 11, 26, 4], "target_tokens": ["[IN:SEND_MESSAGE", "[SL:TYPE_CONTENT", "@ptr3", "SL:TYPE_CONTENT]", "[SL:RECIPIENT", "@ptr8", "@ptr9", "SL:RECIPIENT]", "IN:SEND_MESSAGE]"], "predicted_tokens": ["[IN:SEND_MESSAGE", "[SL:TYPE_CONTENT", "@ptr3", "SL:TYPE_CONTENT]", "[SL:RECIPIENT", "@ptr8", "@ptr9", "SL:RECIPIENT]", "IN:SEND_MESSAGE]"]}
{"loss": 2.364901065826416, "class_log_probabilities": [-5.474489688873291, -5.9532246589660645, -5.98484992980957, -87.5556640625], "predictions": [23, 10, 409, 11, 8, 405, 9, 10, 409, 11, 26, 4, 4, 4, 4, 4, 4, 4, 4, 4, 4, 4, 4, 4, 4, 4, 4, 4, 4, 4, 4, 4, 4, 4, 4, 4, 4, 4, 4, 4, 4, 4, 4, 4, 4, 4, 4, 4, 4, 4, 4, 4, 4, 4, 4, 4, 4, 4, 4, 4, 4, 4, 4, 4, 4, 4, 4, 4, 4, 4, 4, 4, 4, 4, 4, 4, 4, 4, 4, 4, 4, 4, 4, 4, 4, 4, 4, 4, 4, 4, 4, 4, 4, 4, 4, 4, 4, 4, 4, 4], "target_tokens": ["[IN:SEND_MESSAGE", "[SL:TYPE_CONTENT", "@ptr10", "SL:TYPE_CONTENT]", "[SL:RECIPIENT", "@ptr12", "@ptr13", "SL:RECIPIENT]", "IN:SEND_MESSAGE]"], "predicted_tokens": ["[IN:SEND_MESSAGE", "[SL:RECIPIENT", "@ptr14", "SL:RECIPIENT]", "[SL:TYPE_CONTENT", "@ptr10", "SL:TYPE_CONTENT]", "[SL:RECIPIENT", "@ptr14", "SL:RECIPIENT]", "IN:SEND_MESSAGE]"]}
{"loss": 1.175755262374878, "class_log_probabilities": [-1.669769048690796, -2.1639537811279297, -2.768603563308716, -3.8657989501953125], "predictions": [95, 6, 396, 7, 96, 4], "target_tokens": ["[IN:UPDATE_CALL", "[SL:CONTACT_REMOVED", "@ptr1", "SL:CONTACT_REMOVED]", "IN:UPDATE_CALL]"], "predicted_tokens": ["[IN:IGNORE_CALL", "[SL:CONTACT", "@ptr1", "SL:CONTACT]", "IN:IGNORE_CALL]"]}
{"loss": 1.7942811250686646, "class_log_probabilities": [-0.5598523616790771, -5.389327526092529, -5.628077983856201, -5.832308769226074], "predictions": [81, 6, 395, 7, 82, 4], "target_tokens": ["[IN:UPDATE_CALL", "[SL:CONTACT_REMOVED", "@ptr0", "SL:CONTACT_REMOVED]", "IN:UPDATE_CALL]"], "predicted_tokens": ["[IN:END_CALL", "[SL:CONTACT", "@ptr0", "SL:CONTACT]", "IN:END_CALL]"]}
{"loss": 2.5018837451934814, "class_log_probabilities": [-1.2967559099197388, -4.774875164031982, -4.8553147315979, -6.738558292388916], "predictions": [89, 90, 397, 91, 16, 399, 400, 17, 92, 4], "target_tokens": ["[IN:CREATE_TIMER", "[SL:DATE_TIME", "@ptr3", "@ptr4", "@ptr5", "SL:DATE_TIME]", "[SL:METHOD_TIMER", "@ptr2", "SL:METHOD_TIMER]", "IN:CREATE_TIMER]"], "predicted_tokens": ["[IN:CREATE_TIMER", "[SL:METHOD_TIMER", "@ptr2", "SL:METHOD_TIMER]", "[SL:DATE_TIME", "@ptr4", "@ptr5", "SL:DATE_TIME]", "IN:CREATE_TIMER]"]}
{"loss": 1.3438783884048462, "class_log_probabilities": [-0.5891677141189575, -4.429103374481201, -4.550985813140869, -5.54958438873291], "predictions": [219, 16, 396, 397, 398, 17, 90, 400, 91, 220, 4], "target_tokens": ["[IN:SUBTRACT_TIME_TIMER", "[SL:DATE_TIME", "@ptr1", "@ptr2", "SL:DATE_TIME]", "[SL:METHOD_TIMER", "@ptr5", "SL:METHOD_TIMER]", "IN:SUBTRACT_TIME_TIMER]"], "predicted_tokens": ["[IN:SUBTRACT_TIME_TIMER", "[SL:DATE_TIME", "@ptr1", "@ptr2", "@ptr3", "SL:DATE_TIME]", "[SL:METHOD_TIMER", "@ptr5", "SL:METHOD_TIMER]", "IN:SUBTRACT_TIME_TIMER]"]}
{"loss": 0.967738151550293, "class_log_probabilities": [-0.5356694459915161, -6.905572891235352, -6.955399990081787, -7.2509002685546875], "predictions": [13, 79, 400, 80, 16, 401, 402, 17, 18, 4, 4], "target_tokens": ["[IN:GET_WEATHER", "[SL:WEATHER_ATTRIBUTE", "@ptr5", "SL:WEATHER_ATTRIBUTE]", "[SL:DATE_TIME", "@ptr6", "@ptr7", "SL:DATE_TIME]", "IN:GET_WEATHER]"], "predicted_tokens": ["[IN:GET_WEATHER", "[SL:WEATHER_ATTRIBUTE", "@ptr5", "SL:WEATHER_ATTRIBUTE]", "[SL:DATE_TIME", "@ptr6", "@ptr7", "SL:DATE_TIME]", "IN:GET_WEATHER]"]}
{"loss": 0.9617888331413269, "class_log_probabilities": [-0.3918442130088806, -6.076186656951904, -6.628159523010254, -6.889929294586182], "predictions": [75, 6, 400, 7, 78, 4, 4, 4], "target_tokens": ["[IN:CREATE_CALL", "[SL:CONTACT", "@ptr5", "SL:CONTACT]", "IN:CREATE_CALL]"], "predicted_tokens": ["[IN:CREATE_CALL", "[SL:CONTACT", "@ptr5", "SL:CONTACT]", "IN:CREATE_CALL]"]}
{"loss": 1.3167378902435303, "class_log_probabilities": [-1.622084140777588, -3.8550772666931152, -4.799864292144775, -6.4797682762146], "predictions": [75, 6, 398, 7, 78, 4, 4, 4, 4], "target_tokens": ["[IN:CREATE_CALL", "[SL:ORDINAL", "@ptr2", "SL:ORDINAL]", "[SL:CONTACT", "@ptr3", "SL:CONTACT]", "IN:CREATE_CALL]"], "predicted_tokens": ["[IN:CREATE_CALL", "[SL:CONTACT", "@ptr3", "SL:CONTACT]", "IN:CREATE_CALL]"]}
{"loss": 3.118036985397339, "class_log_probabilities": [-0.9346128106117249, -4.954039096832275, -5.340341091156006, -5.553994178771973], "predictions": [75, 6, 397, 7, 20, 398, 21, 78, 4], "target_tokens": ["[IN:CREATE_CALL", "[SL:CONTACT", "@ptr1", "SL:CONTACT]", "[SL:ORDINAL", "@ptr2", "@ptr3", "SL:ORDINAL]", "IN:CREATE_CALL]"], "predicted_tokens": ["[IN:CREATE_CALL", "[SL:CONTACT", "@ptr2", "SL:CONTACT]", "[SL:ORDINAL", "@ptr3", "SL:ORDINAL]", "IN:CREATE_CALL]"]}
{"loss": 3.0817668437957764, "class_log_probabilities": [-0.9255639910697937, -4.957294464111328, -5.13950777053833, -5.467322826385498], "predictions": [75, 6, 397, 7, 20, 398, 21, 78, 4], "target_tokens": ["[IN:CREATE_CALL", "[SL:CONTACT", "@ptr1", "SL:CONTACT]", "[SL:ORDINAL", "@ptr2", "@ptr3", "SL:ORDINAL]", "IN:CREATE_CALL]"], "predicted_tokens": ["[IN:CREATE_CALL", "[SL:CONTACT", "@ptr2", "SL:CONTACT]", "[SL:ORDINAL", "@ptr3", "SL:ORDINAL]", "IN:CREATE_CALL]"]}
{"loss": 3.3320209980010986, "class_log_probabilities": [-0.40604060888290405, -7.112634181976318, -7.5800909996032715, -7.823530673980713], "predictions": [75, 6, 397, 7, 78, 4, 4, 4, 4], "target_tokens": ["[IN:CREATE_CALL", "[SL:CONTACT", "@ptr1", "SL:CONTACT]", "[SL:ORDINAL", "@ptr2", "@ptr3", "SL:ORDINAL]", "IN:CREATE_CALL]"], "predicted_tokens": ["[IN:CREATE_CALL", "[SL:CONTACT", "@ptr2", "SL:CONTACT]", "IN:CREATE_CALL]"]}
{"loss": 1.4947824478149414, "class_log_probabilities": [-0.6206890940666199, -4.024740695953369, -4.04205322265625, -5.901382923126221], "predictions": [75, 20, 398, 21, 78, 4, 4, 4, 4], "target_tokens": ["[IN:CREATE_CALL", "[SL:ORDINAL", "@ptr2", "SL:ORDINAL]", "IN:CREATE_CALL]"], "predicted_tokens": ["[IN:CREATE_CALL", "[SL:ORDINAL", "@ptr3", "SL:ORDINAL]", "IN:CREATE_CALL]"]}
{"loss": 0.9786815643310547, "class_log_probabilities": [-0.2939063310623169, -6.901327133178711, -6.949712753295898, -7.5347900390625], "predictions": [61, 83, 402, 84, 62, 4], "target_tokens": ["[IN:GET_EVENT", "[SL:CATEGORY_EVENT", "@ptr7", "SL:CATEGORY_EVENT]", "IN:GET_EVENT]"], "predicted_tokens": ["[IN:GET_EVENT", "[SL:CATEGORY_EVENT", "@ptr7", "SL:CATEGORY_EVENT]", "IN:GET_EVENT]"]}
{"loss": 1.0268502235412598, "class_log_probabilities": [-0.723716139793396, -4.434119701385498, -5.207944393157959, -5.286201000213623], "predictions": [61, 83, 400, 401, 84, 62, 4, 4, 4, 4], "target_tokens": ["[IN:GET_EVENT", "[SL:CATEGORY_EVENT", "@ptr5", "@ptr6", "SL:CATEGORY_EVENT]", "IN:GET_EVENT]"], "predicted_tokens": ["[IN:GET_EVENT", "[SL:CATEGORY_EVENT", "@ptr5", "@ptr6", "SL:CATEGORY_EVENT]", "IN:GET_EVENT]"]}
{"loss": 1.1550593376159668, "class_log_probabilities": [-0.9132803082466125, -4.105632781982422, -4.283230781555176, -5.6670002937316895], "predictions": [61, 62, 4, 4, 4, 4], "target_tokens": ["[IN:GET_EVENT", "IN:GET_EVENT]"], "predicted_tokens": ["[IN:GET_EVENT", "IN:GET_EVENT]"]}
{"loss": 1.142145037651062, "class_log_probabilities": [-1.6208720207214355, -2.7742273807525635, -4.866268634796143, -4.9309000968933105], "predictions": [63, 101, 399, 400, 102, 103, 402, 104, 68, 4, 4, 4, 4], "target_tokens": ["[IN:PLAY_MUSIC", "[SL:MUSIC_TRACK_TITLE", "@ptr3", "@ptr4", "@ptr5", "SL:MUSIC_TRACK_TITLE]", "[SL:MUSIC_PROVIDER_NAME", "@ptr7", "SL:MUSIC_PROVIDER_NAME]", "IN:PLAY_MUSIC]"], "predicted_tokens": ["[IN:PLAY_MUSIC", "[SL:MUSIC_TRACK_TITLE", "@ptr4", "@ptr5", "SL:MUSIC_TRACK_TITLE]", "[SL:MUSIC_PROVIDER_NAME", "@ptr7", "SL:MUSIC_PROVIDER_NAME]", "IN:PLAY_MUSIC]"]}
{"loss": 2.1402478218078613, "class_log_probabilities": [-0.3846435248851776, -7.5075154304504395, -8.085054397583008, -9.115715026855469], "predictions": [75, 6, 397, 7, 78, 4, 4, 4], "target_tokens": ["[IN:CREATE_CALL", "[SL:CONTACT", "@ptr1", "SL:CONTACT]", "IN:CREATE_CALL]"], "predicted_tokens": ["[IN:CREATE_CALL", "[SL:CONTACT", "@ptr2", "SL:CONTACT]", "IN:CREATE_CALL]"]}
{"loss": 1.0176926851272583, "class_log_probabilities": [-0.5655391216278076, -2.0943455696105957, -7.106234073638916, -7.295907974243164], "predictions": [23, 8, 398, 9, 26, 4], "target_tokens": ["[IN:SEND_MESSAGE", "[SL:TYPE_CONTENT", "@ptr3", "SL:TYPE_CONTENT]", "IN:SEND_MESSAGE]"], "predicted_tokens": ["[IN:SEND_MESSAGE", "[SL:TYPE_CONTENT", "@ptr3", "SL:TYPE_CONTENT]", "IN:SEND_MESSAGE]"]}
{"loss": 1.2605701684951782, "class_log_probabilities": [-0.6478433609008789, -2.331103563308716, -4.457371711730957, -6.856891632080078], "predictions": [23, 8, 402, 9, 26, 4], "target_tokens": ["[IN:SEND_MESSAGE", "[SL:TYPE_CONTENT", "@ptr6", "SL:TYPE_CONTENT]", "IN:SEND_MESSAGE]"], "predicted_tokens": ["[IN:SEND_MESSAGE", "[SL:TYPE_CONTENT", "@ptr7", "SL:TYPE_CONTENT]", "IN:SEND_MESSAGE]"]}
{"loss": 0.9788454174995422, "class_log_probabilities": [-0.5128629207611084, -6.559203147888184, -7.298312187194824, -8.967010498046875], "predictions": [23, 8, 396, 9, 10, 397, 398, 11, 26, 4, 4, 4], "target_tokens": ["[IN:SEND_MESSAGE", "[SL:TYPE_CONTENT", "@ptr1", "SL:TYPE_CONTENT]", "[SL:RECIPIENT", "@ptr2", "@ptr3", "SL:RECIPIENT]", "IN:SEND_MESSAGE]"], "predicted_tokens": ["[IN:SEND_MESSAGE", "[SL:TYPE_CONTENT", "@ptr1", "SL:TYPE_CONTENT]", "[SL:RECIPIENT", "@ptr2", "@ptr3", "SL:RECIPIENT]", "IN:SEND_MESSAGE]"]}
{"loss": 0.982109010219574, "class_log_probabilities": [-0.5581219792366028, -3.5400052070617676, -4.759007453918457, -6.5745320320129395], "predictions": [23, 8, 401, 9, 26, 4], "target_tokens": ["[IN:SEND_MESSAGE", "[SL:TYPE_CONTENT", "@ptr6", "SL:TYPE_CONTENT]", "IN:SEND_MESSAGE]"], "predicted_tokens": ["[IN:SEND_MESSAGE", "[SL:TYPE_CONTENT", "@ptr6", "SL:TYPE_CONTENT]", "IN:SEND_MESSAGE]"]}
{"loss": 2.130894660949707, "class_log_probabilities": [-1.6093140840530396, -1.9782615900039673, -3.0071120262145996, -3.6275041103363037], "predictions": [23, 8, 402, 9, 10, 404, 405, 11, 26, 4, 4], "target_tokens": ["[IN:SEND_MESSAGE", "[SL:TYPE_CONTENT", "@ptr6", "SL:TYPE_CONTENT]", "[SL:RECIPIENT", "@ptr8", "@ptr9", "@ptr10", "SL:RECIPIENT]", "IN:SEND_MESSAGE]"], "predicted_tokens": ["[IN:SEND_MESSAGE", "[SL:TYPE_CONTENT", "@ptr7", "SL:TYPE_CONTENT]", "[SL:RECIPIENT", "@ptr9", "@ptr10", "SL:RECIPIENT]", "IN:SEND_MESSAGE]"]}
{"loss": 0.9686450958251953, "class_log_probabilities": [-0.6064448356628418, -6.774404525756836, -6.981913089752197, -7.00778341293335], "predictions": [23, 10, 399, 400, 11, 8, 403, 9, 26, 4, 4, 4], "target_tokens": ["[IN:SEND_MESSAGE", "[SL:RECIPIENT", "@ptr4", "@ptr5", "SL:RECIPIENT]", "[SL:TYPE_CONTENT", "@ptr8", "SL:TYPE_CONTENT]", "IN:SEND_MESSAGE]"], "predicted_tokens": ["[IN:SEND_MESSAGE", "[SL:RECIPIENT", "@ptr4", "@ptr5", "SL:RECIPIENT]", "[SL:TYPE_CONTENT", "@ptr8", "SL:TYPE_CONTENT]", "IN:SEND_MESSAGE]"]}
{"loss": 0.9731850028038025, "class_log_probabilities": [-0.4891843795776367, -7.106518745422363, -7.161063194274902, -7.551144599914551], "predictions": [75, 6, 399, 7, 76, 401, 77, 78, 4], "target_tokens": ["[IN:CREATE_CALL", "[SL:CONTACT", "@ptr4", "SL:CONTACT]", "[SL:NAME_APP", "@ptr6", "SL:NAME_APP]", "IN:CREATE_CALL]"], "predicted_tokens": ["[IN:CREATE_CALL", "[SL:CONTACT", "@ptr4", "SL:CONTACT]", "[SL:NAME_APP", "@ptr6", "SL:NAME_APP]", "IN:CREATE_CALL]"]}
{"loss": 0.958444356918335, "class_log_probabilities": [-0.5150646567344666, -6.720956325531006, -6.894651889801025, -7.167880535125732], "predictions": [75, 6, 396, 397, 398, 7, 78, 4, 4, 4], "target_tokens": ["[IN:CREATE_CALL", "[SL:CONTACT", "@ptr1", "@ptr2", "@ptr3", "SL:CONTACT]", "IN:CREATE_CALL]"], "predicted_tokens": ["[IN:CREATE_CALL", "[SL:CONTACT", "@ptr1", "@ptr2", "@ptr3", "SL:CONTACT]", "IN:CREATE_CALL]"]}
{"loss": 2.42740535736084, "class_log_probabilities": [-0.3523740768432617, -5.576901435852051, -5.832630157470703, -6.175694465637207], "predictions": [81, 6, 396, 7, 82, 4], "target_tokens": ["[IN:UPDATE_CALL", "[SL:CONTACT_REMOVED", "@ptr1", "SL:CONTACT_REMOVED]", "IN:UPDATE_CALL]"], "predicted_tokens": ["[IN:END_CALL", "[SL:CONTACT", "@ptr1", "SL:CONTACT]", "IN:END_CALL]"]}
{"loss": 1.8296074867248535, "class_log_probabilities": [-1.0493717193603516, -3.42875337600708, -3.8557486534118652, -5.242712497711182], "predictions": [189, 190, 4], "target_tokens": ["[IN:HOLD_CALL", "IN:HOLD_CALL]"], "predicted_tokens": ["[IN:SET_AVAILABLE", "IN:SET_AVAILABLE]"]}
{"loss": 1.4959088563919067, "class_log_probabilities": [-2.0618324279785156, -2.2687125205993652, -2.7945027351379395, -4.210643291473389], "predictions": [107, 108, 70, 71, 397, 72, 73, 109, 110, 4, 4, 4, 4], "target_tokens": ["[IN:UPDATE_CALL", "[SL:CONTACT_ADDED", "[IN:GET_CONTACT", "[SL:CONTACT_RELATED", "@ptr4", "SL:CONTACT_RELATED]", "[SL:TYPE_RELATION", "@ptr2", "SL:TYPE_RELATION]", "IN:GET_CONTACT]", "SL:CONTACT_ADDED]", "IN:UPDATE_CALL]"], "predicted_tokens": ["[IN:UPDATE_CALL", "[SL:CONTACT_ADDED", "[IN:GET_CONTACT", "[SL:TYPE_RELATION", "@ptr2", "SL:TYPE_RELATION]", "IN:GET_CONTACT]", "SL:CONTACT_ADDED]", "IN:UPDATE_CALL]"]}
{"loss": 0.9869847297668457, "class_log_probabilities": [-0.13989365100860596, -8.233089447021484, -8.456975936889648, -9.019615173339844], "predictions": [245, 246, 4, 4, 4], "target_tokens": ["[IN:UPDATE_METHOD_CALL", "IN:UPDATE_METHOD_CALL]"], "predicted_tokens": ["[IN:UPDATE_METHOD_CALL", "IN:UPDATE_METHOD_CALL]"]}
{"loss": 0.9626234173774719, "class_log_probabilities": [-0.2186485230922699, -5.917296886444092, -6.249255180358887, -6.810587406158447], "predictions": [189, 190, 4], "target_tokens": ["[IN:SET_AVAILABLE", "IN:SET_AVAILABLE]"], "predicted_tokens": ["[IN:SET_AVAILABLE", "IN:SET_AVAILABLE]"]}
{"loss": 1.000002145767212, "class_log_probabilities": [-0.43666231632232666, -6.342287540435791, -7.1174702644348145, -7.265780925750732], "predictions": [69, 6, 70, 71, 400, 72, 73, 7, 74, 4, 4, 4, 4, 4], "target_tokens": ["[IN:GET_CALL_TIME", "[SL:CONTACT", "[IN:GET_CONTACT", "[SL:TYPE_RELATION", "@ptr5", "SL:TYPE_RELATION]", "IN:GET_CONTACT]", "SL:CONTACT]", "IN:GET_CALL_TIME]"], "predicted_tokens": ["[IN:GET_CALL_TIME", "[SL:CONTACT", "[IN:GET_CONTACT", "[SL:TYPE_RELATION", "@ptr5", "SL:TYPE_RELATION]", "IN:GET_CONTACT]", "SL:CONTACT]", "IN:GET_CALL_TIME]"]}
{"loss": 1.0460892915725708, "class_log_probabilities": [-0.661125123500824, -1.4539979696273804, -6.281337261199951, -7.298766613006592], "predictions": [185, 16, 401, 17, 186, 4, 4], "target_tokens": ["[IN:GET_CALL", "[SL:DATE_TIME", "@ptr6", "SL:DATE_TIME]", "IN:GET_CALL]"], "predicted_tokens": ["[IN:GET_CALL", "[SL:DATE_TIME", "@ptr6", "SL:DATE_TIME]", "IN:GET_CALL]"]}
{"loss": 0.9760634303092957, "class_log_probabilities": [-0.20634892582893372, -5.5902276039123535, -6.213706970214844, -6.468783855438232], "predictions": [185, 186, 4], "target_tokens": ["[IN:GET_CALL", "IN:GET_CALL]"], "predicted_tokens": ["[IN:GET_CALL", "IN:GET_CALL]"]}
{"loss": 0.9852452278137207, "class_log_probabilities": [-0.5910274386405945, -2.2330565452575684, -6.861479759216309, -7.630695819854736], "predictions": [75, 6, 399, 7, 78, 4, 4, 4], "target_tokens": ["[IN:CREATE_CALL", "[SL:CONTACT", "@ptr4", "SL:CONTACT]", "IN:CREATE_CALL]"], "predicted_tokens": ["[IN:CREATE_CALL", "[SL:CONTACT", "@ptr4", "SL:CONTACT]", "IN:CREATE_CALL]"]}
{"loss": 1.896403193473816, "class_log_probabilities": [-0.8842068314552307, -1.3944822549819946, -5.30244779586792, -6.037149906158447], "predictions": [63, 103, 397, 104, 206, 400, 207, 68, 4], "target_tokens": ["[IN:PLAY_MUSIC", "[SL:MUSIC_PROVIDER_NAME", "@ptr1", "SL:MUSIC_PROVIDER_NAME]", "[SL:MUSIC_ALBUM_TITLE", "@ptr4", "SL:MUSIC_ALBUM_TITLE]", "IN:PLAY_MUSIC]"], "predicted_tokens": ["[IN:PLAY_MUSIC", "[SL:MUSIC_PROVIDER_NAME", "@ptr2", "SL:MUSIC_PROVIDER_NAME]", "[SL:MUSIC_ALBUM_TITLE", "@ptr5", "SL:MUSIC_ALBUM_TITLE]", "IN:PLAY_MUSIC]"]}
{"loss": 1.622770071029663, "class_log_probabilities": [-2.317836046218872, -3.0296273231506348, -3.9680347442626953, -4.361496925354004], "predictions": [63, 66, 395, 396, 397, 398, 399, 400, 67, 103, 402, 104, 68, 4], "target_tokens": ["[IN:PLAY_MUSIC", "[SL:MUSIC_TRACK_TITLE", "@ptr1", "@ptr2", "@ptr3", "@ptr4", "@ptr5", "SL:MUSIC_TRACK_TITLE]", "[SL:MUSIC_PROVIDER_NAME", "@ptr7", "SL:MUSIC_PROVIDER_NAME]", "IN:PLAY_MUSIC]"], "predicted_tokens": ["[IN:PLAY_MUSIC", "[SL:MUSIC_ARTIST_NAME", "@ptr0", "@ptr1", "@ptr2", "@ptr3", "@ptr4", "@ptr5", "SL:MUSIC_ARTIST_NAME]", "[SL:MUSIC_PROVIDER_NAME", "@ptr7", "SL:MUSIC_PROVIDER_NAME]", "IN:PLAY_MUSIC]"]}
{"loss": 0.9936778545379639, "class_log_probabilities": [-0.5291990637779236, -5.426580429077148, -6.049764633178711, -6.068127155303955], "predictions": [63, 206, 396, 207, 103, 398, 104, 68, 4], "target_tokens": ["[IN:PLAY_MUSIC", "[SL:MUSIC_ALBUM_TITLE", "@ptr1", "SL:MUSIC_ALBUM_TITLE]", "[SL:MUSIC_PROVIDER_NAME", "@ptr3", "SL:MUSIC_PROVIDER_NAME]", "IN:PLAY_MUSIC]"], "predicted_tokens": ["[IN:PLAY_MUSIC", "[SL:MUSIC_ALBUM_TITLE", "@ptr1", "SL:MUSIC_ALBUM_TITLE]", "[SL:MUSIC_PROVIDER_NAME", "@ptr3", "SL:MUSIC_PROVIDER_NAME]", "IN:PLAY_MUSIC]"]}
{"loss": 1.1441235542297363, "class_log_probabilities": [-1.0291175842285156, -1.8889744281768799, -2.036381959915161, -4.436746120452881], "predictions": [13, 16, 404, 405, 17, 18, 4, 4], "target_tokens": ["[IN:GET_WEATHER", "[SL:DATE_TIME", "@ptr9", "@ptr10", "@ptr11", "SL:DATE_TIME]", "IN:GET_WEATHER]"], "predicted_tokens": ["[IN:GET_WEATHER", "[SL:DATE_TIME", "@ptr9", "@ptr10", "SL:DATE_TIME]", "IN:GET_WEATHER]"]}
{"loss": 0.9618458151817322, "class_log_probabilities": [-0.5635462403297424, -6.157961845397949, -6.2853217124938965, -7.032094955444336], "predictions": [13, 16, 399, 400, 401, 402, 17, 18, 4], "target_tokens": ["[IN:GET_WEATHER", "[SL:DATE_TIME", "@ptr4", "@ptr5", "@ptr6", "@ptr7", "SL:DATE_TIME]", "IN:GET_WEATHER]"], "predicted_tokens": ["[IN:GET_WEATHER", "[SL:DATE_TIME", "@ptr4", "@ptr5", "@ptr6", "@ptr7", "SL:DATE_TIME]", "IN:GET_WEATHER]"]}
{"loss": 2.490309000015259, "class_log_probabilities": [-0.7882171869277954, -5.107949256896973, -5.483201026916504, -7.489532947540283], "predictions": [13, 14, 397, 15, 16, 399, 17, 18, 4, 4], "target_tokens": ["[IN:GET_WEATHER", "[SL:DATE_TIME", "@ptr3", "SL:DATE_TIME]", "[SL:LOCATION", "@ptr2", "SL:LOCATION]", "IN:GET_WEATHER]"], "predicted_tokens": ["[IN:GET_WEATHER", "[SL:LOCATION", "@ptr2", "SL:LOCATION]", "[SL:DATE_TIME", "@ptr4", "SL:DATE_TIME]", "IN:GET_WEATHER]"]}
{"loss": 0.9694560170173645, "class_log_probabilities": [-0.3784446716308594, -5.096489906311035, -5.62950325012207, -7.317930221557617], "predictions": [13, 14, 403, 404, 15, 18, 4, 4], "target_tokens": ["[IN:GET_WEATHER", "[SL:LOCATION", "@ptr8", "@ptr9", "SL:LOCATION]", "IN:GET_WEATHER]"], "predicted_tokens": ["[IN:GET_WEATHER", "[SL:LOCATION", "@ptr8", "@ptr9", "SL:LOCATION]", "IN:GET_WEATHER]"]}
{"loss": 1.9653209447860718, "class_log_probabilities": [-1.7777962684631348, -4.06304931640625, -4.233994960784912, -4.404958248138428], "predictions": [45, 16, 400, 401, 17, 46, 4, 4], "target_tokens": ["[IN:SNOOZE_ALARM", "[SL:DATE_TIME", "@ptr4", "@ptr5", "@ptr6", "SL:DATE_TIME]", "IN:SNOOZE_ALARM]"], "predicted_tokens": ["[IN:CREATE_ALARM", "[SL:DATE_TIME", "@ptr5", "@ptr6", "SL:DATE_TIME]", "IN:CREATE_ALARM]"]}
{"loss": 0.9612663388252258, "class_log_probabilities": [-0.17679455876350403, -7.899070739746094, -8.012740135192871, -8.891836166381836], "predictions": [45, 46, 4, 4], "target_tokens": ["[IN:CREATE_ALARM", "IN:CREATE_ALARM]"], "predicted_tokens": ["[IN:CREATE_ALARM", "IN:CREATE_ALARM]"]}
{"loss": 0.9767029881477356, "class_log_probabilities": [-0.17051905393600464, -7.030308246612549, -7.1466827392578125, -7.1900434494018555], "predictions": [213, 214, 4], "target_tokens": ["[IN:SILENCE_ALARM", "IN:SILENCE_ALARM]"], "predicted_tokens": ["[IN:SILENCE_ALARM", "IN:SILENCE_ALARM]"]}
{"loss": 0.9806122183799744, "class_log_probabilities": [-0.15086320042610168, -7.452630996704102, -8.132707595825195, -8.167072296142578], "predictions": [213, 214, 4], "target_tokens": ["[IN:SILENCE_ALARM", "IN:SILENCE_ALARM]"], "predicted_tokens": ["[IN:SILENCE_ALARM", "IN:SILENCE_ALARM]"]}
{"loss": 0.9554766416549683, "class_log_probabilities": [-0.5742307305335999, -6.026149749755859, -6.206310749053955, -7.52262020111084], "predictions": [45, 16, 401, 402, 403, 17, 46, 4], "target_tokens": ["[IN:CREATE_ALARM", "[SL:DATE_TIME", "@ptr6", "@ptr7", "@ptr8", "SL:DATE_TIME]", "IN:CREATE_ALARM]"], "predicted_tokens": ["[IN:CREATE_ALARM", "[SL:DATE_TIME", "@ptr6", "@ptr7", "@ptr8", "SL:DATE_TIME]", "IN:CREATE_ALARM]"]}
{"loss": 1.0838016271591187, "class_log_probabilities": [-1.9179414510726929, -2.0487449169158936, -2.304103136062622, -2.306014060974121], "predictions": [45, 16, 399, 400, 401, 402, 403, 404, 405, 17, 46, 4, 4], "target_tokens": ["[IN:CREATE_ALARM", "[SL:DATE_TIME", "@ptr3", "@ptr4", "@ptr5", "@ptr6", "@ptr7", "@ptr8", "@ptr9", "SL:DATE_TIME]", "IN:CREATE_ALARM]"], "predicted_tokens": ["[IN:CREATE_ALARM", "[SL:DATE_TIME", "@ptr4", "@ptr5", "@ptr6", "@ptr7", "@ptr8", "@ptr9", "@ptr10", "SL:DATE_TIME]", "IN:CREATE_ALARM]"]}
{"loss": 2.2509443759918213, "class_log_probabilities": [-0.9218929409980774, -2.156749725341797, -4.383890628814697, -5.266171455383301], "predictions": [45, 16, 399, 400, 401, 17, 46, 4, 4], "target_tokens": ["[IN:CREATE_ALARM", "[SL:DATE_TIME", "@ptr3", "@ptr4", "@ptr5", "@ptr6", "SL:DATE_TIME]", "IN:CREATE_ALARM]"], "predicted_tokens": ["[IN:CREATE_ALARM", "[SL:DATE_TIME", "@ptr4", "@ptr5", "@ptr6", "SL:DATE_TIME]", "IN:CREATE_ALARM]"]}
{"loss": 0.9617896676063538, "class_log_probabilities": [-0.538545548915863, -5.514877796173096, -7.69894552230835, -7.964448928833008], "predictions": [45, 16, 398, 399, 400, 401, 17, 46, 4, 4], "target_tokens": ["[IN:CREATE_ALARM", "[SL:DATE_TIME", "@ptr3", "@ptr4", "@ptr5", "@ptr6", "SL:DATE_TIME]", "IN:CREATE_ALARM]"], "predicted_tokens": ["[IN:CREATE_ALARM", "[SL:DATE_TIME", "@ptr3", "@ptr4", "@ptr5", "@ptr6", "SL:DATE_TIME]", "IN:CREATE_ALARM]"]}
{"loss": 1.4443299770355225, "class_log_probabilities": [-0.5780682563781738, -5.800132751464844, -7.79832649230957, -8.057576179504395], "predictions": [45, 16, 398, 399, 400, 401, 402, 403, 17, 46, 4], "target_tokens": ["[IN:CREATE_ALARM", "[SL:DATE_TIME", "@ptr3", "@ptr4", "@ptr5", "@ptr6", "@ptr7", "SL:DATE_TIME]", "IN:CREATE_ALARM]"], "predicted_tokens": ["[IN:CREATE_ALARM", "[SL:DATE_TIME", "@ptr3", "@ptr4", "@ptr5", "@ptr6", "@ptr7", "@ptr8", "SL:DATE_TIME]", "IN:CREATE_ALARM]"]}
{"loss": 1.8037258386611938, "class_log_probabilities": [-1.3866946697235107, -3.397012710571289, -3.397688150405884, -5.791828155517578], "predictions": [45, 16, 399, 400, 17, 46, 4, 4], "target_tokens": ["[IN:CREATE_ALARM", "[SL:DATE_TIME", "@ptr3", "@ptr4", "@ptr5", "SL:DATE_TIME]", "[SL:ALARM_NAME", "@ptr7", "SL:ALARM_NAME]", "IN:CREATE_ALARM]"], "predicted_tokens": ["[IN:CREATE_ALARM", "[SL:DATE_TIME", "@ptr4", "@ptr5", "SL:DATE_TIME]", "IN:CREATE_ALARM]"]}
{"loss": 0.978023111820221, "class_log_probabilities": [-0.8247398138046265, -5.525563716888428, -6.15411376953125, -6.719829082489014], "predictions": [45, 16, 398, 399, 400, 401, 402, 403, 404, 405, 406, 17, 46, 4], "target_tokens": ["[IN:CREATE_ALARM", "[SL:DATE_TIME", "@ptr3", "@ptr4", "@ptr5", "@ptr6", "@ptr7", "@ptr8", "@ptr9", "@ptr10", "@ptr11", "SL:DATE_TIME]", "IN:CREATE_ALARM]"], "predicted_tokens": ["[IN:CREATE_ALARM", "[SL:DATE_TIME", "@ptr3", "@ptr4", "@ptr5", "@ptr6", "@ptr7", "@ptr8", "@ptr9", "@ptr10", "@ptr11", "SL:DATE_TIME]", "IN:CREATE_ALARM]"]}
{"loss": 0.9709786772727966, "class_log_probabilities": [-0.6511023640632629, -3.625957727432251, -6.621716022491455, -7.0533037185668945], "predictions": [45, 16, 398, 399, 400, 401, 402, 403, 17, 46, 4, 4], "target_tokens": ["[IN:CREATE_ALARM", "[SL:DATE_TIME", "@ptr3", "@ptr4", "@ptr5", "@ptr6", "@ptr7", "@ptr8", "SL:DATE_TIME]", "IN:CREATE_ALARM]"], "predicted_tokens": ["[IN:CREATE_ALARM", "[SL:DATE_TIME", "@ptr3", "@ptr4", "@ptr5", "@ptr6", "@ptr7", "@ptr8", "SL:DATE_TIME]", "IN:CREATE_ALARM]"]}
{"loss": 0.9939548969268799, "class_log_probabilities": [-1.2264639139175415, -3.440342664718628, -3.552847146987915, -4.9045186042785645], "predictions": [45, 16, 398, 399, 400, 401, 402, 403, 404, 405, 17, 46, 4], "target_tokens": ["[IN:CREATE_ALARM", "[SL:DATE_TIME", "@ptr3", "@ptr4", "@ptr5", "@ptr6", "@ptr7", "@ptr8", "@ptr9", "@ptr10", "SL:DATE_TIME]", "IN:CREATE_ALARM]"], "predicted_tokens": ["[IN:CREATE_ALARM", "[SL:DATE_TIME", "@ptr3", "@ptr4", "@ptr5", "@ptr6", "@ptr7", "@ptr8", "@ptr9", "@ptr10", "SL:DATE_TIME]", "IN:CREATE_ALARM]"]}
{"loss": 1.7976608276367188, "class_log_probabilities": [-1.688724160194397, -3.1269593238830566, -3.2582404613494873, -3.483308792114258], "predictions": [45, 16, 398, 399, 400, 401, 402, 17, 16, 404, 405, 406, 407, 17, 46, 4, 4], "target_tokens": ["[IN:CREATE_ALARM", "[SL:DATE_TIME", "@ptr3", "@ptr4", "@ptr5", "@ptr6", "@ptr7", "@ptr8", "@ptr9", "@ptr10", "@ptr11", "@ptr12", "@ptr13", "SL:DATE_TIME]", "IN:CREATE_ALARM]"], "predicted_tokens": ["[IN:CREATE_ALARM", "[SL:DATE_TIME", "@ptr3", "@ptr4", "@ptr5", "@ptr6", "@ptr7", "SL:DATE_TIME]", "[SL:DATE_TIME", "@ptr9", "@ptr10", "@ptr11", "@ptr12", "SL:DATE_TIME]", "IN:CREATE_ALARM]"]}
{"loss": 2.4034273624420166, "class_log_probabilities": [-2.225369691848755, -2.7747111320495605, -3.887765645980835, -4.604299068450928], "predictions": [45, 120, 398, 121, 249, 403, 404, 250, 16, 409, 410, 17, 46, 4], "target_tokens": ["[IN:UPDATE_ALARM", "[SL:AMOUNT", "@ptr3", "SL:AMOUNT]", "[SL:ALARM_NAME", "@ptr8", "SL:ALARM_NAME]", "[SL:DATE_TIME", "@ptr13", "@ptr14", "SL:DATE_TIME]", "IN:UPDATE_ALARM]"], "predicted_tokens": ["[IN:CREATE_ALARM", "[SL:AMOUNT", "@ptr3", "SL:AMOUNT]", "[SL:ALARM_NAME", "@ptr8", "@ptr9", "SL:ALARM_NAME]", "[SL:DATE_TIME", "@ptr14", "@ptr15", "SL:DATE_TIME]", "IN:CREATE_ALARM]"]}
{"loss": 0.981844961643219, "class_log_probabilities": [-0.32274341583251953, -5.912678241729736, -6.4031901359558105, -6.4481635093688965], "predictions": [19, 20, 399, 21, 22, 4, 4, 4], "target_tokens": ["[IN:GET_ALARM", "[SL:ORDINAL", "@ptr4", "SL:ORDINAL]", "IN:GET_ALARM]"], "predicted_tokens": ["[IN:GET_ALARM", "[SL:ORDINAL", "@ptr4", "SL:ORDINAL]", "IN:GET_ALARM]"]}
{"loss": 2.629728078842163, "class_log_probabilities": [-5.168623447418213, -5.966097354888916, -6.049068927764893, -7.504711627960205], "predictions": [63, 66, 399, 400, 67, 68, 4, 4, 4, 4, 4, 4, 4], "target_tokens": ["[IN:END_CALL", "[SL:CONTACT", "@ptr4", "@ptr5", "SL:CONTACT]", "IN:END_CALL]"], "predicted_tokens": ["[IN:PLAY_MUSIC", "[SL:MUSIC_ARTIST_NAME", "@ptr4", "@ptr5", "SL:MUSIC_ARTIST_NAME]", "IN:PLAY_MUSIC]"]}
{"loss": 0.9957892298698425, "class_log_probabilities": [-0.12897494435310364, -8.1205415725708, -8.142327308654785, -8.162388801574707], "predictions": [5, 12, 4], "target_tokens": ["[IN:GET_MESSAGE", "IN:GET_MESSAGE]"], "predicted_tokens": ["[IN:GET_MESSAGE", "IN:GET_MESSAGE]"]}
{"loss": 0.9621018171310425, "class_log_probabilities": [-0.5368713140487671, -5.224076747894287, -7.120682239532471, -7.346839427947998], "predictions": [45, 16, 398, 399, 400, 401, 17, 46, 4, 4], "target_tokens": ["[IN:CREATE_ALARM", "[SL:DATE_TIME", "@ptr3", "@ptr4", "@ptr5", "@ptr6", "SL:DATE_TIME]", "IN:CREATE_ALARM]"], "predicted_tokens": ["[IN:CREATE_ALARM", "[SL:DATE_TIME", "@ptr3", "@ptr4", "@ptr5", "@ptr6", "SL:DATE_TIME]", "IN:CREATE_ALARM]"]}
{"loss": 2.531275510787964, "class_log_probabilities": [-2.37451434135437, -3.59987735748291, -3.924567461013794, -3.9390010833740234], "predictions": [75, 6, 70, 93, 397, 94, 6, 398, 7, 73, 7, 78, 4, 4, 4, 4, 4, 4, 4], "target_tokens": ["[IN:CREATE_CALL", "[SL:CONTACT", "[IN:GET_CONTACT", "[SL:CONTACT", "@ptr3", "SL:CONTACT]", "[SL:CONTACT_RELATED", "@ptr1", "SL:CONTACT_RELATED]", "[SL:TYPE_RELATION", "@ptr2", "SL:TYPE_RELATION]", "IN:GET_CONTACT]", "SL:CONTACT]", "IN:CREATE_CALL]"], "predicted_tokens": ["[IN:CREATE_CALL", "[SL:CONTACT", "[IN:GET_CONTACT", "[SL:CONTACT_RELATED", "@ptr2", "SL:CONTACT_RELATED]", "[SL:CONTACT", "@ptr3", "SL:CONTACT]", "IN:GET_CONTACT]", "SL:CONTACT]", "IN:CREATE_CALL]"]}
{"loss": 2.1266870498657227, "class_log_probabilities": [-2.493558883666992, -2.8751580715179443, -4.085367679595947, -4.641144752502441], "predictions": [63, 206, 396, 397, 207, 66, 398, 399, 67, 64, 402, 65, 68, 4, 4, 4, 4], "target_tokens": ["[IN:PLAY_MUSIC", "[SL:MUSIC_ALBUM_TITLE", "@ptr1", "@ptr2", "@ptr3", "@ptr4", "SL:MUSIC_ALBUM_TITLE]", "[SL:MUSIC_PROVIDER_NAME", "@ptr7", "@ptr8", "SL:MUSIC_PROVIDER_NAME]", "IN:PLAY_MUSIC]"], "predicted_tokens": ["[IN:PLAY_MUSIC", "[SL:MUSIC_ALBUM_TITLE", "@ptr1", "@ptr2", "SL:MUSIC_ALBUM_TITLE]", "[SL:MUSIC_ARTIST_NAME", "@ptr3", "@ptr4", "SL:MUSIC_ARTIST_NAME]", "[SL:MUSIC_TYPE", "@ptr7", "SL:MUSIC_TYPE]", "IN:PLAY_MUSIC]"]}
{"loss": 0.9881820678710938, "class_log_probabilities": [-1.152651071548462, -3.8835606575012207, -4.245019912719727, -4.292030334472656], "predictions": [45, 16, 398, 399, 400, 401, 402, 403, 404, 405, 406, 17, 46, 4], "target_tokens": ["[IN:CREATE_ALARM", "[SL:DATE_TIME", "@ptr3", "@ptr4", "@ptr5", "@ptr6", "@ptr7", "@ptr8", "@ptr9", "@ptr10", "@ptr11", "SL:DATE_TIME]", "IN:CREATE_ALARM]"], "predicted_tokens": ["[IN:CREATE_ALARM", "[SL:DATE_TIME", "@ptr3", "@ptr4", "@ptr5", "@ptr6", "@ptr7", "@ptr8", "@ptr9", "@ptr10", "@ptr11", "SL:DATE_TIME]", "IN:CREATE_ALARM]"]}
{"loss": 1.609014630317688, "class_log_probabilities": [-1.3886600732803345, -3.7146506309509277, -4.46140718460083, -4.6841864585876465], "predictions": [45, 16, 401, 402, 403, 404, 17, 46, 4, 4, 4, 4, 4], "target_tokens": ["[IN:CREATE_ALARM", "[SL:DATE_TIME", "@ptr6", "@ptr7", "@ptr8", "@ptr9", "@ptr10", "@ptr11", "@ptr12", "SL:DATE_TIME]", "IN:CREATE_ALARM]"], "predicted_tokens": ["[IN:CREATE_ALARM", "[SL:DATE_TIME", "@ptr6", "@ptr7", "@ptr8", "@ptr9", "SL:DATE_TIME]", "IN:CREATE_ALARM]"]}
{"loss": 1.7780394554138184, "class_log_probabilities": [-0.19056332111358643, -6.0873003005981445, -6.956594944000244, -7.223752021789551], "predictions": [19, 22, 4, 4, 4, 4], "target_tokens": ["[IN:GET_ALARM", "[SL:ORDINAL", "@ptr3", "SL:ORDINAL]", "IN:GET_ALARM]"], "predicted_tokens": ["[IN:GET_ALARM", "IN:GET_ALARM]"]}
{"loss": 0.9617217183113098, "class_log_probabilities": [-0.36215436458587646, -5.222848415374756, -8.031537055969238, -8.294792175292969], "predictions": [13, 14, 402, 15, 18, 4], "target_tokens": ["[IN:GET_WEATHER", "[SL:LOCATION", "@ptr7", "SL:LOCATION]", "IN:GET_WEATHER]"], "predicted_tokens": ["[IN:GET_WEATHER", "[SL:LOCATION", "@ptr7", "SL:LOCATION]", "IN:GET_WEATHER]"]}
{"loss": 1.712770700454712, "class_log_probabilities": [-0.4890730679035187, -6.492961406707764, -6.509869575500488, -6.63347864151001], "predictions": [63, 103, 397, 104, 223, 399, 400, 401, 224, 68, 4], "target_tokens": ["[IN:PLAY_MUSIC", "[SL:MUSIC_PROVIDER_NAME", "@ptr2", "SL:MUSIC_PROVIDER_NAME]", "[SL:MUSIC_RADIO_ID", "@ptr5", "@ptr6", "SL:MUSIC_RADIO_ID]", "IN:PLAY_MUSIC]"], "predicted_tokens": ["[IN:PLAY_MUSIC", "[SL:MUSIC_PROVIDER_NAME", "@ptr2", "SL:MUSIC_PROVIDER_NAME]", "[SL:MUSIC_RADIO_ID", "@ptr4", "@ptr5", "@ptr6", "SL:MUSIC_RADIO_ID]", "IN:PLAY_MUSIC]"]}
{"loss": 1.0563721656799316, "class_log_probabilities": [-1.1310099363327026, -1.5088361501693726, -5.388260841369629, -6.076417922973633], "predictions": [13, 79, 401, 80, 16, 403, 17, 18, 4, 4, 4, 4], "target_tokens": ["[IN:GET_WEATHER", "[SL:WEATHER_ATTRIBUTE", "@ptr6", "SL:WEATHER_ATTRIBUTE]", "[SL:DATE_TIME", "@ptr7", "SL:DATE_TIME]", "IN:GET_WEATHER]"], "predicted_tokens": ["[IN:GET_WEATHER", "[SL:WEATHER_ATTRIBUTE", "@ptr6", "SL:WEATHER_ATTRIBUTE]", "[SL:DATE_TIME", "@ptr8", "SL:DATE_TIME]", "IN:GET_WEATHER]"]}
{"loss": 1.7556577920913696, "class_log_probabilities": [-1.4315117597579956, -1.6388267278671265, -5.217809677124023, -5.429957389831543], "predictions": [13, 79, 398, 80, 16, 400, 401, 402, 403, 17, 18, 4], "target_tokens": ["[IN:GET_WEATHER", "[SL:WEATHER_ATTRIBUTE", "@ptr3", "SL:WEATHER_ATTRIBUTE]", "[SL:DATE_TIME", "@ptr4", "@ptr5", "@ptr6", "@ptr7", "SL:DATE_TIME]", "IN:GET_WEATHER]"], "predicted_tokens": ["[IN:GET_WEATHER", "[SL:WEATHER_ATTRIBUTE", "@ptr3", "SL:WEATHER_ATTRIBUTE]", "[SL:DATE_TIME", "@ptr5", "@ptr6", "@ptr7", "@ptr8", "SL:DATE_TIME]", "IN:GET_WEATHER]"]}
{"loss": 1.186018466949463, "class_log_probabilities": [-1.4929519891738892, -2.260344982147217, -2.956369400024414, -4.099006175994873], "predictions": [13, 79, 401, 80, 14, 403, 15, 16, 405, 17, 18, 4, 4], "target_tokens": ["[IN:GET_WEATHER", "[SL:WEATHER_ATTRIBUTE", "@ptr6", "SL:WEATHER_ATTRIBUTE]", "[SL:LOCATION", "@ptr8", "SL:LOCATION]", "[SL:DATE_TIME", "@ptr9", "@ptr10", "SL:DATE_TIME]", "IN:GET_WEATHER]"], "predicted_tokens": ["[IN:GET_WEATHER", "[SL:WEATHER_ATTRIBUTE", "@ptr6", "SL:WEATHER_ATTRIBUTE]", "[SL:LOCATION", "@ptr8", "SL:LOCATION]", "[SL:DATE_TIME", "@ptr10", "SL:DATE_TIME]", "IN:GET_WEATHER]"]}
{"loss": 1.4195141792297363, "class_log_probabilities": [-1.1376497745513916, -4.005246162414551, -4.9115800857543945, -5.141711235046387], "predictions": [13, 79, 403, 80, 18, 4, 4, 4, 4], "target_tokens": ["[IN:GET_WEATHER", "[SL:WEATHER_ATTRIBUTE", "@ptr8", "SL:WEATHER_ATTRIBUTE]", "[SL:DATE_TIME", "@ptr9", "SL:DATE_TIME]", "IN:GET_WEATHER]"], "predicted_tokens": ["[IN:GET_WEATHER", "[SL:WEATHER_ATTRIBUTE", "@ptr8", "SL:WEATHER_ATTRIBUTE]", "IN:GET_WEATHER]"]}
{"loss": 1.9504008293151855, "class_log_probabilities": [-1.9005687236785889, -2.5289499759674072, -2.6801552772521973, -4.086496353149414], "predictions": [13, 135, 400, 136, 135, 401, 136, 18, 4, 4, 4, 4], "target_tokens": ["[IN:GET_WEATHER", "[SL:WEATHER_TEMPERATURE_UNIT", "@ptr6", "SL:WEATHER_TEMPERATURE_UNIT]", "IN:GET_WEATHER]"], "predicted_tokens": ["[IN:GET_WEATHER", "[SL:WEATHER_TEMPERATURE_UNIT", "@ptr5", "SL:WEATHER_TEMPERATURE_UNIT]", "[SL:WEATHER_TEMPERATURE_UNIT", "@ptr6", "SL:WEATHER_TEMPERATURE_UNIT]", "IN:GET_WEATHER]"]}
{"loss": 0.9609856605529785, "class_log_probabilities": [-0.5239179134368896, -5.723647117614746, -5.814136505126953, -6.898642063140869], "predictions": [13, 16, 402, 403, 404, 17, 18, 4, 4], "target_tokens": ["[IN:GET_WEATHER", "[SL:DATE_TIME", "@ptr7", "@ptr8", "@ptr9", "SL:DATE_TIME]", "IN:GET_WEATHER]"], "predicted_tokens": ["[IN:GET_WEATHER", "[SL:DATE_TIME", "@ptr7", "@ptr8", "@ptr9", "SL:DATE_TIME]", "IN:GET_WEATHER]"]}
{"loss": 0.9611738324165344, "class_log_probabilities": [-0.3536715805530548, -7.400529384613037, -7.812825679779053, -8.029475212097168], "predictions": [13, 14, 401, 15, 18, 4], "target_tokens": ["[IN:GET_WEATHER", "[SL:LOCATION", "@ptr6", "SL:LOCATION]", "IN:GET_WEATHER]"], "predicted_tokens": ["[IN:GET_WEATHER", "[SL:LOCATION", "@ptr6", "SL:LOCATION]", "IN:GET_WEATHER]"]}
{"loss": 1.0778284072875977, "class_log_probabilities": [-1.2478928565979004, -1.9532328844070435, -2.105264902114868, -5.299042701721191], "predictions": [13, 14, 403, 15, 18, 4, 4], "target_tokens": ["[IN:GET_WEATHER", "[SL:LOCATION", "@ptr8", "SL:LOCATION]", "IN:GET_WEATHER]"], "predicted_tokens": ["[IN:GET_WEATHER", "[SL:LOCATION", "@ptr8", "SL:LOCATION]", "IN:GET_WEATHER]"]}
{"loss": 2.170600414276123, "class_log_probabilities": [-0.31378939747810364, -5.32747220993042, -6.1363725662231445, -6.318672180175781], "predictions": [13, 14, 404, 15, 18, 4, 4, 4, 4], "target_tokens": ["[IN:GET_WEATHER", "[SL:LOCATION", "@ptr9", "@ptr10", "@ptr11", "SL:LOCATION]", "IN:GET_WEATHER]"], "predicted_tokens": ["[IN:GET_WEATHER", "[SL:LOCATION", "@ptr9", "SL:LOCATION]", "IN:GET_WEATHER]"]}
{"loss": 0.9608119130134583, "class_log_probabilities": [-0.35383015871047974, -7.587892532348633, -8.050365447998047, -8.294121742248535], "predictions": [13, 14, 400, 15, 18, 4], "target_tokens": ["[IN:GET_WEATHER", "[SL:LOCATION", "@ptr5", "SL:LOCATION]", "IN:GET_WEATHER]"], "predicted_tokens": ["[IN:GET_WEATHER", "[SL:LOCATION", "@ptr5", "SL:LOCATION]", "IN:GET_WEATHER]"]}
{"loss": 1.150028109550476, "class_log_probabilities": [-1.032272458076477, -1.777356743812561, -6.014664649963379, -6.236413478851318], "predictions": [13, 14, 402, 15, 18, 4], "target_tokens": ["[IN:GET_WEATHER", "[SL:LOCATION", "@ptr6", "SL:LOCATION]", "IN:GET_WEATHER]"], "predicted_tokens": ["[IN:GET_WEATHER", "[SL:LOCATION", "@ptr7", "SL:LOCATION]", "IN:GET_WEATHER]"]}
{"loss": 1.0738246440887451, "class_log_probabilities": [-0.9563620686531067, -1.7948811054229736, -4.548496246337891, -5.026444435119629], "predictions": [13, 14, 401, 402, 403, 404, 15, 18, 4, 4], "target_tokens": ["[IN:GET_WEATHER", "[SL:LOCATION", "@ptr6", "@ptr7", "@ptr8", "@ptr9", "@ptr10", "SL:LOCATION]", "IN:GET_WEATHER]"], "predicted_tokens": ["[IN:GET_WEATHER", "[SL:LOCATION", "@ptr6", "@ptr7", "@ptr8", "@ptr9", "SL:LOCATION]", "IN:GET_WEATHER]"]}
{"loss": 1.158395528793335, "class_log_probabilities": [-0.5277511477470398, -2.5617570877075195, -6.495540618896484, -6.853098392486572], "predictions": [13, 79, 400, 80, 18, 4, 4, 4, 4], "target_tokens": ["[IN:GET_WEATHER", "[SL:WEATHER_ATTRIBUTE", "@ptr5", "SL:WEATHER_ATTRIBUTE]", "[SL:WEATHER_ATTRIBUTE", "@ptr7", "SL:WEATHER_ATTRIBUTE]", "IN:GET_WEATHER]"], "predicted_tokens": ["[IN:GET_WEATHER", "[SL:WEATHER_ATTRIBUTE", "@ptr5", "SL:WEATHER_ATTRIBUTE]", "IN:GET_WEATHER]"]}
{"loss": 0.9604781270027161, "class_log_probabilities": [-0.5530537962913513, -5.314841270446777, -7.158859729766846, -7.195581436157227], "predictions": [45, 16, 398, 399, 400, 401, 17, 46, 4, 4], "target_tokens": ["[IN:CREATE_ALARM", "[SL:DATE_TIME", "@ptr3", "@ptr4", "@ptr5", "@ptr6", "SL:DATE_TIME]", "IN:CREATE_ALARM]"], "predicted_tokens": ["[IN:CREATE_ALARM", "[SL:DATE_TIME", "@ptr3", "@ptr4", "@ptr5", "@ptr6", "SL:DATE_TIME]", "IN:CREATE_ALARM]"]}
{"loss": 0.9587990641593933, "class_log_probabilities": [-0.4423540234565735, -7.416474342346191, -7.558215618133545, -7.598097801208496], "predictions": [45, 16, 400, 401, 17, 46, 4], "target_tokens": ["[IN:CREATE_ALARM", "[SL:DATE_TIME", "@ptr5", "@ptr6", "SL:DATE_TIME]", "IN:CREATE_ALARM]"], "predicted_tokens": ["[IN:CREATE_ALARM", "[SL:DATE_TIME", "@ptr5", "@ptr6", "SL:DATE_TIME]", "IN:CREATE_ALARM]"]}
{"loss": 1.9610618352890015, "class_log_probabilities": [-0.725576639175415, -3.3076837062835693, -4.23660945892334, -5.744966983795166], "predictions": [45, 16, 400, 401, 17, 46, 4, 4], "target_tokens": ["[IN:CREATE_ALARM", "[SL:DATE_TIME", "@ptr4", "@ptr5", "SL:DATE_TIME]", "IN:CREATE_ALARM]"], "predicted_tokens": ["[IN:CREATE_ALARM", "[SL:DATE_TIME", "@ptr5", "@ptr6", "SL:DATE_TIME]", "IN:CREATE_ALARM]"]}
{"loss": 2.422956705093384, "class_log_probabilities": [-3.4071409702301025, -3.4609179496765137, -4.696403980255127, -27.271522521972656], "predictions": [45, 16, 406, 407, 409, 17, 46, 4, 4, 4, 4, 4, 4, 4, 4, 4, 4, 4, 4, 4, 4, 4, 4, 4, 4, 4, 4, 4, 4, 4, 4, 4, 4, 4, 4, 4, 4, 4, 4, 4, 4, 4, 4, 4, 4, 4, 4, 4, 4, 4, 4, 4, 4, 4, 4, 4, 4, 4, 4, 4, 4, 4, 4, 4, 4, 4, 4, 4, 4, 4, 4, 4, 4, 4, 4, 4, 4, 4, 4, 4, 4, 4, 4, 4, 4, 4, 4, 4, 4, 4, 4, 4, 4, 4, 4, 4, 4, 4, 4, 4], "target_tokens": ["[IN:CREATE_ALARM", "[SL:DATE_TIME", "@ptr10", "@ptr11", "@ptr12", "@ptr13", "SL:DATE_TIME]", "IN:CREATE_ALARM]"], "predicted_tokens": ["[IN:CREATE_ALARM", "[SL:DATE_TIME", "@ptr11", "@ptr12", "@ptr14", "SL:DATE_TIME]", "IN:CREATE_ALARM]"]}
{"loss": 2.279947280883789, "class_log_probabilities": [-2.164555549621582, -2.5191259384155273, -2.6336541175842285, -3.728846311569214], "predictions": [45, 16, 403, 405, 407, 17, 46, 4, 4], "target_tokens": ["[IN:CREATE_ALARM", "[SL:DATE_TIME", "@ptr7", "@ptr8", "@ptr9", "@ptr10", "@ptr11", "SL:DATE_TIME]", "IN:CREATE_ALARM]"], "predicted_tokens": ["[IN:CREATE_ALARM", "[SL:DATE_TIME", "@ptr8", "@ptr10", "@ptr12", "SL:DATE_TIME]", "IN:CREATE_ALARM]"]}
{"loss": 0.9694565534591675, "class_log_probabilities": [-0.8357107043266296, -5.005285263061523, -5.396835803985596, -6.138914585113525], "predictions": [45, 16, 398, 399, 400, 401, 17, 46, 4, 4], "target_tokens": ["[IN:CREATE_ALARM", "[SL:DATE_TIME", "@ptr3", "@ptr4", "@ptr5", "@ptr6", "SL:DATE_TIME]", "IN:CREATE_ALARM]"], "predicted_tokens": ["[IN:CREATE_ALARM", "[SL:DATE_TIME", "@ptr3", "@ptr4", "@ptr5", "@ptr6", "SL:DATE_TIME]", "IN:CREATE_ALARM]"]}
{"loss": 0.9697824120521545, "class_log_probabilities": [-0.564842164516449, -7.1701483726501465, -7.541821002960205, -7.617979526519775], "predictions": [45, 16, 398, 399, 400, 401, 402, 403, 17, 46, 4, 4, 4, 4, 4, 4], "target_tokens": ["[IN:CREATE_ALARM", "[SL:DATE_TIME", "@ptr3", "@ptr4", "@ptr5", "@ptr6", "@ptr7", "@ptr8", "SL:DATE_TIME]", "IN:CREATE_ALARM]"], "predicted_tokens": ["[IN:CREATE_ALARM", "[SL:DATE_TIME", "@ptr3", "@ptr4", "@ptr5", "@ptr6", "@ptr7", "@ptr8", "SL:DATE_TIME]", "IN:CREATE_ALARM]"]}
{"loss": 3.914491653442383, "class_log_probabilities": [-0.9671032428741455, -2.012721300125122, -6.218780517578125, -7.736658573150635], "predictions": [159, 160, 4, 4, 4, 4, 4, 4, 4, 4], "target_tokens": ["[IN:SNOOZE_ALARM", "[SL:DATE_TIME", "@ptr5", "@ptr6", "@ptr7", "SL:DATE_TIME]", "IN:SNOOZE_ALARM]"], "predicted_tokens": ["[IN:SNOOZE_ALARM", "IN:SNOOZE_ALARM]"]}
{"loss": 3.494211435317993, "class_log_probabilities": [-1.6433206796646118, -1.811674952507019, -3.3769454956054688, -3.758962869644165], "predictions": [259, 260, 4], "target_tokens": ["[IN:SNOOZE_ALARM", "[SL:ALARM_NAME", "@ptr4", "SL:ALARM_NAME]", "IN:SNOOZE_ALARM]"], "predicted_tokens": ["[IN:UPDATE_ALARM", "IN:UPDATE_ALARM]"]}
{"loss": 1.0776668787002563, "class_log_probabilities": [-2.6307146549224854, -3.3047125339508057, -3.511125326156616, -3.9088075160980225], "predictions": [45, 16, 399, 400, 401, 402, 403, 404, 405, 406, 407, 17, 46, 4], "target_tokens": ["[IN:CREATE_ALARM", "[SL:DATE_TIME", "@ptr4", "@ptr5", "@ptr6", "@ptr7", "@ptr8", "@ptr9", "@ptr10", "@ptr11", "@ptr12", "SL:DATE_TIME]", "IN:CREATE_ALARM]"], "predicted_tokens": ["[IN:CREATE_ALARM", "[SL:DATE_TIME", "@ptr4", "@ptr5", "@ptr6", "@ptr7", "@ptr8", "@ptr9", "@ptr10", "@ptr11", "@ptr12", "SL:DATE_TIME]", "IN:CREATE_ALARM]"]}
{"loss": 1.2357454299926758, "class_log_probabilities": [-1.2272109985351562, -2.739996910095215, -4.014345645904541, -4.6396660804748535], "predictions": [45, 16, 400, 401, 402, 403, 404, 405, 17, 46, 4, 4, 4, 4, 4], "target_tokens": ["[IN:CREATE_ALARM", "[SL:DATE_TIME", "@ptr4", "@ptr5", "@ptr6", "@ptr7", "@ptr8", "@ptr9", "@ptr10", "SL:DATE_TIME]", "IN:CREATE_ALARM]"], "predicted_tokens": ["[IN:CREATE_ALARM", "[SL:DATE_TIME", "@ptr5", "@ptr6", "@ptr7", "@ptr8", "@ptr9", "@ptr10", "SL:DATE_TIME]", "IN:CREATE_ALARM]"]}
{"loss": 2.3870954513549805, "class_log_probabilities": [-0.6920889616012573, -3.0288546085357666, -4.825870513916016, -5.879239082336426], "predictions": [45, 16, 399, 400, 401, 402, 17, 46, 4, 4], "target_tokens": ["[IN:CREATE_ALARM", "[SL:DATE_TIME", "@ptr3", "@ptr4", "@ptr5", "@ptr6", "SL:DATE_TIME]", "IN:CREATE_ALARM]"], "predicted_tokens": ["[IN:CREATE_ALARM", "[SL:DATE_TIME", "@ptr4", "@ptr5", "@ptr6", "@ptr7", "SL:DATE_TIME]", "IN:CREATE_ALARM]"]}
{"loss": 1.0202350616455078, "class_log_probabilities": [-1.3635953664779663, -2.05124568939209, -5.5649919509887695, -5.943240642547607], "predictions": [45, 16, 399, 400, 401, 402, 403, 17, 46, 4], "target_tokens": ["[IN:CREATE_ALARM", "[SL:DATE_TIME", "@ptr4", "@ptr5", "@ptr6", "@ptr7", "@ptr8", "SL:DATE_TIME]", "IN:CREATE_ALARM]"], "predicted_tokens": ["[IN:CREATE_ALARM", "[SL:DATE_TIME", "@ptr4", "@ptr5", "@ptr6", "@ptr7", "@ptr8", "SL:DATE_TIME]", "IN:CREATE_ALARM]"]}
{"loss": 2.295319080352783, "class_log_probabilities": [-2.2071852684020996, -3.037740468978882, -4.03678035736084, -4.843474388122559], "predictions": [45, 16, 399, 400, 401, 402, 403, 404, 405, 406, 407, 17, 46, 4, 4, 4, 4], "target_tokens": ["[IN:CREATE_ALARM", "[SL:DATE_TIME", "@ptr3", "@ptr4", "@ptr5", "@ptr6", "@ptr7", "@ptr8", "SL:DATE_TIME]", "[SL:DATE_TIME", "@ptr9", "@ptr10", "@ptr11", "SL:DATE_TIME]", "IN:CREATE_ALARM]"], "predicted_tokens": ["[IN:CREATE_ALARM", "[SL:DATE_TIME", "@ptr4", "@ptr5", "@ptr6", "@ptr7", "@ptr8", "@ptr9", "@ptr10", "@ptr11", "@ptr12", "SL:DATE_TIME]", "IN:CREATE_ALARM]"]}
{"loss": 2.3418731689453125, "class_log_probabilities": [-1.5125694274902344, -3.1856422424316406, -3.7169179916381836, -4.052128314971924], "predictions": [45, 16, 399, 400, 401, 402, 403, 404, 405, 17, 46, 4], "target_tokens": ["[IN:CREATE_ALARM", "[SL:ALARM_NAME", "@ptr2", "SL:ALARM_NAME]", "[SL:DATE_TIME", "@ptr3", "@ptr4", "@ptr5", "@ptr6", "@ptr7", "SL:DATE_TIME]", "[SL:DATE_TIME", "@ptr8", "@ptr9", "@ptr10", "SL:DATE_TIME]", "IN:CREATE_ALARM]"], "predicted_tokens": ["[IN:CREATE_ALARM", "[SL:DATE_TIME", "@ptr4", "@ptr5", "@ptr6", "@ptr7", "@ptr8", "@ptr9", "@ptr10", "SL:DATE_TIME]", "IN:CREATE_ALARM]"]}
{"loss": 1.9718486070632935, "class_log_probabilities": [-3.0329928398132324, -3.093325614929199, -24.043716430664062, -49.2398567199707], "predictions": [45, 249, 401, 402, 403, 250, 46, 4, 4, 4, 4, 4, 4, 4, 4, 4, 4, 4, 4, 4, 4, 4, 4, 4, 4, 4, 4, 4, 4, 4, 4, 4, 4, 4, 4, 4, 4, 4, 4, 4, 4, 4, 4, 4, 4, 4, 4, 4, 4, 4, 4, 4, 4, 4, 4, 4, 4, 4, 4, 4, 4, 4, 4, 4, 4, 4, 4, 4, 4, 4, 4, 4, 4, 4, 4, 4, 4, 4, 4, 4, 4, 4, 4, 4, 4, 4, 4, 4, 4, 4, 4, 4, 4, 4, 4, 4, 4, 4, 4, 4], "target_tokens": ["[IN:CREATE_ALARM", "[SL:ALARM_NAME", "@ptr6", "@ptr7", "@ptr8", "SL:ALARM_NAME]", "[SL:DATE_TIME", "@ptr9", "@ptr10", "@ptr11", "@ptr12", "@ptr13", "SL:DATE_TIME]", "IN:CREATE_ALARM]"], "predicted_tokens": ["[IN:CREATE_ALARM", "[SL:ALARM_NAME", "@ptr6", "@ptr7", "@ptr8", "SL:ALARM_NAME]", "IN:CREATE_ALARM]"]}
{"loss": 0.972567617893219, "class_log_probabilities": [-0.1646101474761963, -7.532144069671631, -7.737468719482422, -7.805951118469238], "predictions": [19, 22, 4], "target_tokens": ["[IN:GET_ALARM", "IN:GET_ALARM]"], "predicted_tokens": ["[IN:GET_ALARM", "IN:GET_ALARM]"]}
{"loss": 1.6933287382125854, "class_log_probabilities": [-0.9662272334098816, -5.319247245788574, -6.044229984283447, -6.252326011657715], "predictions": [119, 120, 397, 121, 122, 4], "target_tokens": ["[IN:DELETE_ALARM", "[SL:AMOUNT", "@ptr1", "SL:AMOUNT]", "IN:DELETE_ALARM]"], "predicted_tokens": ["[IN:DELETE_ALARM", "[SL:AMOUNT", "@ptr2", "SL:AMOUNT]", "IN:DELETE_ALARM]"]}
{"loss": 3.7633848190307617, "class_log_probabilities": [-0.1596820056438446, -7.705107688903809, -7.784811973571777, -8.024445533752441], "predictions": [213, 214, 4], "target_tokens": ["[IN:DELETE_ALARM", "IN:DELETE_ALARM]"], "predicted_tokens": ["[IN:SILENCE_ALARM", "IN:SILENCE_ALARM]"]}
{"loss": 0.957892119884491, "class_log_probabilities": [-0.561038613319397, -4.727248668670654, -6.155241966247559, -7.251750946044922], "predictions": [45, 16, 400, 401, 402, 17, 46, 4, 4], "target_tokens": ["[IN:CREATE_ALARM", "[SL:DATE_TIME", "@ptr5", "@ptr6", "@ptr7", "SL:DATE_TIME]", "IN:CREATE_ALARM]"], "predicted_tokens": ["[IN:CREATE_ALARM", "[SL:DATE_TIME", "@ptr5", "@ptr6", "@ptr7", "SL:DATE_TIME]", "IN:CREATE_ALARM]"]}
{"loss": 4.119679927825928, "class_log_probabilities": [-0.6714596748352051, -3.01135516166687, -3.4822845458984375, -6.440035820007324], "predictions": [45, 249, 400, 401, 402, 250, 46, 4], "target_tokens": ["[IN:CREATE_ALARM", "[SL:DATE_TIME", "@ptr7", "SL:DATE_TIME]", "[SL:ALARM_NAME", "@ptr6", "SL:ALARM_NAME]", "IN:CREATE_ALARM]"], "predicted_tokens": ["[IN:CREATE_ALARM", "[SL:ALARM_NAME", "@ptr5", "@ptr6", "@ptr7", "SL:ALARM_NAME]", "IN:CREATE_ALARM]"]}
{"loss": 1.9824718236923218, "class_log_probabilities": [-0.32421737909317017, -5.8593220710754395, -6.762566566467285, -7.136180400848389], "predictions": [81, 6, 396, 7, 82, 4], "target_tokens": ["[IN:UPDATE_CALL", "[SL:CONTACT_REMOVED", "@ptr1", "SL:CONTACT_REMOVED]", "IN:UPDATE_CALL]"], "predicted_tokens": ["[IN:END_CALL", "[SL:CONTACT", "@ptr1", "SL:CONTACT]", "IN:END_CALL]"]}
{"loss": 0.9576099514961243, "class_log_probabilities": [-0.19524285197257996, -7.564323425292969, -8.101093292236328, -8.173460960388184], "predictions": [171, 172, 4], "target_tokens": ["[IN:GET_AVAILABILITY", "IN:GET_AVAILABILITY]"], "predicted_tokens": ["[IN:GET_AVAILABILITY", "IN:GET_AVAILABILITY]"]}
{"loss": 0.9581435322761536, "class_log_probabilities": [-0.1930048167705536, -7.629045009613037, -8.175874710083008, -8.368436813354492], "predictions": [171, 172, 4], "target_tokens": ["[IN:GET_AVAILABILITY", "IN:GET_AVAILABILITY]"], "predicted_tokens": ["[IN:GET_AVAILABILITY", "IN:GET_AVAILABILITY]"]}
{"loss": 1.8767062425613403, "class_log_probabilities": [-1.1218435764312744, -1.2953397035598755, -3.5426089763641357, -4.3238205909729], "predictions": [185, 16, 404, 406, 17, 186, 4, 4], "target_tokens": ["[IN:GET_CALL", "[SL:DATE_TIME", "@ptr9", "@ptr10", "SL:DATE_TIME]", "IN:GET_CALL]"], "predicted_tokens": ["[IN:GET_CALL", "[SL:DATE_TIME", "@ptr9", "@ptr11", "SL:DATE_TIME]", "IN:GET_CALL]"]}
{"loss": 1.0050921440124512, "class_log_probabilities": [-0.4157298505306244, -3.777862310409546, -3.834000587463379, -4.844270706176758], "predictions": [69, 74, 4], "target_tokens": ["[IN:GET_CALL_TIME", "IN:GET_CALL_TIME]"], "predicted_tokens": ["[IN:GET_CALL_TIME", "IN:GET_CALL_TIME]"]}
{"loss": 2.9511258602142334, "class_log_probabilities": [-1.1885794401168823, -4.04607629776001, -4.908810615539551, -4.910462856292725], "predictions": [63, 66, 395, 396, 67, 68, 4], "target_tokens": ["[IN:CREATE_CALL", "[SL:CONTACT", "@ptr1", "SL:CONTACT]", "IN:CREATE_CALL]"], "predicted_tokens": ["[IN:PLAY_MUSIC", "[SL:MUSIC_ARTIST_NAME", "@ptr0", "@ptr1", "SL:MUSIC_ARTIST_NAME]", "IN:PLAY_MUSIC]"]}
{"loss": 0.9903156161308289, "class_log_probabilities": [-0.137871652841568, -7.464860439300537, -8.027902603149414, -8.142956733703613], "predictions": [245, 246, 4], "target_tokens": ["[IN:UPDATE_METHOD_CALL", "IN:UPDATE_METHOD_CALL]"], "predicted_tokens": ["[IN:UPDATE_METHOD_CALL", "IN:UPDATE_METHOD_CALL]"]}
{"loss": 1.7274715900421143, "class_log_probabilities": [-0.5460690855979919, -6.472403049468994, -6.696771144866943, -7.10154914855957], "predictions": [63, 66, 395, 396, 397, 67, 103, 399, 104, 68, 4], "target_tokens": ["[IN:PLAY_MUSIC", "[SL:MUSIC_ARTIST_NAME", "@ptr1", "@ptr2", "SL:MUSIC_ARTIST_NAME]", "[SL:MUSIC_PROVIDER_NAME", "@ptr4", "SL:MUSIC_PROVIDER_NAME]", "IN:PLAY_MUSIC]"], "predicted_tokens": ["[IN:PLAY_MUSIC", "[SL:MUSIC_ARTIST_NAME", "@ptr0", "@ptr1", "@ptr2", "SL:MUSIC_ARTIST_NAME]", "[SL:MUSIC_PROVIDER_NAME", "@ptr4", "SL:MUSIC_PROVIDER_NAME]", "IN:PLAY_MUSIC]"]}
{"loss": 1.4465959072113037, "class_log_probabilities": [-3.1445534229278564, -3.2172584533691406, -4.274518013000488, -5.513427257537842], "predictions": [63, 64, 398, 65, 206, 399, 400, 401, 402, 403, 404, 405, 406, 407, 104, 68, 4, 4], "target_tokens": ["[IN:PLAY_MUSIC", "[SL:MUSIC_TYPE", "@ptr2", "SL:MUSIC_TYPE]", "[SL:MUSIC_ALBUM_TITLE", "@ptr3", "@ptr4", "@ptr5", "@ptr6", "@ptr7", "@ptr8", "@ptr9", "@ptr10", "@ptr11", "SL:MUSIC_ALBUM_TITLE]", "[SL:MUSIC_PROVIDER_NAME", "@ptr13", "SL:MUSIC_PROVIDER_NAME]", "IN:PLAY_MUSIC]"], "predicted_tokens": ["[IN:PLAY_MUSIC", "[SL:MUSIC_TYPE", "@ptr3", "SL:MUSIC_TYPE]", "[SL:MUSIC_ALBUM_TITLE", "@ptr4", "@ptr5", "@ptr6", "@ptr7", "@ptr8", "@ptr9", "@ptr10", "@ptr11", "@ptr12", "SL:MUSIC_PROVIDER_NAME]", "IN:PLAY_MUSIC]"]}
{"loss": 1.8388932943344116, "class_log_probabilities": [-0.40847039222717285, -6.674009323120117, -6.729774475097656, -6.975050449371338], "predictions": [63, 66, 395, 396, 67, 103, 398, 104, 68, 4], "target_tokens": ["[IN:PLAY_MUSIC", "[SL:MUSIC_ARTIST_NAME", "@ptr1", "SL:MUSIC_ARTIST_NAME]", "[SL:MUSIC_PROVIDER_NAME", "@ptr3", "SL:MUSIC_PROVIDER_NAME]", "IN:PLAY_MUSIC]"], "predicted_tokens": ["[IN:PLAY_MUSIC", "[SL:MUSIC_ARTIST_NAME", "@ptr0", "@ptr1", "SL:MUSIC_ARTIST_NAME]", "[SL:MUSIC_PROVIDER_NAME", "@ptr3", "SL:MUSIC_PROVIDER_NAME]", "IN:PLAY_MUSIC]"]}
{"loss": 1.2383443117141724, "class_log_probabilities": [-1.8427828550338745, -3.161254405975342, -3.2746291160583496, -4.553659915924072], "predictions": [63, 103, 397, 104, 64, 399, 65, 86, 401, 402, 403, 87, 68, 4], "target_tokens": ["[IN:PLAY_MUSIC", "[SL:MUSIC_PROVIDER_NAME", "@ptr2", "SL:MUSIC_PROVIDER_NAME]", "[SL:MUSIC_PLAYLIST_TITLE", "@ptr6", "@ptr7", "@ptr8", "SL:MUSIC_PLAYLIST_TITLE]", "[SL:MUSIC_TYPE", "@ptr4", "SL:MUSIC_TYPE]", "IN:PLAY_MUSIC]"], "predicted_tokens": ["[IN:PLAY_MUSIC", "[SL:MUSIC_PROVIDER_NAME", "@ptr2", "SL:MUSIC_PROVIDER_NAME]", "[SL:MUSIC_TYPE", "@ptr4", "SL:MUSIC_TYPE]", "[SL:MUSIC_PLAYLIST_TITLE", "@ptr6", "@ptr7", "@ptr8", "SL:MUSIC_PLAYLIST_TITLE]", "IN:PLAY_MUSIC]"]}
{"loss": 1.9543510675430298, "class_log_probabilities": [-1.0831114053726196, -3.125690460205078, -4.0213942527771, -4.702229976654053], "predictions": [75, 6, 70, 71, 397, 398, 399, 400, 72, 6, 401, 7, 73, 7, 78, 4, 4, 4], "target_tokens": ["[IN:CREATE_CALL", "[SL:CONTACT", "[IN:GET_CONTACT", "[SL:CONTACT_RELATED", "@ptr6", "SL:CONTACT_RELATED]", "[SL:TYPE_RELATION", "@ptr2", "@ptr3", "@ptr4", "SL:TYPE_RELATION]", "IN:GET_CONTACT]", "SL:CONTACT]", "IN:CREATE_CALL]"], "predicted_tokens": ["[IN:CREATE_CALL", "[SL:CONTACT", "[IN:GET_CONTACT", "[SL:TYPE_RELATION", "@ptr2", "@ptr3", "@ptr4", "@ptr5", "SL:TYPE_RELATION]", "[SL:CONTACT", "@ptr6", "SL:CONTACT]", "IN:GET_CONTACT]", "SL:CONTACT]", "IN:CREATE_CALL]"]}
{"loss": 2.041952133178711, "class_log_probabilities": [-2.980039596557617, -4.12021017074585, -4.494748592376709, -4.680385589599609], "predictions": [75, 6, 70, 71, 397, 72, 73, 7, 78, 4, 4, 4, 4, 4], "target_tokens": ["[IN:CREATE_CALL", "[SL:CONTACT", "[IN:GET_CONTACT", "[SL:CONTACT_RELATED", "@ptr7", "SL:CONTACT_RELATED]", "[SL:TYPE_RELATION", "@ptr2", "@ptr3", "@ptr4", "@ptr5", "SL:TYPE_RELATION]", "IN:GET_CONTACT]", "SL:CONTACT]", "IN:CREATE_CALL]"], "predicted_tokens": ["[IN:CREATE_CALL", "[SL:CONTACT", "[IN:GET_CONTACT", "[SL:TYPE_RELATION", "@ptr2", "SL:TYPE_RELATION]", "IN:GET_CONTACT]", "SL:CONTACT]", "IN:CREATE_CALL]"]}
{"loss": 1.8232495784759521, "class_log_probabilities": [-1.9058574438095093, -2.634626865386963, -3.2745542526245117, -3.4421021938323975], "predictions": [75, 6, 70, 71, 397, 72, 6, 399, 400, 401, 7, 73, 7, 78, 4, 4, 4], "target_tokens": ["[IN:CREATE_CALL", "[SL:CONTACT", "[IN:GET_CONTACT", "[SL:CONTACT_RELATED", "@ptr4", "@ptr5", "SL:CONTACT_RELATED]", "[SL:TYPE_RELATION", "@ptr2", "SL:TYPE_RELATION]", "IN:GET_CONTACT]", "SL:CONTACT]", "IN:CREATE_CALL]"], "predicted_tokens": ["[IN:CREATE_CALL", "[SL:CONTACT", "[IN:GET_CONTACT", "[SL:TYPE_RELATION", "@ptr2", "SL:TYPE_RELATION]", "[SL:CONTACT", "@ptr4", "@ptr5", "@ptr6", "SL:CONTACT]", "IN:GET_CONTACT]", "SL:CONTACT]", "IN:CREATE_CALL]"]}
{"loss": 1.2846709489822388, "class_log_probabilities": [-0.7206054925918579, -3.329472780227661, -4.782265663146973, -5.4313788414001465], "predictions": [61, 83, 396, 397, 398, 84, 16, 404, 17, 62, 4, 4], "target_tokens": ["[IN:GET_EVENT", "[SL:CATEGORY_EVENT", "@ptr1", "@ptr2", "@ptr3", "SL:CATEGORY_EVENT]", "[SL:DATE_TIME", "@ptr8", "@ptr9", "SL:DATE_TIME]", "IN:GET_EVENT]"], "predicted_tokens": ["[IN:GET_EVENT", "[SL:CATEGORY_EVENT", "@ptr1", "@ptr2", "@ptr3", "SL:CATEGORY_EVENT]", "[SL:DATE_TIME", "@ptr9", "SL:DATE_TIME]", "IN:GET_EVENT]"]}
{"loss": 2.0695223808288574, "class_log_probabilities": [-3.050616979598999, -4.7239179611206055, -5.808863162994385, -7.9676690101623535], "predictions": [61, 83, 401, 402, 403, 404, 405, 406, 17, 62, 4, 4, 4, 4, 4, 4, 4, 4, 4, 4, 4], "target_tokens": ["[IN:GET_EVENT", "[SL:CATEGORY_EVENT", "@ptr9", "@ptr10", "@ptr11", "SL:CATEGORY_EVENT]", "[SL:DATE_TIME", "@ptr12", "@ptr13", "@ptr14", "@ptr15", "@ptr16", "SL:DATE_TIME]", "IN:GET_EVENT]"], "predicted_tokens": ["[IN:GET_EVENT", "[SL:CATEGORY_EVENT", "@ptr6", "@ptr7", "@ptr8", "@ptr9", "@ptr10", "@ptr11", "SL:DATE_TIME]", "IN:GET_EVENT]"]}
{"loss": 0.9876775145530701, "class_log_probabilities": [-0.5207374691963196, -5.173798084259033, -6.423861026763916, -6.4588189125061035], "predictions": [61, 83, 398, 399, 400, 84, 62, 4, 4], "target_tokens": ["[IN:GET_EVENT", "[SL:CATEGORY_EVENT", "@ptr3", "@ptr4", "@ptr5", "SL:CATEGORY_EVENT]", "IN:GET_EVENT]"], "predicted_tokens": ["[IN:GET_EVENT", "[SL:CATEGORY_EVENT", "@ptr3", "@ptr4", "@ptr5", "SL:CATEGORY_EVENT]", "IN:GET_EVENT]"]}
{"loss": 3.6215131282806396, "class_log_probabilities": [-1.4881254434585571, -5.345781326293945, -6.000903606414795, -6.198563098907471], "predictions": [70, 73, 4, 4, 4, 4, 4, 4, 4, 4, 4, 4, 4, 4, 4, 4], "target_tokens": ["[IN:GET_CONTACT", "[SL:DATE_TIME", "@ptr9", "@ptr10", "@ptr11", "SL:DATE_TIME]", "IN:GET_CONTACT]"], "predicted_tokens": ["[IN:GET_CONTACT", "IN:GET_CONTACT]"]}
{"loss": 2.4028501510620117, "class_log_probabilities": [-0.7895902991294861, -2.2180819511413574, -5.1402788162231445, -5.167335033416748], "predictions": [70, 71, 396, 72, 93, 397, 398, 94, 73, 4, 4, 4, 4], "target_tokens": ["[IN:GET_CONTACT", "[SL:CONTACT_RELATED", "@ptr3", "SL:CONTACT_RELATED]", "[SL:TYPE_RELATION", "@ptr1", "SL:TYPE_RELATION]", "IN:GET_CONTACT]"], "predicted_tokens": ["[IN:GET_CONTACT", "[SL:TYPE_RELATION", "@ptr1", "SL:TYPE_RELATION]", "[SL:CONTACT_RELATED", "@ptr2", "@ptr3", "SL:CONTACT_RELATED]", "IN:GET_CONTACT]"]}
{"loss": 3.0156524181365967, "class_log_probabilities": [-3.4865071773529053, -5.568545818328857, -5.654119968414307, -6.317082405090332], "predictions": [70, 73, 4, 4, 4, 4, 4, 4, 4, 4, 4, 4, 4, 4], "target_tokens": ["[IN:GET_CONTACT", "[SL:CONTACT_RELATED", "@ptr12", "@ptr13", "@ptr14", "SL:CONTACT_RELATED]", "[SL:TYPE_RELATION", "@ptr9", "@ptr10", "SL:TYPE_RELATION]", "IN:GET_CONTACT]"], "predicted_tokens": ["[IN:GET_CONTACT", "IN:GET_CONTACT]"]}
{"loss": 0.9618566632270813, "class_log_probabilities": [-0.4000871777534485, -6.614967346191406, -7.8107008934021, -8.175531387329102], "predictions": [75, 6, 398, 399, 7, 78, 4, 4, 4], "target_tokens": ["[IN:CREATE_CALL", "[SL:CONTACT", "@ptr3", "@ptr4", "SL:CONTACT]", "IN:CREATE_CALL]"], "predicted_tokens": ["[IN:CREATE_CALL", "[SL:CONTACT", "@ptr3", "@ptr4", "SL:CONTACT]", "IN:CREATE_CALL]"]}
{"loss": 3.9560980796813965, "class_log_probabilities": [-2.515573263168335, -4.28029203414917, -4.32077693939209, -5.935259819030762], "predictions": [61, 83, 395, 396, 397, 84, 14, 399, 400, 15, 14, 402, 403, 15, 62, 4, 4, 4, 4, 4], "target_tokens": ["[IN:CREATE_CALL", "[SL:CONTACT", "@ptr1", "@ptr2", "@ptr3", "@ptr4", "@ptr5", "@ptr6", "@ptr7", "@ptr8", "SL:CONTACT]", "IN:CREATE_CALL]"], "predicted_tokens": ["[IN:GET_EVENT", "[SL:CATEGORY_EVENT", "@ptr0", "@ptr1", "@ptr2", "SL:CATEGORY_EVENT]", "[SL:LOCATION", "@ptr4", "@ptr5", "SL:LOCATION]", "[SL:LOCATION", "@ptr7", "@ptr8", "SL:LOCATION]", "IN:GET_EVENT]"]}
{"loss": 1.415340781211853, "class_log_probabilities": [-0.7322394847869873, -2.6130006313323975, -5.305665493011475, -5.708184719085693], "predictions": [33, 34, 396, 35, 16, 399, 17, 38, 4, 4], "target_tokens": ["[IN:DELETE_REMINDER", "[SL:PERSON_REMINDED", "@ptr1", "SL:PERSON_REMINDED]", "[SL:DATE_TIME", "@ptr3", "@ptr4", "SL:DATE_TIME]", "IN:DELETE_REMINDER]"], "predicted_tokens": ["[IN:DELETE_REMINDER", "[SL:PERSON_REMINDED", "@ptr1", "SL:PERSON_REMINDED]", "[SL:DATE_TIME", "@ptr4", "SL:DATE_TIME]", "IN:DELETE_REMINDER]"]}
{"loss": 2.294842481613159, "class_log_probabilities": [-1.6511183977127075, -2.1595330238342285, -3.8520619869232178, -6.057787895202637], "predictions": [75, 6, 70, 93, 402, 94, 71, 404, 72, 73, 7, 78, 4, 4, 4, 4], "target_tokens": ["[IN:CREATE_CALL", "[SL:CONTACT", "[IN:GET_CONTACT", "[SL:CONTACT_RELATED", "@ptr6", "SL:CONTACT_RELATED]", "[SL:TYPE_RELATION", "@ptr7", "@ptr8", "@ptr9", "SL:TYPE_RELATION]", "IN:GET_CONTACT]", "SL:CONTACT]", "IN:CREATE_CALL]"], "predicted_tokens": ["[IN:CREATE_CALL", "[SL:CONTACT", "[IN:GET_CONTACT", "[SL:CONTACT_RELATED", "@ptr7", "SL:CONTACT_RELATED]", "[SL:TYPE_RELATION", "@ptr9", "SL:TYPE_RELATION]", "IN:GET_CONTACT]", "SL:CONTACT]", "IN:CREATE_CALL]"]}
{"loss": 1.2566826343536377, "class_log_probabilities": [-3.2710177898406982, -3.4844276905059814, -3.6244423389434814, -3.9359192848205566], "predictions": [23, 10, 399, 11, 24, 403, 404, 405, 406, 407, 408, 25, 26, 4, 4, 4, 4], "target_tokens": ["[IN:SEND_MESSAGE", "[SL:RECIPIENT", "@ptr4", "SL:RECIPIENT]", "[SL:CONTENT_EXACT", "@ptr9", "@ptr10", "@ptr11", "@ptr12", "@ptr13", "@ptr14", "@ptr15", "SL:CONTENT_EXACT]", "IN:SEND_MESSAGE]"], "predicted_tokens": ["[IN:SEND_MESSAGE", "[SL:RECIPIENT", "@ptr4", "SL:RECIPIENT]", "[SL:CONTENT_EXACT", "@ptr8", "@ptr9", "@ptr10", "@ptr11", "@ptr12", "@ptr13", "SL:CONTENT_EXACT]", "IN:SEND_MESSAGE]"]}
{"loss": 0.976679265499115, "class_log_probabilities": [-0.9194806218147278, -5.271788597106934, -6.321106433868408, -6.863987445831299], "predictions": [23, 10, 397, 11, 24, 398, 399, 400, 401, 402, 403, 25, 26, 4, 4], "target_tokens": ["[IN:SEND_MESSAGE", "[SL:RECIPIENT", "@ptr2", "SL:RECIPIENT]", "[SL:CONTENT_EXACT", "@ptr3", "@ptr4", "@ptr5", "@ptr6", "@ptr7", "@ptr8", "SL:CONTENT_EXACT]", "IN:SEND_MESSAGE]"], "predicted_tokens": ["[IN:SEND_MESSAGE", "[SL:RECIPIENT", "@ptr2", "SL:RECIPIENT]", "[SL:CONTENT_EXACT", "@ptr3", "@ptr4", "@ptr5", "@ptr6", "@ptr7", "@ptr8", "SL:CONTENT_EXACT]", "IN:SEND_MESSAGE]"]}
{"loss": 0.9617918729782104, "class_log_probabilities": [-0.7195834517478943, -4.9688215255737305, -5.3559746742248535, -6.430037975311279], "predictions": [75, 6, 400, 401, 7, 78, 4, 4], "target_tokens": ["[IN:CREATE_CALL", "[SL:CONTACT", "@ptr5", "@ptr6", "SL:CONTACT]", "IN:CREATE_CALL]"], "predicted_tokens": ["[IN:CREATE_CALL", "[SL:CONTACT", "@ptr5", "@ptr6", "SL:CONTACT]", "IN:CREATE_CALL]"]}
{"loss": 1.6363749504089355, "class_log_probabilities": [-0.38061797618865967, -4.85800838470459, -7.224419593811035, -7.417366027832031], "predictions": [75, 6, 400, 7, 78, 4], "target_tokens": ["[IN:CREATE_CALL", "[SL:CONTACT", "@ptr4", "SL:CONTACT]", "IN:CREATE_CALL]"], "predicted_tokens": ["[IN:CREATE_CALL", "[SL:CONTACT", "@ptr5", "SL:CONTACT]", "IN:CREATE_CALL]"]}
{"loss": 2.0075531005859375, "class_log_probabilities": [-1.099466323852539, -2.8714733123779297, -5.644888401031494, -8.186686515808105], "predictions": [75, 6, 70, 93, 397, 94, 71, 398, 399, 400, 72, 73, 7, 78, 4, 4], "target_tokens": ["[IN:CREATE_CALL", "[SL:CONTACT", "[IN:GET_CONTACT", "[SL:TYPE_RELATION", "@ptr2", "@ptr3", "@ptr4", "SL:TYPE_RELATION]", "IN:GET_CONTACT]", "SL:CONTACT]", "IN:CREATE_CALL]"], "predicted_tokens": ["[IN:CREATE_CALL", "[SL:CONTACT", "[IN:GET_CONTACT", "[SL:CONTACT_RELATED", "@ptr2", "SL:CONTACT_RELATED]", "[SL:TYPE_RELATION", "@ptr3", "@ptr4", "@ptr5", "SL:TYPE_RELATION]", "IN:GET_CONTACT]", "SL:CONTACT]", "IN:CREATE_CALL]"]}
{"loss": 0.956671416759491, "class_log_probabilities": [-0.20096741616725922, -7.562417984008789, -7.911561489105225, -8.180618286132812], "predictions": [171, 172, 4], "target_tokens": ["[IN:GET_AVAILABILITY", "IN:GET_AVAILABILITY]"], "predicted_tokens": ["[IN:GET_AVAILABILITY", "IN:GET_AVAILABILITY]"]}
{"loss": 4.575332164764404, "class_log_probabilities": [-1.2655776739120483, -5.4480671882629395, -5.634279727935791, -5.9387922286987305], "predictions": [23, 10, 395, 396, 397, 11, 26, 4], "target_tokens": ["[IN:GET_AVAILABILITY", "IN:GET_AVAILABILITY]"], "predicted_tokens": ["[IN:SEND_MESSAGE", "[SL:RECIPIENT", "@ptr0", "@ptr1", "@ptr2", "SL:RECIPIENT]", "IN:SEND_MESSAGE]"]}
{"loss": 0.9797298908233643, "class_log_probabilities": [-0.15723586082458496, -7.390134811401367, -7.578528881072998, -7.7470784187316895], "predictions": [215, 216, 4], "target_tokens": ["[IN:SWITCH_CALL", "IN:SWITCH_CALL]"], "predicted_tokens": ["[IN:SWITCH_CALL", "IN:SWITCH_CALL]"]}
{"loss": 0.9799225926399231, "class_log_probabilities": [-0.3026060163974762, -6.553045749664307, -7.398377418518066, -7.6468024253845215], "predictions": [107, 108, 396, 109, 110, 4, 4, 4, 4], "target_tokens": ["[IN:UPDATE_CALL", "[SL:CONTACT_ADDED", "@ptr1", "SL:CONTACT_ADDED]", "IN:UPDATE_CALL]"], "predicted_tokens": ["[IN:UPDATE_CALL", "[SL:CONTACT_ADDED", "@ptr1", "SL:CONTACT_ADDED]", "IN:UPDATE_CALL]"]}
{"loss": 0.9774048924446106, "class_log_probabilities": [-0.15362422168254852, -8.048042297363281, -8.116206169128418, -8.19694709777832], "predictions": [189, 190, 4, 4], "target_tokens": ["[IN:SET_AVAILABLE", "IN:SET_AVAILABLE]"], "predicted_tokens": ["[IN:SET_AVAILABLE", "IN:SET_AVAILABLE]"]}
{"loss": 0.972032368183136, "class_log_probabilities": [-0.15787148475646973, -7.716290473937988, -7.986106872558594, -8.185251235961914], "predictions": [81, 82, 4, 4], "target_tokens": ["[IN:END_CALL", "IN:END_CALL]"], "predicted_tokens": ["[IN:END_CALL", "IN:END_CALL]"]}
{"loss": 0.9718236327171326, "class_log_probabilities": [-0.15852124989032745, -7.9104180335998535, -8.3023099899292, -8.49958610534668], "predictions": [31, 32, 4], "target_tokens": ["[IN:SET_UNAVAILABLE", "IN:SET_UNAVAILABLE]"], "predicted_tokens": ["[IN:SET_UNAVAILABLE", "IN:SET_UNAVAILABLE]"]}
{"loss": 0.976321280002594, "class_log_probabilities": [-0.5525975227355957, -4.831727504730225, -5.748262882232666, -5.76675271987915], "predictions": [75, 6, 399, 7, 78, 4, 4, 4, 4], "target_tokens": ["[IN:CREATE_CALL", "[SL:CONTACT", "@ptr4", "SL:CONTACT]", "IN:CREATE_CALL]"], "predicted_tokens": ["[IN:CREATE_CALL", "[SL:CONTACT", "@ptr4", "SL:CONTACT]", "IN:CREATE_CALL]"]}
{"loss": 1.3692879676818848, "class_log_probabilities": [-1.2190303802490234, -2.660956382751465, -3.3156540393829346, -3.425321578979492], "predictions": [107, 108, 399, 109, 110, 4], "target_tokens": ["[IN:UPDATE_CALL", "[SL:CONTACT_ADDED", "@ptr3", "SL:CONTACT_ADDED]", "IN:UPDATE_CALL]"], "predicted_tokens": ["[IN:UPDATE_CALL", "[SL:CONTACT_ADDED", "@ptr4", "SL:CONTACT_ADDED]", "IN:UPDATE_CALL]"]}
{"loss": 0.9573647379875183, "class_log_probabilities": [-0.378824919462204, -7.644103527069092, -7.741252422332764, -7.950552940368652], "predictions": [75, 6, 399, 7, 78, 4, 4, 4], "target_tokens": ["[IN:CREATE_CALL", "[SL:CONTACT", "@ptr4", "SL:CONTACT]", "IN:CREATE_CALL]"], "predicted_tokens": ["[IN:CREATE_CALL", "[SL:CONTACT", "@ptr4", "SL:CONTACT]", "IN:CREATE_CALL]"]}
{"loss": 2.3136825561523438, "class_log_probabilities": [-2.2315311431884766, -2.5742199420928955, -3.574643850326538, -5.132868766784668], "predictions": [63, 66, 395, 396, 67, 68, 4], "target_tokens": ["[IN:CREATE_CALL", "[SL:CONTACT", "@ptr1", "SL:CONTACT]", "IN:CREATE_CALL]"], "predicted_tokens": ["[IN:PLAY_MUSIC", "[SL:MUSIC_ARTIST_NAME", "@ptr0", "@ptr1", "SL:MUSIC_ARTIST_NAME]", "IN:PLAY_MUSIC]"]}
{"loss": 1.7137689590454102, "class_log_probabilities": [-0.5320183634757996, -5.481072902679443, -6.359175682067871, -6.567651748657227], "predictions": [75, 6, 395, 7, 6, 400, 7, 78, 4, 4, 4, 4], "target_tokens": ["[IN:CREATE_CALL", "[SL:CONTACT", "@ptr5", "SL:CONTACT]", "IN:CREATE_CALL]"], "predicted_tokens": ["[IN:CREATE_CALL", "[SL:CONTACT", "@ptr0", "SL:CONTACT]", "[SL:CONTACT", "@ptr5", "SL:CONTACT]", "IN:CREATE_CALL]"]}
{"loss": 1.0890493392944336, "class_log_probabilities": [-2.1829187870025635, -2.8591628074645996, -3.7882778644561768, -5.094691753387451], "predictions": [75, 6, 70, 71, 401, 72, 73, 7, 78, 4, 4, 4, 4], "target_tokens": ["[IN:CREATE_CALL", "[SL:CONTACT", "[IN:GET_CONTACT", "[SL:TYPE_RELATION", "@ptr6", "SL:TYPE_RELATION]", "IN:GET_CONTACT]", "SL:CONTACT]", "IN:CREATE_CALL]"], "predicted_tokens": ["[IN:CREATE_CALL", "[SL:CONTACT", "[IN:GET_CONTACT", "[SL:TYPE_RELATION", "@ptr6", "SL:TYPE_RELATION]", "IN:GET_CONTACT]", "SL:CONTACT]", "IN:CREATE_CALL]"]}
{"loss": 1.0630059242248535, "class_log_probabilities": [-1.9938139915466309, -2.5560426712036133, -2.690401792526245, -3.429431200027466], "predictions": [107, 108, 70, 93, 398, 94, 71, 399, 72, 73, 109, 110, 4], "target_tokens": ["[IN:UPDATE_CALL", "[SL:CONTACT_ADDED", "[IN:GET_CONTACT", "[SL:CONTACT_RELATED", "@ptr3", "SL:CONTACT_RELATED]", "[SL:TYPE_RELATION", "@ptr4", "SL:TYPE_RELATION]", "IN:GET_CONTACT]", "SL:CONTACT_ADDED]", "IN:UPDATE_CALL]"], "predicted_tokens": ["[IN:UPDATE_CALL", "[SL:CONTACT_ADDED", "[IN:GET_CONTACT", "[SL:CONTACT_RELATED", "@ptr3", "SL:CONTACT_RELATED]", "[SL:TYPE_RELATION", "@ptr4", "SL:TYPE_RELATION]", "IN:GET_CONTACT]", "SL:CONTACT_ADDED]", "IN:UPDATE_CALL]"]}
{"loss": 1.7501424551010132, "class_log_probabilities": [-0.5327519774436951, -5.638847827911377, -6.877040386199951, -7.460063934326172], "predictions": [75, 6, 395, 7, 6, 399, 7, 78, 4, 4, 4, 4], "target_tokens": ["[IN:CREATE_CALL", "[SL:CONTACT", "@ptr4", "SL:CONTACT]", "IN:CREATE_CALL]"], "predicted_tokens": ["[IN:CREATE_CALL", "[SL:CONTACT", "@ptr0", "SL:CONTACT]", "[SL:CONTACT", "@ptr4", "SL:CONTACT]", "IN:CREATE_CALL]"]}
{"loss": 0.9568609595298767, "class_log_probabilities": [-0.389948308467865, -7.590116024017334, -7.616394996643066, -7.9162068367004395], "predictions": [75, 6, 399, 7, 78, 4, 4, 4], "target_tokens": ["[IN:CREATE_CALL", "[SL:CONTACT", "@ptr4", "SL:CONTACT]", "IN:CREATE_CALL]"], "predicted_tokens": ["[IN:CREATE_CALL", "[SL:CONTACT", "@ptr4", "SL:CONTACT]", "IN:CREATE_CALL]"]}
{"loss": 1.7918422222137451, "class_log_probabilities": [-4.73586368560791, -4.8223724365234375, -4.852893829345703, -4.990774154663086], "predictions": [81, 6, 70, 93, 403, 94, 71, 405, 72, 73, 7, 82, 4], "target_tokens": ["[IN:END_CALL", "[SL:CONTACT", "[IN:GET_CONTACT", "[SL:TYPE_RELATION", "@ptr9", "SL:TYPE_RELATION]", "IN:GET_CONTACT]", "SL:CONTACT]", "IN:END_CALL]"], "predicted_tokens": ["[IN:END_CALL", "[SL:CONTACT", "[IN:GET_CONTACT", "[SL:CONTACT_RELATED", "@ptr8", "SL:CONTACT_RELATED]", "[SL:TYPE_RELATION", "@ptr10", "SL:TYPE_RELATION]", "IN:GET_CONTACT]", "SL:CONTACT]", "IN:END_CALL]"]}
{"loss": 2.0979695320129395, "class_log_probabilities": [-1.2325607538223267, -2.0017871856689453, -4.5838165283203125, -6.124359607696533], "predictions": [75, 6, 70, 93, 400, 94, 71, 401, 402, 72, 73, 7, 78, 4], "target_tokens": ["[IN:CREATE_CALL", "[SL:CONTACT", "[IN:GET_CONTACT", "[SL:TYPE_RELATION", "@ptr5", "@ptr6", "SL:TYPE_RELATION]", "IN:GET_CONTACT]", "SL:CONTACT]", "IN:CREATE_CALL]"], "predicted_tokens": ["[IN:CREATE_CALL", "[SL:CONTACT", "[IN:GET_CONTACT", "[SL:CONTACT_RELATED", "@ptr5", "SL:CONTACT_RELATED]", "[SL:TYPE_RELATION", "@ptr6", "@ptr7", "SL:TYPE_RELATION]", "IN:GET_CONTACT]", "SL:CONTACT]", "IN:CREATE_CALL]"]}
{"loss": 2.440377712249756, "class_log_probabilities": [-0.9300724864006042, -4.003185272216797, -6.598926544189453, -6.639448165893555], "predictions": [75, 6, 70, 93, 397, 94, 71, 398, 399, 400, 72, 73, 7, 78, 4], "target_tokens": ["[IN:CREATE_CALL", "[SL:CONTACT", "[IN:GET_CONTACT", "[SL:CONTACT_RELATED", "@ptr1", "SL:CONTACT_RELATED]", "[SL:TYPE_RELATION", "@ptr2", "@ptr3", "@ptr4", "SL:TYPE_RELATION]", "IN:GET_CONTACT]", "SL:CONTACT]", "IN:CREATE_CALL]"], "predicted_tokens": ["[IN:CREATE_CALL", "[SL:CONTACT", "[IN:GET_CONTACT", "[SL:CONTACT_RELATED", "@ptr2", "SL:CONTACT_RELATED]", "[SL:TYPE_RELATION", "@ptr3", "@ptr4", "@ptr5", "SL:TYPE_RELATION]", "IN:GET_CONTACT]", "SL:CONTACT]", "IN:CREATE_CALL]"]}
{"loss": 1.3860384225845337, "class_log_probabilities": [-17.330732345581055, -19.80542755126953, -47.300575256347656, -48.39377975463867], "predictions": [23, 10, 70, 71, 399, 72, 73, 11, 24, 406, 407, 408, 409, 410, 411, 412, 413, 415, 416, 416, 416, 416, 416, 416, 416, 416, 416, 416, 416, 416, 416, 416, 416, 416, 25, 26, 4, 4, 4, 4, 4, 4, 4, 4, 4, 4, 4, 4, 4, 4, 4, 4, 4, 4, 4, 4, 4, 4, 4, 4, 4, 4, 4, 4, 4, 4, 4, 4, 4, 4, 4, 4, 4, 4, 4, 4, 4, 4, 4, 4, 4, 4, 4, 4, 4, 4, 4, 4, 4, 4, 4, 4, 4, 4, 4, 4, 4, 4, 4, 4], "target_tokens": ["[IN:SEND_MESSAGE", "[SL:RECIPIENT", "[IN:GET_CONTACT", "[SL:TYPE_RELATION", "@ptr4", "SL:TYPE_RELATION]", "IN:GET_CONTACT]", "SL:RECIPIENT]", "[SL:CONTENT_EXACT", "@ptr10", "@ptr11", "@ptr12", "@ptr13", "@ptr14", "@ptr15", "@ptr16", "@ptr17", "@ptr18", "@ptr19", "@ptr20", "SL:CONTENT_EXACT]", "IN:SEND_MESSAGE]"], "predicted_tokens": ["[IN:SEND_MESSAGE", "[SL:RECIPIENT", "[IN:GET_CONTACT", "[SL:TYPE_RELATION", "@ptr4", "SL:TYPE_RELATION]", "IN:GET_CONTACT]", "SL:RECIPIENT]", "[SL:CONTENT_EXACT", "@ptr11", "@ptr12", "@ptr13", "@ptr14", "@ptr15", "@ptr16", "@ptr17", "@ptr18", "@ptr20", "@ptr21", "@ptr21", "@ptr21", "@ptr21", "@ptr21", "@ptr21", "@ptr21", "@ptr21", "@ptr21", "@ptr21", "@ptr21", "@ptr21", "@ptr21", "@ptr21", "@ptr21", "@ptr21", "SL:CONTENT_EXACT]", "IN:SEND_MESSAGE]"]}
{"loss": 1.6824992895126343, "class_log_probabilities": [-6.330768585205078, -9.543200492858887, -76.44992065429688, -76.53845977783203], "predictions": [23, 10, 70, 93, 399, 94, 71, 400, 72, 73, 11, 24, 403, 404, 405, 406, 407, 408, 410, 411, 413, 415, 25, 26, 4, 4, 4, 4, 4, 4, 4, 4, 4, 4, 4, 4, 4, 4, 4, 4, 4, 4, 4, 4, 4, 4, 4, 4, 4, 4, 4, 4, 4, 4, 4, 4, 4, 4, 4, 4, 4, 4, 4, 4, 4, 4, 4, 4, 4, 4, 4, 4, 4, 4, 4, 4, 4, 4, 4, 4, 4, 4, 4, 4, 4, 4, 4, 4, 4, 4, 4, 4, 4, 4, 4, 4, 4, 4, 4, 4], "target_tokens": ["[IN:SEND_MESSAGE", "[SL:RECIPIENT", "[IN:GET_CONTACT", "[SL:CONTACT_RELATED", "@ptr4", "SL:CONTACT_RELATED]", "[SL:TYPE_RELATION", "@ptr5", "SL:TYPE_RELATION]", "[SL:CONTACT", "@ptr6", "SL:CONTACT]", "IN:GET_CONTACT]", "SL:RECIPIENT]", "[SL:CONTENT_EXACT", "@ptr8", "@ptr9", "@ptr10", "@ptr11", "@ptr12", "@ptr13", "@ptr14", "@ptr15", "@ptr16", "@ptr17", "@ptr18", "@ptr19", "@ptr20", "SL:CONTENT_EXACT]", "IN:SEND_MESSAGE]"], "predicted_tokens": ["[IN:SEND_MESSAGE", "[SL:RECIPIENT", "[IN:GET_CONTACT", "[SL:CONTACT_RELATED", "@ptr4", "SL:CONTACT_RELATED]", "[SL:TYPE_RELATION", "@ptr5", "SL:TYPE_RELATION]", "IN:GET_CONTACT]", "SL:RECIPIENT]", "[SL:CONTENT_EXACT", "@ptr8", "@ptr9", "@ptr10", "@ptr11", "@ptr12", "@ptr13", "@ptr15", "@ptr16", "@ptr18", "@ptr20", "SL:CONTENT_EXACT]", "IN:SEND_MESSAGE]"]}
{"loss": 1.6717387437820435, "class_log_probabilities": [-1.9929841756820679, -2.118962049484253, -2.5701301097869873, -3.5604584217071533], "predictions": [5, 16, 402, 403, 404, 405, 17, 12, 4, 4], "target_tokens": ["[IN:GET_MESSAGE", "[SL:RECIPIENT", "@ptr2", "SL:RECIPIENT]", "[SL:DATE_TIME", "@ptr7", "@ptr8", "@ptr9", "@ptr10", "@ptr11", "@ptr12", "SL:DATE_TIME]", "IN:GET_MESSAGE]"], "predicted_tokens": ["[IN:GET_MESSAGE", "[SL:DATE_TIME", "@ptr7", "@ptr8", "@ptr9", "@ptr10", "SL:DATE_TIME]", "IN:GET_MESSAGE]"]}
{"loss": 1.4656158685684204, "class_log_probabilities": [-4.708226680755615, -4.812309741973877, -6.742682933807373, -49.30324935913086], "predictions": [23, 10, 399, 11, 24, 403, 404, 405, 406, 407, 409, 410, 411, 413, 25, 26, 4, 4, 4, 4, 4, 4, 4, 4, 4, 4, 4, 4, 4, 4, 4, 4, 4, 4, 4, 4, 4, 4, 4, 4, 4, 4, 4, 4, 4, 4, 4, 4, 4, 4, 4, 4, 4, 4, 4, 4, 4, 4], "target_tokens": ["[IN:SEND_MESSAGE", "[SL:RECIPIENT", "@ptr4", "SL:RECIPIENT]", "[SL:CONTENT_EXACT", "@ptr8", "@ptr9", "@ptr10", "@ptr11", "@ptr12", "@ptr13", "@ptr14", "@ptr15", "@ptr16", "@ptr17", "@ptr18", "@ptr19", "@ptr20", "@ptr21", "SL:CONTENT_EXACT]", "IN:SEND_MESSAGE]"], "predicted_tokens": ["[IN:SEND_MESSAGE", "[SL:RECIPIENT", "@ptr4", "SL:RECIPIENT]", "[SL:CONTENT_EXACT", "@ptr8", "@ptr9", "@ptr10", "@ptr11", "@ptr12", "@ptr14", "@ptr15", "@ptr16", "@ptr18", "SL:CONTENT_EXACT]", "IN:SEND_MESSAGE]"]}
{"loss": 1.4573016166687012, "class_log_probabilities": [-2.501708745956421, -2.8094663619995117, -4.041913032531738, -4.434877395629883], "predictions": [39, 40, 397, 41, 133, 399, 400, 401, 134, 42, 4, 4], "target_tokens": ["[IN:GET_STORIES_NEWS", "[SL:NEWS_SOURCE", "@ptr4", "@ptr5", "@ptr6", "SL:NEWS_SOURCE]", "IN:GET_STORIES_NEWS]"], "predicted_tokens": ["[IN:GET_STORIES_NEWS", "[SL:NEWS_TYPE", "@ptr2", "SL:NEWS_TYPE]", "[SL:NEWS_SOURCE", "@ptr4", "@ptr5", "@ptr6", "SL:NEWS_SOURCE]", "IN:GET_STORIES_NEWS]"]}
{"loss": 1.1948550939559937, "class_log_probabilities": [-2.5822677612304688, -3.0031893253326416, -3.597180128097534, -3.6997406482696533], "predictions": [49, 34, 396, 35, 36, 400, 401, 37, 16, 403, 17, 50, 4, 4, 4, 4, 4], "target_tokens": ["[IN:CREATE_REMINDER", "[SL:PERSON_REMINDED", "@ptr2", "SL:PERSON_REMINDED]", "[SL:TODO", "[IN:CREATE_CALL", "[SL:CONTACT", "@ptr5", "@ptr6", "SL:CONTACT]", "IN:CREATE_CALL]", "SL:TODO]", "[SL:DATE_TIME", "@ptr7", "SL:DATE_TIME]", "IN:CREATE_REMINDER]"], "predicted_tokens": ["[IN:CREATE_REMINDER", "[SL:PERSON_REMINDED", "@ptr1", "SL:PERSON_REMINDED]", "[SL:TODO", "@ptr5", "@ptr6", "SL:TODO]", "[SL:DATE_TIME", "@ptr8", "SL:DATE_TIME]", "IN:CREATE_REMINDER]"]}
{"loss": 1.6302188634872437, "class_log_probabilities": [-0.6304832696914673, -4.342947959899902, -5.7058424949646, -5.751585483551025], "predictions": [33, 34, 396, 35, 36, 399, 400, 401, 402, 403, 404, 37, 38, 4, 4, 4], "target_tokens": ["[IN:DELETE_REMINDER", "[SL:TODO", "@ptr4", "@ptr5", "@ptr6", "@ptr7", "@ptr8", "@ptr9", "SL:TODO]", "IN:DELETE_REMINDER]"], "predicted_tokens": ["[IN:DELETE_REMINDER", "[SL:PERSON_REMINDED", "@ptr1", "SL:PERSON_REMINDED]", "[SL:TODO", "@ptr4", "@ptr5", "@ptr6", "@ptr7", "@ptr8", "@ptr9", "SL:TODO]", "IN:DELETE_REMINDER]"]}
{"loss": 1.6912634372711182, "class_log_probabilities": [-4.5605974197387695, -4.747323513031006, -4.8240838050842285, -4.898308277130127], "predictions": [49, 34, 397, 35, 36, 75, 6, 70, 93, 401, 94, 71, 403, 72, 73, 7, 78, 37, 16, 403, 404, 17, 50, 4], "target_tokens": ["[IN:CREATE_REMINDER", "[SL:PERSON_REMINDED", "@ptr2", "SL:PERSON_REMINDED]", "[SL:TODO", "[IN:GET_TODO", "[SL:TODO", "[IN:CREATE_CALL", "[SL:CONTACT", "[IN:GET_CONTACT", "[SL:CONTACT_RELATED", "@ptr5", "SL:CONTACT_RELATED]", "[SL:TYPE_RELATION", "@ptr6", "SL:TYPE_RELATION]", "IN:GET_CONTACT]", "SL:CONTACT]", "IN:CREATE_CALL]", "SL:TODO]", "[SL:DATE_TIME", "@ptr7", "SL:DATE_TIME]", "[SL:TODO", "@ptr8", "@ptr9", "@ptr10", "SL:TODO]", "IN:GET_TODO]", "SL:TODO]", "IN:CREATE_REMINDER]"], "predicted_tokens": ["[IN:CREATE_REMINDER", "[SL:PERSON_REMINDED", "@ptr2", "SL:PERSON_REMINDED]", "[SL:TODO", "[IN:CREATE_CALL", "[SL:CONTACT", "[IN:GET_CONTACT", "[SL:CONTACT_RELATED", "@ptr6", "SL:CONTACT_RELATED]", "[SL:TYPE_RELATION", "@ptr8", "SL:TYPE_RELATION]", "IN:GET_CONTACT]", "SL:CONTACT]", "IN:CREATE_CALL]", "SL:TODO]", "[SL:DATE_TIME", "@ptr8", "@ptr9", "SL:DATE_TIME]", "IN:CREATE_REMINDER]"]}
{"loss": 1.2008298635482788, "class_log_probabilities": [-1.350890040397644, -1.9795469045639038, -4.1865010261535645, -4.194314002990723], "predictions": [81, 6, 70, 71, 399, 72, 73, 7, 82, 4, 4, 4, 4, 4], "target_tokens": ["[IN:DELETE_REMINDER", "[SL:TODO", "[IN:CREATE_CALL", "[SL:CONTACT", "[IN:GET_CONTACT", "[SL:TYPE_RELATION", "@ptr4", "SL:TYPE_RELATION]", "IN:GET_CONTACT]", "SL:CONTACT]", "IN:CREATE_CALL]", "SL:TODO]", "IN:DELETE_REMINDER]"], "predicted_tokens": ["[IN:END_CALL", "[SL:CONTACT", "[IN:GET_CONTACT", "[SL:TYPE_RELATION", "@ptr4", "SL:TYPE_RELATION]", "IN:GET_CONTACT]", "SL:CONTACT]", "IN:END_CALL]"]}
{"loss": 1.4646878242492676, "class_log_probabilities": [-2.8204023838043213, -2.936889410018921, -4.356379508972168, -4.8260579109191895], "predictions": [49, 34, 397, 35, 36, 75, 6, 400, 7, 78, 37, 16, 402, 403, 17, 50, 4, 4, 4, 4, 4, 4], "target_tokens": ["[IN:CREATE_REMINDER", "[SL:PERSON_REMINDED", "@ptr2", "SL:PERSON_REMINDED]", "[SL:TODO", "[IN:CREATE_CALL", "[SL:CONTACT", "@ptr5", "SL:CONTACT]", "IN:CREATE_CALL]", "SL:TODO]", "[SL:DATE_TIME", "@ptr6", "@ptr7", "SL:DATE_TIME]", "IN:CREATE_REMINDER]"], "predicted_tokens": ["[IN:CREATE_REMINDER", "[SL:PERSON_REMINDED", "@ptr2", "SL:PERSON_REMINDED]", "[SL:TODO", "[IN:CREATE_CALL", "[SL:CONTACT", "@ptr5", "SL:CONTACT]", "IN:CREATE_CALL]", "SL:TODO]", "[SL:DATE_TIME", "@ptr7", "@ptr8", "SL:DATE_TIME]", "IN:CREATE_REMINDER]"]}
{"loss": 1.7184935808181763, "class_log_probabilities": [-1.0588018894195557, -4.2519917488098145, -5.2986650466918945, -6.691096305847168], "predictions": [49, 34, 397, 35, 36, 399, 400, 401, 402, 403, 37, 16, 404, 17, 50, 4, 4, 4, 4, 4], "target_tokens": ["[IN:CREATE_REMINDER", "[SL:PERSON_REMINDED", "@ptr2", "SL:PERSON_REMINDED]", "[SL:TODO", "@ptr4", "@ptr5", "@ptr6", "@ptr7", "SL:TODO]", "[SL:DATE_TIME", "@ptr8", "SL:DATE_TIME]", "IN:CREATE_REMINDER]"], "predicted_tokens": ["[IN:CREATE_REMINDER", "[SL:PERSON_REMINDED", "@ptr2", "SL:PERSON_REMINDED]", "[SL:TODO", "@ptr4", "@ptr5", "@ptr6", "@ptr7", "@ptr8", "SL:TODO]", "[SL:DATE_TIME", "@ptr9", "SL:DATE_TIME]", "IN:CREATE_REMINDER]"]}
{"loss": 0.9758177995681763, "class_log_probabilities": [-0.7362335324287415, -2.9316489696502686, -5.968648910522461, -6.296834468841553], "predictions": [33, 16, 398, 399, 400, 401, 17, 38, 4, 4], "target_tokens": ["[IN:DELETE_REMINDER", "[SL:DATE_TIME", "@ptr3", "@ptr4", "@ptr5", "@ptr6", "SL:DATE_TIME]", "IN:DELETE_REMINDER]"], "predicted_tokens": ["[IN:DELETE_REMINDER", "[SL:DATE_TIME", "@ptr3", "@ptr4", "@ptr5", "@ptr6", "SL:DATE_TIME]", "IN:DELETE_REMINDER]"]}
{"loss": 1.6322625875473022, "class_log_probabilities": [-0.8221008777618408, -2.951457977294922, -4.748330593109131, -4.751660346984863], "predictions": [33, 34, 396, 35, 120, 397, 121, 38, 4], "target_tokens": ["[IN:DELETE_REMINDER", "[SL:AMOUNT", "@ptr1", "SL:AMOUNT]", "[SL:PERSON_REMINDED", "@ptr2", "SL:PERSON_REMINDED]", "IN:DELETE_REMINDER]"], "predicted_tokens": ["[IN:DELETE_REMINDER", "[SL:PERSON_REMINDED", "@ptr1", "SL:PERSON_REMINDED]", "[SL:AMOUNT", "@ptr2", "SL:AMOUNT]", "IN:DELETE_REMINDER]"]}
{"loss": 1.6506468057632446, "class_log_probabilities": [-1.3763936758041382, -3.0958473682403564, -3.8656680583953857, -4.095552444458008], "predictions": [49, 34, 400, 35, 36, 403, 404, 405, 406, 407, 37, 50, 4, 4], "target_tokens": ["[IN:CREATE_REMINDER", "[SL:PERSON_REMINDED", "@ptr0", "SL:PERSON_REMINDED]", "[SL:TODO", "@ptr8", "@ptr9", "@ptr10", "@ptr11", "@ptr12", "SL:TODO]", "IN:CREATE_REMINDER]"], "predicted_tokens": ["[IN:CREATE_REMINDER", "[SL:PERSON_REMINDED", "@ptr5", "SL:PERSON_REMINDED]", "[SL:TODO", "@ptr8", "@ptr9", "@ptr10", "@ptr11", "@ptr12", "SL:TODO]", "IN:CREATE_REMINDER]"]}
{"loss": 0.9795627593994141, "class_log_probabilities": [-0.8051389455795288, -2.997420310974121, -6.259758949279785, -6.3378214836120605], "predictions": [49, 34, 397, 35, 16, 398, 399, 400, 17, 50, 4], "target_tokens": ["[IN:CREATE_REMINDER", "[SL:PERSON_REMINDED", "@ptr2", "SL:PERSON_REMINDED]", "[SL:DATE_TIME", "@ptr3", "@ptr4", "@ptr5", "SL:DATE_TIME]", "IN:CREATE_REMINDER]"], "predicted_tokens": ["[IN:CREATE_REMINDER", "[SL:PERSON_REMINDED", "@ptr2", "SL:PERSON_REMINDED]", "[SL:DATE_TIME", "@ptr3", "@ptr4", "@ptr5", "SL:DATE_TIME]", "IN:CREATE_REMINDER]"]}
{"loss": 1.385871171951294, "class_log_probabilities": [-1.685184359550476, -1.8791745901107788, -3.0671281814575195, -3.30169415473938], "predictions": [49, 34, 395, 35, 36, 399, 400, 401, 37, 16, 402, 403, 404, 17, 50, 4], "target_tokens": ["[IN:CREATE_REMINDER", "[SL:TODO", "@ptr4", "@ptr5", "@ptr6", "SL:TODO]", "[SL:DATE_TIME", "@ptr7", "@ptr8", "@ptr9", "SL:DATE_TIME]", "IN:CREATE_REMINDER]"], "predicted_tokens": ["[IN:CREATE_REMINDER", "[SL:PERSON_REMINDED", "@ptr0", "SL:PERSON_REMINDED]", "[SL:TODO", "@ptr4", "@ptr5", "@ptr6", "SL:TODO]", "[SL:DATE_TIME", "@ptr7", "@ptr8", "@ptr9", "SL:DATE_TIME]", "IN:CREATE_REMINDER]"]}
{"loss": 1.0443329811096191, "class_log_probabilities": [-1.6499980688095093, -2.5226187705993652, -2.7708139419555664, -3.946000576019287], "predictions": [49, 36, 399, 400, 401, 402, 37, 50, 4, 4, 4], "target_tokens": ["[IN:CREATE_REMINDER", "[SL:TODO", "@ptr4", "@ptr5", "@ptr6", "@ptr7", "SL:TODO]", "IN:CREATE_REMINDER]"], "predicted_tokens": ["[IN:CREATE_REMINDER", "[SL:TODO", "@ptr4", "@ptr5", "@ptr6", "@ptr7", "SL:TODO]", "IN:CREATE_REMINDER]"]}
{"loss": 1.183416485786438, "class_log_probabilities": [-2.0666146278381348, -2.7366716861724854, -3.921992063522339, -4.588510036468506], "predictions": [33, 34, 396, 35, 36, 399, 400, 401, 402, 37, 38, 4, 4, 4, 4, 4], "target_tokens": ["[IN:DELETE_REMINDER", "[SL:PERSON_REMINDED", "@ptr1", "SL:PERSON_REMINDED]", "[SL:TODO", "@ptr4", "@ptr5", "@ptr6", "@ptr7", "@ptr8", "@ptr9", "@ptr10", "SL:TODO]", "IN:DELETE_REMINDER]"], "predicted_tokens": ["[IN:DELETE_REMINDER", "[SL:PERSON_REMINDED", "@ptr1", "SL:PERSON_REMINDED]", "[SL:TODO", "@ptr4", "@ptr5", "@ptr6", "@ptr7", "SL:TODO]", "IN:DELETE_REMINDER]"]}
{"loss": 2.974184274673462, "class_log_probabilities": [-2.278993844985962, -3.5240097045898438, -3.744091033935547, -4.412086009979248], "predictions": [163, 34, 397, 35, 36, 399, 400, 37, 164, 4], "target_tokens": ["[IN:CREATE_REMINDER", "[SL:PERSON_REMINDED", "@ptr2", "SL:PERSON_REMINDED]", "[SL:TODO", "@ptr4", "@ptr5", "@ptr6", "@ptr7", "@ptr8", "@ptr9", "SL:TODO]", "IN:CREATE_REMINDER]"], "predicted_tokens": ["[IN:UPDATE_REMINDER_TODO", "[SL:PERSON_REMINDED", "@ptr2", "SL:PERSON_REMINDED]", "[SL:TODO", "@ptr4", "@ptr5", "SL:TODO]", "IN:UPDATE_REMINDER_TODO]"]}
{"loss": 1.2948381900787354, "class_log_probabilities": [-1.9907265901565552, -3.389435291290283, -3.9180514812469482, -4.025073528289795], "predictions": [49, 36, 399, 400, 401, 402, 403, 404, 405, 406, 17, 50, 4, 4, 4, 4], "target_tokens": ["[IN:CREATE_REMINDER", "[SL:TODO", "@ptr4", "@ptr5", "@ptr6", "@ptr7", "@ptr8", "@ptr9", "@ptr10", "@ptr11", "@ptr12", "SL:TODO]", "[SL:DATE_TIME", "@ptr13", "SL:DATE_TIME]", "IN:CREATE_REMINDER]"], "predicted_tokens": ["[IN:CREATE_REMINDER", "[SL:TODO", "@ptr4", "@ptr5", "@ptr6", "@ptr7", "@ptr8", "@ptr9", "@ptr10", "@ptr11", "SL:DATE_TIME]", "IN:CREATE_REMINDER]"]}
{"loss": 1.1569554805755615, "class_log_probabilities": [-2.1384572982788086, -2.2173423767089844, -3.2581417560577393, -3.4557766914367676], "predictions": [49, 34, 395, 35, 36, 399, 400, 401, 37, 50, 4], "target_tokens": ["[IN:CREATE_REMINDER", "[SL:TODO", "@ptr4", "@ptr5", "@ptr6", "SL:TODO]", "IN:CREATE_REMINDER]"], "predicted_tokens": ["[IN:CREATE_REMINDER", "[SL:PERSON_REMINDED", "@ptr0", "SL:PERSON_REMINDED]", "[SL:TODO", "@ptr4", "@ptr5", "@ptr6", "SL:TODO]", "IN:CREATE_REMINDER]"]}
{"loss": 1.627208948135376, "class_log_probabilities": [-4.302666187286377, -4.949756622314453, -5.957274436950684, -6.153406620025635], "predictions": [23, 10, 395, 396, 397, 398, 399, 400, 401, 402, 403, 404, 405, 406, 25, 26, 4], "target_tokens": ["[IN:CREATE_REMINDER", "[SL:PERSON_REMINDED", "@ptr2", "SL:PERSON_REMINDED]", "[SL:TODO", "@ptr4", "@ptr5", "@ptr6", "@ptr7", "@ptr8", "@ptr9", "@ptr10", "@ptr11", "SL:TODO]", "IN:CREATE_REMINDER]"], "predicted_tokens": ["[IN:SEND_MESSAGE", "[SL:RECIPIENT", "@ptr0", "@ptr1", "@ptr2", "@ptr3", "@ptr4", "@ptr5", "@ptr6", "@ptr7", "@ptr8", "@ptr9", "@ptr10", "@ptr11", "SL:CONTENT_EXACT]", "IN:SEND_MESSAGE]"]}
{"loss": 2.4722068309783936, "class_log_probabilities": [-0.9778651595115662, -2.6515140533447266, -3.770744562149048, -6.443197727203369], "predictions": [49, 34, 395, 35, 16, 399, 17, 50, 4, 4, 4], "target_tokens": ["[IN:CREATE_REMINDER", "[SL:DATE_TIME", "@ptr3", "@ptr4", "SL:DATE_TIME]", "IN:CREATE_REMINDER]"], "predicted_tokens": ["[IN:CREATE_REMINDER", "[SL:PERSON_REMINDED", "@ptr0", "SL:PERSON_REMINDED]", "[SL:DATE_TIME", "@ptr4", "SL:DATE_TIME]", "IN:CREATE_REMINDER]"]}
{"loss": 0.9741311073303223, "class_log_probabilities": [-0.2895880341529846, -5.229273796081543, -5.601409912109375, -9.205572128295898], "predictions": [49, 50, 4, 4, 4], "target_tokens": ["[IN:CREATE_REMINDER", "IN:CREATE_REMINDER]"], "predicted_tokens": ["[IN:CREATE_REMINDER", "IN:CREATE_REMINDER]"]}
{"loss": 1.0300832986831665, "class_log_probabilities": [-1.0217814445495605, -2.11445689201355, -4.476471900939941, -5.243536949157715], "predictions": [49, 34, 397, 35, 36, 399, 400, 37, 16, 401, 17, 50, 4], "target_tokens": ["[IN:CREATE_REMINDER", "[SL:PERSON_REMINDED", "@ptr2", "SL:PERSON_REMINDED]", "[SL:TODO", "@ptr4", "@ptr5", "SL:TODO]", "[SL:DATE_TIME", "@ptr6", "SL:DATE_TIME]", "IN:CREATE_REMINDER]"], "predicted_tokens": ["[IN:CREATE_REMINDER", "[SL:PERSON_REMINDED", "@ptr2", "SL:PERSON_REMINDED]", "[SL:TODO", "@ptr4", "@ptr5", "SL:TODO]", "[SL:DATE_TIME", "@ptr6", "SL:DATE_TIME]", "IN:CREATE_REMINDER]"]}
{"loss": 2.486989974975586, "class_log_probabilities": [-2.7305262088775635, -3.1472105979919434, -3.697172164916992, -3.9093194007873535], "predictions": [49, 36, 398, 399, 400, 401, 37, 16, 403, 404, 406, 17, 50, 4, 4], "target_tokens": ["[IN:CREATE_REMINDER", "[SL:TODO", "@ptr5", "@ptr6", "@ptr7", "SL:TODO]", "[SL:DATE_TIME", "@ptr9", "@ptr10", "SL:DATE_TIME]", "IN:CREATE_REMINDER]"], "predicted_tokens": ["[IN:CREATE_REMINDER", "[SL:TODO", "@ptr3", "@ptr4", "@ptr5", "@ptr6", "SL:TODO]", "[SL:DATE_TIME", "@ptr8", "@ptr9", "@ptr11", "SL:DATE_TIME]", "IN:CREATE_REMINDER]"]}
{"loss": 1.4935352802276611, "class_log_probabilities": [-5.627699851989746, -7.306582927703857, -8.698830604553223, -16.806734085083008], "predictions": [49, 34, 395, 35, 16, 401, 402, 403, 404, 405, 406, 408, 409, 411, 413, 37, 50, 4, 4, 4, 4, 4, 4, 4, 4, 4, 4, 4, 4, 4, 4, 4], "target_tokens": ["[IN:CREATE_REMINDER", "[SL:PERSON_REMINDED", "@ptr0", "SL:PERSON_REMINDED]", "[SL:DATE_TIME", "@ptr6", "@ptr7", "@ptr8", "@ptr9", "@ptr10", "SL:DATE_TIME]", "[SL:TODO", "@ptr13", "@ptr14", "@ptr15", "@ptr16", "@ptr17", "SL:TODO]", "IN:CREATE_REMINDER]"], "predicted_tokens": ["[IN:CREATE_REMINDER", "[SL:PERSON_REMINDED", "@ptr0", "SL:PERSON_REMINDED]", "[SL:DATE_TIME", "@ptr6", "@ptr7", "@ptr8", "@ptr9", "@ptr10", "@ptr11", "@ptr13", "@ptr14", "@ptr16", "@ptr18", "SL:TODO]", "IN:CREATE_REMINDER]"]}
{"loss": 0.9667629599571228, "class_log_probabilities": [-0.590034544467926, -4.472696781158447, -6.141444206237793, -6.23676872253418], "predictions": [49, 16, 398, 399, 400, 401, 17, 50, 4], "target_tokens": ["[IN:CREATE_REMINDER", "[SL:DATE_TIME", "@ptr3", "@ptr4", "@ptr5", "@ptr6", "SL:DATE_TIME]", "IN:CREATE_REMINDER]"], "predicted_tokens": ["[IN:CREATE_REMINDER", "[SL:DATE_TIME", "@ptr3", "@ptr4", "@ptr5", "@ptr6", "SL:DATE_TIME]", "IN:CREATE_REMINDER]"]}
{"loss": 1.4785511493682861, "class_log_probabilities": [-1.7231589555740356, -2.8199307918548584, -3.087136745452881, -3.7786197662353516], "predictions": [49, 34, 397, 35, 36, 399, 400, 401, 37, 16, 404, 406, 17, 50, 4, 4], "target_tokens": ["[IN:CREATE_REMINDER", "[SL:PERSON_REMINDED", "@ptr2", "SL:PERSON_REMINDED]", "[SL:TODO", "@ptr4", "@ptr5", "@ptr6", "SL:TODO]", "[SL:DATE_TIME", "@ptr7", "@ptr8", "@ptr9", "@ptr10", "SL:DATE_TIME]", "IN:CREATE_REMINDER]"], "predicted_tokens": ["[IN:CREATE_REMINDER", "[SL:PERSON_REMINDED", "@ptr2", "SL:PERSON_REMINDED]", "[SL:TODO", "@ptr4", "@ptr5", "@ptr6", "SL:TODO]", "[SL:DATE_TIME", "@ptr9", "@ptr11", "SL:DATE_TIME]", "IN:CREATE_REMINDER]"]}
{"loss": 1.1658424139022827, "class_log_probabilities": [-1.134877324104309, -2.6553924083709717, -3.8628902435302734, -4.384643077850342], "predictions": [49, 34, 397, 35, 36, 399, 400, 37, 16, 402, 403, 17, 50, 4, 4], "target_tokens": ["[IN:CREATE_REMINDER", "[SL:PERSON_REMINDED", "@ptr2", "SL:PERSON_REMINDED]", "[SL:TODO", "@ptr4", "@ptr5", "@ptr6", "SL:TODO]", "[SL:DATE_TIME", "@ptr7", "@ptr8", "SL:DATE_TIME]", "IN:CREATE_REMINDER]"], "predicted_tokens": ["[IN:CREATE_REMINDER", "[SL:PERSON_REMINDED", "@ptr2", "SL:PERSON_REMINDED]", "[SL:TODO", "@ptr4", "@ptr5", "SL:TODO]", "[SL:DATE_TIME", "@ptr7", "@ptr8", "SL:DATE_TIME]", "IN:CREATE_REMINDER]"]}
{"loss": 0.9941214323043823, "class_log_probabilities": [-1.3094069957733154, -2.9817254543304443, -5.156521320343018, -7.8173112869262695], "predictions": [49, 34, 397, 35, 36, 399, 400, 401, 402, 403, 404, 37, 50, 4, 4, 4], "target_tokens": ["[IN:CREATE_REMINDER", "[SL:PERSON_REMINDED", "@ptr2", "SL:PERSON_REMINDED]", "[SL:TODO", "@ptr4", "@ptr5", "@ptr6", "@ptr7", "@ptr8", "@ptr9", "SL:TODO]", "IN:CREATE_REMINDER]"], "predicted_tokens": ["[IN:CREATE_REMINDER", "[SL:PERSON_REMINDED", "@ptr2", "SL:PERSON_REMINDED]", "[SL:TODO", "@ptr4", "@ptr5", "@ptr6", "@ptr7", "@ptr8", "@ptr9", "SL:TODO]", "IN:CREATE_REMINDER]"]}
{"loss": 0.9960536360740662, "class_log_probabilities": [-1.2137795686721802, -3.8304882049560547, -3.867609977722168, -5.161640644073486], "predictions": [49, 36, 399, 400, 401, 402, 403, 404, 37, 16, 405, 17, 50, 4, 4, 4, 4], "target_tokens": ["[IN:CREATE_REMINDER", "[SL:TODO", "@ptr4", "@ptr5", "@ptr6", "@ptr7", "@ptr8", "@ptr9", "SL:TODO]", "[SL:DATE_TIME", "@ptr10", "SL:DATE_TIME]", "IN:CREATE_REMINDER]"], "predicted_tokens": ["[IN:CREATE_REMINDER", "[SL:TODO", "@ptr4", "@ptr5", "@ptr6", "@ptr7", "@ptr8", "@ptr9", "SL:TODO]", "[SL:DATE_TIME", "@ptr10", "SL:DATE_TIME]", "IN:CREATE_REMINDER]"]}
{"loss": 1.030165195465088, "class_log_probabilities": [-1.5971633195877075, -2.18351674079895, -2.899385690689087, -3.4935712814331055], "predictions": [49, 34, 397, 35, 36, 399, 400, 401, 402, 403, 37, 50, 4, 4], "target_tokens": ["[IN:CREATE_REMINDER", "[SL:PERSON_REMINDED", "@ptr2", "SL:PERSON_REMINDED]", "[SL:TODO", "@ptr4", "@ptr5", "@ptr6", "@ptr7", "@ptr8", "SL:TODO]", "IN:CREATE_REMINDER]"], "predicted_tokens": ["[IN:CREATE_REMINDER", "[SL:PERSON_REMINDED", "@ptr2", "SL:PERSON_REMINDED]", "[SL:TODO", "@ptr4", "@ptr5", "@ptr6", "@ptr7", "@ptr8", "SL:TODO]", "IN:CREATE_REMINDER]"]}
{"loss": 0.9748384356498718, "class_log_probabilities": [-0.35413286089897156, -6.447572708129883, -6.593096733093262, -7.66779899597168], "predictions": [33, 34, 396, 35, 38, 4, 4, 4, 4], "target_tokens": ["[IN:DELETE_REMINDER", "[SL:PERSON_REMINDED", "@ptr1", "SL:PERSON_REMINDED]", "IN:DELETE_REMINDER]"], "predicted_tokens": ["[IN:DELETE_REMINDER", "[SL:PERSON_REMINDED", "@ptr1", "SL:PERSON_REMINDED]", "IN:DELETE_REMINDER]"]}
{"loss": 1.5155094861984253, "class_log_probabilities": [-0.9051480293273926, -2.502228260040283, -4.711460590362549, -5.226045608520508], "predictions": [33, 34, 396, 35, 120, 397, 121, 38, 4], "target_tokens": ["[IN:DELETE_REMINDER", "[SL:AMOUNT", "@ptr1", "SL:AMOUNT]", "[SL:PERSON_REMINDED", "@ptr2", "SL:PERSON_REMINDED]", "IN:DELETE_REMINDER]"], "predicted_tokens": ["[IN:DELETE_REMINDER", "[SL:PERSON_REMINDED", "@ptr1", "SL:PERSON_REMINDED]", "[SL:AMOUNT", "@ptr2", "SL:AMOUNT]", "IN:DELETE_REMINDER]"]}
{"loss": 2.100342035293579, "class_log_probabilities": [-2.409832239151001, -3.6269290447235107, -3.9010181427001953, -3.9182090759277344], "predictions": [47, 120, 396, 121, 34, 397, 35, 36, 400, 37, 48, 4, 4, 4, 4], "target_tokens": ["[IN:GET_REMINDER", "[SL:METHOD_RETRIEVAL_REMINDER", "@ptr0", "SL:METHOD_RETRIEVAL_REMINDER]", "[SL:AMOUNT", "@ptr1", "SL:AMOUNT]", "[SL:PERSON_REMINDED", "@ptr2", "SL:PERSON_REMINDED]", "[SL:TODO", "@ptr5", "SL:TODO]", "IN:GET_REMINDER]"], "predicted_tokens": ["[IN:GET_REMINDER", "[SL:AMOUNT", "@ptr1", "SL:AMOUNT]", "[SL:PERSON_REMINDED", "@ptr2", "SL:PERSON_REMINDED]", "[SL:TODO", "@ptr5", "SL:TODO]", "IN:GET_REMINDER]"]}
{"loss": 1.349661111831665, "class_log_probabilities": [-1.0455989837646484, -3.8456451892852783, -4.7338361740112305, -5.127230167388916], "predictions": [33, 120, 396, 121, 36, 400, 401, 402, 403, 37, 38, 4], "target_tokens": ["[IN:DELETE_REMINDER", "[SL:AMOUNT", "@ptr1", "SL:AMOUNT]", "[SL:TODO", "@ptr5", "@ptr6", "@ptr7", "@ptr8", "@ptr9", "SL:TODO]", "IN:DELETE_REMINDER]"], "predicted_tokens": ["[IN:DELETE_REMINDER", "[SL:AMOUNT", "@ptr1", "SL:AMOUNT]", "[SL:TODO", "@ptr5", "@ptr6", "@ptr7", "@ptr8", "SL:TODO]", "IN:DELETE_REMINDER]"]}
{"loss": 2.0297586917877197, "class_log_probabilities": [-3.541334390640259, -3.8332204818725586, -9.541380882263184, -69.2219009399414], "predictions": [47, 34, 397, 35, 36, 401, 402, 403, 404, 37, 16, 405, 407, 17, 48, 4, 4, 4, 4, 4, 4, 4, 4, 4, 4, 4, 4, 4, 4, 4, 4, 4, 4, 4, 4, 4, 4, 4, 4, 4, 4, 4, 4, 4, 4, 4, 4, 4, 4, 4, 4, 4, 4, 4, 4, 4, 4, 4, 4, 4, 4, 4, 4, 4, 4, 4, 4, 4, 4, 4, 4, 4, 4, 4, 4, 4, 4, 4, 4, 4, 4, 4, 4, 4, 4, 4, 4, 4, 4, 4, 4, 4, 4, 4, 4, 4, 4, 4, 4, 4], "target_tokens": ["[IN:GET_REMINDER", "[SL:PERSON_REMINDED", "@ptr2", "SL:PERSON_REMINDED]", "[SL:TODO", "@ptr7", "@ptr8", "@ptr9", "SL:TODO]", "[SL:DATE_TIME", "@ptr12", "@ptr13", "SL:DATE_TIME]", "IN:GET_REMINDER]"], "predicted_tokens": ["[IN:GET_REMINDER", "[SL:PERSON_REMINDED", "@ptr2", "SL:PERSON_REMINDED]", "[SL:TODO", "@ptr6", "@ptr7", "@ptr8", "@ptr9", "SL:TODO]", "[SL:DATE_TIME", "@ptr10", "@ptr12", "SL:DATE_TIME]", "IN:GET_REMINDER]"]}
{"loss": 2.2499797344207764, "class_log_probabilities": [-1.5148857831954956, -1.7736268043518066, -3.802366256713867, -4.05958366394043], "predictions": [49, 36, 398, 399, 400, 401, 37, 50, 4, 4], "target_tokens": ["[IN:CREATE_REMINDER", "[SL:TODO", "@ptr5", "@ptr6", "SL:TODO]", "IN:CREATE_REMINDER]"], "predicted_tokens": ["[IN:CREATE_REMINDER", "[SL:TODO", "@ptr3", "@ptr4", "@ptr5", "@ptr6", "SL:TODO]", "IN:CREATE_REMINDER]"]}
{"loss": 1.2431433200836182, "class_log_probabilities": [-1.3620651960372925, -1.995692253112793, -5.153627872467041, -5.518157482147217], "predictions": [49, 34, 397, 35, 36, 399, 400, 401, 402, 403, 404, 405, 37, 16, 406, 17, 50, 4], "target_tokens": ["[IN:CREATE_REMINDER", "[SL:PERSON_REMINDED", "@ptr2", "SL:PERSON_REMINDED]", "[SL:TODO", "@ptr4", "@ptr5", "@ptr6", "@ptr7", "@ptr8", "@ptr9", "SL:TODO]", "[SL:DATE_TIME", "@ptr10", "SL:DATE_TIME]", "IN:CREATE_REMINDER]"], "predicted_tokens": ["[IN:CREATE_REMINDER", "[SL:PERSON_REMINDED", "@ptr2", "SL:PERSON_REMINDED]", "[SL:TODO", "@ptr4", "@ptr5", "@ptr6", "@ptr7", "@ptr8", "@ptr9", "@ptr10", "SL:TODO]", "[SL:DATE_TIME", "@ptr11", "SL:DATE_TIME]", "IN:CREATE_REMINDER]"]}
{"loss": 1.9921913146972656, "class_log_probabilities": [-3.114443778991699, -3.5548791885375977, -4.98066520690918, -5.873032569885254], "predictions": [33, 120, 397, 121, 36, 400, 401, 402, 403, 404, 405, 406, 17, 38, 4, 4, 4, 4, 4], "target_tokens": ["[IN:DELETE_REMINDER", "[SL:AMOUNT", "@ptr1", "SL:AMOUNT]", "[SL:TODO", "@ptr5", "@ptr6", "@ptr7", "@ptr8", "@ptr9", "@ptr10", "SL:TODO]", "[SL:DATE_TIME", "@ptr11", "@ptr12", "SL:DATE_TIME]", "IN:DELETE_REMINDER]"], "predicted_tokens": ["[IN:DELETE_REMINDER", "[SL:AMOUNT", "@ptr2", "SL:AMOUNT]", "[SL:TODO", "@ptr5", "@ptr6", "@ptr7", "@ptr8", "@ptr9", "@ptr10", "@ptr11", "SL:DATE_TIME]", "IN:DELETE_REMINDER]"]}
{"loss": 1.1067663431167603, "class_log_probabilities": [-0.9700936079025269, -2.194607973098755, -4.9551591873168945, -5.1217451095581055], "predictions": [49, 34, 398, 35, 36, 401, 402, 403, 37, 16, 406, 17, 50, 4], "target_tokens": ["[IN:CREATE_REMINDER", "[SL:PERSON_REMINDED", "@ptr3", "SL:PERSON_REMINDED]", "[SL:TODO", "@ptr6", "@ptr7", "@ptr8", "SL:TODO]", "[SL:DATE_TIME", "@ptr9", "SL:DATE_TIME]", "IN:CREATE_REMINDER]"], "predicted_tokens": ["[IN:CREATE_REMINDER", "[SL:PERSON_REMINDED", "@ptr3", "SL:PERSON_REMINDED]", "[SL:TODO", "@ptr6", "@ptr7", "@ptr8", "SL:TODO]", "[SL:DATE_TIME", "@ptr11", "SL:DATE_TIME]", "IN:CREATE_REMINDER]"]}
{"loss": 2.2139105796813965, "class_log_probabilities": [-65.54203796386719, -65.7893295288086, -66.08842468261719, -66.19841003417969], "predictions": [47, 34, 400, 35, 36, 405, 406, 408, 37, 16, 412, 413, 413, 413, 413, 413, 413, 413, 413, 413, 413, 413, 413, 413, 413, 413, 413, 413, 413, 413, 413, 413, 413, 413, 413, 413, 413, 413, 413, 413, 413, 413, 413, 413, 413, 413, 413, 413, 413, 413, 413, 413, 413, 413, 413, 413, 413, 413, 413, 413, 413, 413, 413, 413, 413, 413, 413, 413, 413, 413, 413, 413, 413, 413, 413, 413, 413, 413, 413, 413, 413, 413, 413, 413, 413, 413, 413, 413, 413, 413, 413, 413, 413, 413, 413, 413, 413, 413, 413, 413], "target_tokens": ["[IN:GET_REMINDER_AMOUNT", "[SL:PERSON_REMINDED", "@ptr5", "SL:PERSON_REMINDED]", "[SL:TODO", "@ptr10", "@ptr11", "@ptr12", "@ptr13", "@ptr14", "@ptr15", "SL:TODO]", "[SL:DATE_TIME", "@ptr16", "@ptr17", "@ptr18", "SL:DATE_TIME]", "IN:GET_REMINDER_AMOUNT]"], "predicted_tokens": ["[IN:GET_REMINDER", "[SL:PERSON_REMINDED", "@ptr5", "SL:PERSON_REMINDED]", "[SL:TODO", "@ptr10", "@ptr11", "@ptr13", "SL:TODO]", "[SL:DATE_TIME", "@ptr17", "@ptr18", "@ptr18", "@ptr18", "@ptr18", "@ptr18", "@ptr18", "@ptr18", "@ptr18", "@ptr18", "@ptr18", "@ptr18", "@ptr18", "@ptr18", "@ptr18", "@ptr18", "@ptr18", "@ptr18", "@ptr18", "@ptr18", "@ptr18", "@ptr18", "@ptr18", "@ptr18", "@ptr18", "@ptr18", "@ptr18", "@ptr18", "@ptr18", "@ptr18", "@ptr18", "@ptr18", "@ptr18", "@ptr18", "@ptr18", "@ptr18", "@ptr18", "@ptr18", "@ptr18", "@ptr18", "@ptr18", "@ptr18", "@ptr18", "@ptr18", "@ptr18", "@ptr18", "@ptr18", "@ptr18", "@ptr18", "@ptr18", "@ptr18", "@ptr18", "@ptr18", "@ptr18", "@ptr18", "@ptr18", "@ptr18", "@ptr18", "@ptr18", "@ptr18", "@ptr18", "@ptr18", "@ptr18", "@ptr18", "@ptr18", "@ptr18", "@ptr18", "@ptr18", "@ptr18", "@ptr18", "@ptr18", "@ptr18", "@ptr18", "@ptr18", "@ptr18", "@ptr18", "@ptr18", "@ptr18", "@ptr18", "@ptr18", "@ptr18", "@ptr18", "@ptr18", "@ptr18", "@ptr18", "@ptr18", "@ptr18", "@ptr18", "@ptr18", "@ptr18"]}
{"loss": 2.3718373775482178, "class_log_probabilities": [-1.130226731300354, -2.9882969856262207, -3.4050612449645996, -4.49586820602417], "predictions": [33, 36, 399, 400, 401, 37, 16, 403, 404, 405, 406, 17, 38, 4, 4, 4], "target_tokens": ["[IN:DELETE_REMINDER", "[SL:TODO", "@ptr5", "@ptr6", "@ptr7", "SL:TODO]", "[SL:DATE_TIME", "@ptr8", "@ptr9", "@ptr10", "@ptr11", "@ptr12", "SL:DATE_TIME]", "IN:DELETE_REMINDER]"], "predicted_tokens": ["[IN:DELETE_REMINDER", "[SL:TODO", "@ptr4", "@ptr5", "@ptr6", "SL:TODO]", "[SL:DATE_TIME", "@ptr8", "@ptr9", "@ptr10", "@ptr11", "SL:DATE_TIME]", "IN:DELETE_REMINDER]"]}
{"loss": 2.3347461223602295, "class_log_probabilities": [-3.0306267738342285, -3.2242302894592285, -4.623496055603027, -5.232847690582275], "predictions": [47, 34, 399, 35, 36, 407, 37, 48, 4, 4, 4], "target_tokens": ["[IN:GET_REMINDER", "[SL:PERSON_REMINDED", "@ptr4", "SL:PERSON_REMINDED]", "[SL:TODO", "@ptr12", "@ptr13", "@ptr14", "@ptr15", "@ptr16", "@ptr17", "SL:TODO]", "IN:GET_REMINDER]"], "predicted_tokens": ["[IN:GET_REMINDER", "[SL:PERSON_REMINDED", "@ptr4", "SL:PERSON_REMINDED]", "[SL:TODO", "@ptr12", "SL:TODO]", "IN:GET_REMINDER]"]}
{"loss": 1.1288713216781616, "class_log_probabilities": [-1.6861903667449951, -2.9224166870117188, -2.930104970932007, -3.6535372734069824], "predictions": [47, 34, 398, 35, 16, 401, 402, 403, 17, 48, 4], "target_tokens": ["[IN:GET_REMINDER_AMOUNT", "[SL:PERSON_REMINDED", "@ptr3", "SL:PERSON_REMINDED]", "[SL:DATE_TIME", "@ptr6", "@ptr7", "@ptr8", "SL:DATE_TIME]", "IN:GET_REMINDER_AMOUNT]"], "predicted_tokens": ["[IN:GET_REMINDER", "[SL:PERSON_REMINDED", "@ptr3", "SL:PERSON_REMINDED]", "[SL:DATE_TIME", "@ptr6", "@ptr7", "@ptr8", "SL:DATE_TIME]", "IN:GET_REMINDER]"]}
{"loss": 2.6059398651123047, "class_log_probabilities": [-0.5189676880836487, -6.358778476715088, -6.655595302581787, -6.970546722412109], "predictions": [33, 36, 399, 400, 401, 402, 37, 38, 4, 4, 4, 4], "target_tokens": ["[IN:DELETE_REMINDER", "[SL:DATE_TIME", "@ptr3", "@ptr4", "@ptr5", "@ptr6", "@ptr7", "SL:DATE_TIME]", "IN:DELETE_REMINDER]"], "predicted_tokens": ["[IN:DELETE_REMINDER", "[SL:TODO", "@ptr4", "@ptr5", "@ptr6", "@ptr7", "SL:TODO]", "IN:DELETE_REMINDER]"]}
{"loss": 1.3804413080215454, "class_log_probabilities": [-1.738362193107605, -2.4240834712982178, -3.8183560371398926, -4.506885528564453], "predictions": [33, 120, 396, 121, 36, 400, 401, 402, 403, 37, 16, 404, 405, 17, 38, 4, 4], "target_tokens": ["[IN:DELETE_REMINDER", "[SL:AMOUNT", "@ptr1", "SL:AMOUNT]", "[SL:TODO", "@ptr6", "@ptr7", "@ptr8", "SL:TODO]", "[SL:DATE_TIME", "@ptr9", "@ptr10", "SL:DATE_TIME]", "IN:DELETE_REMINDER]"], "predicted_tokens": ["[IN:DELETE_REMINDER", "[SL:AMOUNT", "@ptr1", "SL:AMOUNT]", "[SL:TODO", "@ptr5", "@ptr6", "@ptr7", "@ptr8", "SL:TODO]", "[SL:DATE_TIME", "@ptr9", "@ptr10", "SL:DATE_TIME]", "IN:DELETE_REMINDER]"]}
{"loss": 1.8871864080429077, "class_log_probabilities": [-3.249868154525757, -3.5180327892303467, -3.6379590034484863, -3.716815710067749], "predictions": [33, 36, 399, 400, 37, 16, 401, 402, 403, 404, 405, 407, 408, 17, 38, 4, 4], "target_tokens": ["[IN:DELETE_REMINDER", "[SL:TODO", "@ptr4", "@ptr5", "@ptr6", "@ptr7", "@ptr8", "@ptr9", "SL:TODO]", "[SL:DATE_TIME", "@ptr10", "@ptr11", "@ptr12", "@ptr13", "SL:DATE_TIME]", "IN:DELETE_REMINDER]"], "predicted_tokens": ["[IN:DELETE_REMINDER", "[SL:TODO", "@ptr4", "@ptr5", "SL:TODO]", "[SL:DATE_TIME", "@ptr6", "@ptr7", "@ptr8", "@ptr9", "@ptr10", "@ptr12", "@ptr13", "SL:DATE_TIME]", "IN:DELETE_REMINDER]"]}
{"loss": 3.145958423614502, "class_log_probabilities": [-1.9031221866607666, -2.161008834838867, -2.2063755989074707, -3.5600202083587646], "predictions": [331, 34, 396, 35, 36, 399, 400, 37, 332, 4, 4], "target_tokens": ["[IN:UPDATE_REMINDER_DATE_TIME", "[SL:PERSON_REMINDED", "@ptr1", "SL:PERSON_REMINDED]", "[SL:DATE_TIME", "@ptr3", "@ptr4", "@ptr5", "@ptr6", "@ptr7", "@ptr8", "@ptr9", "SL:DATE_TIME]", "IN:UPDATE_REMINDER_DATE_TIME]"], "predicted_tokens": ["[IN:UPDATE_REMINDER", "[SL:PERSON_REMINDED", "@ptr1", "SL:PERSON_REMINDED]", "[SL:TODO", "@ptr4", "@ptr5", "SL:TODO]", "IN:UPDATE_REMINDER]"]}
{"loss": 3.327521324157715, "class_log_probabilities": [-4.436081886291504, -4.961659908294678, -25.52638816833496, -27.62957191467285], "predictions": [49, 120, 396, 121, 16, 399, 400, 401, 402, 403, 17, 16, 405, 408, 17, 50, 4, 4, 4, 4, 4, 4, 4, 4, 4, 4, 4, 4, 4, 4, 4, 4, 4, 4, 4, 4, 4, 4, 4, 4, 4, 4, 4, 4, 4, 4, 4, 4, 4, 4, 4, 4, 4, 4, 4, 4, 4, 4, 4, 4, 4, 4, 4, 4, 4, 4, 4, 4, 4, 4, 4, 4, 4, 4, 4, 4, 4, 4, 4, 4, 4, 4, 4, 4, 4, 4, 4, 4, 4, 4, 4, 4, 4, 4, 4, 4, 4, 4, 4, 4], "target_tokens": ["[IN:UPDATE_REMINDER_DATE_TIME", "[SL:DATE_TIME", "@ptr10", "@ptr11", "@ptr12", "SL:DATE_TIME]", "[SL:DATE_TIME", "@ptr15", "@ptr16", "@ptr17", "@ptr18", "SL:DATE_TIME]", "[SL:AMOUNT", "@ptr1", "SL:AMOUNT]", "[SL:DATE_TIME", "@ptr4", "@ptr5", "@ptr6", "@ptr7", "SL:DATE_TIME]", "IN:UPDATE_REMINDER_DATE_TIME]"], "predicted_tokens": ["[IN:CREATE_REMINDER", "[SL:AMOUNT", "@ptr1", "SL:AMOUNT]", "[SL:DATE_TIME", "@ptr4", "@ptr5", "@ptr6", "@ptr7", "@ptr8", "SL:DATE_TIME]", "[SL:DATE_TIME", "@ptr10", "@ptr13", "SL:DATE_TIME]", "IN:CREATE_REMINDER]"]}
{"loss": 1.883562445640564, "class_log_probabilities": [-3.2915713787078857, -4.238441467285156, -4.955013275146484, -5.134806156158447], "predictions": [33, 36, 399, 400, 401, 402, 403, 37, 16, 405, 407, 17, 38, 4, 4, 4], "target_tokens": ["[IN:DELETE_REMINDER", "[SL:TODO", "@ptr4", "@ptr5", "@ptr6", "@ptr7", "@ptr8", "@ptr9", "@ptr10", "SL:TODO]", "[SL:DATE_TIME", "@ptr11", "@ptr12", "@ptr13", "SL:DATE_TIME]", "IN:DELETE_REMINDER]"], "predicted_tokens": ["[IN:DELETE_REMINDER", "[SL:TODO", "@ptr4", "@ptr5", "@ptr6", "@ptr7", "@ptr8", "SL:TODO]", "[SL:DATE_TIME", "@ptr10", "@ptr12", "SL:DATE_TIME]", "IN:DELETE_REMINDER]"]}
{"loss": 1.272167682647705, "class_log_probabilities": [-3.362264633178711, -3.4720568656921387, -3.8483383655548096, -3.862550973892212], "predictions": [49, 34, 396, 35, 36, 400, 401, 402, 403, 404, 405, 406, 407, 37, 50, 4, 4, 4, 4, 4], "target_tokens": ["[IN:CREATE_REMINDER", "[SL:PERSON_REMINDED", "@ptr2", "SL:PERSON_REMINDED]", "[SL:TODO", "@ptr4", "@ptr5", "@ptr6", "@ptr7", "@ptr8", "@ptr9", "@ptr10", "@ptr11", "SL:TODO]", "[SL:DATE_TIME", "@ptr12", "SL:DATE_TIME]", "IN:CREATE_REMINDER]"], "predicted_tokens": ["[IN:CREATE_REMINDER", "[SL:PERSON_REMINDED", "@ptr1", "SL:PERSON_REMINDED]", "[SL:TODO", "@ptr5", "@ptr6", "@ptr7", "@ptr8", "@ptr9", "@ptr10", "@ptr11", "@ptr12", "SL:TODO]", "IN:CREATE_REMINDER]"]}
{"loss": 2.847841501235962, "class_log_probabilities": [-28.974096298217773, -29.255048751831055, -29.86862564086914, -30.92111587524414], "predictions": [49, 36, 143, 36, 396, 397, 398, 399, 400, 37, 16, 409, 17, 144, 37, 144, 37, 144, 37, 144, 37, 144, 37, 144, 37, 144, 37, 144, 37, 144, 37, 144, 37, 144, 37, 144, 37, 144, 37, 144, 37, 144, 37, 144, 37, 144, 37, 144, 37, 144, 37, 144, 37, 144, 37, 144, 37, 144, 37, 144, 37, 144, 37, 144, 37, 144, 37, 144, 37, 144, 37, 144, 37, 144, 37, 144, 37, 144, 37, 144, 37, 144, 37, 144, 37, 144, 37, 144, 37, 144, 37, 144, 37, 144, 37, 144, 37, 144, 37, 144], "target_tokens": ["[IN:DELETE_REMINDER", "[SL:TODO", "[IN:GET_TODO", "[SL:TODO", "[IN:CREATE_CALL", "[SL:CONTACT", "@ptr13", "SL:CONTACT]", "IN:CREATE_CALL]", "SL:TODO]", "[SL:DATE_TIME", "@ptr14", "SL:DATE_TIME]", "IN:GET_TODO]", "SL:TODO]", "IN:DELETE_REMINDER]"], "predicted_tokens": ["[IN:CREATE_REMINDER", "[SL:TODO", "[IN:GET_TODO", "[SL:TODO", "@ptr1", "@ptr2", "@ptr3", "@ptr4", "@ptr5", "SL:TODO]", "[SL:DATE_TIME", "@ptr14", "SL:DATE_TIME]", "IN:GET_TODO]", "SL:TODO]", "IN:GET_TODO]", "SL:TODO]", "IN:GET_TODO]", "SL:TODO]", "IN:GET_TODO]", "SL:TODO]", "IN:GET_TODO]", "SL:TODO]", "IN:GET_TODO]", "SL:TODO]", "IN:GET_TODO]", "SL:TODO]", "IN:GET_TODO]", "SL:TODO]", "IN:GET_TODO]", "SL:TODO]", "IN:GET_TODO]", "SL:TODO]", "IN:GET_TODO]", "SL:TODO]", "IN:GET_TODO]", "SL:TODO]", "IN:GET_TODO]", "SL:TODO]", "IN:GET_TODO]", "SL:TODO]", "IN:GET_TODO]", "SL:TODO]", "IN:GET_TODO]", "SL:TODO]", "IN:GET_TODO]", "SL:TODO]", "IN:GET_TODO]", "SL:TODO]", "IN:GET_TODO]", "SL:TODO]", "IN:GET_TODO]", "SL:TODO]", "IN:GET_TODO]", "SL:TODO]", "IN:GET_TODO]", "SL:TODO]", "IN:GET_TODO]", "SL:TODO]", "IN:GET_TODO]", "SL:TODO]", "IN:GET_TODO]", "SL:TODO]", "IN:GET_TODO]", "SL:TODO]", "IN:GET_TODO]", "SL:TODO]", "IN:GET_TODO]", "SL:TODO]", "IN:GET_TODO]", "SL:TODO]", "IN:GET_TODO]", "SL:TODO]", "IN:GET_TODO]", "SL:TODO]", "IN:GET_TODO]", "SL:TODO]", "IN:GET_TODO]", "SL:TODO]", "IN:GET_TODO]", "SL:TODO]", "IN:GET_TODO]", "SL:TODO]", "IN:GET_TODO]", "SL:TODO]", "IN:GET_TODO]", "SL:TODO]", "IN:GET_TODO]", "SL:TODO]", "IN:GET_TODO]", "SL:TODO]", "IN:GET_TODO]", "SL:TODO]", "IN:GET_TODO]", "SL:TODO]", "IN:GET_TODO]", "SL:TODO]", "IN:GET_TODO]", "SL:TODO]", "IN:GET_TODO]"]}
{"loss": 1.1685519218444824, "class_log_probabilities": [-3.0270931720733643, -3.1178247928619385, -5.86862850189209, -33.73809051513672], "predictions": [49, 34, 396, 35, 36, 399, 400, 401, 402, 403, 404, 405, 37, 16, 407, 17, 50, 4, 4, 4, 4, 4, 4, 4, 4, 4, 4, 4, 4, 4, 4, 4, 4, 4, 4, 4, 4, 4, 4, 4, 4, 4, 4, 4, 4, 4, 4, 4, 4, 4, 4, 4, 4, 4, 4, 4, 4, 4, 4, 4, 4, 4, 4, 4, 4, 4, 4, 4, 4, 4, 4, 4, 4, 4, 4, 4, 4, 4, 4, 4, 4, 4, 4, 4, 4, 4, 4, 4, 4, 4, 4, 4, 4, 4, 4, 4, 4, 4, 4, 4], "target_tokens": ["[IN:CREATE_REMINDER", "[SL:PERSON_REMINDED", "@ptr2", "SL:PERSON_REMINDED]", "[SL:TODO", "@ptr4", "@ptr5", "@ptr6", "@ptr7", "@ptr8", "@ptr9", "@ptr10", "SL:TODO]", "[SL:DATE_TIME", "@ptr11", "SL:DATE_TIME]", "IN:CREATE_REMINDER]"], "predicted_tokens": ["[IN:CREATE_REMINDER", "[SL:PERSON_REMINDED", "@ptr1", "SL:PERSON_REMINDED]", "[SL:TODO", "@ptr4", "@ptr5", "@ptr6", "@ptr7", "@ptr8", "@ptr9", "@ptr10", "SL:TODO]", "[SL:DATE_TIME", "@ptr12", "SL:DATE_TIME]", "IN:CREATE_REMINDER]"]}
{"loss": 1.3595302104949951, "class_log_probabilities": [-1.7031309604644775, -1.8378667831420898, -3.4123404026031494, -5.768042087554932], "predictions": [47, 34, 399, 35, 16, 401, 402, 403, 404, 17, 48, 4, 4], "target_tokens": ["[IN:GET_REMINDER", "[SL:PERSON_REMINDED", "@ptr4", "SL:PERSON_REMINDED]", "[SL:DATE_TIME", "@ptr5", "@ptr6", "@ptr7", "@ptr8", "@ptr9", "SL:DATE_TIME]", "IN:GET_REMINDER]"], "predicted_tokens": ["[IN:GET_REMINDER", "[SL:PERSON_REMINDED", "@ptr4", "SL:PERSON_REMINDED]", "[SL:DATE_TIME", "@ptr6", "@ptr7", "@ptr8", "@ptr9", "SL:DATE_TIME]", "IN:GET_REMINDER]"]}
{"loss": 3.80328369140625, "class_log_probabilities": [-5.013162612915039, -6.120971202850342, -6.463540554046631, -8.639198303222656], "predictions": [47, 120, 396, 121, 34, 397, 35, 36, 403, 404, 405, 406, 407, 37, 48, 4, 4, 4, 4], "target_tokens": ["[IN:UPDATE_REMINDER_LOCATION", "[SL:AMOUNT", "@ptr1", "SL:AMOUNT]", "[SL:PERSON_REMINDED", "@ptr2", "SL:PERSON_REMINDED]", "[SL:LOCATION", "[IN:GET_LOCATION", "[SL:CONTACT", "@ptr10", "@ptr11", "SL:CONTACT]", "IN:GET_LOCATION]", "SL:LOCATION]", "[SL:LOCATION", "[IN:GET_LOCATION", "[SL:CONTACT", "@ptr18", "@ptr19", "SL:CONTACT]", "IN:GET_LOCATION]", "SL:LOCATION]", "IN:UPDATE_REMINDER_LOCATION]"], "predicted_tokens": ["[IN:GET_REMINDER", "[SL:AMOUNT", "@ptr1", "SL:AMOUNT]", "[SL:PERSON_REMINDED", "@ptr2", "SL:PERSON_REMINDED]", "[SL:TODO", "@ptr8", "@ptr9", "@ptr10", "@ptr11", "@ptr12", "SL:TODO]", "IN:GET_REMINDER]"]}
{"loss": 0.9821832180023193, "class_log_probabilities": [-0.7520908713340759, -4.781276226043701, -5.596591472625732, -6.064850330352783], "predictions": [49, 34, 397, 35, 36, 399, 400, 401, 37, 50, 4, 4], "target_tokens": ["[IN:CREATE_REMINDER", "[SL:PERSON_REMINDED", "@ptr2", "SL:PERSON_REMINDED]", "[SL:TODO", "@ptr4", "@ptr5", "@ptr6", "SL:TODO]", "IN:CREATE_REMINDER]"], "predicted_tokens": ["[IN:CREATE_REMINDER", "[SL:PERSON_REMINDED", "@ptr2", "SL:PERSON_REMINDED]", "[SL:TODO", "@ptr4", "@ptr5", "@ptr6", "SL:TODO]", "IN:CREATE_REMINDER]"]}
{"loss": 3.11137056350708, "class_log_probabilities": [-3.0012290477752686, -4.3948774337768555, -4.531106472015381, -10.363056182861328], "predictions": [47, 36, 399, 400, 401, 37, 48, 4, 4, 4, 4, 4, 4, 4], "target_tokens": ["[IN:GET_REMINDER", "[SL:METHOD_RETRIEVAL_REMINDER", "@ptr0", "SL:METHOD_RETRIEVAL_REMINDER]", "[SL:TODO", "@ptr5", "@ptr6", "SL:TODO]", "IN:GET_REMINDER]"], "predicted_tokens": ["[IN:GET_REMINDER", "[SL:TODO", "@ptr4", "@ptr5", "@ptr6", "SL:TODO]", "IN:GET_REMINDER]"]}
{"loss": 1.9014250040054321, "class_log_probabilities": [-3.653334140777588, -6.0484724044799805, -9.586332321166992, -53.98931884765625], "predictions": [49, 34, 397, 35, 36, 398, 399, 400, 401, 37, 16, 402, 403, 17, 50, 4, 4, 4, 4, 4, 4, 4, 4, 4, 4, 4, 4, 4, 4, 4, 4, 4, 4, 4, 4, 4, 4, 4, 4, 4, 4, 4, 4, 4, 4, 4, 4, 4, 4, 4, 4, 4, 4, 4, 4, 4, 4, 4, 4, 4, 4, 4, 4, 4, 4, 4, 4, 4, 4, 4, 4, 4, 4, 4, 4, 4, 4, 4, 4, 4, 4, 4, 4, 4, 4, 4, 4, 4, 4, 4, 4, 4, 4, 4, 4, 4, 4, 4, 4, 4], "target_tokens": ["[IN:CREATE_REMINDER", "[SL:PERSON_REMINDED", "@ptr2", "SL:PERSON_REMINDED]", "[SL:TODO", "[IN:GET_TODO", "[SL:TODO", "@ptr4", "@ptr5", "@ptr6", "SL:TODO]", "[SL:DATE_TIME", "@ptr7", "SL:DATE_TIME]", "[SL:LOCATION", "@ptr10", "SL:LOCATION]", "IN:GET_TODO]", "SL:TODO]", "IN:CREATE_REMINDER]"], "predicted_tokens": ["[IN:CREATE_REMINDER", "[SL:PERSON_REMINDED", "@ptr2", "SL:PERSON_REMINDED]", "[SL:TODO", "@ptr3", "@ptr4", "@ptr5", "@ptr6", "SL:TODO]", "[SL:DATE_TIME", "@ptr7", "@ptr8", "SL:DATE_TIME]", "IN:CREATE_REMINDER]"]}
{"loss": 1.6962765455245972, "class_log_probabilities": [-0.6232069134712219, -4.31485652923584, -4.694241046905518, -6.801729679107666], "predictions": [47, 34, 397, 35, 36, 401, 402, 37, 48, 4], "target_tokens": ["[IN:GET_REMINDER", "[SL:PERSON_REMINDED", "@ptr2", "SL:PERSON_REMINDED]", "[SL:TODO", "@ptr7", "SL:TODO]", "IN:GET_REMINDER]"], "predicted_tokens": ["[IN:GET_REMINDER", "[SL:PERSON_REMINDED", "@ptr2", "SL:PERSON_REMINDED]", "[SL:TODO", "@ptr6", "@ptr7", "SL:TODO]", "IN:GET_REMINDER]"]}
{"loss": 2.5736048221588135, "class_log_probabilities": [-7.2724809646606445, -11.175008773803711, -12.403748512268066, -12.42538833618164], "predictions": [61, 120, 400, 121, 120, 401, 414, 414, 414, 414, 414, 414, 414, 414, 414, 414, 414, 414, 414, 414, 414, 414, 414, 414, 414, 414, 414, 414, 414, 414, 414, 414, 414, 414, 414, 414, 414, 414, 414, 414, 414, 414, 414, 414, 414, 414, 414, 414, 414, 414, 414, 414, 414, 414, 414, 414, 414, 414, 414, 414, 414, 414, 414, 414, 414, 414, 414, 414, 414, 414, 414, 414, 414, 414, 414, 414, 414, 414, 414, 414, 414, 414, 414, 414, 414, 414, 414, 414, 414, 414, 414, 414, 414, 414, 414, 414, 414, 414, 414, 414], "target_tokens": ["[IN:DELETE_REMINDER", "[SL:AMOUNT", "@ptr5", "SL:AMOUNT]", "[SL:TODO", "@ptr10", "@ptr11", "@ptr12", "@ptr13", "@ptr14", "SL:TODO]", "[SL:DATE_TIME", "@ptr17", "@ptr18", "SL:DATE_TIME]", "IN:DELETE_REMINDER]"], "predicted_tokens": ["[IN:GET_EVENT", "[SL:AMOUNT", "@ptr5", "SL:AMOUNT]", "[SL:AMOUNT", "@ptr6", "@ptr19", "@ptr19", "@ptr19", "@ptr19", "@ptr19", "@ptr19", "@ptr19", "@ptr19", "@ptr19", "@ptr19", "@ptr19", "@ptr19", "@ptr19", "@ptr19", "@ptr19", "@ptr19", "@ptr19", "@ptr19", "@ptr19", "@ptr19", "@ptr19", "@ptr19", "@ptr19", "@ptr19", "@ptr19", "@ptr19", "@ptr19", "@ptr19", "@ptr19", "@ptr19", "@ptr19", "@ptr19", "@ptr19", "@ptr19", "@ptr19", "@ptr19", "@ptr19", "@ptr19", "@ptr19", "@ptr19", "@ptr19", "@ptr19", "@ptr19", "@ptr19", "@ptr19", "@ptr19", "@ptr19", "@ptr19", "@ptr19", "@ptr19", "@ptr19", "@ptr19", "@ptr19", "@ptr19", "@ptr19", "@ptr19", "@ptr19", "@ptr19", "@ptr19", "@ptr19", "@ptr19", "@ptr19", "@ptr19", "@ptr19", "@ptr19", "@ptr19", "@ptr19", "@ptr19", "@ptr19", "@ptr19", "@ptr19", "@ptr19", "@ptr19", "@ptr19", "@ptr19", "@ptr19", "@ptr19", "@ptr19", "@ptr19", "@ptr19", "@ptr19", "@ptr19", "@ptr19", "@ptr19", "@ptr19", "@ptr19", "@ptr19", "@ptr19", "@ptr19", "@ptr19", "@ptr19", "@ptr19", "@ptr19", "@ptr19"]}
{"loss": 2.6764116287231445, "class_log_probabilities": [-5.560271263122559, -6.888607501983643, -6.923421382904053, -9.724963188171387], "predictions": [49, 34, 397, 35, 36, 399, 400, 37, 34, 403, 35, 50, 4, 4, 4, 4, 4, 4, 4, 4, 4, 4], "target_tokens": ["[IN:CREATE_REMINDER", "[SL:PERSON_REMINDED", "@ptr2", "SL:PERSON_REMINDED]", "[SL:TODO", "@ptr4", "@ptr5", "@ptr6", "@ptr7", "@ptr8", "@ptr9", "@ptr10", "@ptr11", "@ptr12", "@ptr13", "@ptr14", "SL:TODO]", "IN:CREATE_REMINDER]"], "predicted_tokens": ["[IN:CREATE_REMINDER", "[SL:PERSON_REMINDED", "@ptr2", "SL:PERSON_REMINDED]", "[SL:TODO", "@ptr4", "@ptr5", "SL:TODO]", "[SL:PERSON_REMINDED", "@ptr8", "SL:PERSON_REMINDED]", "IN:CREATE_REMINDER]"]}
{"loss": 2.0225067138671875, "class_log_probabilities": [-0.9769615530967712, -4.233358383178711, -7.946855545043945, -10.625741004943848], "predictions": [27, 30, 4, 4, 4, 4, 4, 4, 4, 4], "target_tokens": ["[IN:CREATE_REMINDER", "[SL:PERSON_REMINDED", "@ptr2", "SL:PERSON_REMINDED]", "[SL:TODO", "@ptr5", "@ptr6", "@ptr7", "@ptr8", "@ptr9", "@ptr10", "SL:TODO]", "IN:CREATE_REMINDER]"], "predicted_tokens": ["[IN:GET_INFO_RECIPES", "IN:GET_INFO_RECIPES]"]}
{"loss": 2.130587100982666, "class_log_probabilities": [-4.843520641326904, -5.279302597045898, -6.245539665222168, -6.634435176849365], "predictions": [331, 36, 399, 400, 401, 402, 403, 404, 37, 16, 409, 17, 332, 4, 4, 4, 4, 4], "target_tokens": ["[IN:UPDATE_REMINDER_DATE_TIME", "[SL:PERSON_REMINDED", "@ptr4", "SL:PERSON_REMINDED]", "[SL:TODO", "@ptr5", "@ptr6", "@ptr7", "@ptr8", "@ptr9", "SL:TODO]", "[SL:DATE_TIME", "@ptr15", "@ptr16", "@ptr17", "@ptr18", "@ptr19", "@ptr20", "@ptr21", "SL:DATE_TIME]", "IN:UPDATE_REMINDER_DATE_TIME]"], "predicted_tokens": ["[IN:UPDATE_REMINDER", "[SL:TODO", "@ptr4", "@ptr5", "@ptr6", "@ptr7", "@ptr8", "@ptr9", "SL:TODO]", "[SL:DATE_TIME", "@ptr14", "SL:DATE_TIME]", "IN:UPDATE_REMINDER]"]}
{"loss": 3.2465429306030273, "class_log_probabilities": [-0.9446463584899902, -4.062860488891602, -4.739546298980713, -4.954022407531738], "predictions": [119, 249, 400, 401, 402, 250, 122, 4, 4], "target_tokens": ["[IN:DELETE_REMINDER", "[SL:TODO", "@ptr4", "@ptr5", "@ptr6", "SL:TODO]", "IN:DELETE_REMINDER]"], "predicted_tokens": ["[IN:DELETE_ALARM", "[SL:ALARM_NAME", "@ptr5", "@ptr6", "@ptr7", "SL:ALARM_NAME]", "IN:DELETE_ALARM]"]}
{"loss": 1.3987566232681274, "class_log_probabilities": [-0.842922568321228, -2.1829402446746826, -4.061119556427002, -7.940323352813721], "predictions": [33, 36, 399, 400, 401, 402, 403, 404, 37, 38, 4, 4, 4, 4], "target_tokens": ["[IN:DELETE_REMINDER", "[SL:TODO", "@ptr4", "@ptr5", "@ptr6", "@ptr7", "@ptr8", "@ptr9", "@ptr10", "SL:TODO]", "IN:DELETE_REMINDER]"], "predicted_tokens": ["[IN:DELETE_REMINDER", "[SL:TODO", "@ptr4", "@ptr5", "@ptr6", "@ptr7", "@ptr8", "@ptr9", "SL:TODO]", "IN:DELETE_REMINDER]"]}
{"loss": 2.018496513366699, "class_log_probabilities": [-3.1881513595581055, -5.020016193389893, -5.074195861816406, -5.1807122230529785], "predictions": [47, 34, 401, 35, 36, 404, 405, 37, 48, 4, 4, 4], "target_tokens": ["[IN:GET_REMINDER", "[SL:PERSON_REMINDED", "@ptr8", "@ptr9", "@ptr10", "SL:PERSON_REMINDED]", "IN:GET_REMINDER]"], "predicted_tokens": ["[IN:GET_REMINDER", "[SL:PERSON_REMINDED", "@ptr6", "SL:PERSON_REMINDED]", "[SL:TODO", "@ptr9", "@ptr10", "SL:TODO]", "IN:GET_REMINDER]"]}
{"loss": 2.737267017364502, "class_log_probabilities": [-4.496268272399902, -4.956057548522949, -5.123682975769043, -5.411040306091309], "predictions": [49, 34, 397, 35, 36, 400, 401, 402, 403, 37, 16, 405, 406, 407, 409, 17, 50, 4, 4], "target_tokens": ["[IN:GET_REMINDER", "[SL:METHOD_RETRIEVAL_REMINDER", "@ptr0", "SL:METHOD_RETRIEVAL_REMINDER]", "[SL:PERSON_REMINDED", "@ptr2", "SL:PERSON_REMINDED]", "[SL:TODO", "@ptr7", "@ptr8", "@ptr9", "SL:TODO]", "[SL:DATE_TIME", "@ptr10", "@ptr11", "@ptr12", "@ptr13", "@ptr14", "@ptr15", "@ptr16", "SL:DATE_TIME]", "IN:GET_REMINDER]"], "predicted_tokens": ["[IN:CREATE_REMINDER", "[SL:PERSON_REMINDED", "@ptr2", "SL:PERSON_REMINDED]", "[SL:TODO", "@ptr5", "@ptr6", "@ptr7", "@ptr8", "SL:TODO]", "[SL:DATE_TIME", "@ptr10", "@ptr11", "@ptr12", "@ptr14", "SL:DATE_TIME]", "IN:CREATE_REMINDER]"]}
{"loss": 3.092665910720825, "class_log_probabilities": [-2.3760035037994385, -2.913583755493164, -3.9358041286468506, -7.373770713806152], "predictions": [47, 120, 396, 121, 36, 400, 401, 402, 403, 404, 405, 406, 407, 37, 48, 4, 4, 4, 4, 4, 4, 4], "target_tokens": ["[IN:GET_REMINDER", "[SL:METHOD_RETRIEVAL_REMINDER", "@ptr0", "SL:METHOD_RETRIEVAL_REMINDER]", "[SL:AMOUNT", "@ptr1", "SL:AMOUNT]", "[SL:DATE_TIME", "@ptr4", "@ptr5", "@ptr6", "@ptr7", "@ptr8", "@ptr9", "@ptr10", "SL:DATE_TIME]", "[SL:TODO", "@ptr14", "@ptr15", "@ptr16", "SL:TODO]", "IN:GET_REMINDER]"], "predicted_tokens": ["[IN:GET_REMINDER", "[SL:AMOUNT", "@ptr1", "SL:AMOUNT]", "[SL:TODO", "@ptr5", "@ptr6", "@ptr7", "@ptr8", "@ptr9", "@ptr10", "@ptr11", "@ptr12", "SL:TODO]", "IN:GET_REMINDER]"]}
{"loss": 2.138915777206421, "class_log_probabilities": [-2.8922040462493896, -3.1062724590301514, -34.743587493896484, -35.68321228027344], "predictions": [49, 34, 397, 35, 16, 400, 401, 402, 17, 36, 403, 404, 405, 406, 407, 408, 37, 50, 4, 4, 4, 4, 4, 4, 4, 4, 4, 4, 4, 4, 4, 4, 4, 4, 4, 4, 4, 4, 4, 4, 4, 4, 4, 4, 4, 4, 4, 4, 4, 4, 4, 4, 4, 4, 4, 4, 4, 4, 4, 4, 4, 4, 4, 4, 4, 4, 4, 4, 4, 4, 4, 4, 4, 4, 4, 4, 4, 4, 4, 4, 4, 4, 4, 4, 4, 4, 4, 4, 4, 4, 4, 4, 4, 4, 4, 4, 4, 4, 4, 4], "target_tokens": ["[IN:GET_REMINDER", "[SL:METHOD_RETRIEVAL_REMINDER", "@ptr0", "SL:METHOD_RETRIEVAL_REMINDER]", "[SL:PERSON_REMINDED", "@ptr2", "SL:PERSON_REMINDED]", "[SL:DATE_TIME", "@ptr5", "@ptr6", "@ptr7", "SL:DATE_TIME]", "[SL:TODO", "@ptr8", "@ptr9", "@ptr10", "@ptr11", "@ptr12", "@ptr13", "@ptr14", "SL:TODO]", "IN:GET_REMINDER]"], "predicted_tokens": ["[IN:CREATE_REMINDER", "[SL:PERSON_REMINDED", "@ptr2", "SL:PERSON_REMINDED]", "[SL:DATE_TIME", "@ptr5", "@ptr6", "@ptr7", "SL:DATE_TIME]", "[SL:TODO", "@ptr8", "@ptr9", "@ptr10", "@ptr11", "@ptr12", "@ptr13", "SL:TODO]", "IN:CREATE_REMINDER]"]}
{"loss": 1.1232573986053467, "class_log_probabilities": [-0.9735478162765503, -3.2709591388702393, -3.9847986698150635, -4.809925556182861], "predictions": [49, 34, 397, 35, 36, 400, 401, 402, 37, 50, 4, 4, 4, 4], "target_tokens": ["[IN:CREATE_REMINDER", "[SL:PERSON_REMINDED", "@ptr2", "SL:PERSON_REMINDED]", "[SL:DATE_TIME", "@ptr3", "SL:DATE_TIME]", "[SL:TODO", "@ptr5", "@ptr6", "@ptr7", "SL:TODO]", "IN:CREATE_REMINDER]"], "predicted_tokens": ["[IN:CREATE_REMINDER", "[SL:PERSON_REMINDED", "@ptr2", "SL:PERSON_REMINDED]", "[SL:TODO", "@ptr5", "@ptr6", "@ptr7", "SL:TODO]", "IN:CREATE_REMINDER]"]}
{"loss": 2.410879373550415, "class_log_probabilities": [-0.3908510208129883, -7.2132463455200195, -7.5068359375, -8.056965827941895], "predictions": [70, 16, 399, 400, 17, 73, 4, 4, 4], "target_tokens": ["[IN:GET_CONTACT", "[SL:DATE_TIME", "@ptr5", "SL:DATE_TIME]", "IN:GET_CONTACT]"], "predicted_tokens": ["[IN:GET_CONTACT", "[SL:DATE_TIME", "@ptr4", "@ptr5", "SL:DATE_TIME]", "IN:GET_CONTACT]"]}
{"loss": 1.5288853645324707, "class_log_probabilities": [-3.263442039489746, -3.7205562591552734, -4.045032501220703, -4.9495463371276855], "predictions": [70, 93, 401, 93, 401, 94, 71, 402, 72, 16, 406, 407, 17, 73, 4, 4, 4], "target_tokens": ["[IN:GET_CONTACT", "[SL:CONTACT_RELATED", "@ptr6", "SL:CONTACT_RELATED]", "[SL:TYPE_RELATION", "@ptr7", "SL:TYPE_RELATION]", "[SL:DATE_TIME", "@ptr12", "SL:DATE_TIME]", "IN:GET_CONTACT]"], "predicted_tokens": ["[IN:GET_CONTACT", "[SL:CONTACT_RELATED", "@ptr6", "[SL:CONTACT_RELATED", "@ptr6", "SL:CONTACT_RELATED]", "[SL:TYPE_RELATION", "@ptr7", "SL:TYPE_RELATION]", "[SL:DATE_TIME", "@ptr11", "@ptr12", "SL:DATE_TIME]", "IN:GET_CONTACT]"]}
{"loss": 3.0201878547668457, "class_log_probabilities": [-1.2967376708984375, -3.373675584793091, -3.461785078048706, -4.001492023468018], "predictions": [70, 16, 409, 17, 73, 4, 4, 4, 4], "target_tokens": ["[IN:GET_CONTACT", "[SL:DATE_TIME", "@ptr11", "@ptr12", "@ptr13", "@ptr14", "@ptr15", "SL:DATE_TIME]", "IN:GET_CONTACT]"], "predicted_tokens": ["[IN:GET_CONTACT", "[SL:DATE_TIME", "@ptr14", "SL:DATE_TIME]", "IN:GET_CONTACT]"]}
{"loss": 2.435185432434082, "class_log_probabilities": [-2.5943946838378906, -3.1446268558502197, -3.2358205318450928, -3.7575013637542725], "predictions": [49, 36, 399, 400, 401, 402, 403, 37, 16, 404, 406, 17, 50, 4], "target_tokens": ["[IN:CREATE_REMINDER", "[SL:TODO", "@ptr5", "@ptr6", "@ptr7", "SL:TODO]", "[SL:DATE_TIME", "@ptr8", "@ptr9", "@ptr10", "SL:DATE_TIME]", "IN:CREATE_REMINDER]"], "predicted_tokens": ["[IN:CREATE_REMINDER", "[SL:TODO", "@ptr4", "@ptr5", "@ptr6", "@ptr7", "@ptr8", "SL:TODO]", "[SL:DATE_TIME", "@ptr9", "@ptr11", "SL:DATE_TIME]", "IN:CREATE_REMINDER]"]}
{"loss": 1.012817144393921, "class_log_probabilities": [-1.1261694431304932, -4.610568046569824, -4.883891582489014, -5.4513421058654785], "predictions": [49, 34, 397, 35, 36, 399, 400, 401, 402, 403, 404, 37, 16, 405, 17, 50, 4], "target_tokens": ["[IN:CREATE_REMINDER", "[SL:PERSON_REMINDED", "@ptr2", "SL:PERSON_REMINDED]", "[SL:TODO", "@ptr4", "@ptr5", "@ptr6", "@ptr7", "@ptr8", "@ptr9", "SL:TODO]", "[SL:DATE_TIME", "@ptr10", "SL:DATE_TIME]", "IN:CREATE_REMINDER]"], "predicted_tokens": ["[IN:CREATE_REMINDER", "[SL:PERSON_REMINDED", "@ptr2", "SL:PERSON_REMINDED]", "[SL:TODO", "@ptr4", "@ptr5", "@ptr6", "@ptr7", "@ptr8", "@ptr9", "SL:TODO]", "[SL:DATE_TIME", "@ptr10", "SL:DATE_TIME]", "IN:CREATE_REMINDER]"]}
{"loss": 1.9234555959701538, "class_log_probabilities": [-1.0834583044052124, -3.54191517829895, -3.9514660835266113, -4.814238548278809], "predictions": [111, 34, 396, 35, 36, 399, 400, 401, 402, 37, 16, 403, 404, 405, 406, 407, 17, 112, 4, 4], "target_tokens": ["[IN:UPDATE_REMINDER_DATE_TIME", "[SL:PERSON_REMINDED", "@ptr1", "SL:PERSON_REMINDED]", "[SL:TODO", "@ptr5", "@ptr6", "@ptr7", "SL:TODO]", "[SL:DATE_TIME", "@ptr8", "@ptr9", "@ptr10", "@ptr11", "SL:DATE_TIME]", "[SL:DATE_TIME", "@ptr12", "@ptr13", "SL:DATE_TIME]", "IN:UPDATE_REMINDER_DATE_TIME]"], "predicted_tokens": ["[IN:UPDATE_REMINDER_DATE_TIME", "[SL:PERSON_REMINDED", "@ptr1", "SL:PERSON_REMINDED]", "[SL:TODO", "@ptr4", "@ptr5", "@ptr6", "@ptr7", "SL:TODO]", "[SL:DATE_TIME", "@ptr8", "@ptr9", "@ptr10", "@ptr11", "@ptr12", "SL:DATE_TIME]", "IN:UPDATE_REMINDER_DATE_TIME]"]}
{"loss": 1.722851276397705, "class_log_probabilities": [-3.9595775604248047, -4.218086242675781, -5.4268364906311035, -7.744297981262207], "predictions": [49, 36, 75, 6, 401, 402, 7, 78, 4, 4, 4, 4, 4, 4, 4], "target_tokens": ["[IN:CREATE_REMINDER", "[SL:PERSON_REMINDED", "@ptr2", "SL:PERSON_REMINDED]", "[SL:TODO", "[IN:CREATE_CALL", "[SL:CONTACT", "@ptr6", "@ptr7", "@ptr8", "@ptr9", "@ptr10", "SL:CONTACT]", "IN:CREATE_CALL]", "SL:TODO]", "[SL:DATE_TIME", "@ptr11", "@ptr12", "@ptr13", "@ptr14", "SL:DATE_TIME]", "IN:CREATE_REMINDER]"], "predicted_tokens": ["[IN:CREATE_REMINDER", "[SL:TODO", "[IN:CREATE_CALL", "[SL:CONTACT", "@ptr6", "@ptr7", "SL:CONTACT]", "IN:CREATE_CALL]"]}
{"loss": 1.5592750310897827, "class_log_probabilities": [-3.596611499786377, -4.147480487823486, -5.50330924987793, -7.235909938812256], "predictions": [49, 34, 397, 35, 36, 399, 400, 401, 402, 403, 404, 405, 406, 407, 408, 409, 411, 37, 50, 4, 4, 4, 4, 4], "target_tokens": ["[IN:CREATE_REMINDER", "[SL:PERSON_REMINDED", "@ptr2", "SL:PERSON_REMINDED]", "[SL:TODO", "@ptr4", "@ptr5", "@ptr6", "@ptr7", "@ptr8", "@ptr9", "@ptr10", "@ptr11", "@ptr12", "@ptr13", "@ptr14", "@ptr15", "@ptr16", "@ptr17", "SL:TODO]", "[SL:DATE_TIME", "@ptr18", "SL:DATE_TIME]", "IN:CREATE_REMINDER]"], "predicted_tokens": ["[IN:CREATE_REMINDER", "[SL:PERSON_REMINDED", "@ptr2", "SL:PERSON_REMINDED]", "[SL:TODO", "@ptr4", "@ptr5", "@ptr6", "@ptr7", "@ptr8", "@ptr9", "@ptr10", "@ptr11", "@ptr12", "@ptr13", "@ptr14", "@ptr16", "SL:TODO]", "IN:CREATE_REMINDER]"]}
{"loss": 1.4837517738342285, "class_log_probabilities": [-2.979649305343628, -6.151727676391602, -18.349340438842773, -25.20819854736328], "predictions": [49, 34, 397, 35, 36, 399, 400, 401, 402, 403, 404, 405, 406, 37, 50, 4, 4, 4, 4, 4, 4, 4, 4, 4, 4, 4, 4, 4, 4, 4, 4, 4, 4, 4, 4, 4, 4, 4, 4, 4, 4, 4, 4, 4, 4, 4, 4, 4, 4, 4, 4, 4, 4, 4, 4, 4, 4, 4, 4, 4, 4, 4, 4, 4, 4, 4, 4, 4, 4, 4, 4, 4, 4, 4, 4, 4, 4, 4, 4, 4, 4, 4, 4, 4, 4, 4, 4, 4, 4, 4, 4, 4, 4, 4, 4, 4, 4, 4, 4, 4], "target_tokens": ["[IN:CREATE_REMINDER", "[SL:PERSON_REMINDED", "@ptr2", "SL:PERSON_REMINDED]", "[SL:TODO", "@ptr4", "@ptr5", "@ptr6", "@ptr7", "@ptr8", "@ptr9", "SL:TODO]", "[SL:DATE_TIME", "@ptr11", "@ptr12", "SL:DATE_TIME]", "IN:CREATE_REMINDER]"], "predicted_tokens": ["[IN:CREATE_REMINDER", "[SL:PERSON_REMINDED", "@ptr2", "SL:PERSON_REMINDED]", "[SL:TODO", "@ptr4", "@ptr5", "@ptr6", "@ptr7", "@ptr8", "@ptr9", "@ptr10", "@ptr11", "SL:TODO]", "IN:CREATE_REMINDER]"]}
{"loss": 1.1069964170455933, "class_log_probabilities": [-1.8876854181289673, -2.78794264793396, -3.2190914154052734, -4.346139430999756], "predictions": [49, 34, 397, 35, 36, 399, 400, 401, 37, 16, 403, 404, 405, 406, 17, 50, 4, 4], "target_tokens": ["[IN:CREATE_REMINDER", "[SL:PERSON_REMINDED", "@ptr2", "SL:PERSON_REMINDED]", "[SL:TODO", "@ptr4", "@ptr5", "@ptr6", "@ptr7", "SL:TODO]", "[SL:DATE_TIME", "@ptr8", "@ptr9", "@ptr10", "@ptr11", "SL:DATE_TIME]", "IN:CREATE_REMINDER]"], "predicted_tokens": ["[IN:CREATE_REMINDER", "[SL:PERSON_REMINDED", "@ptr2", "SL:PERSON_REMINDED]", "[SL:TODO", "@ptr4", "@ptr5", "@ptr6", "SL:TODO]", "[SL:DATE_TIME", "@ptr8", "@ptr9", "@ptr10", "@ptr11", "SL:DATE_TIME]", "IN:CREATE_REMINDER]"]}
{"loss": 1.7112892866134644, "class_log_probabilities": [-3.776850700378418, -4.335456848144531, -4.550224781036377, -4.74770975112915], "predictions": [75, 6, 70, 93, 395, 94, 71, 402, 72, 73, 7, 78, 4, 4, 4, 4], "target_tokens": ["[IN:CREATE_REMINDER", "[SL:TODO", "[IN:CREATE_CALL", "[SL:CONTACT", "[IN:GET_CONTACT", "[SL:CONTACT_RELATED", "@ptr5", "SL:CONTACT_RELATED]", "[SL:TYPE_RELATION", "@ptr6", "SL:TYPE_RELATION]", "IN:GET_CONTACT]", "SL:CONTACT]", "IN:CREATE_CALL]", "SL:TODO]", "[SL:DATE_TIME", "@ptr7", "@ptr8", "@ptr9", "@ptr10", "SL:DATE_TIME]", "IN:CREATE_REMINDER]"], "predicted_tokens": ["[IN:CREATE_CALL", "[SL:CONTACT", "[IN:GET_CONTACT", "[SL:CONTACT_RELATED", "@ptr0", "SL:CONTACT_RELATED]", "[SL:TYPE_RELATION", "@ptr7", "SL:TYPE_RELATION]", "IN:GET_CONTACT]", "SL:CONTACT]", "IN:CREATE_CALL]"]}
{"loss": 1.9290764331817627, "class_log_probabilities": [-6.686708927154541, -25.304080963134766, -26.417152404785156, -26.864574432373047], "predictions": [49, 34, 397, 35, 36, 143, 16, 398, 17, 36, 402, 403, 404, 405, 406, 407, 408, 37, 16, 407, 409, 17, 50, 4, 4, 4, 4, 4, 4, 4, 4, 4, 4, 4, 4, 4, 4, 4, 4, 4, 4, 4, 4, 4, 4, 4, 4, 4, 4, 4, 4, 4, 4, 4, 4, 4, 4, 4, 4, 4, 4, 4, 4, 4, 4, 4, 4, 4, 4, 4, 4, 4, 4, 4, 4, 4, 4, 4, 4, 4, 4, 4, 4, 4, 4, 4, 4, 4, 4, 4, 4, 4, 4, 4, 4, 4, 4, 4, 4, 4], "target_tokens": ["[IN:CREATE_REMINDER", "[SL:PERSON_REMINDED", "@ptr2", "SL:PERSON_REMINDED]", "[SL:DATE_TIME", "@ptr3", "SL:DATE_TIME]", "[SL:TODO", "[IN:GET_TODO", "[SL:TODO", "@ptr7", "@ptr8", "@ptr9", "@ptr10", "SL:TODO]", "[SL:DATE_TIME", "@ptr11", "@ptr12", "@ptr13", "@ptr14", "SL:DATE_TIME]", "IN:GET_TODO]", "SL:TODO]", "IN:CREATE_REMINDER]"], "predicted_tokens": ["[IN:CREATE_REMINDER", "[SL:PERSON_REMINDED", "@ptr2", "SL:PERSON_REMINDED]", "[SL:TODO", "[IN:GET_TODO", "[SL:DATE_TIME", "@ptr3", "SL:DATE_TIME]", "[SL:TODO", "@ptr7", "@ptr8", "@ptr9", "@ptr10", "@ptr11", "@ptr12", "@ptr13", "SL:TODO]", "[SL:DATE_TIME", "@ptr12", "@ptr14", "SL:DATE_TIME]", "IN:CREATE_REMINDER]"]}
{"loss": 1.3019970655441284, "class_log_probabilities": [-2.3167672157287598, -3.318704605102539, -3.593458414077759, -3.9169838428497314], "predictions": [49, 34, 397, 35, 36, 399, 400, 401, 402, 403, 404, 405, 406, 407, 408, 410, 37, 50, 4, 4], "target_tokens": ["[IN:CREATE_REMINDER", "[SL:PERSON_REMINDED", "@ptr2", "SL:PERSON_REMINDED]", "[SL:TODO", "@ptr4", "@ptr5", "@ptr6", "@ptr7", "@ptr8", "@ptr9", "@ptr10", "@ptr11", "@ptr12", "@ptr13", "@ptr14", "@ptr15", "@ptr16", "SL:TODO]", "IN:CREATE_REMINDER]"], "predicted_tokens": ["[IN:CREATE_REMINDER", "[SL:PERSON_REMINDED", "@ptr2", "SL:PERSON_REMINDED]", "[SL:TODO", "@ptr4", "@ptr5", "@ptr6", "@ptr7", "@ptr8", "@ptr9", "@ptr10", "@ptr11", "@ptr12", "@ptr13", "@ptr15", "SL:TODO]", "IN:CREATE_REMINDER]"]}
{"loss": 3.0453197956085205, "class_log_probabilities": [-4.076492786407471, -4.4806084632873535, -5.204900741577148, -8.490227699279785], "predictions": [47, 34, 401, 35, 36, 403, 404, 405, 406, 407, 37, 48, 4, 4, 4, 4, 4], "target_tokens": ["[IN:CREATE_REMINDER", "[SL:PERSON_REMINDED", "@ptr6", "SL:PERSON_REMINDED]", "[SL:TODO", "@ptr9", "@ptr10", "@ptr11", "@ptr12", "@ptr13", "@ptr14", "@ptr15", "@ptr16", "@ptr17", "@ptr18", "SL:TODO]", "[SL:DATE_TIME", "@ptr19", "@ptr20", "@ptr21", "@ptr22", "@ptr23", "SL:DATE_TIME]", "IN:CREATE_REMINDER]"], "predicted_tokens": ["[IN:GET_REMINDER", "[SL:PERSON_REMINDED", "@ptr6", "SL:PERSON_REMINDED]", "[SL:TODO", "@ptr8", "@ptr9", "@ptr10", "@ptr11", "@ptr12", "SL:TODO]", "IN:GET_REMINDER]"]}
{"loss": 0.9967294335365295, "class_log_probabilities": [-0.8107438683509827, -3.506178855895996, -5.253607273101807, -5.455907344818115], "predictions": [49, 34, 397, 35, 36, 399, 400, 401, 402, 37, 16, 403, 17, 50, 4, 4], "target_tokens": ["[IN:CREATE_REMINDER", "[SL:PERSON_REMINDED", "@ptr2", "SL:PERSON_REMINDED]", "[SL:TODO", "@ptr4", "@ptr5", "@ptr6", "@ptr7", "SL:TODO]", "[SL:DATE_TIME", "@ptr8", "SL:DATE_TIME]", "IN:CREATE_REMINDER]"], "predicted_tokens": ["[IN:CREATE_REMINDER", "[SL:PERSON_REMINDED", "@ptr2", "SL:PERSON_REMINDED]", "[SL:TODO", "@ptr4", "@ptr5", "@ptr6", "@ptr7", "SL:TODO]", "[SL:DATE_TIME", "@ptr8", "SL:DATE_TIME]", "IN:CREATE_REMINDER]"]}
{"loss": 1.1297296285629272, "class_log_probabilities": [-2.5286343097686768, -3.3621408939361572, -3.4617364406585693, -4.319953441619873], "predictions": [49, 34, 397, 35, 36, 399, 400, 401, 402, 403, 404, 405, 406, 407, 408, 37, 50, 4, 4, 4], "target_tokens": ["[IN:CREATE_REMINDER", "[SL:PERSON_REMINDED", "@ptr2", "SL:PERSON_REMINDED]", "[SL:TODO", "@ptr4", "@ptr5", "@ptr6", "@ptr7", "@ptr8", "@ptr9", "@ptr10", "@ptr11", "@ptr12", "@ptr13", "@ptr14", "SL:TODO]", "IN:CREATE_REMINDER]"], "predicted_tokens": ["[IN:CREATE_REMINDER", "[SL:PERSON_REMINDED", "@ptr2", "SL:PERSON_REMINDED]", "[SL:TODO", "@ptr4", "@ptr5", "@ptr6", "@ptr7", "@ptr8", "@ptr9", "@ptr10", "@ptr11", "@ptr12", "@ptr13", "SL:TODO]", "IN:CREATE_REMINDER]"]}
{"loss": 1.463815689086914, "class_log_probabilities": [-0.62270188331604, -3.8854804039001465, -4.636623859405518, -4.642238140106201], "predictions": [33, 36, 398, 399, 400, 401, 37, 38, 4, 4, 4, 4], "target_tokens": ["[IN:DELETE_REMINDER", "[SL:TODO", "@ptr4", "@ptr5", "@ptr6", "SL:TODO]", "IN:DELETE_REMINDER]"], "predicted_tokens": ["[IN:DELETE_REMINDER", "[SL:TODO", "@ptr3", "@ptr4", "@ptr5", "@ptr6", "SL:TODO]", "IN:DELETE_REMINDER]"]}
{"loss": 1.046196699142456, "class_log_probabilities": [-1.9222204685211182, -2.150786876678467, -2.565809726715088, -3.463435411453247], "predictions": [49, 34, 397, 35, 36, 399, 400, 401, 402, 403, 37, 16, 404, 405, 17, 50, 4], "target_tokens": ["[IN:CREATE_REMINDER", "[SL:PERSON_REMINDED", "@ptr2", "SL:PERSON_REMINDED]", "[SL:TODO", "@ptr4", "@ptr5", "@ptr6", "@ptr7", "@ptr8", "SL:TODO]", "[SL:DATE_TIME", "@ptr9", "@ptr10", "SL:DATE_TIME]", "IN:CREATE_REMINDER]"], "predicted_tokens": ["[IN:CREATE_REMINDER", "[SL:PERSON_REMINDED", "@ptr2", "SL:PERSON_REMINDED]", "[SL:TODO", "@ptr4", "@ptr5", "@ptr6", "@ptr7", "@ptr8", "SL:TODO]", "[SL:DATE_TIME", "@ptr9", "@ptr10", "SL:DATE_TIME]", "IN:CREATE_REMINDER]"]}
{"loss": 1.3958863019943237, "class_log_probabilities": [-1.4276375770568848, -2.057908773422241, -2.655564785003662, -4.901098728179932], "predictions": [49, 34, 397, 35, 36, 399, 400, 401, 402, 37, 16, 404, 405, 17, 50, 4, 4], "target_tokens": ["[IN:CREATE_REMINDER", "[SL:PERSON_REMINDED", "@ptr2", "SL:PERSON_REMINDED]", "[SL:TODO", "@ptr4", "@ptr5", "@ptr6", "@ptr7", "@ptr8", "SL:TODO]", "[SL:DATE_TIME", "@ptr9", "@ptr10", "@ptr11", "SL:DATE_TIME]", "IN:CREATE_REMINDER]"], "predicted_tokens": ["[IN:CREATE_REMINDER", "[SL:PERSON_REMINDED", "@ptr2", "SL:PERSON_REMINDED]", "[SL:TODO", "@ptr4", "@ptr5", "@ptr6", "@ptr7", "SL:TODO]", "[SL:DATE_TIME", "@ptr9", "@ptr10", "SL:DATE_TIME]", "IN:CREATE_REMINDER]"]}
{"loss": 2.381241798400879, "class_log_probabilities": [-4.175907135009766, -4.715900897979736, -5.2241339683532715, -90.18791198730469], "predictions": [49, 36, 143, 36, 399, 400, 401, 402, 37, 34, 403, 35, 16, 405, 406, 407, 408, 17, 50, 4, 4, 4, 4, 4, 4, 4, 4, 4, 4, 4, 4, 4, 4, 4, 4, 4, 4, 4, 4, 4, 4, 4, 4, 4, 4, 4, 4, 4, 4, 4, 4, 4, 4, 4, 4, 4, 4, 4, 4, 4, 4, 4, 4, 4, 4, 4, 4, 4, 4, 4, 4, 4, 4, 4, 4, 4, 4, 4, 4, 4, 4, 4, 4, 4, 4, 4, 4, 4, 4, 4, 4, 4, 4, 4, 4, 4, 4, 4, 4, 4], "target_tokens": ["[IN:CREATE_REMINDER", "[SL:TODO", "@ptr5", "@ptr6", "@ptr7", "@ptr8", "@ptr9", "SL:TODO]", "[SL:DATE_TIME", "@ptr10", "@ptr11", "@ptr12", "@ptr13", "@ptr14", "SL:DATE_TIME]", "IN:CREATE_REMINDER]"], "predicted_tokens": ["[IN:CREATE_REMINDER", "[SL:TODO", "[IN:GET_TODO", "[SL:TODO", "@ptr4", "@ptr5", "@ptr6", "@ptr7", "SL:TODO]", "[SL:PERSON_REMINDED", "@ptr8", "SL:PERSON_REMINDED]", "[SL:DATE_TIME", "@ptr10", "@ptr11", "@ptr12", "@ptr13", "SL:DATE_TIME]", "IN:CREATE_REMINDER]"]}
{"loss": 1.499758005142212, "class_log_probabilities": [-0.4458855986595154, -3.002241611480713, -4.5964179039001465, -5.541545867919922], "predictions": [47, 16, 400, 17, 48, 4, 4], "target_tokens": ["[IN:GET_REMINDER", "[SL:DATE_TIME", "@ptr4", "@ptr5", "SL:DATE_TIME]", "IN:GET_REMINDER]"], "predicted_tokens": ["[IN:GET_REMINDER", "[SL:DATE_TIME", "@ptr5", "SL:DATE_TIME]", "IN:GET_REMINDER]"]}
{"loss": 2.5909481048583984, "class_log_probabilities": [-4.967927932739258, -5.672924995422363, -6.380063533782959, -71.49341583251953], "predictions": [49, 34, 397, 35, 36, 398, 399, 400, 401, 402, 403, 404, 37, 16, 408, 409, 17, 50, 4, 4, 4, 4, 4, 4, 4, 4, 4, 4, 4, 4, 4, 4, 4, 4, 4, 4, 4, 4, 4, 4, 4, 4, 4, 4, 4, 4, 4, 4, 4, 4, 4, 4, 4, 4, 4, 4, 4, 4, 4, 4, 4, 4, 4, 4, 4, 4, 4, 4, 4, 4, 4, 4, 4, 4, 4, 4, 4, 4, 4, 4, 4, 4, 4, 4, 4, 4, 4, 4, 4, 4, 4, 4, 4, 4, 4, 4, 4, 4, 4, 4], "target_tokens": ["[IN:CREATE_REMINDER", "[SL:PERSON_REMINDED", "@ptr2", "SL:PERSON_REMINDED]", "[SL:TODO", "[IN:REPLY_MESSAGE", "[SL:RECIPIENT", "@ptr11", "SL:RECIPIENT]", "[SL:METHOD_MESSAGE", "@ptr7", "@ptr8", "@ptr9", "SL:METHOD_MESSAGE]", "IN:REPLY_MESSAGE]", "SL:TODO]", "[SL:DATE_TIME", "@ptr12", "@ptr13", "@ptr14", "SL:DATE_TIME]", "IN:CREATE_REMINDER]"], "predicted_tokens": ["[IN:CREATE_REMINDER", "[SL:PERSON_REMINDED", "@ptr2", "SL:PERSON_REMINDED]", "[SL:TODO", "@ptr3", "@ptr4", "@ptr5", "@ptr6", "@ptr7", "@ptr8", "@ptr9", "SL:TODO]", "[SL:DATE_TIME", "@ptr13", "@ptr14", "SL:DATE_TIME]", "IN:CREATE_REMINDER]"]}
{"loss": 0.9956811666488647, "class_log_probabilities": [-0.724102258682251, -4.3672566413879395, -4.8763108253479, -5.262964725494385], "predictions": [49, 34, 397, 35, 36, 399, 400, 401, 37, 16, 402, 403, 17, 50, 4, 4], "target_tokens": ["[IN:CREATE_REMINDER", "[SL:PERSON_REMINDED", "@ptr2", "SL:PERSON_REMINDED]", "[SL:TODO", "@ptr4", "@ptr5", "@ptr6", "SL:TODO]", "[SL:DATE_TIME", "@ptr7", "@ptr8", "SL:DATE_TIME]", "IN:CREATE_REMINDER]"], "predicted_tokens": ["[IN:CREATE_REMINDER", "[SL:PERSON_REMINDED", "@ptr2", "SL:PERSON_REMINDED]", "[SL:TODO", "@ptr4", "@ptr5", "@ptr6", "SL:TODO]", "[SL:DATE_TIME", "@ptr7", "@ptr8", "SL:DATE_TIME]", "IN:CREATE_REMINDER]"]}
{"loss": 1.6375848054885864, "class_log_probabilities": [-3.202591896057129, -3.674345016479492, -3.820950984954834, -4.29930305480957], "predictions": [33, 36, 400, 401, 402, 403, 37, 16, 405, 406, 407, 17, 38, 4, 4, 4], "target_tokens": ["[IN:DELETE_REMINDER", "[SL:PERSON_REMINDED", "@ptr5", "SL:PERSON_REMINDED]", "[SL:TODO", "@ptr6", "@ptr7", "@ptr8", "SL:TODO]", "[SL:DATE_TIME", "@ptr9", "@ptr10", "@ptr11", "@ptr12", "@ptr13", "@ptr14", "SL:DATE_TIME]", "IN:DELETE_REMINDER]"], "predicted_tokens": ["[IN:DELETE_REMINDER", "[SL:TODO", "@ptr5", "@ptr6", "@ptr7", "@ptr8", "SL:TODO]", "[SL:DATE_TIME", "@ptr10", "@ptr11", "@ptr12", "SL:DATE_TIME]", "IN:DELETE_REMINDER]"]}
{"loss": 1.2258424758911133, "class_log_probabilities": [-3.37637996673584, -4.167201995849609, -4.29237699508667, -4.506443977355957], "predictions": [49, 36, 143, 36, 399, 400, 37, 34, 402, 35, 16, 403, 404, 405, 406, 407, 17, 50, 4, 4, 4], "target_tokens": ["[IN:CREATE_REMINDER", "[SL:TODO", "[IN:GET_TODO", "[SL:TODO", "@ptr4", "@ptr5", "SL:TODO]", "[SL:ATTENDEE", "@ptr7", "SL:ATTENDEE]", "IN:GET_TODO]", "SL:TODO]", "[SL:DATE_TIME", "@ptr8", "@ptr9", "@ptr10", "@ptr11", "@ptr12", "SL:DATE_TIME]", "IN:CREATE_REMINDER]"], "predicted_tokens": ["[IN:CREATE_REMINDER", "[SL:TODO", "[IN:GET_TODO", "[SL:TODO", "@ptr4", "@ptr5", "SL:TODO]", "[SL:PERSON_REMINDED", "@ptr7", "SL:PERSON_REMINDED]", "[SL:DATE_TIME", "@ptr8", "@ptr9", "@ptr10", "@ptr11", "@ptr12", "SL:DATE_TIME]", "IN:CREATE_REMINDER]"]}
{"loss": 1.6116516590118408, "class_log_probabilities": [-0.6357030868530273, -5.198909282684326, -5.225553512573242, -5.688670635223389], "predictions": [49, 34, 397, 35, 36, 399, 400, 401, 402, 37, 16, 403, 17, 50, 4, 4], "target_tokens": ["[IN:CREATE_REMINDER", "[SL:PERSON_REMINDED", "@ptr2", "SL:PERSON_REMINDED]", "[SL:TODO", "@ptr3", "@ptr4", "@ptr5", "@ptr6", "@ptr7", "SL:TODO]", "[SL:DATE_TIME", "@ptr8", "SL:DATE_TIME]", "IN:CREATE_REMINDER]"], "predicted_tokens": ["[IN:CREATE_REMINDER", "[SL:PERSON_REMINDED", "@ptr2", "SL:PERSON_REMINDED]", "[SL:TODO", "@ptr4", "@ptr5", "@ptr6", "@ptr7", "SL:TODO]", "[SL:DATE_TIME", "@ptr8", "SL:DATE_TIME]", "IN:CREATE_REMINDER]"]}
{"loss": 2.2710814476013184, "class_log_probabilities": [-1.7197678089141846, -2.712536334991455, -3.140157699584961, -4.57357120513916], "predictions": [47, 16, 400, 401, 402, 403, 404, 17, 48, 4], "target_tokens": ["[IN:GET_REMINDER", "[SL:DATE_TIME", "@ptr4", "@ptr5", "@ptr6", "@ptr7", "@ptr8", "@ptr9", "SL:DATE_TIME]", "IN:GET_REMINDER]"], "predicted_tokens": ["[IN:GET_REMINDER", "[SL:DATE_TIME", "@ptr5", "@ptr6", "@ptr7", "@ptr8", "@ptr9", "SL:DATE_TIME]", "IN:GET_REMINDER]"]}
{"loss": 1.0002950429916382, "class_log_probabilities": [-0.7858132719993591, -3.0906803607940674, -5.201244354248047, -5.9907145500183105], "predictions": [49, 34, 397, 35, 36, 399, 400, 401, 402, 403, 404, 405, 37, 50, 4, 4], "target_tokens": ["[IN:CREATE_REMINDER", "[SL:PERSON_REMINDED", "@ptr2", "SL:PERSON_REMINDED]", "[SL:TODO", "@ptr4", "@ptr5", "@ptr6", "@ptr7", "@ptr8", "@ptr9", "@ptr10", "SL:TODO]", "IN:CREATE_REMINDER]"], "predicted_tokens": ["[IN:CREATE_REMINDER", "[SL:PERSON_REMINDED", "@ptr2", "SL:PERSON_REMINDED]", "[SL:TODO", "@ptr4", "@ptr5", "@ptr6", "@ptr7", "@ptr8", "@ptr9", "@ptr10", "SL:TODO]", "IN:CREATE_REMINDER]"]}
{"loss": 1.094010591506958, "class_log_probabilities": [-2.3379719257354736, -2.573452949523926, -2.7658817768096924, -3.0172994136810303], "predictions": [49, 34, 398, 35, 36, 401, 402, 403, 404, 37, 16, 407, 17, 50, 4, 4], "target_tokens": ["[IN:CREATE_REMINDER", "[SL:PERSON_REMINDED", "@ptr3", "SL:PERSON_REMINDED]", "[SL:TODO", "@ptr6", "@ptr7", "@ptr8", "@ptr9", "SL:TODO]", "[SL:DATE_TIME", "@ptr10", "SL:DATE_TIME]", "IN:CREATE_REMINDER]"], "predicted_tokens": ["[IN:CREATE_REMINDER", "[SL:PERSON_REMINDED", "@ptr3", "SL:PERSON_REMINDED]", "[SL:TODO", "@ptr6", "@ptr7", "@ptr8", "@ptr9", "SL:TODO]", "[SL:DATE_TIME", "@ptr12", "SL:DATE_TIME]", "IN:CREATE_REMINDER]"]}
{"loss": 1.2248573303222656, "class_log_probabilities": [-1.7100814580917358, -2.040433645248413, -2.266796112060547, -4.171115875244141], "predictions": [49, 34, 397, 35, 36, 399, 400, 401, 402, 37, 16, 404, 405, 406, 17, 50, 4, 4], "target_tokens": ["[IN:CREATE_REMINDER", "[SL:PERSON_REMINDED", "@ptr2", "SL:PERSON_REMINDED]", "[SL:TODO", "@ptr4", "@ptr5", "@ptr6", "@ptr7", "@ptr8", "SL:TODO]", "[SL:DATE_TIME", "@ptr9", "@ptr10", "@ptr11", "@ptr12", "SL:DATE_TIME]", "IN:CREATE_REMINDER]"], "predicted_tokens": ["[IN:CREATE_REMINDER", "[SL:PERSON_REMINDED", "@ptr2", "SL:PERSON_REMINDED]", "[SL:TODO", "@ptr4", "@ptr5", "@ptr6", "@ptr7", "SL:TODO]", "[SL:DATE_TIME", "@ptr9", "@ptr10", "@ptr11", "SL:DATE_TIME]", "IN:CREATE_REMINDER]"]}
{"loss": 1.4900602102279663, "class_log_probabilities": [-0.7387223243713379, -3.5610456466674805, -3.6076462268829346, -4.823729991912842], "predictions": [47, 34, 399, 35, 16, 402, 403, 404, 17, 48, 4, 4], "target_tokens": ["[IN:GET_REMINDER", "[SL:PERSON_REMINDED", "@ptr4", "SL:PERSON_REMINDED]", "[SL:DATE_TIME", "@ptr6", "@ptr7", "@ptr8", "@ptr9", "SL:DATE_TIME]", "IN:GET_REMINDER]"], "predicted_tokens": ["[IN:GET_REMINDER", "[SL:PERSON_REMINDED", "@ptr4", "SL:PERSON_REMINDED]", "[SL:DATE_TIME", "@ptr7", "@ptr8", "@ptr9", "SL:DATE_TIME]", "IN:GET_REMINDER]"]}
{"loss": 2.9617676734924316, "class_log_probabilities": [-6.279365062713623, -7.542802333831787, -8.032282829284668, -8.436659812927246], "predictions": [23, 10, 397, 11, 24, 399, 400, 11, 8, 401, 415, 25, 26, 4, 4, 4, 4], "target_tokens": ["[IN:CREATE_REMINDER", "[SL:PERSON_REMINDED", "@ptr2", "SL:PERSON_REMINDED]", "[SL:TODO", "[IN:SEND_MESSAGE", "[SL:METHOD_MESSAGE", "@ptr4", "@ptr5", "@ptr6", "@ptr7", "@ptr8", "SL:METHOD_MESSAGE]", "[SL:RECIPIENT", "@ptr11", "@ptr12", "@ptr13", "SL:RECIPIENT]", "[SL:CONTENT_EXACT", "@ptr17", "@ptr18", "@ptr19", "@ptr20", "@ptr21", "SL:CONTENT_EXACT]", "IN:SEND_MESSAGE]", "SL:TODO]", "[SL:DATE_TIME", "@ptr22", "@ptr23", "@ptr24", "@ptr25", "SL:DATE_TIME]", "IN:CREATE_REMINDER]"], "predicted_tokens": ["[IN:SEND_MESSAGE", "[SL:RECIPIENT", "@ptr2", "SL:RECIPIENT]", "[SL:CONTENT_EXACT", "@ptr4", "@ptr5", "SL:RECIPIENT]", "[SL:TYPE_CONTENT", "@ptr6", "@ptr20", "SL:CONTENT_EXACT]", "IN:SEND_MESSAGE]"]}
{"loss": 1.7961668968200684, "class_log_probabilities": [-1.0075486898422241, -3.030576229095459, -5.232302188873291, -5.268309593200684], "predictions": [33, 36, 399, 400, 401, 402, 37, 38, 4, 4, 4], "target_tokens": ["[IN:DELETE_REMINDER", "[SL:PERSON_REMINDED", "@ptr4", "SL:PERSON_REMINDED]", "[SL:TODO", "@ptr5", "@ptr6", "@ptr7", "SL:TODO]", "IN:DELETE_REMINDER]"], "predicted_tokens": ["[IN:DELETE_REMINDER", "[SL:TODO", "@ptr4", "@ptr5", "@ptr6", "@ptr7", "SL:TODO]", "IN:DELETE_REMINDER]"]}
{"loss": 1.3723688125610352, "class_log_probabilities": [-1.2555112838745117, -3.140239953994751, -3.5539424419403076, -3.694277048110962], "predictions": [33, 34, 399, 35, 38, 4, 4, 4, 4], "target_tokens": ["[IN:DELETE_REMINDER", "[SL:TODO", "@ptr4", "SL:TODO]", "IN:DELETE_REMINDER]"], "predicted_tokens": ["[IN:DELETE_REMINDER", "[SL:PERSON_REMINDED", "@ptr4", "SL:PERSON_REMINDED]", "IN:DELETE_REMINDER]"]}
{"loss": 0.9920821189880371, "class_log_probabilities": [-0.13664713501930237, -7.848150730133057, -7.86400032043457, -7.941248416900635], "predictions": [215, 216, 4], "target_tokens": ["[IN:SWITCH_CALL", "IN:SWITCH_CALL]"], "predicted_tokens": ["[IN:SWITCH_CALL", "IN:SWITCH_CALL]"]}
{"loss": 1.022507667541504, "class_log_probabilities": [-0.8515478372573853, -1.5711307525634766, -6.94752836227417, -7.096245765686035], "predictions": [75, 6, 398, 7, 78, 4, 4, 4], "target_tokens": ["[IN:CREATE_CALL", "[SL:CONTACT", "@ptr3", "SL:CONTACT]", "IN:CREATE_CALL]"], "predicted_tokens": ["[IN:CREATE_CALL", "[SL:CONTACT", "@ptr3", "SL:CONTACT]", "IN:CREATE_CALL]"]}
{"loss": 1.5632234811782837, "class_log_probabilities": [-0.6249218583106995, -4.561818599700928, -6.208228588104248, -6.761168003082275], "predictions": [75, 6, 395, 7, 6, 400, 7, 78, 4], "target_tokens": ["[IN:CREATE_CALL", "[SL:CONTACT", "@ptr5", "SL:CONTACT]", "IN:CREATE_CALL]"], "predicted_tokens": ["[IN:CREATE_CALL", "[SL:CONTACT", "@ptr0", "SL:CONTACT]", "[SL:CONTACT", "@ptr5", "SL:CONTACT]", "IN:CREATE_CALL]"]}
{"loss": 0.9991626739501953, "class_log_probabilities": [-0.13068705797195435, -7.693994522094727, -7.873745918273926, -7.959255695343018], "predictions": [95, 96, 4], "target_tokens": ["[IN:IGNORE_CALL", "IN:IGNORE_CALL]"], "predicted_tokens": ["[IN:IGNORE_CALL", "IN:IGNORE_CALL]"]}
{"loss": 2.332745313644409, "class_log_probabilities": [-1.3132990598678589, -3.249569892883301, -3.4746272563934326, -5.504054546356201], "predictions": [61, 83, 398, 84, 14, 401, 15, 16, 404, 17, 62, 4, 4, 4], "target_tokens": ["[IN:GET_EVENT", "[SL:CATEGORY_EVENT", "@ptr3", "SL:CATEGORY_EVENT]", "[SL:LOCATION", "@ptr6", "@ptr7", "SL:LOCATION]", "[SL:DATE_TIME", "@ptr8", "SL:DATE_TIME]", "IN:GET_EVENT]"], "predicted_tokens": ["[IN:GET_EVENT", "[SL:CATEGORY_EVENT", "@ptr3", "SL:CATEGORY_EVENT]", "[SL:LOCATION", "@ptr6", "SL:LOCATION]", "[SL:DATE_TIME", "@ptr9", "SL:DATE_TIME]", "IN:GET_EVENT]"]}
{"loss": 1.4003562927246094, "class_log_probabilities": [-3.363407611846924, -3.605624198913574, -4.42495584487915, -5.08991003036499], "predictions": [61, 83, 397, 84, 16, 403, 17, 62, 4, 4, 4, 4, 4, 4, 4], "target_tokens": ["[IN:GET_EVENT", "[SL:CATEGORY_EVENT", "@ptr2", "SL:CATEGORY_EVENT]", "[SL:LOCATION", "@ptr6", "SL:LOCATION]", "[SL:DATE_TIME", "@ptr7", "SL:DATE_TIME]", "IN:GET_EVENT]"], "predicted_tokens": ["[IN:GET_EVENT", "[SL:CATEGORY_EVENT", "@ptr2", "SL:CATEGORY_EVENT]", "[SL:DATE_TIME", "@ptr8", "SL:DATE_TIME]", "IN:GET_EVENT]"]}
{"loss": 1.6115325689315796, "class_log_probabilities": [-0.9112992882728577, -4.467229843139648, -4.988181114196777, -9.592308044433594], "predictions": [61, 83, 401, 402, 84, 16, 403, 404, 17, 62, 4, 4, 4, 4, 4, 4, 4, 4, 4], "target_tokens": ["[IN:GET_EVENT", "[SL:CATEGORY_EVENT", "@ptr7", "SL:CATEGORY_EVENT]", "[SL:DATE_TIME", "@ptr8", "@ptr9", "SL:DATE_TIME]", "IN:GET_EVENT]"], "predicted_tokens": ["[IN:GET_EVENT", "[SL:CATEGORY_EVENT", "@ptr6", "@ptr7", "SL:CATEGORY_EVENT]", "[SL:DATE_TIME", "@ptr8", "@ptr9", "SL:DATE_TIME]", "IN:GET_EVENT]"]}
{"loss": 0.979036808013916, "class_log_probabilities": [-0.3264223039150238, -4.125945091247559, -5.784170627593994, -6.957337379455566], "predictions": [61, 14, 403, 15, 62, 4, 4], "target_tokens": ["[IN:GET_EVENT", "[SL:LOCATION", "@ptr8", "SL:LOCATION]", "IN:GET_EVENT]"], "predicted_tokens": ["[IN:GET_EVENT", "[SL:LOCATION", "@ptr8", "SL:LOCATION]", "IN:GET_EVENT]"]}
{"loss": 1.6676745414733887, "class_log_probabilities": [-4.934276580810547, -5.008625030517578, -5.2957658767700195, -6.460684776306152], "predictions": [13, 14, 406, 15, 16, 407, 17, 18, 4, 4, 4], "target_tokens": ["[IN:GET_EVENT", "[SL:LOCATION", "@ptr11", "SL:LOCATION]", "[SL:DATE_TIME", "@ptr12", "SL:DATE_TIME]", "IN:GET_EVENT]"], "predicted_tokens": ["[IN:GET_WEATHER", "[SL:LOCATION", "@ptr11", "SL:LOCATION]", "[SL:DATE_TIME", "@ptr12", "SL:DATE_TIME]", "IN:GET_WEATHER]"]}
{"loss": 2.961674451828003, "class_log_probabilities": [-2.171375036239624, -2.4067251682281494, -3.402710199356079, -3.6390278339385986], "predictions": [61, 14, 402, 403, 404, 15, 16, 408, 17, 62, 4, 4, 4], "target_tokens": ["[IN:GET_EVENT", "[SL:LOCATION", "@ptr6", "@ptr7", "@ptr8", "SL:LOCATION]", "[SL:DATE_TIME", "@ptr10", "@ptr11", "SL:DATE_TIME]", "IN:GET_EVENT]"], "predicted_tokens": ["[IN:GET_EVENT", "[SL:LOCATION", "@ptr7", "@ptr8", "@ptr9", "SL:LOCATION]", "[SL:DATE_TIME", "@ptr13", "SL:DATE_TIME]", "IN:GET_EVENT]"]}
{"loss": 1.1963856220245361, "class_log_probabilities": [-1.102898120880127, -2.243237257003784, -3.2368133068084717, -3.52032732963562], "predictions": [61, 14, 403, 15, 16, 404, 405, 407, 17, 62, 4, 4], "target_tokens": ["[IN:GET_EVENT", "[SL:LOCATION", "@ptr8", "SL:LOCATION]", "[SL:DATE_TIME", "@ptr9", "@ptr10", "@ptr11", "@ptr12", "SL:DATE_TIME]", "IN:GET_EVENT]"], "predicted_tokens": ["[IN:GET_EVENT", "[SL:LOCATION", "@ptr8", "SL:LOCATION]", "[SL:DATE_TIME", "@ptr9", "@ptr10", "@ptr12", "SL:DATE_TIME]", "IN:GET_EVENT]"]}
{"loss": 0.958131730556488, "class_log_probabilities": [-0.5072018504142761, -6.271417140960693, -7.238217830657959, -7.438313961029053], "predictions": [61, 16, 402, 403, 17, 62, 4, 4], "target_tokens": ["[IN:GET_EVENT", "[SL:DATE_TIME", "@ptr7", "@ptr8", "SL:DATE_TIME]", "IN:GET_EVENT]"], "predicted_tokens": ["[IN:GET_EVENT", "[SL:DATE_TIME", "@ptr7", "@ptr8", "SL:DATE_TIME]", "IN:GET_EVENT]"]}
{"loss": 1.4804798364639282, "class_log_probabilities": [-3.11948823928833, -3.909602642059326, -4.196707248687744, -4.338507175445557], "predictions": [61, 83, 397, 84, 83, 398, 84, 16, 401, 17, 14, 403, 15, 62, 4], "target_tokens": ["[IN:GET_EVENT", "[SL:CATEGORY_EVENT", "@ptr2", "SL:CATEGORY_EVENT]", "[SL:DATE_TIME", "@ptr5", "SL:DATE_TIME]", "[SL:LOCATION", "@ptr7", "SL:LOCATION]", "IN:GET_EVENT]"], "predicted_tokens": ["[IN:GET_EVENT", "[SL:CATEGORY_EVENT", "@ptr2", "SL:CATEGORY_EVENT]", "[SL:CATEGORY_EVENT", "@ptr3", "SL:CATEGORY_EVENT]", "[SL:DATE_TIME", "@ptr6", "SL:DATE_TIME]", "[SL:LOCATION", "@ptr8", "SL:LOCATION]", "IN:GET_EVENT]"]}
{"loss": 1.7682644128799438, "class_log_probabilities": [-2.232968807220459, -2.468909978866577, -2.9523167610168457, -3.5112147331237793], "predictions": [61, 14, 404, 15, 16, 406, 407, 17, 62, 4], "target_tokens": ["[IN:GET_EVENT", "[SL:LOCATION", "@ptr9", "SL:LOCATION]", "[SL:DATE_TIME", "@ptr10", "@ptr11", "@ptr12", "@ptr13", "SL:DATE_TIME]", "IN:GET_EVENT]"], "predicted_tokens": ["[IN:GET_EVENT", "[SL:LOCATION", "@ptr9", "SL:LOCATION]", "[SL:DATE_TIME", "@ptr11", "@ptr12", "SL:DATE_TIME]", "IN:GET_EVENT]"]}
{"loss": 1.3730634450912476, "class_log_probabilities": [-2.5421254634857178, -3.3271543979644775, -3.671778917312622, -4.663188457489014], "predictions": [61, 16, 403, 404, 405, 17, 62, 4, 4, 4, 4, 4, 4, 4, 4], "target_tokens": ["[IN:GET_EVENT", "[SL:DATE_TIME", "@ptr8", "@ptr9", "@ptr10", "@ptr11", "SL:DATE_TIME]", "IN:GET_EVENT]"], "predicted_tokens": ["[IN:GET_EVENT", "[SL:DATE_TIME", "@ptr8", "@ptr9", "@ptr10", "SL:DATE_TIME]", "IN:GET_EVENT]"]}
{"loss": 0.9623783230781555, "class_log_probabilities": [-0.34313511848449707, -7.585318565368652, -7.625368595123291, -7.868526458740234], "predictions": [61, 16, 400, 17, 62, 4], "target_tokens": ["[IN:GET_EVENT", "[SL:DATE_TIME", "@ptr5", "SL:DATE_TIME]", "IN:GET_EVENT]"], "predicted_tokens": ["[IN:GET_EVENT", "[SL:DATE_TIME", "@ptr5", "SL:DATE_TIME]", "IN:GET_EVENT]"]}
{"loss": 2.085113048553467, "class_log_probabilities": [-1.8152822256088257, -4.260986804962158, -4.3281121253967285, -4.610332489013672], "predictions": [61, 16, 405, 17, 62, 4, 4, 4, 4], "target_tokens": ["[IN:GET_EVENT", "[SL:ATTRIBUTE_EVENT", "@ptr9", "SL:ATTRIBUTE_EVENT]", "[SL:DATE_TIME", "@ptr10", "@ptr11", "SL:DATE_TIME]", "IN:GET_EVENT]"], "predicted_tokens": ["[IN:GET_EVENT", "[SL:DATE_TIME", "@ptr10", "SL:DATE_TIME]", "IN:GET_EVENT]"]}
{"loss": 0.9825083613395691, "class_log_probabilities": [-0.4695300757884979, -2.4924585819244385, -8.048038482666016, -8.208662986755371], "predictions": [61, 16, 404, 17, 62, 4, 4], "target_tokens": ["[IN:GET_EVENT", "[SL:DATE_TIME", "@ptr9", "SL:DATE_TIME]", "IN:GET_EVENT]"], "predicted_tokens": ["[IN:GET_EVENT", "[SL:DATE_TIME", "@ptr9", "SL:DATE_TIME]", "IN:GET_EVENT]"]}
{"loss": 2.5219056606292725, "class_log_probabilities": [-0.771617591381073, -3.7552614212036133, -3.767493486404419, -7.396320819854736], "predictions": [70, 71, 396, 397, 72, 6, 399, 7, 73, 4], "target_tokens": ["[IN:GET_CONTACT", "[SL:CONTACT", "@ptr4", "SL:CONTACT]", "[SL:TYPE_RELATION", "@ptr2", "SL:TYPE_RELATION]", "IN:GET_CONTACT]"], "predicted_tokens": ["[IN:GET_CONTACT", "[SL:TYPE_RELATION", "@ptr1", "@ptr2", "SL:TYPE_RELATION]", "[SL:CONTACT", "@ptr4", "SL:CONTACT]", "IN:GET_CONTACT]"]}
{"loss": 1.3596272468566895, "class_log_probabilities": [-1.6830215454101562, -2.726055860519409, -4.29114294052124, -6.610523700714111], "predictions": [105, 6, 402, 7, 106, 4, 4, 4, 4, 4, 4, 4], "target_tokens": ["[IN:GET_CONTACT_METHOD", "[SL:CONTACT", "@ptr7", "SL:CONTACT]", "[SL:CONTACT_METHOD", "@ptr3", "@ptr4", "@ptr5", "SL:CONTACT_METHOD]", "IN:GET_CONTACT_METHOD]"], "predicted_tokens": ["[IN:GET_INFO_CONTACT", "[SL:CONTACT", "@ptr7", "SL:CONTACT]", "IN:GET_INFO_CONTACT]"]}
{"loss": 1.3878711462020874, "class_log_probabilities": [-4.943327903747559, -5.645503997802734, -6.218260288238525, -7.022904396057129], "predictions": [317, 318, 401, 402, 403, 319, 6, 405, 7, 320, 4, 4, 4, 4], "target_tokens": ["[IN:GET_CONTACT_METHOD", "[SL:CONTACT", "@ptr10", "SL:CONTACT]", "[SL:CONTACT_METHOD", "@ptr7", "@ptr8", "SL:CONTACT_METHOD]", "IN:GET_CONTACT_METHOD]"], "predicted_tokens": ["[IN:GET_CONTACT_METHOD", "[SL:CONTACT_METHOD", "@ptr6", "@ptr7", "@ptr8", "SL:CONTACT_METHOD]", "[SL:CONTACT", "@ptr10", "SL:CONTACT]", "IN:GET_CONTACT_METHOD]"]}
{"loss": 3.2340102195739746, "class_log_probabilities": [-1.854034185409546, -3.072514772415161, -3.3235721588134766, -3.443143606185913], "predictions": [63, 64, 397, 65, 223, 399, 400, 224, 68, 4], "target_tokens": ["[IN:PLAY_MUSIC", "[SL:MUSIC_RADIO_ID", "@ptr5", "SL:MUSIC_RADIO_ID]", "[SL:MUSIC_TYPE", "@ptr2", "@ptr3", "@ptr4", "SL:MUSIC_TYPE]", "IN:PLAY_MUSIC]"], "predicted_tokens": ["[IN:PLAY_MUSIC", "[SL:MUSIC_TYPE", "@ptr2", "SL:MUSIC_TYPE]", "[SL:MUSIC_RADIO_ID", "@ptr4", "@ptr5", "SL:MUSIC_RADIO_ID]", "IN:PLAY_MUSIC]"]}
{"loss": 1.2932084798812866, "class_log_probabilities": [-3.496232271194458, -3.769197702407837, -3.7870922088623047, -5.4208574295043945], "predictions": [373, 6, 398, 7, 374, 4, 4], "target_tokens": ["[IN:GET_LANGUAGE", "[SL:CONTACT", "@ptr3", "@ptr4", "SL:CONTACT]", "IN:GET_LANGUAGE]"], "predicted_tokens": ["[IN:GET_LANGUAGE", "[SL:CONTACT", "@ptr3", "SL:CONTACT]", "IN:GET_LANGUAGE]"]}
{"loss": 1.033170223236084, "class_log_probabilities": [-0.9567251205444336, -3.3810317516326904, -4.176342487335205, -4.204698085784912], "predictions": [349, 6, 396, 7, 98, 400, 99, 350, 4], "target_tokens": ["[IN:GET_LIFE_EVENT_TIME", "[SL:CONTACT", "@ptr1", "SL:CONTACT]", "[SL:LIFE_EVENT", "@ptr5", "SL:LIFE_EVENT]", "IN:GET_LIFE_EVENT_TIME]"], "predicted_tokens": ["[IN:GET_LIFE_EVENT_TIME", "[SL:CONTACT", "@ptr1", "SL:CONTACT]", "[SL:LIFE_EVENT", "@ptr5", "SL:LIFE_EVENT]", "IN:GET_LIFE_EVENT_TIME]"]}
{"loss": 3.000617265701294, "class_log_probabilities": [-2.9751381874084473, -3.591574192047119, -4.988306045532227, -23.090347290039062], "predictions": [211, 93, 401, 94, 93, 401, 94, 6, 403, 7, 212, 4, 4, 4, 4, 4, 4, 4, 4, 4, 4, 4, 4, 4, 4, 4, 4, 4, 4, 4, 4, 4, 4, 4, 4, 4, 4, 4, 4, 4, 4, 4, 4, 4, 4, 4, 4, 4, 4, 4, 4, 4, 4, 4, 4, 4, 4, 4, 4, 4, 4, 4, 4, 4, 4, 4, 4, 4, 4, 4, 4, 4, 4, 4, 4, 4, 4, 4, 4, 4, 4, 4, 4, 4, 4, 4, 4, 4, 4, 4, 4, 4, 4, 4, 4, 4, 4, 4, 4, 4], "target_tokens": ["[IN:GET_INFO_CONTACT", "[SL:CONTACT", "@ptr8", "SL:CONTACT]", "IN:GET_INFO_CONTACT]"], "predicted_tokens": ["[IN:GET_LOCATION", "[SL:CONTACT_RELATED", "@ptr6", "SL:CONTACT_RELATED]", "[SL:CONTACT_RELATED", "@ptr6", "SL:CONTACT_RELATED]", "[SL:CONTACT", "@ptr8", "SL:CONTACT]", "IN:GET_LOCATION]"]}
{"loss": 0.9673355221748352, "class_log_probabilities": [-0.3393723666667938, -7.467462539672852, -7.802778720855713, -7.951174259185791], "predictions": [105, 6, 397, 7, 106, 4], "target_tokens": ["[IN:GET_INFO_CONTACT", "[SL:CONTACT", "@ptr2", "SL:CONTACT]", "IN:GET_INFO_CONTACT]"], "predicted_tokens": ["[IN:GET_INFO_CONTACT", "[SL:CONTACT", "@ptr2", "SL:CONTACT]", "IN:GET_INFO_CONTACT]"]}
{"loss": 1.0232839584350586, "class_log_probabilities": [-0.9194459319114685, -1.682313323020935, -6.273385047912598, -6.879624366760254], "predictions": [211, 6, 398, 7, 212, 4, 4], "target_tokens": ["[IN:GET_LOCATION", "[SL:CONTACT", "@ptr3", "SL:CONTACT]", "IN:GET_LOCATION]"], "predicted_tokens": ["[IN:GET_LOCATION", "[SL:CONTACT", "@ptr3", "SL:CONTACT]", "IN:GET_LOCATION]"]}
{"loss": 0.9844024181365967, "class_log_probabilities": [-0.4538511633872986, -5.839589595794678, -6.427335262298584, -6.606720924377441], "predictions": [137, 6, 399, 7, 138, 403, 139, 140, 4], "target_tokens": ["[IN:GET_EMPLOYER", "[SL:CONTACT", "@ptr4", "SL:CONTACT]", "[SL:EMPLOYER", "@ptr8", "SL:EMPLOYER]", "IN:GET_EMPLOYER]"], "predicted_tokens": ["[IN:GET_EMPLOYER", "[SL:CONTACT", "@ptr4", "SL:CONTACT]", "[SL:EMPLOYER", "@ptr8", "SL:EMPLOYER]", "IN:GET_EMPLOYER]"]}
{"loss": 0.9654684066772461, "class_log_probabilities": [-0.36466073989868164, -7.231451034545898, -7.462809085845947, -7.818567752838135], "predictions": [137, 6, 398, 7, 140, 4, 4, 4], "target_tokens": ["[IN:GET_EMPLOYER", "[SL:CONTACT", "@ptr3", "SL:CONTACT]", "IN:GET_EMPLOYER]"], "predicted_tokens": ["[IN:GET_EMPLOYER", "[SL:CONTACT", "@ptr3", "SL:CONTACT]", "IN:GET_EMPLOYER]"]}
{"loss": 1.7575808763504028, "class_log_probabilities": [-2.0407838821411133, -2.7092294692993164, -4.681679725646973, -47.631526947021484], "predictions": [147, 6, 397, 7, 257, 397, 258, 150, 4, 4, 4, 4, 4, 4, 4, 4, 4, 4, 4, 4, 4, 4, 4, 4, 4, 4, 4, 4, 4, 4, 4, 4, 4, 4, 4, 4, 4, 4, 4, 4, 4, 4, 4, 4, 4, 4, 4, 4, 4, 4, 4, 4, 4, 4, 4, 4, 4, 4, 4, 4, 4, 4, 4, 4, 4, 4, 4, 4, 4, 4, 4, 4, 4, 4, 4, 4, 4, 4, 4, 4, 4, 4, 4, 4, 4, 4, 4, 4, 4, 4, 4, 4, 4, 4, 4, 4, 4, 4, 4, 4], "target_tokens": ["[IN:GET_EDUCATION_TIME", "[SL:CONTACT", "@ptr2", "SL:CONTACT]", "[SL:SCHOOL", "@ptr9", "@ptr10", "@ptr11", "SL:SCHOOL]", "IN:GET_EDUCATION_TIME]"], "predicted_tokens": ["[IN:GET_EDUCATION_TIME", "[SL:CONTACT", "@ptr2", "SL:CONTACT]", "[SL:SCHOOL", "@ptr2", "SL:SCHOOL]", "IN:GET_EDUCATION_TIME]"]}
{"loss": 2.441006660461426, "class_log_probabilities": [-4.6601057052612305, -5.772269248962402, -6.905824184417725, -11.842266082763672], "predictions": [147, 6, 399, 7, 14, 406, 406, 15, 150, 4, 4, 4, 4, 4, 4, 4], "target_tokens": ["[IN:GET_EDUCATION_TIME", "[SL:CONTACT", "@ptr3", "SL:CONTACT]", "[SL:SCHOOL", "@ptr10", "SL:SCHOOL]", "IN:GET_EDUCATION_TIME]"], "predicted_tokens": ["[IN:GET_EDUCATION_TIME", "[SL:CONTACT", "@ptr4", "SL:CONTACT]", "[SL:LOCATION", "@ptr11", "@ptr11", "SL:LOCATION]", "IN:GET_EDUCATION_TIME]"]}
{"loss": 0.9804744124412537, "class_log_probabilities": [-0.37404197454452515, -6.1702680587768555, -6.479969024658203, -6.749630451202393], "predictions": [125, 6, 398, 7, 126, 4], "target_tokens": ["[IN:GET_AGE", "[SL:CONTACT", "@ptr3", "SL:CONTACT]", "IN:GET_AGE]"], "predicted_tokens": ["[IN:GET_AGE", "[SL:CONTACT", "@ptr3", "SL:CONTACT]", "IN:GET_AGE]"]}
{"loss": 3.2076141834259033, "class_log_probabilities": [-0.5881600975990295, -4.548156261444092, -5.51253080368042, -5.627457618713379], "predictions": [211, 6, 397, 7, 14, 399, 400, 401, 15, 212, 4, 4], "target_tokens": ["[IN:GET_LOCATION", "[SL:LOCATION", "@ptr5", "@ptr6", "SL:LOCATION]", "[SL:CONTACT", "@ptr2", "SL:CONTACT]", "IN:GET_LOCATION]"], "predicted_tokens": ["[IN:GET_LOCATION", "[SL:CONTACT", "@ptr2", "SL:CONTACT]", "[SL:LOCATION", "@ptr4", "@ptr5", "@ptr6", "SL:LOCATION]", "IN:GET_LOCATION]"]}
{"loss": 0.9755468368530273, "class_log_probabilities": [-0.5230175852775574, -4.567477703094482, -5.727529525756836, -5.801879405975342], "predictions": [211, 6, 402, 7, 212, 4, 4, 4, 4], "target_tokens": ["[IN:GET_LOCATION", "[SL:CONTACT", "@ptr7", "SL:CONTACT]", "IN:GET_LOCATION]"], "predicted_tokens": ["[IN:GET_LOCATION", "[SL:CONTACT", "@ptr7", "SL:CONTACT]", "IN:GET_LOCATION]"]}
{"loss": 0.9653462767601013, "class_log_probabilities": [-0.371896356344223, -7.048421382904053, -7.052990913391113, -8.660061836242676], "predictions": [211, 6, 401, 7, 212, 4, 4, 4], "target_tokens": ["[IN:GET_LOCATION", "[SL:CONTACT", "@ptr6", "SL:CONTACT]", "IN:GET_LOCATION]"], "predicted_tokens": ["[IN:GET_LOCATION", "[SL:CONTACT", "@ptr6", "SL:CONTACT]", "IN:GET_LOCATION]"]}
{"loss": 0.973188579082489, "class_log_probabilities": [-0.4118671119213104, -4.253994464874268, -5.8339056968688965, -5.914767265319824], "predictions": [211, 6, 401, 7, 212, 4], "target_tokens": ["[IN:GET_LOCATION", "[SL:CONTACT", "@ptr6", "SL:CONTACT]", "IN:GET_LOCATION]"], "predicted_tokens": ["[IN:GET_LOCATION", "[SL:CONTACT", "@ptr6", "SL:CONTACT]", "IN:GET_LOCATION]"]}
{"loss": 1.00859797000885, "class_log_probabilities": [-0.7503185868263245, -3.6149027347564697, -4.984474182128906, -5.761510848999023], "predictions": [211, 6, 402, 7, 212, 4, 4, 4], "target_tokens": ["[IN:GET_LOCATION", "[SL:CONTACT", "@ptr7", "SL:CONTACT]", "IN:GET_LOCATION]"], "predicted_tokens": ["[IN:GET_LOCATION", "[SL:CONTACT", "@ptr7", "SL:CONTACT]", "IN:GET_LOCATION]"]}
{"loss": 2.2168054580688477, "class_log_probabilities": [-0.4516821503639221, -4.21424674987793, -5.2133097648620605, -5.979856491088867], "predictions": [137, 6, 400, 7, 138, 403, 139, 140, 4], "target_tokens": ["[IN:GET_EMPLOYER", "[SL:CONTACT", "@ptr5", "SL:CONTACT]", "[SL:LOCATION", "@ptr8", "SL:LOCATION]", "IN:GET_EMPLOYER]"], "predicted_tokens": ["[IN:GET_EMPLOYER", "[SL:CONTACT", "@ptr5", "SL:CONTACT]", "[SL:EMPLOYER", "@ptr8", "SL:EMPLOYER]", "IN:GET_EMPLOYER]"]}
{"loss": 1.0595098733901978, "class_log_probabilities": [-1.2919542789459229, -1.5428434610366821, -5.48261833190918, -5.686740398406982], "predictions": [70, 14, 405, 15, 73, 4, 4, 4, 4], "target_tokens": ["[IN:GET_CONTACT", "[SL:LOCATION", "@ptr10", "SL:LOCATION]", "IN:GET_CONTACT]"], "predicted_tokens": ["[IN:GET_CONTACT", "[SL:LOCATION", "@ptr10", "SL:LOCATION]", "IN:GET_CONTACT]"]}
{"loss": 0.968505859375, "class_log_probabilities": [-0.39110830426216125, -6.729244709014893, -7.308494567871094, -7.380812168121338], "predictions": [70, 138, 401, 139, 73, 4, 4, 4], "target_tokens": ["[IN:GET_CONTACT", "[SL:EMPLOYER", "@ptr6", "SL:EMPLOYER]", "IN:GET_CONTACT]"], "predicted_tokens": ["[IN:GET_CONTACT", "[SL:EMPLOYER", "@ptr6", "SL:EMPLOYER]", "IN:GET_CONTACT]"]}
{"loss": 0.9786794185638428, "class_log_probabilities": [-0.8567610383033752, -4.422698497772217, -5.289284706115723, -5.589486598968506], "predictions": [70, 138, 398, 399, 400, 139, 14, 402, 403, 404, 15, 73, 4, 4], "target_tokens": ["[IN:GET_CONTACT", "[SL:EMPLOYER", "@ptr3", "@ptr4", "@ptr5", "SL:EMPLOYER]", "[SL:LOCATION", "@ptr7", "@ptr8", "@ptr9", "SL:LOCATION]", "IN:GET_CONTACT]"], "predicted_tokens": ["[IN:GET_CONTACT", "[SL:EMPLOYER", "@ptr3", "@ptr4", "@ptr5", "SL:EMPLOYER]", "[SL:LOCATION", "@ptr7", "@ptr8", "@ptr9", "SL:LOCATION]", "IN:GET_CONTACT]"]}
{"loss": 0.9854987263679504, "class_log_probabilities": [-0.5821157693862915, -5.236119270324707, -5.351419448852539, -6.246189594268799], "predictions": [70, 138, 404, 139, 73, 4, 4], "target_tokens": ["[IN:GET_CONTACT", "[SL:EMPLOYER", "@ptr9", "SL:EMPLOYER]", "IN:GET_CONTACT]"], "predicted_tokens": ["[IN:GET_CONTACT", "[SL:EMPLOYER", "@ptr9", "SL:EMPLOYER]", "IN:GET_CONTACT]"]}
{"loss": 0.9938969612121582, "class_log_probabilities": [-0.47027453780174255, -4.1922607421875, -6.898339748382568, -6.909811019897461], "predictions": [70, 138, 402, 139, 73, 4, 4, 4, 4], "target_tokens": ["[IN:GET_CONTACT", "[SL:EMPLOYER", "@ptr7", "SL:EMPLOYER]", "IN:GET_CONTACT]"], "predicted_tokens": ["[IN:GET_CONTACT", "[SL:EMPLOYER", "@ptr7", "SL:EMPLOYER]", "IN:GET_CONTACT]"]}
{"loss": 0.9702813029289246, "class_log_probabilities": [-0.3980928957462311, -6.8589653968811035, -6.899618625640869, -7.0858354568481445], "predictions": [70, 138, 399, 400, 139, 73, 4], "target_tokens": ["[IN:GET_CONTACT", "[SL:EMPLOYER", "@ptr4", "@ptr5", "SL:EMPLOYER]", "IN:GET_CONTACT]"], "predicted_tokens": ["[IN:GET_CONTACT", "[SL:EMPLOYER", "@ptr4", "@ptr5", "SL:EMPLOYER]", "IN:GET_CONTACT]"]}
{"loss": 0.9622382521629333, "class_log_probabilities": [-0.3737508952617645, -6.626772880554199, -7.3144097328186035, -7.684780120849609], "predictions": [70, 14, 398, 15, 73, 4], "target_tokens": ["[IN:GET_CONTACT", "[SL:LOCATION", "@ptr3", "SL:LOCATION]", "IN:GET_CONTACT]"], "predicted_tokens": ["[IN:GET_CONTACT", "[SL:LOCATION", "@ptr3", "SL:LOCATION]", "IN:GET_CONTACT]"]}
{"loss": 0.9755575656890869, "class_log_probabilities": [-0.357353150844574, -6.6877522468566895, -6.974502086639404, -7.151275157928467], "predictions": [70, 138, 401, 139, 73, 4, 4, 4], "target_tokens": ["[IN:GET_CONTACT", "[SL:EMPLOYER", "@ptr6", "SL:EMPLOYER]", "IN:GET_CONTACT]"], "predicted_tokens": ["[IN:GET_CONTACT", "[SL:EMPLOYER", "@ptr6", "SL:EMPLOYER]", "IN:GET_CONTACT]"]}
{"loss": 0.9727113246917725, "class_log_probabilities": [-0.3235715925693512, -7.5101752281188965, -7.5597734451293945, -7.618967056274414], "predictions": [70, 138, 398, 139, 73, 4, 4, 4], "target_tokens": ["[IN:GET_CONTACT", "[SL:EMPLOYER", "@ptr3", "SL:EMPLOYER]", "IN:GET_CONTACT]"], "predicted_tokens": ["[IN:GET_CONTACT", "[SL:EMPLOYER", "@ptr3", "SL:EMPLOYER]", "IN:GET_CONTACT]"]}
{"loss": 1.0494084358215332, "class_log_probabilities": [-1.4635910987854004, -2.870666027069092, -4.6065673828125, -4.639515399932861], "predictions": [70, 93, 399, 94, 71, 402, 72, 14, 404, 405, 15, 73, 4], "target_tokens": ["[IN:GET_CONTACT", "[SL:CONTACT_RELATED", "@ptr4", "SL:CONTACT_RELATED]", "[SL:TYPE_RELATION", "@ptr7", "SL:TYPE_RELATION]", "[SL:LOCATION", "@ptr9", "@ptr10", "SL:LOCATION]", "IN:GET_CONTACT]"], "predicted_tokens": ["[IN:GET_CONTACT", "[SL:CONTACT_RELATED", "@ptr4", "SL:CONTACT_RELATED]", "[SL:TYPE_RELATION", "@ptr7", "SL:TYPE_RELATION]", "[SL:LOCATION", "@ptr9", "@ptr10", "SL:LOCATION]", "IN:GET_CONTACT]"]}
{"loss": 0.9889923930168152, "class_log_probabilities": [-0.7433760762214661, -3.1812946796417236, -5.555251121520996, -5.728950500488281], "predictions": [211, 93, 399, 94, 71, 400, 72, 14, 404, 15, 212, 4, 4, 4, 4], "target_tokens": ["[IN:GET_LOCATION", "[SL:CONTACT_RELATED", "@ptr4", "SL:CONTACT_RELATED]", "[SL:TYPE_RELATION", "@ptr5", "SL:TYPE_RELATION]", "[SL:LOCATION", "@ptr9", "SL:LOCATION]", "IN:GET_LOCATION]"], "predicted_tokens": ["[IN:GET_LOCATION", "[SL:CONTACT_RELATED", "@ptr4", "SL:CONTACT_RELATED]", "[SL:TYPE_RELATION", "@ptr5", "SL:TYPE_RELATION]", "[SL:LOCATION", "@ptr9", "SL:LOCATION]", "IN:GET_LOCATION]"]}
{"loss": 2.34297776222229, "class_log_probabilities": [-1.0597649812698364, -3.2668211460113525, -4.452516078948975, -4.9319233894348145], "predictions": [75, 6, 401, 7, 78, 4], "target_tokens": ["[IN:GET_CONTACT", "[SL:LOCATION", "@ptr6", "SL:LOCATION]", "IN:GET_CONTACT]"], "predicted_tokens": ["[IN:CREATE_CALL", "[SL:CONTACT", "@ptr6", "SL:CONTACT]", "IN:CREATE_CALL]"]}
{"loss": 0.9780697226524353, "class_log_probabilities": [-0.8079782128334045, -6.143636226654053, -6.203806400299072, -6.224644184112549], "predictions": [70, 93, 397, 94, 71, 398, 72, 14, 401, 402, 15, 73, 4, 4, 4, 4], "target_tokens": ["[IN:GET_CONTACT", "[SL:CONTACT_RELATED", "@ptr2", "SL:CONTACT_RELATED]", "[SL:TYPE_RELATION", "@ptr3", "SL:TYPE_RELATION]", "[SL:LOCATION", "@ptr6", "@ptr7", "SL:LOCATION]", "IN:GET_CONTACT]"], "predicted_tokens": ["[IN:GET_CONTACT", "[SL:CONTACT_RELATED", "@ptr2", "SL:CONTACT_RELATED]", "[SL:TYPE_RELATION", "@ptr3", "SL:TYPE_RELATION]", "[SL:LOCATION", "@ptr6", "@ptr7", "SL:LOCATION]", "IN:GET_CONTACT]"]}
{"loss": 1.27208411693573, "class_log_probabilities": [-2.81016206741333, -3.938870668411255, -4.882186412811279, -5.189157962799072], "predictions": [70, 93, 402, 94, 71, 403, 72, 14, 409, 15, 73, 4, 4], "target_tokens": ["[IN:GET_CONTACT", "[SL:CONTACT_RELATED", "@ptr7", "SL:CONTACT_RELATED]", "[SL:TYPE_RELATION", "@ptr8", "SL:TYPE_RELATION]", "[SL:LOCATION", "@ptr14", "@ptr15", "SL:LOCATION]", "IN:GET_CONTACT]"], "predicted_tokens": ["[IN:GET_CONTACT", "[SL:CONTACT_RELATED", "@ptr7", "SL:CONTACT_RELATED]", "[SL:TYPE_RELATION", "@ptr8", "SL:TYPE_RELATION]", "[SL:LOCATION", "@ptr14", "SL:LOCATION]", "IN:GET_CONTACT]"]}
{"loss": 0.962285578250885, "class_log_probabilities": [-0.3605065941810608, -7.762317657470703, -7.775701999664307, -7.837460517883301], "predictions": [70, 14, 398, 15, 73, 4, 4, 4], "target_tokens": ["[IN:GET_CONTACT", "[SL:LOCATION", "@ptr3", "SL:LOCATION]", "IN:GET_CONTACT]"], "predicted_tokens": ["[IN:GET_CONTACT", "[SL:LOCATION", "@ptr3", "SL:LOCATION]", "IN:GET_CONTACT]"]}
{"loss": 3.1245524883270264, "class_log_probabilities": [-0.668282151222229, -6.601500511169434, -6.898196220397949, -6.986060619354248], "predictions": [55, 56, 395, 396, 397, 398, 399, 57, 58, 4], "target_tokens": ["[IN:GET_CONTACT", "[SL:LOCATION", "@ptr3", "@ptr4", "SL:LOCATION]", "IN:GET_CONTACT]"], "predicted_tokens": ["[IN:QUESTION_NEWS", "[SL:NEWS_TOPIC", "@ptr0", "@ptr1", "@ptr2", "@ptr3", "@ptr4", "SL:NEWS_TOPIC]", "IN:QUESTION_NEWS]"]}
{"loss": 1.4022183418273926, "class_log_probabilities": [-0.7399404644966125, -5.352160453796387, -5.434114933013916, -5.547884941101074], "predictions": [70, 71, 398, 72, 93, 400, 94, 73, 4], "target_tokens": ["[IN:GET_CONTACT", "[SL:CONTACT_RELATED", "@ptr5", "SL:CONTACT_RELATED]", "[SL:TYPE_RELATION", "@ptr3", "SL:TYPE_RELATION]", "IN:GET_CONTACT]"], "predicted_tokens": ["[IN:GET_CONTACT", "[SL:TYPE_RELATION", "@ptr3", "SL:TYPE_RELATION]", "[SL:CONTACT_RELATED", "@ptr5", "SL:CONTACT_RELATED]", "IN:GET_CONTACT]"]}
{"loss": 0.9715526103973389, "class_log_probabilities": [-0.6756066679954529, -4.223659992218018, -5.393991947174072, -5.649529933929443], "predictions": [70, 71, 397, 72, 93, 399, 94, 73, 4], "target_tokens": ["[IN:GET_CONTACT", "[SL:TYPE_RELATION", "@ptr2", "SL:TYPE_RELATION]", "[SL:CONTACT_RELATED", "@ptr4", "SL:CONTACT_RELATED]", "IN:GET_CONTACT]"], "predicted_tokens": ["[IN:GET_CONTACT", "[SL:TYPE_RELATION", "@ptr2", "SL:TYPE_RELATION]", "[SL:CONTACT_RELATED", "@ptr4", "SL:CONTACT_RELATED]", "IN:GET_CONTACT]"]}
{"loss": 1.0037779808044434, "class_log_probabilities": [-0.7602967023849487, -2.314833641052246, -4.670365333557129, -5.578647136688232], "predictions": [70, 71, 399, 72, 93, 401, 94, 73, 4], "target_tokens": ["[IN:GET_CONTACT", "[SL:TYPE_RELATION", "@ptr4", "SL:TYPE_RELATION]", "[SL:CONTACT_RELATED", "@ptr6", "SL:CONTACT_RELATED]", "IN:GET_CONTACT]"], "predicted_tokens": ["[IN:GET_CONTACT", "[SL:TYPE_RELATION", "@ptr4", "SL:TYPE_RELATION]", "[SL:CONTACT_RELATED", "@ptr6", "SL:CONTACT_RELATED]", "IN:GET_CONTACT]"]}
{"loss": 0.985580563545227, "class_log_probabilities": [-0.6156805157661438, -3.5435423851013184, -5.2584967613220215, -7.283520698547363], "predictions": [70, 71, 399, 72, 93, 401, 94, 73, 4, 4, 4, 4], "target_tokens": ["[IN:GET_CONTACT", "[SL:TYPE_RELATION", "@ptr4", "SL:TYPE_RELATION]", "[SL:CONTACT_RELATED", "@ptr6", "SL:CONTACT_RELATED]", "IN:GET_CONTACT]"], "predicted_tokens": ["[IN:GET_CONTACT", "[SL:TYPE_RELATION", "@ptr4", "SL:TYPE_RELATION]", "[SL:CONTACT_RELATED", "@ptr6", "SL:CONTACT_RELATED]", "IN:GET_CONTACT]"]}
{"loss": 3.669689655303955, "class_log_probabilities": [-1.9471920728683472, -2.551565647125244, -3.9290056228637695, -5.383891582489014], "predictions": [63, 66, 395, 396, 397, 67, 68, 4], "target_tokens": ["[IN:GET_CONTACT", "[SL:TYPE_RELATION", "@ptr0", "SL:TYPE_RELATION]", "[SL:CONTACT_RELATED", "@ptr2", "SL:CONTACT_RELATED]", "IN:GET_CONTACT]"], "predicted_tokens": ["[IN:PLAY_MUSIC", "[SL:MUSIC_ARTIST_NAME", "@ptr0", "@ptr1", "@ptr2", "SL:MUSIC_ARTIST_NAME]", "IN:PLAY_MUSIC]"]}
{"loss": 1.7578984498977661, "class_log_probabilities": [-3.671609878540039, -4.646188735961914, -4.782778739929199, -5.0114593505859375], "predictions": [70, 71, 395, 72, 6, 396, 397, 7, 73, 4, 4, 4], "target_tokens": ["[IN:GET_CONTACT", "[SL:TYPE_RELATION", "@ptr0", "SL:TYPE_RELATION]", "[SL:CONTACT_RELATED", "@ptr2", "SL:CONTACT_RELATED]", "IN:GET_CONTACT]"], "predicted_tokens": ["[IN:GET_CONTACT", "[SL:TYPE_RELATION", "@ptr0", "SL:TYPE_RELATION]", "[SL:CONTACT", "@ptr1", "@ptr2", "SL:CONTACT]", "IN:GET_CONTACT]"]}
{"loss": 1.0009586811065674, "class_log_probabilities": [-1.035171389579773, -3.711571455001831, -3.826650381088257, -4.744385242462158], "predictions": [51, 52, 400, 401, 402, 53, 54, 4, 4, 4, 4], "target_tokens": ["[IN:GET_RECIPES", "[SL:RECIPES_DISH", "@ptr5", "@ptr6", "@ptr7", "SL:RECIPES_DISH]", "IN:GET_RECIPES]"], "predicted_tokens": ["[IN:GET_RECIPES", "[SL:RECIPES_DISH", "@ptr5", "@ptr6", "@ptr7", "SL:RECIPES_DISH]", "IN:GET_RECIPES]"]}
{"loss": 1.05738365650177, "class_log_probabilities": [-1.877092719078064, -1.9369953870773315, -4.487646102905273, -4.76641321182251], "predictions": [51, 52, 398, 399, 400, 401, 402, 403, 53, 54, 4, 4, 4], "target_tokens": ["[IN:GET_RECIPES", "[SL:RECIPES_DISH", "@ptr3", "@ptr4", "@ptr5", "@ptr6", "@ptr7", "@ptr8", "SL:RECIPES_DISH]", "IN:GET_RECIPES]"], "predicted_tokens": ["[IN:GET_RECIPES", "[SL:RECIPES_DISH", "@ptr3", "@ptr4", "@ptr5", "@ptr6", "@ptr7", "@ptr8", "SL:RECIPES_DISH]", "IN:GET_RECIPES]"]}
{"loss": 1.204600214958191, "class_log_probabilities": [-2.023991823196411, -3.062190055847168, -3.2653865814208984, -3.412759304046631], "predictions": [51, 129, 402, 403, 130, 129, 405, 130, 54, 4], "target_tokens": ["[IN:GET_RECIPES", "[SL:RECIPES_INCLUDED_INGREDIENT", "@ptr7", "SL:RECIPES_INCLUDED_INGREDIENT]", "[SL:RECIPES_INCLUDED_INGREDIENT", "@ptr10", "SL:RECIPES_INCLUDED_INGREDIENT]", "IN:GET_RECIPES]"], "predicted_tokens": ["[IN:GET_RECIPES", "[SL:RECIPES_INCLUDED_INGREDIENT", "@ptr7", "@ptr8", "SL:RECIPES_INCLUDED_INGREDIENT]", "[SL:RECIPES_INCLUDED_INGREDIENT", "@ptr10", "SL:RECIPES_INCLUDED_INGREDIENT]", "IN:GET_RECIPES]"]}
{"loss": 2.140874147415161, "class_log_probabilities": [-3.5453717708587646, -4.522468566894531, -4.588180065155029, -4.754763126373291], "predictions": [165, 129, 399, 400, 130, 129, 402, 403, 404, 130, 113, 406, 114, 166, 4], "target_tokens": ["[IN:IS_TRUE_RECIPES", "[SL:RECIPES_INCLUDED_INGREDIENT", "@ptr5", "SL:RECIPES_INCLUDED_INGREDIENT]", "IN:IS_TRUE_RECIPES]"], "predicted_tokens": ["[IN:IS_TRUE_RECIPES", "[SL:RECIPES_INCLUDED_INGREDIENT", "@ptr4", "@ptr5", "SL:RECIPES_INCLUDED_INGREDIENT]", "[SL:RECIPES_INCLUDED_INGREDIENT", "@ptr7", "@ptr8", "@ptr9", "SL:RECIPES_INCLUDED_INGREDIENT]", "[SL:RECIPES_COOKING_METHOD", "@ptr11", "SL:RECIPES_COOKING_METHOD]", "IN:IS_TRUE_RECIPES]"]}
{"loss": 1.5773651599884033, "class_log_probabilities": [-1.092238187789917, -3.7068064212799072, -4.937135696411133, -4.939051151275635], "predictions": [27, 28, 396, 29, 113, 401, 114, 52, 403, 404, 53, 30, 4, 4], "target_tokens": ["[IN:GET_INFO_RECIPES", "[SL:RECIPES_ATTRIBUTE", "@ptr1", "SL:RECIPES_ATTRIBUTE]", "[SL:RECIPES_DISH", "@ptr8", "@ptr9", "@ptr10", "SL:RECIPES_DISH]", "IN:GET_INFO_RECIPES]"], "predicted_tokens": ["[IN:GET_INFO_RECIPES", "[SL:RECIPES_ATTRIBUTE", "@ptr1", "SL:RECIPES_ATTRIBUTE]", "[SL:RECIPES_COOKING_METHOD", "@ptr6", "SL:RECIPES_COOKING_METHOD]", "[SL:RECIPES_DISH", "@ptr8", "@ptr9", "SL:RECIPES_DISH]", "IN:GET_INFO_RECIPES]"]}
{"loss": 1.2110940217971802, "class_log_probabilities": [-1.545958161354065, -2.9230101108551025, -3.590898275375366, -4.244799613952637], "predictions": [51, 52, 398, 53, 52, 400, 401, 402, 403, 53, 54, 4], "target_tokens": ["[IN:GET_RECIPES", "[SL:RECIPES_DISH", "@ptr3", "@ptr4", "@ptr5", "@ptr6", "@ptr7", "@ptr8", "SL:RECIPES_DISH]", "IN:GET_RECIPES]"], "predicted_tokens": ["[IN:GET_RECIPES", "[SL:RECIPES_DISH", "@ptr3", "SL:RECIPES_DISH]", "[SL:RECIPES_DISH", "@ptr5", "@ptr6", "@ptr7", "@ptr8", "SL:RECIPES_DISH]", "IN:GET_RECIPES]"]}
{"loss": 1.0156028270721436, "class_log_probabilities": [-1.2719700336456299, -2.1989905834198, -2.905226945877075, -4.620311737060547], "predictions": [27, 129, 396, 130, 52, 403, 53, 30, 4], "target_tokens": ["[IN:GET_INFO_RECIPES", "[SL:RECIPES_INCLUDED_INGREDIENT", "@ptr1", "SL:RECIPES_INCLUDED_INGREDIENT]", "[SL:RECIPES_DISH", "@ptr8", "SL:RECIPES_DISH]", "IN:GET_INFO_RECIPES]"], "predicted_tokens": ["[IN:GET_INFO_RECIPES", "[SL:RECIPES_INCLUDED_INGREDIENT", "@ptr1", "SL:RECIPES_INCLUDED_INGREDIENT]", "[SL:RECIPES_DISH", "@ptr8", "SL:RECIPES_DISH]", "IN:GET_INFO_RECIPES]"]}
{"loss": 5.3097453117370605, "class_log_probabilities": [-2.1944580078125, -2.4350860118865967, -4.8018646240234375, -5.949979782104492], "predictions": [27, 187, 400, 188, 52, 402, 53, 30, 4, 4, 4, 4, 4, 4], "target_tokens": ["[IN:IS_TRUE_RECIPES", "[SL:RECIPES_UNIT_MEASUREMENT", "@ptr5", "@ptr6", "@ptr7", "SL:RECIPES_UNIT_MEASUREMENT]", "[SL:RECIPES_UNIT_MEASUREMENT", "@ptr13", "@ptr14", "@ptr15", "SL:RECIPES_UNIT_MEASUREMENT]", "IN:IS_TRUE_RECIPES]"], "predicted_tokens": ["[IN:GET_INFO_RECIPES", "[SL:RECIPES_UNIT_MEASUREMENT", "@ptr5", "SL:RECIPES_UNIT_MEASUREMENT]", "[SL:RECIPES_DISH", "@ptr7", "SL:RECIPES_DISH]", "IN:GET_INFO_RECIPES]"]}
{"loss": 1.9557430744171143, "class_log_probabilities": [-2.2306222915649414, -2.6775968074798584, -4.950667858123779, -5.245027542114258], "predictions": [27, 28, 395, 396, 29, 175, 397, 176, 129, 407, 130, 30, 4, 4, 4], "target_tokens": ["[IN:GET_INFO_RECIPES", "[SL:RECIPES_ATTRIBUTE", "@ptr0", "SL:RECIPES_ATTRIBUTE]", "[SL:RECIPES_UNIT_NUTRITION", "@ptr2", "SL:RECIPES_UNIT_NUTRITION]", "[SL:RECIPES_INCLUDED_INGREDIENT", "@ptr11", "@ptr12", "@ptr13", "SL:RECIPES_INCLUDED_INGREDIENT]", "IN:GET_INFO_RECIPES]"], "predicted_tokens": ["[IN:GET_INFO_RECIPES", "[SL:RECIPES_ATTRIBUTE", "@ptr0", "@ptr1", "SL:RECIPES_ATTRIBUTE]", "[SL:RECIPES_UNIT_NUTRITION", "@ptr2", "SL:RECIPES_UNIT_NUTRITION]", "[SL:RECIPES_INCLUDED_INGREDIENT", "@ptr12", "SL:RECIPES_INCLUDED_INGREDIENT]", "IN:GET_INFO_RECIPES]"]}
{"loss": 1.988778829574585, "class_log_probabilities": [-0.5011905431747437, -7.938965797424316, -8.160807609558105, -8.288331031799316], "predictions": [45, 16, 395, 396, 397, 17, 46, 4], "target_tokens": ["[IN:CREATE_ALARM", "[SL:DATE_TIME", "@ptr0", "@ptr1", "SL:DATE_TIME]", "IN:CREATE_ALARM]"], "predicted_tokens": ["[IN:CREATE_ALARM", "[SL:DATE_TIME", "@ptr0", "@ptr1", "@ptr2", "SL:DATE_TIME]", "IN:CREATE_ALARM]"]}
{"loss": 3.0671513080596924, "class_log_probabilities": [-1.8649557828903198, -2.896965503692627, -3.908470630645752, -4.543113708496094], "predictions": [259, 16, 399, 400, 401, 17, 260, 4], "target_tokens": ["[IN:SNOOZE_ALARM", "[SL:DATE_TIME", "@ptr3", "@ptr4", "@ptr5", "SL:DATE_TIME]", "IN:SNOOZE_ALARM]"], "predicted_tokens": ["[IN:UPDATE_ALARM", "[SL:DATE_TIME", "@ptr4", "@ptr5", "@ptr6", "SL:DATE_TIME]", "IN:UPDATE_ALARM]"]}
{"loss": 1.0108026266098022, "class_log_probabilities": [-1.320849895477295, -2.1249783039093018, -5.7080078125, -6.534211158752441], "predictions": [45, 16, 398, 399, 400, 401, 17, 46, 4, 4], "target_tokens": ["[IN:CREATE_ALARM", "[SL:DATE_TIME", "@ptr3", "@ptr4", "@ptr5", "@ptr6", "SL:DATE_TIME]", "IN:CREATE_ALARM]"], "predicted_tokens": ["[IN:CREATE_ALARM", "[SL:DATE_TIME", "@ptr3", "@ptr4", "@ptr5", "@ptr6", "SL:DATE_TIME]", "IN:CREATE_ALARM]"]}
{"loss": 1.1982306241989136, "class_log_probabilities": [-2.222064256668091, -2.9604318141937256, -3.0221569538116455, -3.4410243034362793], "predictions": [273, 90, 397, 91, 274, 4], "target_tokens": ["[IN:RESTART_TIMER", "[SL:METHOD_TIMER", "@ptr2", "SL:METHOD_TIMER]", "IN:RESTART_TIMER]"], "predicted_tokens": ["[IN:RESTART_TIMER", "[SL:METHOD_TIMER", "@ptr2", "SL:METHOD_TIMER]", "IN:RESTART_TIMER]"]}
{"loss": 2.118677854537964, "class_log_probabilities": [-2.2498371601104736, -3.2137792110443115, -3.5938961505889893, -3.711456775665283], "predictions": [55, 56, 404, 405, 406, 408, 57, 58, 4, 4], "target_tokens": ["[IN:QUESTION_NEWS", "[SL:NEWS_TOPIC", "@ptr3", "@ptr4", "@ptr5", "@ptr6", "@ptr7", "@ptr8", "@ptr9", "@ptr10", "@ptr11", "@ptr12", "@ptr13", "@ptr14", "@ptr15", "@ptr16", "SL:NEWS_TOPIC]", "IN:QUESTION_NEWS]"], "predicted_tokens": ["[IN:QUESTION_NEWS", "[SL:NEWS_TOPIC", "@ptr9", "@ptr10", "@ptr11", "@ptr13", "SL:NEWS_TOPIC]", "IN:QUESTION_NEWS]"]}
{"loss": 1.0513955354690552, "class_log_probabilities": [-1.3160665035247803, -3.956724166870117, -5.708643913269043, -6.139805793762207], "predictions": [55, 133, 398, 399, 134, 58, 4], "target_tokens": ["[IN:QUESTION_NEWS", "[SL:NEWS_SOURCE", "@ptr3", "@ptr4", "SL:NEWS_SOURCE]", "IN:QUESTION_NEWS]"], "predicted_tokens": ["[IN:QUESTION_NEWS", "[SL:NEWS_SOURCE", "@ptr3", "@ptr4", "SL:NEWS_SOURCE]", "IN:QUESTION_NEWS]"]}
{"loss": 3.3418636322021484, "class_log_probabilities": [-0.7440487742424011, -4.627100467681885, -5.473695278167725, -5.688099384307861], "predictions": [55, 56, 396, 397, 398, 399, 400, 401, 402, 403, 57, 58, 4, 4], "target_tokens": ["[IN:QUESTION_NEWS", "IN:QUESTION_NEWS]"], "predicted_tokens": ["[IN:QUESTION_NEWS", "[SL:NEWS_TOPIC", "@ptr1", "@ptr2", "@ptr3", "@ptr4", "@ptr5", "@ptr6", "@ptr7", "@ptr8", "SL:NEWS_TOPIC]", "IN:QUESTION_NEWS]"]}
{"loss": 2.746614456176758, "class_log_probabilities": [-3.7590601444244385, -3.9940593242645264, -5.172042369842529, -5.210014343261719], "predictions": [39, 40, 404, 41, 16, 406, 17, 42, 4, 4, 4, 4], "target_tokens": ["[IN:GET_STORIES_NEWS", "[SL:DATE_TIME", "@ptr11", "SL:DATE_TIME]", "[SL:NEWS_TOPIC", "@ptr10", "SL:NEWS_TOPIC]", "[SL:NEWS_TYPE", "@ptr9", "SL:NEWS_TYPE]", "IN:GET_STORIES_NEWS]"], "predicted_tokens": ["[IN:GET_STORIES_NEWS", "[SL:NEWS_TYPE", "@ptr9", "SL:NEWS_TYPE]", "[SL:DATE_TIME", "@ptr11", "SL:DATE_TIME]", "IN:GET_STORIES_NEWS]"]}
{"loss": 2.9976353645324707, "class_log_probabilities": [-2.0885367393493652, -2.7797605991363525, -3.4118494987487793, -4.61300802230835], "predictions": [89, 90, 397, 91, 16, 401, 402, 403, 17, 92, 4], "target_tokens": ["[IN:CREATE_TIMER", "[SL:METHOD_TIMER", "@ptr2", "@ptr3", "@ptr4", "SL:METHOD_TIMER]", "[SL:DATE_TIME", "@ptr5", "@ptr6", "@ptr7", "SL:DATE_TIME]", "IN:CREATE_TIMER]"], "predicted_tokens": ["[IN:CREATE_TIMER", "[SL:METHOD_TIMER", "@ptr2", "SL:METHOD_TIMER]", "[SL:DATE_TIME", "@ptr6", "@ptr7", "@ptr8", "SL:DATE_TIME]", "IN:CREATE_TIMER]"]}
{"loss": 3.7747507095336914, "class_log_probabilities": [-1.5822155475616455, -4.746255397796631, -6.478394985198975, -7.773680210113525], "predictions": [251, 252, 4, 4, 4, 4, 4], "target_tokens": ["[IN:GET_STORIES_NEWS", "[SL:DATE_TIME", "@ptr3", "SL:DATE_TIME]", "[SL:NEWS_CATEGORY", "@ptr2", "SL:NEWS_CATEGORY]", "[SL:NEWS_TYPE", "@ptr0", "@ptr1", "SL:NEWS_TYPE]", "IN:GET_STORIES_NEWS]"], "predicted_tokens": ["[IN:QUESTION_MUSIC", "IN:QUESTION_MUSIC]"]}
{"loss": 3.486215353012085, "class_log_probabilities": [-2.567645788192749, -3.3599560260772705, -3.5050864219665527, -4.5866241455078125], "predictions": [39, 16, 401, 402, 17, 42, 4], "target_tokens": ["[IN:GET_STORIES_NEWS", "[SL:NEWS_REFERENCE", "@ptr3", "SL:NEWS_REFERENCE]", "[SL:NEWS_TYPE", "@ptr4", "SL:NEWS_TYPE]", "[SL:DATE_TIME", "@ptr5", "@ptr6", "SL:DATE_TIME]", "IN:GET_STORIES_NEWS]"], "predicted_tokens": ["[IN:GET_STORIES_NEWS", "[SL:DATE_TIME", "@ptr6", "@ptr7", "SL:DATE_TIME]", "IN:GET_STORIES_NEWS]"]}
{"loss": 2.0638980865478516, "class_log_probabilities": [-4.2606635093688965, -4.464929103851318, -5.251241207122803, -6.47667121887207], "predictions": [39, 43, 395, 44, 40, 397, 41, 42, 4, 4, 4, 4, 4, 4, 4], "target_tokens": ["[IN:GET_STORIES_NEWS", "[SL:NEWS_TYPE", "@ptr0", "SL:NEWS_TYPE]", "[SL:NEWS_CATEGORY", "@ptr1", "SL:NEWS_CATEGORY]", "IN:GET_STORIES_NEWS]"], "predicted_tokens": ["[IN:GET_STORIES_NEWS", "[SL:NEWS_CATEGORY", "@ptr0", "SL:NEWS_CATEGORY]", "[SL:NEWS_TYPE", "@ptr2", "SL:NEWS_TYPE]", "IN:GET_STORIES_NEWS]"]}
{"loss": 1.9380207061767578, "class_log_probabilities": [-1.2157936096191406, -1.9130038022994995, -5.311864376068115, -5.501898765563965], "predictions": [89, 90, 398, 91, 16, 399, 400, 17, 92, 4, 4], "target_tokens": ["[IN:CREATE_TIMER", "[SL:METHOD_TIMER", "@ptr2", "SL:METHOD_TIMER]", "[SL:DATE_TIME", "@ptr3", "@ptr4", "@ptr5", "SL:DATE_TIME]", "IN:CREATE_TIMER]"], "predicted_tokens": ["[IN:CREATE_TIMER", "[SL:METHOD_TIMER", "@ptr3", "SL:METHOD_TIMER]", "[SL:DATE_TIME", "@ptr4", "@ptr5", "SL:DATE_TIME]", "IN:CREATE_TIMER]"]}
{"loss": 4.089657783508301, "class_log_probabilities": [-0.6004372835159302, -4.146592140197754, -5.284516334533691, -5.630690574645996], "predictions": [55, 56, 397, 398, 399, 400, 57, 58, 4], "target_tokens": ["[IN:GET_STORIES_NEWS", "[SL:NEWS_TYPE", "@ptr3", "SL:NEWS_TYPE]", "[SL:NEWS_TOPIC", "@ptr5", "SL:NEWS_TOPIC]", "IN:GET_STORIES_NEWS]"], "predicted_tokens": ["[IN:QUESTION_NEWS", "[SL:NEWS_TOPIC", "@ptr2", "@ptr3", "@ptr4", "@ptr5", "SL:NEWS_TOPIC]", "IN:QUESTION_NEWS]"]}
{"loss": 0.9763737916946411, "class_log_probabilities": [-0.5257708430290222, -5.965623378753662, -6.079595565795898, -6.102405071258545], "predictions": [183, 16, 396, 397, 17, 90, 399, 91, 184, 4, 4], "target_tokens": ["[IN:ADD_TIME_TIMER", "[SL:DATE_TIME", "@ptr1", "@ptr2", "SL:DATE_TIME]", "[SL:METHOD_TIMER", "@ptr4", "SL:METHOD_TIMER]", "IN:ADD_TIME_TIMER]"], "predicted_tokens": ["[IN:ADD_TIME_TIMER", "[SL:DATE_TIME", "@ptr1", "@ptr2", "SL:DATE_TIME]", "[SL:METHOD_TIMER", "@ptr4", "SL:METHOD_TIMER]", "IN:ADD_TIME_TIMER]"]}
{"loss": 3.643430233001709, "class_log_probabilities": [-1.4803322553634644, -3.4359989166259766, -6.379879474639893, -90.40425872802734], "predictions": [39, 16, 402, 17, 40, 404, 41, 42, 4, 4, 4, 4, 4, 4, 4, 4, 4, 4, 4, 4, 4, 4, 4, 4, 4, 4, 4, 4, 4, 4, 4, 4, 4, 4, 4, 4, 4, 4, 4, 4, 4, 4, 4, 4, 4, 4, 4, 4, 4, 4, 4, 4, 4, 4, 4, 4, 4, 4, 4, 4, 4, 4, 4, 4, 4, 4, 4, 4, 4, 4, 4, 4, 4, 4, 4, 4, 4, 4, 4, 4, 4, 4, 4, 4, 4, 4, 4, 4, 4, 4, 4, 4, 4, 4, 4, 4, 4, 4, 4, 4], "target_tokens": ["[IN:GET_STORIES_NEWS", "[SL:DATE_TIME", "@ptr7", "SL:DATE_TIME]", "[SL:NEWS_SOURCE", "@ptr9", "@ptr10", "@ptr11", "SL:NEWS_SOURCE]", "[SL:NEWS_TYPE", "@ptr4", "@ptr5", "@ptr6", "SL:NEWS_TYPE]", "IN:GET_STORIES_NEWS]"], "predicted_tokens": ["[IN:GET_STORIES_NEWS", "[SL:DATE_TIME", "@ptr7", "SL:DATE_TIME]", "[SL:NEWS_TYPE", "@ptr9", "SL:NEWS_TYPE]", "IN:GET_STORIES_NEWS]"]}
{"loss": 1.8927956819534302, "class_log_probabilities": [-1.128901720046997, -3.0420706272125244, -4.074615478515625, -4.947619915008545], "predictions": [273, 90, 397, 91, 16, 399, 400, 17, 274, 4], "target_tokens": ["[IN:RESUME_TIMER", "[SL:METHOD_TIMER", "@ptr2", "SL:METHOD_TIMER]", "[SL:DATE_TIME", "@ptr3", "@ptr4", "@ptr5", "SL:DATE_TIME]", "IN:RESUME_TIMER]"], "predicted_tokens": ["[IN:RESTART_TIMER", "[SL:METHOD_TIMER", "@ptr2", "SL:METHOD_TIMER]", "[SL:DATE_TIME", "@ptr4", "@ptr5", "SL:DATE_TIME]", "IN:RESTART_TIMER]"]}
{"loss": 1.4031165838241577, "class_log_probabilities": [-1.30855131149292, -3.3480384349823, -3.824535846710205, -4.540375709533691], "predictions": [273, 90, 397, 91, 16, 398, 399, 400, 17, 274, 4], "target_tokens": ["[IN:CREATE_TIMER", "[SL:METHOD_TIMER", "@ptr2", "SL:METHOD_TIMER]", "[SL:DATE_TIME", "@ptr3", "@ptr4", "@ptr5", "SL:DATE_TIME]", "IN:CREATE_TIMER]"], "predicted_tokens": ["[IN:RESTART_TIMER", "[SL:METHOD_TIMER", "@ptr2", "SL:METHOD_TIMER]", "[SL:DATE_TIME", "@ptr3", "@ptr4", "@ptr5", "SL:DATE_TIME]", "IN:RESTART_TIMER]"]}
{"loss": 1.670079231262207, "class_log_probabilities": [-1.2277796268463135, -3.3967485427856445, -3.7045435905456543, -8.038687705993652], "predictions": [39, 56, 395, 57, 131, 397, 132, 133, 400, 134, 42, 4, 4, 4, 4, 4, 4, 4], "target_tokens": ["[IN:GET_STORIES_NEWS", "[SL:NEWS_REFERENCE", "@ptr2", "SL:NEWS_REFERENCE]", "[SL:NEWS_TYPE", "@ptr3", "SL:NEWS_TYPE]", "[SL:NEWS_SOURCE", "@ptr5", "SL:NEWS_SOURCE]", "IN:GET_STORIES_NEWS]"], "predicted_tokens": ["[IN:GET_STORIES_NEWS", "[SL:NEWS_TOPIC", "@ptr0", "SL:NEWS_TOPIC]", "[SL:NEWS_REFERENCE", "@ptr2", "SL:NEWS_REFERENCE]", "[SL:NEWS_SOURCE", "@ptr5", "SL:NEWS_SOURCE]", "IN:GET_STORIES_NEWS]"]}
{"loss": 0.9858449101448059, "class_log_probabilities": [-0.49769431352615356, -5.3755998611450195, -5.691254138946533, -6.452020645141602], "predictions": [13, 14, 397, 15, 135, 399, 136, 18, 4, 4, 4, 4], "target_tokens": ["[IN:GET_WEATHER", "[SL:LOCATION", "@ptr2", "SL:LOCATION]", "[SL:WEATHER_TEMPERATURE_UNIT", "@ptr4", "SL:WEATHER_TEMPERATURE_UNIT]", "IN:GET_WEATHER]"], "predicted_tokens": ["[IN:GET_WEATHER", "[SL:LOCATION", "@ptr2", "SL:LOCATION]", "[SL:WEATHER_TEMPERATURE_UNIT", "@ptr4", "SL:WEATHER_TEMPERATURE_UNIT]", "IN:GET_WEATHER]"]}
{"loss": 1.6630783081054688, "class_log_probabilities": [-1.4206032752990723, -3.1326680183410645, -3.8231804370880127, -5.1475348472595215], "predictions": [51, 129, 401, 130, 54, 4, 4, 4, 4], "target_tokens": ["[IN:GET_RECIPES", "[SL:RECIPES_INCLUDED_INGREDIENT", "@ptr4", "@ptr5", "@ptr6", "SL:RECIPES_INCLUDED_INGREDIENT]", "IN:GET_RECIPES]"], "predicted_tokens": ["[IN:GET_RECIPES", "[SL:RECIPES_INCLUDED_INGREDIENT", "@ptr6", "SL:RECIPES_INCLUDED_INGREDIENT]", "IN:GET_RECIPES]"]}
{"loss": 1.6129223108291626, "class_log_probabilities": [-1.7017261981964111, -3.032193422317505, -3.5242621898651123, -3.7274904251098633], "predictions": [27, 28, 397, 29, 52, 404, 53, 30, 4, 4, 4], "target_tokens": ["[IN:GET_INFO_RECIPES", "[SL:RECIPES_ATTRIBUTE", "@ptr2", "SL:RECIPES_ATTRIBUTE]", "[SL:RECIPES_DISH", "@ptr9", "@ptr10", "@ptr11", "SL:RECIPES_DISH]", "IN:GET_INFO_RECIPES]"], "predicted_tokens": ["[IN:GET_INFO_RECIPES", "[SL:RECIPES_ATTRIBUTE", "@ptr2", "SL:RECIPES_ATTRIBUTE]", "[SL:RECIPES_DISH", "@ptr9", "SL:RECIPES_DISH]", "IN:GET_INFO_RECIPES]"]}
{"loss": 1.4141035079956055, "class_log_probabilities": [-1.642090082168579, -3.5346381664276123, -3.6679530143737793, -4.041441917419434], "predictions": [27, 28, 396, 29, 52, 401, 402, 403, 404, 405, 53, 30, 4], "target_tokens": ["[IN:GET_INFO_RECIPES", "[SL:RECIPES_ATTRIBUTE", "@ptr1", "SL:RECIPES_ATTRIBUTE]", "[SL:RECIPES_DISH", "@ptr7", "@ptr8", "@ptr9", "@ptr10", "SL:RECIPES_DISH]", "IN:GET_INFO_RECIPES]"], "predicted_tokens": ["[IN:GET_INFO_RECIPES", "[SL:RECIPES_ATTRIBUTE", "@ptr1", "SL:RECIPES_ATTRIBUTE]", "[SL:RECIPES_DISH", "@ptr6", "@ptr7", "@ptr8", "@ptr9", "@ptr10", "SL:RECIPES_DISH]", "IN:GET_INFO_RECIPES]"]}
{"loss": 1.2845393419265747, "class_log_probabilities": [-1.153732180595398, -2.29156231880188, -3.7188844680786133, -4.1791205406188965], "predictions": [27, 28, 398, 29, 129, 400, 130, 30, 4, 4, 4, 4], "target_tokens": ["[IN:GET_INFO_RECIPES", "[SL:RECIPES_ATTRIBUTE", "@ptr3", "SL:RECIPES_ATTRIBUTE]", "[SL:RECIPES_DISH", "@ptr5", "@ptr6", "@ptr7", "@ptr8", "@ptr9", "SL:RECIPES_DISH]", "IN:GET_INFO_RECIPES]"], "predicted_tokens": ["[IN:GET_INFO_RECIPES", "[SL:RECIPES_ATTRIBUTE", "@ptr3", "SL:RECIPES_ATTRIBUTE]", "[SL:RECIPES_INCLUDED_INGREDIENT", "@ptr5", "SL:RECIPES_INCLUDED_INGREDIENT]", "IN:GET_INFO_RECIPES]"]}
{"loss": 1.8599802255630493, "class_log_probabilities": [-2.042633295059204, -2.591440200805664, -2.8065197467803955, -5.071436405181885], "predictions": [27, 28, 397, 29, 52, 404, 53, 30, 4, 4, 4, 4], "target_tokens": ["[IN:GET_INFO_RECIPES", "[SL:RECIPES_ATTRIBUTE", "@ptr2", "SL:RECIPES_ATTRIBUTE]", "[SL:RECIPES_DISH", "@ptr9", "@ptr10", "@ptr11", "@ptr12", "SL:RECIPES_DISH]", "IN:GET_INFO_RECIPES]"], "predicted_tokens": ["[IN:GET_INFO_RECIPES", "[SL:RECIPES_ATTRIBUTE", "@ptr2", "SL:RECIPES_ATTRIBUTE]", "[SL:RECIPES_DISH", "@ptr9", "SL:RECIPES_DISH]", "IN:GET_INFO_RECIPES]"]}
{"loss": 1.1243559122085571, "class_log_probabilities": [-2.2323009967803955, -3.0274529457092285, -3.682929277420044, -4.717059135437012], "predictions": [13, 79, 404, 80, 16, 405, 17, 18, 4], "target_tokens": ["[IN:GET_WEATHER", "[SL:WEATHER_ATTRIBUTE", "@ptr9", "SL:WEATHER_ATTRIBUTE]", "[SL:DATE_TIME", "@ptr10", "SL:DATE_TIME]", "IN:GET_WEATHER]"], "predicted_tokens": ["[IN:GET_WEATHER", "[SL:WEATHER_ATTRIBUTE", "@ptr9", "SL:WEATHER_ATTRIBUTE]", "[SL:DATE_TIME", "@ptr10", "SL:DATE_TIME]", "IN:GET_WEATHER]"]}
{"loss": 0.9605759978294373, "class_log_probabilities": [-0.47218286991119385, -6.737312316894531, -7.5042290687561035, -7.693339824676514], "predictions": [13, 79, 402, 80, 18, 4, 4, 4, 4], "target_tokens": ["[IN:GET_WEATHER", "[SL:WEATHER_ATTRIBUTE", "@ptr7", "SL:WEATHER_ATTRIBUTE]", "IN:GET_WEATHER]"], "predicted_tokens": ["[IN:GET_WEATHER", "[SL:WEATHER_ATTRIBUTE", "@ptr7", "SL:WEATHER_ATTRIBUTE]", "IN:GET_WEATHER]"]}
{"loss": 1.4405690431594849, "class_log_probabilities": [-2.072605848312378, -4.549472808837891, -4.81576681137085, -6.5381317138671875], "predictions": [63, 64, 398, 65, 66, 400, 401, 402, 67, 68, 4, 4, 4, 4], "target_tokens": ["[IN:PLAY_MUSIC", "[SL:MUSIC_ARTIST_NAME", "@ptr5", "@ptr6", "@ptr7", "SL:MUSIC_ARTIST_NAME]", "[SL:MUSIC_TYPE", "@ptr3", "SL:MUSIC_TYPE]", "IN:PLAY_MUSIC]"], "predicted_tokens": ["[IN:PLAY_MUSIC", "[SL:MUSIC_TYPE", "@ptr3", "SL:MUSIC_TYPE]", "[SL:MUSIC_ARTIST_NAME", "@ptr5", "@ptr6", "@ptr7", "SL:MUSIC_ARTIST_NAME]", "IN:PLAY_MUSIC]"]}
{"loss": 0.9576775431632996, "class_log_probabilities": [-0.20450204610824585, -6.954989433288574, -7.121908664703369, -9.119040489196777], "predictions": [13, 18, 4, 4], "target_tokens": ["[IN:GET_WEATHER", "IN:GET_WEATHER]"], "predicted_tokens": ["[IN:GET_WEATHER", "IN:GET_WEATHER]"]}
{"loss": 1.6874436140060425, "class_log_probabilities": [-2.420898199081421, -2.5047686100006104, -4.098491191864014, -21.962793350219727], "predictions": [45, 16, 401, 402, 403, 404, 406, 17, 46, 4, 4, 4, 4, 4, 4, 4, 4, 4, 4, 4, 4, 4, 4, 4, 4, 4, 4, 4, 4, 4, 4, 4, 4, 4, 4, 4, 4, 4, 4, 4, 4, 4, 4, 4, 4, 4, 4, 4, 4, 4, 4, 4, 4, 4, 4, 4, 4, 4], "target_tokens": ["[IN:CREATE_ALARM", "[SL:DATE_TIME", "@ptr6", "@ptr7", "@ptr8", "@ptr9", "@ptr10", "@ptr11", "@ptr12", "SL:DATE_TIME]", "IN:CREATE_ALARM]"], "predicted_tokens": ["[IN:CREATE_ALARM", "[SL:DATE_TIME", "@ptr6", "@ptr7", "@ptr8", "@ptr9", "@ptr11", "SL:DATE_TIME]", "IN:CREATE_ALARM]"]}
{"loss": 3.5279572010040283, "class_log_probabilities": [-0.8418893218040466, -4.477359294891357, -4.842082977294922, -5.003479480743408], "predictions": [63, 86, 395, 396, 87, 64, 400, 65, 68, 4, 4, 4, 4, 4, 4], "target_tokens": ["[IN:PLAY_MUSIC", "[SL:MUSIC_GENRE", "@ptr8", "SL:MUSIC_GENRE]", "[SL:MUSIC_TYPE", "@ptr6", "SL:MUSIC_TYPE]", "[SL:MUSIC_TYPE", "@ptr5", "SL:MUSIC_TYPE]", "IN:PLAY_MUSIC]"], "predicted_tokens": ["[IN:PLAY_MUSIC", "[SL:MUSIC_PLAYLIST_TITLE", "@ptr0", "@ptr1", "SL:MUSIC_PLAYLIST_TITLE]", "[SL:MUSIC_TYPE", "@ptr5", "SL:MUSIC_TYPE]", "IN:PLAY_MUSIC]"]}
{"loss": 2.09724760055542, "class_log_probabilities": [-0.6803234219551086, -4.003450393676758, -4.351903438568115, -5.736693859100342], "predictions": [13, 16, 401, 402, 17, 18, 4, 4], "target_tokens": ["[IN:GET_WEATHER", "[SL:DATE_TIME", "@ptr5", "@ptr6", "@ptr7", "SL:DATE_TIME]", "IN:GET_WEATHER]"], "predicted_tokens": ["[IN:GET_WEATHER", "[SL:DATE_TIME", "@ptr6", "@ptr7", "SL:DATE_TIME]", "IN:GET_WEATHER]"]}
{"loss": 1.4348676204681396, "class_log_probabilities": [-0.5798227787017822, -4.007542610168457, -4.31434440612793, -5.733301639556885], "predictions": [13, 79, 402, 80, 16, 404, 17, 18, 4, 4], "target_tokens": ["[IN:GET_WEATHER", "[SL:WEATHER_ATTRIBUTE", "@ptr7", "SL:WEATHER_ATTRIBUTE]", "[SL:DATE_TIME", "@ptr8", "@ptr9", "SL:DATE_TIME]", "IN:GET_WEATHER]"], "predicted_tokens": ["[IN:GET_WEATHER", "[SL:WEATHER_ATTRIBUTE", "@ptr7", "SL:WEATHER_ATTRIBUTE]", "[SL:DATE_TIME", "@ptr9", "SL:DATE_TIME]", "IN:GET_WEATHER]"]}
{"loss": 0.9821620583534241, "class_log_probabilities": [-0.7395753264427185, -2.988718271255493, -5.414348602294922, -5.921004295349121], "predictions": [13, 79, 400, 80, 16, 401, 402, 403, 404, 405, 17, 18, 4, 4], "target_tokens": ["[IN:GET_WEATHER", "[SL:WEATHER_ATTRIBUTE", "@ptr5", "SL:WEATHER_ATTRIBUTE]", "[SL:DATE_TIME", "@ptr6", "@ptr7", "@ptr8", "@ptr9", "@ptr10", "SL:DATE_TIME]", "IN:GET_WEATHER]"], "predicted_tokens": ["[IN:GET_WEATHER", "[SL:WEATHER_ATTRIBUTE", "@ptr5", "SL:WEATHER_ATTRIBUTE]", "[SL:DATE_TIME", "@ptr6", "@ptr7", "@ptr8", "@ptr9", "@ptr10", "SL:DATE_TIME]", "IN:GET_WEATHER]"]}
{"loss": 0.9823706746101379, "class_log_probabilities": [-0.3898298740386963, -3.507896661758423, -6.696401596069336, -7.118355751037598], "predictions": [115, 90, 407, 91, 116, 4, 4, 4], "target_tokens": ["[IN:GET_TIMER", "[SL:METHOD_TIMER", "@ptr12", "SL:METHOD_TIMER]", "IN:GET_TIMER]"], "predicted_tokens": ["[IN:GET_TIMER", "[SL:METHOD_TIMER", "@ptr12", "SL:METHOD_TIMER]", "IN:GET_TIMER]"]}
{"loss": 0.9788342118263245, "class_log_probabilities": [-0.523183286190033, -4.669029712677002, -5.8767242431640625, -6.309055328369141], "predictions": [39, 40, 404, 41, 42, 4], "target_tokens": ["[IN:GET_STORIES_NEWS", "[SL:NEWS_TYPE", "@ptr9", "SL:NEWS_TYPE]", "IN:GET_STORIES_NEWS]"], "predicted_tokens": ["[IN:GET_STORIES_NEWS", "[SL:NEWS_TYPE", "@ptr9", "SL:NEWS_TYPE]", "IN:GET_STORIES_NEWS]"]}
{"loss": 1.2866491079330444, "class_log_probabilities": [-0.7135495543479919, -4.482808589935303, -5.783012390136719, -6.074955940246582], "predictions": [89, 90, 397, 91, 16, 399, 400, 401, 402, 403, 17, 92, 4, 4], "target_tokens": ["[IN:CREATE_TIMER", "[SL:METHOD_TIMER", "@ptr2", "SL:METHOD_TIMER]", "[SL:DATE_TIME", "@ptr3", "@ptr4", "@ptr5", "@ptr6", "@ptr7", "@ptr8", "SL:DATE_TIME]", "IN:CREATE_TIMER]"], "predicted_tokens": ["[IN:CREATE_TIMER", "[SL:METHOD_TIMER", "@ptr2", "SL:METHOD_TIMER]", "[SL:DATE_TIME", "@ptr4", "@ptr5", "@ptr6", "@ptr7", "@ptr8", "SL:DATE_TIME]", "IN:CREATE_TIMER]"]}
{"loss": 0.96739661693573, "class_log_probabilities": [-0.5302245020866394, -6.426056861877441, -7.702445983886719, -7.960982322692871], "predictions": [13, 14, 401, 402, 15, 16, 403, 17, 18, 4, 4], "target_tokens": ["[IN:GET_WEATHER", "[SL:LOCATION", "@ptr6", "@ptr7", "SL:LOCATION]", "[SL:DATE_TIME", "@ptr8", "SL:DATE_TIME]", "IN:GET_WEATHER]"], "predicted_tokens": ["[IN:GET_WEATHER", "[SL:LOCATION", "@ptr6", "@ptr7", "SL:LOCATION]", "[SL:DATE_TIME", "@ptr8", "SL:DATE_TIME]", "IN:GET_WEATHER]"]}
{"loss": 2.8454184532165527, "class_log_probabilities": [-5.083297252655029, -5.1141180992126465, -5.913170337677002, -45.58400344848633], "predictions": [89, 20, 400, 21, 20, 401, 21, 16, 403, 405, 17, 92, 4, 4, 4, 4, 4, 4, 4, 4, 4, 4, 4, 4, 4, 4, 4, 4, 4, 4, 4, 4, 4, 4, 4, 4, 4, 4, 4, 4, 4, 4, 4, 4, 4, 4, 4, 4, 4, 4, 4, 4, 4, 4, 4, 4, 4, 4, 4, 4, 4, 4, 4, 4, 4, 4, 4, 4, 4, 4, 4, 4, 4, 4, 4, 4, 4, 4, 4, 4, 4, 4, 4, 4, 4, 4, 4, 4, 4, 4, 4, 4, 4, 4, 4, 4, 4, 4, 4, 4], "target_tokens": ["[IN:CREATE_TIMER", "[SL:ORDINAL", "@ptr5", "SL:ORDINAL]", "[SL:METHOD_TIMER", "@ptr6", "SL:METHOD_TIMER]", "[SL:DATE_TIME", "@ptr7", "@ptr8", "@ptr9", "SL:DATE_TIME]", "IN:CREATE_TIMER]"], "predicted_tokens": ["[IN:CREATE_TIMER", "[SL:ORDINAL", "@ptr5", "SL:ORDINAL]", "[SL:ORDINAL", "@ptr6", "SL:ORDINAL]", "[SL:DATE_TIME", "@ptr8", "@ptr10", "SL:DATE_TIME]", "IN:CREATE_TIMER]"]}
{"loss": 1.5821720361709595, "class_log_probabilities": [-4.942393779754639, -11.994643211364746, -83.04690551757812, -83.34580993652344], "predictions": [13, 79, 407, 80, 16, 408, 17, 18, 4, 4, 4, 4, 4, 4, 4, 4, 4, 4, 4, 4, 4, 4, 4, 4, 4, 4, 4, 4, 4, 4, 4, 4, 4, 4, 4, 4, 4, 4, 4, 4, 4, 4, 4, 4, 4, 4, 4, 4, 4, 4, 4, 4, 4, 4, 4, 4, 4, 4, 4, 4, 4, 4, 4, 4, 4, 4, 4, 4, 4, 4, 4, 4, 4, 4, 4, 4, 4, 4, 4, 4, 4, 4, 4, 4, 4, 4, 4, 4, 4, 4, 4, 4, 4, 4, 4, 4, 4, 4, 4, 4], "target_tokens": ["[IN:GET_WEATHER", "[SL:WEATHER_ATTRIBUTE", "@ptr11", "SL:WEATHER_ATTRIBUTE]", "[SL:DATE_TIME", "@ptr12", "@ptr13", "SL:DATE_TIME]", "IN:GET_WEATHER]"], "predicted_tokens": ["[IN:GET_WEATHER", "[SL:WEATHER_ATTRIBUTE", "@ptr12", "SL:WEATHER_ATTRIBUTE]", "[SL:DATE_TIME", "@ptr13", "SL:DATE_TIME]", "IN:GET_WEATHER]"]}
{"loss": 1.3929188251495361, "class_log_probabilities": [-0.9822710752487183, -4.113173484802246, -4.612303733825684, -5.449352741241455], "predictions": [45, 16, 401, 402, 403, 17, 46, 4], "target_tokens": ["[IN:CREATE_ALARM", "[SL:DATE_TIME", "@ptr6", "@ptr7", "SL:DATE_TIME]", "IN:CREATE_ALARM]"], "predicted_tokens": ["[IN:CREATE_ALARM", "[SL:DATE_TIME", "@ptr6", "@ptr7", "@ptr8", "SL:DATE_TIME]", "IN:CREATE_ALARM]"]}
{"loss": 1.2370936870574951, "class_log_probabilities": [-1.839250922203064, -2.9681921005249023, -3.5884132385253906, -4.604990482330322], "predictions": [13, 79, 400, 80, 16, 402, 17, 18, 4, 4, 4, 4], "target_tokens": ["[IN:GET_WEATHER", "[SL:WEATHER_ATTRIBUTE", "@ptr5", "SL:WEATHER_ATTRIBUTE]", "[SL:LOCATION", "@ptr7", "SL:LOCATION]", "[SL:DATE_TIME", "@ptr8", "SL:DATE_TIME]", "IN:GET_WEATHER]"], "predicted_tokens": ["[IN:GET_WEATHER", "[SL:WEATHER_ATTRIBUTE", "@ptr5", "SL:WEATHER_ATTRIBUTE]", "[SL:DATE_TIME", "@ptr7", "SL:DATE_TIME]", "IN:GET_WEATHER]"]}
{"loss": 2.689206600189209, "class_log_probabilities": [-1.3477767705917358, -3.1995179653167725, -4.516899108886719, -6.483766555786133], "predictions": [39, 131, 395, 132, 133, 399, 134, 42, 4, 4, 4, 4], "target_tokens": ["[IN:GET_STORIES_NEWS", "[SL:NEWS_SOURCE", "@ptr4", "SL:NEWS_SOURCE]", "[SL:NEWS_TYPE", "@ptr0", "@ptr1", "SL:NEWS_TYPE]", "IN:GET_STORIES_NEWS]"], "predicted_tokens": ["[IN:GET_STORIES_NEWS", "[SL:NEWS_REFERENCE", "@ptr0", "SL:NEWS_REFERENCE]", "[SL:NEWS_SOURCE", "@ptr4", "SL:NEWS_SOURCE]", "IN:GET_STORIES_NEWS]"]}
{"loss": 0.9732386469841003, "class_log_probabilities": [-0.32025080919265747, -7.041498184204102, -7.744943618774414, -7.885374546051025], "predictions": [115, 90, 402, 91, 116, 4], "target_tokens": ["[IN:GET_TIMER", "[SL:METHOD_TIMER", "@ptr7", "SL:METHOD_TIMER]", "IN:GET_TIMER]"], "predicted_tokens": ["[IN:GET_TIMER", "[SL:METHOD_TIMER", "@ptr7", "SL:METHOD_TIMER]", "IN:GET_TIMER]"]}
{"loss": 0.9592773914337158, "class_log_probabilities": [-0.38370147347450256, -7.318920612335205, -7.345290184020996, -7.557209491729736], "predictions": [13, 79, 402, 80, 18, 4, 4], "target_tokens": ["[IN:GET_WEATHER", "[SL:WEATHER_ATTRIBUTE", "@ptr7", "SL:WEATHER_ATTRIBUTE]", "IN:GET_WEATHER]"], "predicted_tokens": ["[IN:GET_WEATHER", "[SL:WEATHER_ATTRIBUTE", "@ptr7", "SL:WEATHER_ATTRIBUTE]", "IN:GET_WEATHER]"]}
{"loss": 0.9694336652755737, "class_log_probabilities": [-0.5043522715568542, -6.5011138916015625, -7.569334506988525, -7.860260486602783], "predictions": [13, 79, 400, 80, 16, 401, 402, 17, 18, 4, 4, 4], "target_tokens": ["[IN:GET_WEATHER", "[SL:WEATHER_ATTRIBUTE", "@ptr5", "SL:WEATHER_ATTRIBUTE]", "[SL:DATE_TIME", "@ptr6", "@ptr7", "SL:DATE_TIME]", "IN:GET_WEATHER]"], "predicted_tokens": ["[IN:GET_WEATHER", "[SL:WEATHER_ATTRIBUTE", "@ptr5", "SL:WEATHER_ATTRIBUTE]", "[SL:DATE_TIME", "@ptr6", "@ptr7", "SL:DATE_TIME]", "IN:GET_WEATHER]"]}
{"loss": 1.6462936401367188, "class_log_probabilities": [-1.220618486404419, -2.5145175457000732, -5.392211437225342, -6.001626014709473], "predictions": [39, 40, 397, 41, 56, 399, 400, 401, 402, 403, 404, 57, 42, 4, 4], "target_tokens": ["[IN:GET_STORIES_NEWS", "[SL:NEWS_TYPE", "@ptr2", "SL:NEWS_TYPE]", "[SL:NEWS_TOPIC", "@ptr5", "@ptr6", "@ptr7", "@ptr8", "SL:NEWS_TOPIC]", "IN:GET_STORIES_NEWS]"], "predicted_tokens": ["[IN:GET_STORIES_NEWS", "[SL:NEWS_TYPE", "@ptr2", "SL:NEWS_TYPE]", "[SL:NEWS_TOPIC", "@ptr4", "@ptr5", "@ptr6", "@ptr7", "@ptr8", "@ptr9", "SL:NEWS_TOPIC]", "IN:GET_STORIES_NEWS]"]}
{"loss": 0.9636892676353455, "class_log_probabilities": [-0.39885854721069336, -7.219954013824463, -7.489006042480469, -8.007013320922852], "predictions": [13, 14, 401, 402, 15, 18, 4], "target_tokens": ["[IN:GET_WEATHER", "[SL:LOCATION", "@ptr6", "@ptr7", "SL:LOCATION]", "IN:GET_WEATHER]"], "predicted_tokens": ["[IN:GET_WEATHER", "[SL:LOCATION", "@ptr6", "@ptr7", "SL:LOCATION]", "IN:GET_WEATHER]"]}
{"loss": 3.140859365463257, "class_log_probabilities": [-4.20220422744751, -4.320752143859863, -4.590830326080322, -5.140466213226318], "predictions": [63, 101, 395, 396, 397, 398, 399, 400, 401, 402, 102, 68, 4], "target_tokens": ["[IN:GET_WEATHER", "[SL:WEATHER_ATTRIBUTE", "@ptr0", "SL:WEATHER_ATTRIBUTE]", "[SL:DATE_TIME", "@ptr5", "@ptr6", "@ptr7", "@ptr8", "SL:DATE_TIME]", "IN:GET_WEATHER]"], "predicted_tokens": ["[IN:PLAY_MUSIC", "[SL:MUSIC_TRACK_TITLE", "@ptr0", "@ptr1", "@ptr2", "@ptr3", "@ptr4", "@ptr5", "@ptr6", "@ptr7", "SL:MUSIC_TRACK_TITLE]", "IN:PLAY_MUSIC]"]}
{"loss": 2.826564073562622, "class_log_probabilities": [-6.343844413757324, -6.373199462890625, -7.528627395629883, -9.15449333190918], "predictions": [39, 133, 405, 134, 16, 401, 402, 403, 404, 17, 133, 405, 134, 42, 4, 4], "target_tokens": ["[IN:GET_STORIES_NEWS", "[SL:DATE_TIME", "@ptr6", "@ptr7", "@ptr8", "SL:DATE_TIME]", "[SL:NEWS_SOURCE", "@ptr10", "SL:NEWS_SOURCE]", "[SL:NEWS_TYPE", "@ptr4", "@ptr5", "SL:NEWS_TYPE]", "IN:GET_STORIES_NEWS]"], "predicted_tokens": ["[IN:GET_STORIES_NEWS", "[SL:NEWS_SOURCE", "@ptr10", "SL:NEWS_SOURCE]", "[SL:DATE_TIME", "@ptr6", "@ptr7", "@ptr8", "@ptr9", "SL:DATE_TIME]", "[SL:NEWS_SOURCE", "@ptr10", "SL:NEWS_SOURCE]", "IN:GET_STORIES_NEWS]"]}
{"loss": 2.6855695247650146, "class_log_probabilities": [-0.6529397964477539, -3.8739817142486572, -4.733058929443359, -6.71424674987793], "predictions": [45, 16, 399, 400, 401, 17, 46, 4, 4], "target_tokens": ["[IN:CREATE_ALARM", "[SL:DATE_TIME", "@ptr3", "@ptr4", "@ptr5", "SL:DATE_TIME]", "IN:CREATE_ALARM]"], "predicted_tokens": ["[IN:CREATE_ALARM", "[SL:DATE_TIME", "@ptr4", "@ptr5", "@ptr6", "SL:DATE_TIME]", "IN:CREATE_ALARM]"]}
{"loss": 0.9846028089523315, "class_log_probabilities": [-0.6562516093254089, -4.147257328033447, -4.276697158813477, -4.320554256439209], "predictions": [219, 16, 396, 397, 17, 90, 400, 91, 220, 4, 4], "target_tokens": ["[IN:SUBTRACT_TIME_TIMER", "[SL:DATE_TIME", "@ptr1", "@ptr2", "SL:DATE_TIME]", "[SL:METHOD_TIMER", "@ptr5", "SL:METHOD_TIMER]", "IN:SUBTRACT_TIME_TIMER]"], "predicted_tokens": ["[IN:SUBTRACT_TIME_TIMER", "[SL:DATE_TIME", "@ptr1", "@ptr2", "SL:DATE_TIME]", "[SL:METHOD_TIMER", "@ptr5", "SL:METHOD_TIMER]", "IN:SUBTRACT_TIME_TIMER]"]}
{"loss": 2.5561606884002686, "class_log_probabilities": [-1.8147951364517212, -2.7369678020477295, -3.7963709831237793, -4.253739833831787], "predictions": [39, 131, 398, 132, 133, 401, 134, 42, 4, 4, 4, 4], "target_tokens": ["[IN:GET_STORIES_NEWS", "[SL:NEWS_SOURCE", "@ptr6", "SL:NEWS_SOURCE]", "[SL:NEWS_TYPE", "@ptr3", "@ptr4", "SL:NEWS_TYPE]", "IN:GET_STORIES_NEWS]"], "predicted_tokens": ["[IN:GET_STORIES_NEWS", "[SL:NEWS_REFERENCE", "@ptr3", "SL:NEWS_REFERENCE]", "[SL:NEWS_SOURCE", "@ptr6", "SL:NEWS_SOURCE]", "IN:GET_STORIES_NEWS]"]}
{"loss": 3.09737229347229, "class_log_probabilities": [-1.5086787939071655, -3.180253505706787, -4.303575038909912, -4.845578193664551], "predictions": [275, 167, 397, 168, 276, 4], "target_tokens": ["[IN:CREATE_TIMER", "[SL:TIMER_NAME", "@ptr4", "SL:TIMER_NAME]", "[SL:METHOD_TIMER", "@ptr2", "SL:METHOD_TIMER]", "IN:CREATE_TIMER]"], "predicted_tokens": ["[IN:RESUME_TIMER", "[SL:TIMER_NAME", "@ptr2", "SL:TIMER_NAME]", "IN:RESUME_TIMER]"]}
{"loss": 1.4110240936279297, "class_log_probabilities": [-2.088188648223877, -2.8393280506134033, -3.5964879989624023, -84.59820556640625], "predictions": [39, 40, 398, 41, 56, 400, 401, 402, 403, 404, 405, 57, 42, 4, 4, 4, 4, 4, 4, 4, 4, 4, 4, 4, 4, 4, 4, 4, 4, 4, 4, 4, 4, 4, 4, 4, 4, 4, 4, 4, 4, 4, 4, 4, 4, 4, 4, 4, 4, 4, 4, 4, 4, 4, 4, 4, 4, 4, 4, 4, 4, 4, 4, 4, 4, 4, 4, 4, 4, 4, 4, 4, 4, 4, 4, 4, 4, 4, 4, 4, 4, 4, 4, 4, 4, 4, 4, 4, 4, 4, 4, 4, 4, 4, 4, 4, 4, 4, 4, 4], "target_tokens": ["[IN:GET_STORIES_NEWS", "[SL:NEWS_TYPE", "@ptr3", "SL:NEWS_TYPE]", "[SL:NEWS_TOPIC", "@ptr6", "@ptr7", "@ptr8", "@ptr9", "@ptr10", "SL:NEWS_TOPIC]", "IN:GET_STORIES_NEWS]"], "predicted_tokens": ["[IN:GET_STORIES_NEWS", "[SL:NEWS_TYPE", "@ptr3", "SL:NEWS_TYPE]", "[SL:NEWS_TOPIC", "@ptr5", "@ptr6", "@ptr7", "@ptr8", "@ptr9", "@ptr10", "SL:NEWS_TOPIC]", "IN:GET_STORIES_NEWS]"]}
{"loss": 1.8328737020492554, "class_log_probabilities": [-1.5635441541671753, -3.807321786880493, -4.001377582550049, -4.7607927322387695], "predictions": [39, 131, 398, 132, 40, 399, 41, 16, 400, 17, 42, 4], "target_tokens": ["[IN:GET_STORIES_NEWS", "[SL:NEWS_TYPE", "@ptr3", "@ptr4", "SL:NEWS_TYPE]", "[SL:DATE_TIME", "@ptr5", "SL:DATE_TIME]", "IN:GET_STORIES_NEWS]"], "predicted_tokens": ["[IN:GET_STORIES_NEWS", "[SL:NEWS_REFERENCE", "@ptr3", "SL:NEWS_REFERENCE]", "[SL:NEWS_TYPE", "@ptr4", "SL:NEWS_TYPE]", "[SL:DATE_TIME", "@ptr5", "SL:DATE_TIME]", "IN:GET_STORIES_NEWS]"]}
{"loss": 2.8129935264587402, "class_log_probabilities": [-1.6510417461395264, -4.364297866821289, -4.907379150390625, -5.8496413230896], "predictions": [39, 131, 398, 132, 40, 399, 41, 42, 4, 4, 4, 4], "target_tokens": ["[IN:GET_STORIES_NEWS", "[SL:DATE_TIME", "@ptr5", "@ptr6", "SL:DATE_TIME]", "[SL:NEWS_REFERENCE", "@ptr3", "SL:NEWS_REFERENCE]", "[SL:NEWS_TYPE", "@ptr4", "SL:NEWS_TYPE]", "IN:GET_STORIES_NEWS]"], "predicted_tokens": ["[IN:GET_STORIES_NEWS", "[SL:NEWS_REFERENCE", "@ptr3", "SL:NEWS_REFERENCE]", "[SL:NEWS_TYPE", "@ptr4", "SL:NEWS_TYPE]", "IN:GET_STORIES_NEWS]"]}
{"loss": 2.1203808784484863, "class_log_probabilities": [-2.9120819568634033, -3.5521206855773926, -3.7018799781799316, -4.552270889282227], "predictions": [55, 16, 396, 397, 398, 17, 56, 400, 401, 402, 57, 58, 4, 4, 4, 4], "target_tokens": ["[IN:GET_STORIES_NEWS", "[SL:NEWS_REFERENCE", "@ptr2", "@ptr3", "SL:NEWS_REFERENCE]", "[SL:NEWS_TYPE", "@ptr0", "SL:NEWS_TYPE]", "[SL:NEWS_TOPIC", "@ptr5", "@ptr6", "@ptr7", "SL:NEWS_TOPIC]", "IN:GET_STORIES_NEWS]"], "predicted_tokens": ["[IN:QUESTION_NEWS", "[SL:DATE_TIME", "@ptr1", "@ptr2", "@ptr3", "SL:DATE_TIME]", "[SL:NEWS_TOPIC", "@ptr5", "@ptr6", "@ptr7", "SL:NEWS_TOPIC]", "IN:QUESTION_NEWS]"]}
{"loss": 1.5747148990631104, "class_log_probabilities": [-3.6847681999206543, -4.384930610656738, -4.432507038116455, -4.61895751953125], "predictions": [191, 64, 397, 65, 86, 403, 87, 88, 4, 4, 4], "target_tokens": ["[IN:ADD_TO_PLAYLIST_MUSIC", "[SL:MUSIC_TYPE", "@ptr2", "SL:MUSIC_TYPE]", "[SL:MUSIC_TYPE", "@ptr5", "@ptr6", "@ptr7", "SL:MUSIC_TYPE]", "[SL:MUSIC_PLAYLIST_TITLE", "@ptr8", "SL:MUSIC_PLAYLIST_TITLE]", "IN:ADD_TO_PLAYLIST_MUSIC]"], "predicted_tokens": ["[IN:ADD_TO_PLAYLIST_MUSIC", "[SL:MUSIC_TYPE", "@ptr2", "SL:MUSIC_TYPE]", "[SL:MUSIC_PLAYLIST_TITLE", "@ptr8", "SL:MUSIC_PLAYLIST_TITLE]", "IN:CREATE_PLAYLIST_MUSIC]"]}
{"loss": 2.5222747325897217, "class_log_probabilities": [-0.5639767646789551, -5.145468711853027, -6.005318641662598, -6.432951927185059], "predictions": [227, 90, 397, 91, 16, 399, 400, 17, 228, 4], "target_tokens": ["[IN:CREATE_TIMER", "[SL:METHOD_TIMER", "@ptr2", "SL:METHOD_TIMER]", "[SL:DATE_TIME", "@ptr3", "@ptr4", "@ptr5", "SL:DATE_TIME]", "IN:CREATE_TIMER]"], "predicted_tokens": ["[IN:UPDATE_TIMER", "[SL:METHOD_TIMER", "@ptr2", "SL:METHOD_TIMER]", "[SL:DATE_TIME", "@ptr4", "@ptr5", "SL:DATE_TIME]", "IN:UPDATE_TIMER]"]}
{"loss": 2.7029762268066406, "class_log_probabilities": [-1.640190601348877, -2.427880048751831, -3.5971736907958984, -4.971174240112305], "predictions": [39, 40, 398, 399, 400, 41, 16, 404, 17, 40, 403, 17, 42, 4, 4, 4, 4], "target_tokens": ["[IN:GET_STORIES_NEWS", "[SL:NEWS_REFERENCE", "@ptr6", "@ptr7", "@ptr8", "SL:NEWS_REFERENCE]", "[SL:NEWS_TYPE", "@ptr3", "@ptr4", "@ptr5", "SL:NEWS_TYPE]", "[SL:DATE_TIME", "@ptr9", "SL:DATE_TIME]", "IN:GET_STORIES_NEWS]"], "predicted_tokens": ["[IN:GET_STORIES_NEWS", "[SL:NEWS_TYPE", "@ptr3", "@ptr4", "@ptr5", "SL:NEWS_TYPE]", "[SL:DATE_TIME", "@ptr9", "SL:DATE_TIME]", "[SL:NEWS_TYPE", "@ptr8", "SL:DATE_TIME]", "IN:GET_STORIES_NEWS]"]}
{"loss": 2.203803777694702, "class_log_probabilities": [-1.2096508741378784, -1.7323750257492065, -5.182514667510986, -5.271595478057861], "predictions": [45, 16, 400, 401, 402, 403, 404, 17, 46, 4, 4, 4, 4], "target_tokens": ["[IN:CREATE_ALARM", "[SL:DATE_TIME", "@ptr3", "@ptr4", "@ptr5", "@ptr6", "@ptr7", "@ptr8", "SL:DATE_TIME]", "IN:CREATE_ALARM]"], "predicted_tokens": ["[IN:CREATE_ALARM", "[SL:DATE_TIME", "@ptr5", "@ptr6", "@ptr7", "@ptr8", "@ptr9", "SL:DATE_TIME]", "IN:CREATE_ALARM]"]}
{"loss": 3.125070810317993, "class_log_probabilities": [-4.489739894866943, -5.247028350830078, -6.705885410308838, -6.794000148773193], "predictions": [39, 40, 405, 41, 16, 408, 17, 42, 4, 4], "target_tokens": ["[IN:GET_WEATHER", "[SL:DATE_TIME", "@ptr12", "@ptr13", "SL:DATE_TIME]", "IN:GET_WEATHER]"], "predicted_tokens": ["[IN:GET_STORIES_NEWS", "[SL:NEWS_TYPE", "@ptr10", "SL:NEWS_TYPE]", "[SL:DATE_TIME", "@ptr13", "SL:DATE_TIME]", "IN:GET_STORIES_NEWS]"]}
{"loss": 0.9771612286567688, "class_log_probabilities": [-0.34599652886390686, -7.231703281402588, -7.518232345581055, -7.9029951095581055], "predictions": [217, 64, 398, 65, 218, 4, 4, 4], "target_tokens": ["[IN:GET_TRACK_INFO_MUSIC", "[SL:MUSIC_TYPE", "@ptr3", "SL:MUSIC_TYPE]", "IN:GET_TRACK_INFO_MUSIC]"], "predicted_tokens": ["[IN:GET_TRACK_INFO_MUSIC", "[SL:MUSIC_TYPE", "@ptr3", "SL:MUSIC_TYPE]", "IN:GET_TRACK_INFO_MUSIC]"]}
{"loss": 1.066399335861206, "class_log_probabilities": [-1.5068421363830566, -2.366562604904175, -4.176558971405029, -4.846776962280273], "predictions": [13, 79, 401, 80, 14, 403, 404, 15, 16, 406, 17, 18, 4, 4, 4, 4], "target_tokens": ["[IN:GET_WEATHER", "[SL:WEATHER_ATTRIBUTE", "@ptr6", "SL:WEATHER_ATTRIBUTE]", "[SL:LOCATION", "@ptr8", "@ptr9", "SL:LOCATION]", "[SL:DATE_TIME", "@ptr10", "SL:DATE_TIME]", "IN:GET_WEATHER]"], "predicted_tokens": ["[IN:GET_WEATHER", "[SL:WEATHER_ATTRIBUTE", "@ptr6", "SL:WEATHER_ATTRIBUTE]", "[SL:LOCATION", "@ptr8", "@ptr9", "SL:LOCATION]", "[SL:DATE_TIME", "@ptr11", "SL:DATE_TIME]", "IN:GET_WEATHER]"]}
{"loss": 3.3183701038360596, "class_log_probabilities": [-0.3416142463684082, -6.810110092163086, -7.627333164215088, -7.986871242523193], "predictions": [61, 16, 404, 17, 62, 4, 4], "target_tokens": ["[IN:GET_WEATHER", "[SL:DATE_TIME", "@ptr9", "SL:DATE_TIME]", "IN:GET_WEATHER]"], "predicted_tokens": ["[IN:GET_EVENT", "[SL:DATE_TIME", "@ptr9", "SL:DATE_TIME]", "IN:GET_EVENT]"]}
{"loss": 0.9642460942268372, "class_log_probabilities": [-0.37967371940612793, -6.22024393081665, -7.5718913078308105, -7.572478294372559], "predictions": [13, 14, 402, 15, 18, 4], "target_tokens": ["[IN:GET_WEATHER", "[SL:LOCATION", "@ptr7", "SL:LOCATION]", "IN:GET_WEATHER]"], "predicted_tokens": ["[IN:GET_WEATHER", "[SL:LOCATION", "@ptr7", "SL:LOCATION]", "IN:GET_WEATHER]"]}
{"loss": 1.0888688564300537, "class_log_probabilities": [-2.109259843826294, -2.498811721801758, -3.6975252628326416, -3.8818583488464355], "predictions": [55, 56, 398, 399, 400, 401, 402, 403, 57, 58, 4, 4], "target_tokens": ["[IN:QUESTION_NEWS", "[SL:NEWS_TOPIC", "@ptr3", "@ptr4", "@ptr5", "@ptr6", "@ptr7", "@ptr8", "@ptr9", "SL:NEWS_TOPIC]", "IN:QUESTION_NEWS]"], "predicted_tokens": ["[IN:QUESTION_NEWS", "[SL:NEWS_TOPIC", "@ptr3", "@ptr4", "@ptr5", "@ptr6", "@ptr7", "@ptr8", "SL:NEWS_TOPIC]", "IN:QUESTION_NEWS]"]}
{"loss": 4.55783748626709, "class_log_probabilities": [-1.1028130054473877, -1.8396912813186646, -4.123338222503662, -5.051924705505371], "predictions": [287, 64, 402, 65, 288, 4], "target_tokens": ["[IN:REWIND_MUSIC", "[SL:ORDINAL", "@ptr3", "SL:ORDINAL]", "[SL:MUSIC_REWIND_TIME", "@ptr2", "@ptr4", "SL:MUSIC_REWIND_TIME]", "[SL:MUSIC_TYPE", "@ptr7", "SL:MUSIC_TYPE]", "IN:REWIND_MUSIC]"], "predicted_tokens": ["[IN:REPLAY_MUSIC", "[SL:MUSIC_TYPE", "@ptr7", "SL:MUSIC_TYPE]", "IN:REPLAY_MUSIC]"]}
{"loss": 0.962001621723175, "class_log_probabilities": [-0.37832513451576233, -4.980846881866455, -7.554159641265869, -7.669769763946533], "predictions": [13, 79, 400, 80, 18, 4, 4, 4], "target_tokens": ["[IN:GET_WEATHER", "[SL:WEATHER_ATTRIBUTE", "@ptr5", "SL:WEATHER_ATTRIBUTE]", "IN:GET_WEATHER]"], "predicted_tokens": ["[IN:GET_WEATHER", "[SL:WEATHER_ATTRIBUTE", "@ptr5", "SL:WEATHER_ATTRIBUTE]", "IN:GET_WEATHER]"]}
{"loss": 0.9661557674407959, "class_log_probabilities": [-0.3374345302581787, -6.036886215209961, -7.798510551452637, -7.827885627746582], "predictions": [39, 40, 399, 41, 42, 4, 4], "target_tokens": ["[IN:GET_STORIES_NEWS", "[SL:NEWS_TYPE", "@ptr4", "SL:NEWS_TYPE]", "IN:GET_STORIES_NEWS]"], "predicted_tokens": ["[IN:GET_STORIES_NEWS", "[SL:NEWS_TYPE", "@ptr4", "SL:NEWS_TYPE]", "IN:GET_STORIES_NEWS]"]}
{"loss": 0.9662598371505737, "class_log_probabilities": [-0.47476744651794434, -7.259675979614258, -8.02291488647461, -8.024507522583008], "predictions": [13, 14, 401, 15, 16, 402, 17, 18, 4], "target_tokens": ["[IN:GET_WEATHER", "[SL:LOCATION", "@ptr6", "SL:LOCATION]", "[SL:DATE_TIME", "@ptr7", "SL:DATE_TIME]", "IN:GET_WEATHER]"], "predicted_tokens": ["[IN:GET_WEATHER", "[SL:LOCATION", "@ptr6", "SL:LOCATION]", "[SL:DATE_TIME", "@ptr7", "SL:DATE_TIME]", "IN:GET_WEATHER]"]}
{"loss": 1.4587554931640625, "class_log_probabilities": [-3.232534408569336, -4.485508441925049, -5.294212818145752, -6.325322151184082], "predictions": [63, 151, 404, 152, 64, 405, 65, 68, 4, 4, 4, 4, 4, 4, 4], "target_tokens": ["[IN:PLAY_MUSIC", "[SL:MUSIC_GENRE", "@ptr10", "SL:MUSIC_GENRE]", "[SL:MUSIC_TYPE", "@ptr9", "SL:MUSIC_TYPE]", "IN:PLAY_MUSIC]"], "predicted_tokens": ["[IN:PLAY_MUSIC", "[SL:MUSIC_GENRE", "@ptr9", "SL:MUSIC_GENRE]", "[SL:MUSIC_TYPE", "@ptr10", "SL:MUSIC_TYPE]", "IN:PLAY_MUSIC]"]}
{"loss": 0.9824044108390808, "class_log_probabilities": [-0.14680719375610352, -7.7447829246521, -7.849818706512451, -7.940003871917725], "predictions": [19, 22, 4], "target_tokens": ["[IN:GET_ALARM", "IN:GET_ALARM]"], "predicted_tokens": ["[IN:GET_ALARM", "IN:GET_ALARM]"]}
{"loss": 2.0082480907440186, "class_log_probabilities": [-1.8424618244171143, -1.9755736589431763, -2.0989696979522705, -4.684691429138184], "predictions": [89, 16, 400, 401, 17, 92, 4, 4, 4, 4], "target_tokens": ["[IN:CREATE_TIMER", "[SL:METHOD_TIMER", "@ptr3", "SL:METHOD_TIMER]", "[SL:DATE_TIME", "@ptr4", "@ptr5", "@ptr6", "SL:DATE_TIME]", "IN:CREATE_TIMER]"], "predicted_tokens": ["[IN:CREATE_TIMER", "[SL:DATE_TIME", "@ptr5", "@ptr6", "SL:DATE_TIME]", "IN:CREATE_TIMER]"]}
{"loss": 2.011991262435913, "class_log_probabilities": [-2.0563011169433594, -2.6441152095794678, -3.6682584285736084, -3.7141520977020264], "predictions": [275, 90, 397, 91, 16, 399, 400, 17, 276, 4], "target_tokens": ["[IN:RESUME_TIMER", "[SL:METHOD_TIMER", "@ptr2", "SL:METHOD_TIMER]", "[SL:DATE_TIME", "@ptr3", "@ptr4", "@ptr5", "SL:DATE_TIME]", "IN:RESUME_TIMER]"], "predicted_tokens": ["[IN:RESUME_TIMER", "[SL:METHOD_TIMER", "@ptr2", "SL:METHOD_TIMER]", "[SL:DATE_TIME", "@ptr4", "@ptr5", "SL:DATE_TIME]", "IN:RESUME_TIMER]"]}
{"loss": 1.5785410404205322, "class_log_probabilities": [-1.2068288326263428, -2.718630313873291, -4.363952159881592, -4.591255187988281], "predictions": [45, 16, 399, 400, 401, 17, 46, 4, 4, 4, 4], "target_tokens": ["[IN:CREATE_ALARM", "[SL:DATE_TIME", "@ptr3", "@ptr4", "@ptr5", "@ptr6", "SL:DATE_TIME]", "IN:CREATE_ALARM]"], "predicted_tokens": ["[IN:CREATE_ALARM", "[SL:DATE_TIME", "@ptr4", "@ptr5", "@ptr6", "SL:DATE_TIME]", "IN:CREATE_ALARM]"]}
{"loss": 1.1420906782150269, "class_log_probabilities": [-1.7639583349227905, -1.955039381980896, -4.791396617889404, -4.82110595703125], "predictions": [287, 64, 398, 65, 288, 4, 4, 4, 4], "target_tokens": ["[IN:REPLAY_MUSIC", "[SL:MUSIC_TYPE", "@ptr3", "SL:MUSIC_TYPE]", "IN:REPLAY_MUSIC]"], "predicted_tokens": ["[IN:REPLAY_MUSIC", "[SL:MUSIC_TYPE", "@ptr3", "SL:MUSIC_TYPE]", "IN:REPLAY_MUSIC]"]}
{"loss": 2.848939895629883, "class_log_probabilities": [-2.8105885982513428, -4.035098075866699, -4.495906829833984, -5.0551438331604], "predictions": [63, 151, 395, 152, 151, 398, 152, 68, 4, 4, 4, 4], "target_tokens": ["[IN:PLAY_MUSIC", "[SL:MUSIC_GENRE", "@ptr4", "SL:MUSIC_GENRE]", "[SL:MUSIC_TYPE", "@ptr3", "SL:MUSIC_TYPE]", "IN:PLAY_MUSIC]"], "predicted_tokens": ["[IN:PLAY_MUSIC", "[SL:MUSIC_GENRE", "@ptr0", "SL:MUSIC_GENRE]", "[SL:MUSIC_GENRE", "@ptr3", "SL:MUSIC_GENRE]", "IN:PLAY_MUSIC]"]}
{"loss": 0.984844982624054, "class_log_probabilities": [-0.7851653099060059, -2.2974190711975098, -5.122877597808838, -5.736582279205322], "predictions": [13, 79, 403, 80, 16, 404, 405, 17, 18, 4, 4], "target_tokens": ["[IN:GET_WEATHER", "[SL:WEATHER_ATTRIBUTE", "@ptr8", "SL:WEATHER_ATTRIBUTE]", "[SL:DATE_TIME", "@ptr9", "@ptr10", "SL:DATE_TIME]", "IN:GET_WEATHER]"], "predicted_tokens": ["[IN:GET_WEATHER", "[SL:WEATHER_ATTRIBUTE", "@ptr8", "SL:WEATHER_ATTRIBUTE]", "[SL:DATE_TIME", "@ptr9", "@ptr10", "SL:DATE_TIME]", "IN:GET_WEATHER]"]}
{"loss": 0.9985857009887695, "class_log_probabilities": [-0.3526374399662018, -6.345193386077881, -6.552549362182617, -7.199023246765137], "predictions": [221, 16, 402, 17, 222, 4, 4, 4], "target_tokens": ["[IN:GET_SUNSET", "[SL:DATE_TIME", "@ptr7", "SL:DATE_TIME]", "IN:GET_SUNSET]"], "predicted_tokens": ["[IN:GET_SUNSET", "[SL:DATE_TIME", "@ptr7", "SL:DATE_TIME]", "IN:GET_SUNSET]"]}
{"loss": 3.4796643257141113, "class_log_probabilities": [-5.8347625732421875, -7.197164058685303, -22.40241050720215, -45.13462448120117], "predictions": [191, 206, 397, 398, 207, 66, 400, 401, 67, 64, 407, 65, 64, 404, 65, 192, 4, 4, 4, 4, 4, 4, 4, 4, 4, 4, 4, 4, 4, 4, 4, 4, 4, 4, 4, 4, 4, 4, 4, 4, 4, 4, 4, 4, 4, 4, 4, 4, 4, 4, 4, 4, 4, 4, 4, 4, 4, 4, 4, 4, 4, 4, 4, 4, 4, 4, 4, 4, 4, 4, 4, 4, 4, 4, 4, 4, 4, 4, 4, 4, 4, 4, 4, 4, 4, 4, 4, 4, 4, 4, 4, 4, 4, 4, 4, 4, 4, 4, 4, 4], "target_tokens": ["[IN:ADD_TO_PLAYLIST_MUSIC", "[SL:MUSIC_TYPE", "@ptr2", "SL:MUSIC_TYPE]", "[SL:MUSIC_TRACK_TITLE", "@ptr3", "SL:MUSIC_TRACK_TITLE]", "[SL:MUSIC_ARTIST_NAME", "@ptr5", "@ptr6", "SL:MUSIC_ARTIST_NAME]", "[SL:MUSIC_TYPE", "@ptr9", "@ptr10", "@ptr11", "SL:MUSIC_TYPE]", "[SL:MUSIC_PLAYLIST_TITLE", "@ptr12", "SL:MUSIC_PLAYLIST_TITLE]", "IN:ADD_TO_PLAYLIST_MUSIC]"], "predicted_tokens": ["[IN:ADD_TO_PLAYLIST_MUSIC", "[SL:MUSIC_ALBUM_TITLE", "@ptr2", "@ptr3", "SL:MUSIC_ALBUM_TITLE]", "[SL:MUSIC_ARTIST_NAME", "@ptr5", "@ptr6", "SL:MUSIC_ARTIST_NAME]", "[SL:MUSIC_TYPE", "@ptr12", "SL:MUSIC_TYPE]", "[SL:MUSIC_TYPE", "@ptr9", "SL:MUSIC_TYPE]", "IN:ADD_TO_PLAYLIST_MUSIC]"]}
{"loss": 1.503661036491394, "class_log_probabilities": [-3.46726131439209, -3.561535120010376, -4.474077224731445, -5.8302226066589355], "predictions": [39, 43, 407, 44, 43, 407, 44, 40, 408, 407, 41, 42, 4, 4], "target_tokens": ["[IN:GET_STORIES_NEWS", "[SL:NEWS_CATEGORY", "@ptr12", "SL:NEWS_CATEGORY]", "[SL:NEWS_TYPE", "@ptr11", "SL:NEWS_TYPE]", "IN:GET_STORIES_NEWS]"], "predicted_tokens": ["[IN:GET_STORIES_NEWS", "[SL:NEWS_CATEGORY", "@ptr12", "SL:NEWS_CATEGORY]", "[SL:NEWS_CATEGORY", "@ptr12", "SL:NEWS_CATEGORY]", "[SL:NEWS_TYPE", "@ptr13", "@ptr12", "SL:NEWS_TYPE]", "IN:GET_STORIES_NEWS]"]}
{"loss": 1.4504637718200684, "class_log_probabilities": [-1.8392714262008667, -2.6549324989318848, -2.7757344245910645, -2.919623374938965], "predictions": [13, 79, 400, 80, 18, 4, 4], "target_tokens": ["[IN:GET_WEATHER", "[SL:WEATHER_ATTRIBUTE", "@ptr3", "@ptr4", "@ptr5", "SL:WEATHER_ATTRIBUTE]", "IN:GET_WEATHER]"], "predicted_tokens": ["[IN:GET_WEATHER", "[SL:WEATHER_ATTRIBUTE", "@ptr5", "SL:WEATHER_ATTRIBUTE]", "IN:GET_WEATHER]"]}
{"loss": 1.0285223722457886, "class_log_probabilities": [-0.8669538497924805, -1.9602245092391968, -6.768277168273926, -7.021146774291992], "predictions": [13, 79, 404, 80, 18, 4, 4, 4, 4], "target_tokens": ["[IN:GET_WEATHER", "[SL:WEATHER_ATTRIBUTE", "@ptr9", "SL:WEATHER_ATTRIBUTE]", "IN:GET_WEATHER]"], "predicted_tokens": ["[IN:GET_WEATHER", "[SL:WEATHER_ATTRIBUTE", "@ptr9", "SL:WEATHER_ATTRIBUTE]", "IN:GET_WEATHER]"]}
{"loss": 0.9694997668266296, "class_log_probabilities": [-0.572980523109436, -6.358738422393799, -6.444892406463623, -6.530460834503174], "predictions": [13, 79, 399, 80, 16, 400, 401, 402, 17, 18, 4], "target_tokens": ["[IN:GET_WEATHER", "[SL:WEATHER_ATTRIBUTE", "@ptr4", "SL:WEATHER_ATTRIBUTE]", "[SL:DATE_TIME", "@ptr5", "@ptr6", "@ptr7", "SL:DATE_TIME]", "IN:GET_WEATHER]"], "predicted_tokens": ["[IN:GET_WEATHER", "[SL:WEATHER_ATTRIBUTE", "@ptr4", "SL:WEATHER_ATTRIBUTE]", "[SL:DATE_TIME", "@ptr5", "@ptr6", "@ptr7", "SL:DATE_TIME]", "IN:GET_WEATHER]"]}
{"loss": 3.187934160232544, "class_log_probabilities": [-0.6143427491188049, -3.1957144737243652, -5.441382884979248, -5.850186824798584], "predictions": [39, 40, 398, 41, 133, 403, 134, 42, 4, 4], "target_tokens": ["[IN:GET_STORIES_NEWS", "[SL:NEWS_REFERENCE", "@ptr4", "@ptr5", "@ptr6", "SL:NEWS_REFERENCE]", "[SL:NEWS_TYPE", "@ptr3", "SL:NEWS_TYPE]", "[SL:NEWS_SOURCE", "@ptr8", "SL:NEWS_SOURCE]", "IN:GET_STORIES_NEWS]"], "predicted_tokens": ["[IN:GET_STORIES_NEWS", "[SL:NEWS_TYPE", "@ptr3", "SL:NEWS_TYPE]", "[SL:NEWS_SOURCE", "@ptr8", "SL:NEWS_SOURCE]", "IN:GET_STORIES_NEWS]"]}
{"loss": 1.1369153261184692, "class_log_probabilities": [-0.9896436333656311, -3.073413133621216, -3.0952858924865723, -3.466263771057129], "predictions": [13, 79, 400, 80, 16, 401, 402, 17, 14, 404, 15, 18, 4, 4], "target_tokens": ["[IN:GET_WEATHER", "[SL:WEATHER_ATTRIBUTE", "@ptr5", "SL:WEATHER_ATTRIBUTE]", "[SL:DATE_TIME", "@ptr6", "@ptr7", "SL:DATE_TIME]", "[SL:LOCATION", "@ptr9", "@ptr10", "SL:LOCATION]", "IN:GET_WEATHER]"], "predicted_tokens": ["[IN:GET_WEATHER", "[SL:WEATHER_ATTRIBUTE", "@ptr5", "SL:WEATHER_ATTRIBUTE]", "[SL:DATE_TIME", "@ptr6", "@ptr7", "SL:DATE_TIME]", "[SL:LOCATION", "@ptr9", "SL:LOCATION]", "IN:GET_WEATHER]"]}
{"loss": 0.9723122715950012, "class_log_probabilities": [-0.21127502620220184, -5.326908588409424, -6.553107738494873, -6.7674736976623535], "predictions": [213, 214, 4], "target_tokens": ["[IN:SILENCE_ALARM", "IN:SILENCE_ALARM]"], "predicted_tokens": ["[IN:SILENCE_ALARM", "IN:SILENCE_ALARM]"]}
{"loss": 0.9807837009429932, "class_log_probabilities": [-0.2814975380897522, -7.430242538452148, -7.6566548347473145, -7.99208927154541], "predictions": [115, 90, 399, 91, 116, 4], "target_tokens": ["[IN:GET_TIMER", "[SL:METHOD_TIMER", "@ptr4", "SL:METHOD_TIMER]", "IN:GET_TIMER]"], "predicted_tokens": ["[IN:GET_TIMER", "[SL:METHOD_TIMER", "@ptr4", "SL:METHOD_TIMER]", "IN:GET_TIMER]"]}
{"loss": 0.9788305163383484, "class_log_probabilities": [-0.5245882272720337, -5.491420269012451, -6.788744926452637, -7.170740604400635], "predictions": [183, 16, 396, 397, 17, 90, 400, 91, 184, 4, 4], "target_tokens": ["[IN:ADD_TIME_TIMER", "[SL:DATE_TIME", "@ptr1", "@ptr2", "SL:DATE_TIME]", "[SL:METHOD_TIMER", "@ptr5", "SL:METHOD_TIMER]", "IN:ADD_TIME_TIMER]"], "predicted_tokens": ["[IN:ADD_TIME_TIMER", "[SL:DATE_TIME", "@ptr1", "@ptr2", "SL:DATE_TIME]", "[SL:METHOD_TIMER", "@ptr5", "SL:METHOD_TIMER]", "IN:ADD_TIME_TIMER]"]}
{"loss": 2.5263264179229736, "class_log_probabilities": [-1.4368764162063599, -3.0511531829833984, -3.207951784133911, -3.2427666187286377], "predictions": [45, 16, 402, 403, 404, 405, 17, 46, 4, 4, 4, 4], "target_tokens": ["[IN:CREATE_ALARM", "[SL:ALARM_NAME", "@ptr2", "@ptr3", "@ptr4", "SL:ALARM_NAME]", "[SL:DATE_TIME", "@ptr5", "@ptr6", "@ptr7", "@ptr8", "@ptr9", "SL:DATE_TIME]", "IN:CREATE_ALARM]"], "predicted_tokens": ["[IN:CREATE_ALARM", "[SL:DATE_TIME", "@ptr7", "@ptr8", "@ptr9", "@ptr10", "SL:DATE_TIME]", "IN:CREATE_ALARM]"]}
{"loss": 2.504770040512085, "class_log_probabilities": [-0.745550811290741, -3.28210186958313, -5.854922771453857, -7.027092933654785], "predictions": [45, 16, 399, 400, 401, 402, 17, 46, 4, 4], "target_tokens": ["[IN:CREATE_ALARM", "[SL:DATE_TIME", "@ptr3", "@ptr4", "@ptr5", "@ptr6", "SL:DATE_TIME]", "IN:CREATE_ALARM]"], "predicted_tokens": ["[IN:CREATE_ALARM", "[SL:DATE_TIME", "@ptr4", "@ptr5", "@ptr6", "@ptr7", "SL:DATE_TIME]", "IN:CREATE_ALARM]"]}
{"loss": 1.7544984817504883, "class_log_probabilities": [-1.1221851110458374, -3.474817991256714, -4.26047945022583, -5.184528827667236], "predictions": [63, 64, 401, 65, 66, 403, 404, 67, 68, 4, 4, 4, 4], "target_tokens": ["[IN:PLAY_MUSIC", "[SL:MUSIC_ARTIST_NAME", "@ptr8", "@ptr9", "SL:MUSIC_ARTIST_NAME]", "[SL:MUSIC_TYPE", "@ptr6", "SL:MUSIC_TYPE]", "IN:PLAY_MUSIC]"], "predicted_tokens": ["[IN:PLAY_MUSIC", "[SL:MUSIC_TYPE", "@ptr6", "SL:MUSIC_TYPE]", "[SL:MUSIC_ARTIST_NAME", "@ptr8", "@ptr9", "SL:MUSIC_ARTIST_NAME]", "IN:PLAY_MUSIC]"]}
{"loss": 2.913367748260498, "class_log_probabilities": [-0.6194003820419312, -3.6608076095581055, -4.697932243347168, -5.85984992980957], "predictions": [45, 16, 399, 400, 17, 46, 4, 4], "target_tokens": ["[IN:CREATE_ALARM", "[SL:DATE_TIME", "@ptr3", "@ptr4", "SL:DATE_TIME]", "IN:CREATE_ALARM]"], "predicted_tokens": ["[IN:CREATE_ALARM", "[SL:DATE_TIME", "@ptr4", "@ptr5", "SL:DATE_TIME]", "IN:CREATE_ALARM]"]}
{"loss": 0.9753832221031189, "class_log_probabilities": [-0.7680082321166992, -4.411087512969971, -4.523096561431885, -4.607387542724609], "predictions": [13, 79, 401, 80, 16, 402, 403, 404, 17, 18, 4, 4, 4, 4], "target_tokens": ["[IN:GET_WEATHER", "[SL:WEATHER_ATTRIBUTE", "@ptr6", "SL:WEATHER_ATTRIBUTE]", "[SL:DATE_TIME", "@ptr7", "@ptr8", "@ptr9", "SL:DATE_TIME]", "IN:GET_WEATHER]"], "predicted_tokens": ["[IN:GET_WEATHER", "[SL:WEATHER_ATTRIBUTE", "@ptr6", "SL:WEATHER_ATTRIBUTE]", "[SL:DATE_TIME", "@ptr7", "@ptr8", "@ptr9", "SL:DATE_TIME]", "IN:GET_WEATHER]"]}
{"loss": 0.9600313305854797, "class_log_probabilities": [-0.3751316964626312, -7.098597049713135, -7.234566688537598, -7.546748638153076], "predictions": [13, 14, 401, 15, 18, 4], "target_tokens": ["[IN:GET_WEATHER", "[SL:LOCATION", "@ptr6", "SL:LOCATION]", "IN:GET_WEATHER]"], "predicted_tokens": ["[IN:GET_WEATHER", "[SL:LOCATION", "@ptr6", "SL:LOCATION]", "IN:GET_WEATHER]"]}
{"loss": 0.9732220768928528, "class_log_probabilities": [-0.3237987756729126, -7.2989935874938965, -7.326933860778809, -7.373103618621826], "predictions": [255, 90, 397, 91, 256, 4], "target_tokens": ["[IN:PAUSE_TIMER", "[SL:METHOD_TIMER", "@ptr2", "SL:METHOD_TIMER]", "IN:PAUSE_TIMER]"], "predicted_tokens": ["[IN:PAUSE_TIMER", "[SL:METHOD_TIMER", "@ptr2", "SL:METHOD_TIMER]", "IN:PAUSE_TIMER]"]}
{"loss": 1.5491281747817993, "class_log_probabilities": [-2.694432497024536, -2.754647731781006, -3.723673105239868, -4.260226726531982], "predictions": [13, 79, 404, 80, 14, 406, 15, 16, 408, 17, 18, 4, 4], "target_tokens": ["[IN:GET_WEATHER", "[SL:WEATHER_ATTRIBUTE", "@ptr9", "SL:WEATHER_ATTRIBUTE]", "[SL:LOCATION", "@ptr11", "SL:LOCATION]", "[SL:DATE_TIME", "@ptr12", "@ptr13", "@ptr14", "SL:DATE_TIME]", "IN:GET_WEATHER]"], "predicted_tokens": ["[IN:GET_WEATHER", "[SL:WEATHER_ATTRIBUTE", "@ptr9", "SL:WEATHER_ATTRIBUTE]", "[SL:LOCATION", "@ptr11", "SL:LOCATION]", "[SL:DATE_TIME", "@ptr13", "SL:DATE_TIME]", "IN:GET_WEATHER]"]}
{"loss": 2.5172677040100098, "class_log_probabilities": [-5.172607898712158, -9.940835952758789, -13.516217231750488, -33.3966064453125], "predictions": [39, 40, 403, 41, 56, 407, 57, 57, 42, 4, 4, 4, 4, 4, 4, 4, 4, 4, 4, 4, 4, 4, 4, 4, 4, 4, 4, 4, 4, 4, 4, 4, 4, 4, 4, 4, 4, 4, 4, 4, 4, 4, 4, 4, 4, 4, 4, 4, 4, 4, 4, 4, 4, 4, 4, 4, 4, 4, 4, 4, 4, 4, 4, 4, 4, 4, 4, 4, 4, 4, 4, 4, 4, 4, 4, 4, 4, 4, 4, 4, 4, 4, 4, 4, 4, 4, 4, 4, 4, 4, 4, 4, 4, 4, 4, 4, 4, 4, 4, 4], "target_tokens": ["[IN:GET_STORIES_NEWS", "[SL:NEWS_REFERENCE", "@ptr7", "SL:NEWS_REFERENCE]", "[SL:NEWS_TYPE", "@ptr8", "SL:NEWS_TYPE]", "[SL:NEWS_TOPIC", "@ptr10", "@ptr11", "@ptr12", "@ptr13", "@ptr14", "SL:NEWS_TOPIC]", "IN:GET_STORIES_NEWS]"], "predicted_tokens": ["[IN:GET_STORIES_NEWS", "[SL:NEWS_TYPE", "@ptr8", "SL:NEWS_TYPE]", "[SL:NEWS_TOPIC", "@ptr12", "SL:NEWS_TOPIC]", "SL:NEWS_TOPIC]", "IN:GET_STORIES_NEWS]"]}
{"loss": 1.6891549825668335, "class_log_probabilities": [-1.6181135177612305, -2.9047205448150635, -3.30824613571167, -4.239424228668213], "predictions": [63, 68, 4], "target_tokens": ["[IN:LIKE_MUSIC", "IN:LIKE_MUSIC]"], "predicted_tokens": ["[IN:PLAY_MUSIC", "IN:PLAY_MUSIC]"]}
{"loss": 2.3893532752990723, "class_log_probabilities": [-2.374295234680176, -2.4344582557678223, -3.315945863723755, -3.410597562789917], "predictions": [13, 79, 401, 80, 14, 404, 15, 16, 406, 407, 17, 18, 4], "target_tokens": ["[IN:GET_WEATHER", "[SL:LOCATION", "@ptr9", "SL:LOCATION]", "[SL:WEATHER_ATTRIBUTE", "@ptr6", "SL:WEATHER_ATTRIBUTE]", "[SL:DATE_TIME", "@ptr10", "@ptr11", "SL:DATE_TIME]", "IN:GET_WEATHER]"], "predicted_tokens": ["[IN:GET_WEATHER", "[SL:WEATHER_ATTRIBUTE", "@ptr6", "SL:WEATHER_ATTRIBUTE]", "[SL:LOCATION", "@ptr9", "SL:LOCATION]", "[SL:DATE_TIME", "@ptr11", "@ptr12", "SL:DATE_TIME]", "IN:GET_WEATHER]"]}
{"loss": 1.679056167602539, "class_log_probabilities": [-0.2838904559612274, -5.132391929626465, -5.37434196472168, -6.24765157699585], "predictions": [19, 22, 4, 4, 4, 4], "target_tokens": ["[IN:GET_ALARM", "[SL:ORDINAL", "@ptr7", "SL:ORDINAL]", "IN:GET_ALARM]"], "predicted_tokens": ["[IN:GET_ALARM", "IN:GET_ALARM]"]}
{"loss": 1.7636940479278564, "class_log_probabilities": [-0.6084681749343872, -6.961648464202881, -7.034475803375244, -7.429952621459961], "predictions": [13, 14, 400, 15, 16, 401, 402, 403, 17, 18, 4], "target_tokens": ["[IN:GET_WEATHER", "[SL:LOCATION", "@ptr5", "SL:LOCATION]", "[SL:DATE_TIME", "@ptr7", "@ptr8", "SL:DATE_TIME]", "IN:GET_WEATHER]"], "predicted_tokens": ["[IN:GET_WEATHER", "[SL:LOCATION", "@ptr5", "SL:LOCATION]", "[SL:DATE_TIME", "@ptr6", "@ptr7", "@ptr8", "SL:DATE_TIME]", "IN:GET_WEATHER]"]}
{"loss": 1.2875438928604126, "class_log_probabilities": [-0.7536678910255432, -5.035299301147461, -6.327775001525879, -6.344801425933838], "predictions": [45, 16, 398, 399, 400, 401, 402, 403, 17, 46, 4, 4], "target_tokens": ["[IN:CREATE_ALARM", "[SL:DATE_TIME", "@ptr3", "@ptr4", "@ptr5", "@ptr6", "@ptr7", "@ptr8", "@ptr9", "SL:DATE_TIME]", "IN:CREATE_ALARM]"], "predicted_tokens": ["[IN:CREATE_ALARM", "[SL:DATE_TIME", "@ptr3", "@ptr4", "@ptr5", "@ptr6", "@ptr7", "@ptr8", "SL:DATE_TIME]", "IN:CREATE_ALARM]"]}
{"loss": 1.2645612955093384, "class_log_probabilities": [-1.4553805589675903, -1.873039960861206, -3.2173728942871094, -3.4717729091644287], "predictions": [13, 16, 402, 403, 405, 17, 18, 4], "target_tokens": ["[IN:GET_WEATHER", "[SL:DATE_TIME", "@ptr7", "@ptr8", "@ptr9", "@ptr10", "SL:DATE_TIME]", "IN:GET_WEATHER]"], "predicted_tokens": ["[IN:GET_WEATHER", "[SL:DATE_TIME", "@ptr7", "@ptr8", "@ptr10", "SL:DATE_TIME]", "IN:GET_WEATHER]"]}
{"loss": 2.056157350540161, "class_log_probabilities": [-0.6870019435882568, -4.351952075958252, -4.803061485290527, -4.88907527923584], "predictions": [63, 64, 398, 65, 86, 399, 87, 68, 4], "target_tokens": ["[IN:PLAY_MUSIC", "[SL:MUSIC_PLAYLIST_TITLE", "@ptr4", "SL:MUSIC_PLAYLIST_TITLE]", "[SL:MUSIC_TYPE", "@ptr3", "SL:MUSIC_TYPE]", "IN:PLAY_MUSIC]"], "predicted_tokens": ["[IN:PLAY_MUSIC", "[SL:MUSIC_TYPE", "@ptr3", "SL:MUSIC_TYPE]", "[SL:MUSIC_PLAYLIST_TITLE", "@ptr4", "SL:MUSIC_PLAYLIST_TITLE]", "IN:PLAY_MUSIC]"]}
{"loss": 3.1631057262420654, "class_log_probabilities": [-1.071979284286499, -3.128166437149048, -5.079695701599121, -6.601975440979004], "predictions": [89, 90, 397, 91, 16, 399, 400, 401, 17, 92, 4], "target_tokens": ["[IN:CREATE_TIMER", "[SL:DATE_TIME", "@ptr3", "@ptr4", "@ptr5", "SL:DATE_TIME]", "[SL:METHOD_TIMER", "@ptr2", "SL:METHOD_TIMER]", "[SL:TIMER_NAME", "@ptr8", "SL:TIMER_NAME]", "IN:CREATE_TIMER]"], "predicted_tokens": ["[IN:CREATE_TIMER", "[SL:METHOD_TIMER", "@ptr2", "SL:METHOD_TIMER]", "[SL:DATE_TIME", "@ptr4", "@ptr5", "@ptr6", "SL:DATE_TIME]", "IN:CREATE_TIMER]"]}
{"loss": 1.52837336063385, "class_log_probabilities": [-1.8345143795013428, -2.186044216156006, -3.5657927989959717, -3.718536138534546], "predictions": [63, 64, 400, 65, 68, 4, 4, 4, 4], "target_tokens": ["[IN:PLAY_MUSIC", "[SL:MUSIC_GENRE", "@ptr6", "SL:MUSIC_GENRE]", "[SL:MUSIC_TYPE", "@ptr5", "SL:MUSIC_TYPE]", "IN:PLAY_MUSIC]"], "predicted_tokens": ["[IN:PLAY_MUSIC", "[SL:MUSIC_TYPE", "@ptr5", "SL:MUSIC_TYPE]", "IN:PLAY_MUSIC]"]}
{"loss": 1.1431844234466553, "class_log_probabilities": [-2.50248384475708, -3.5824191570281982, -4.075901985168457, -5.305545330047607], "predictions": [335, 337, 397, 398, 338, 336, 4], "target_tokens": ["[IN:REWIND_MUSIC", "[SL:MUSIC_REWIND_TIME", "@ptr2", "@ptr3", "SL:MUSIC_REWIND_TIME]", "IN:REWIND_MUSIC]"], "predicted_tokens": ["[IN:REWIND_MUSIC", "[SL:MUSIC_REWIND_TIME", "@ptr2", "@ptr3", "SL:MUSIC_REWIND_TIME]", "IN:REWIND_MUSIC]"]}
{"loss": 0.9782857894897461, "class_log_probabilities": [-0.32797276973724365, -5.833480358123779, -7.047226905822754, -7.051692008972168], "predictions": [287, 64, 399, 65, 288, 4], "target_tokens": ["[IN:REPLAY_MUSIC", "[SL:MUSIC_TYPE", "@ptr4", "SL:MUSIC_TYPE]", "IN:REPLAY_MUSIC]"], "predicted_tokens": ["[IN:REPLAY_MUSIC", "[SL:MUSIC_TYPE", "@ptr4", "SL:MUSIC_TYPE]", "IN:REPLAY_MUSIC]"]}
{"loss": 2.057497978210449, "class_log_probabilities": [-4.080584526062012, -5.27993631362915, -5.708294868469238, -6.562797546386719], "predictions": [39, 43, 397, 44, 43, 399, 44, 40, 400, 41, 42, 4, 4, 4, 4], "target_tokens": ["[IN:GET_STORIES_NEWS", "[SL:NEWS_CATEGORY", "@ptr4", "SL:NEWS_CATEGORY]", "[SL:NEWS_TYPE", "@ptr2", "SL:NEWS_TYPE]", "IN:GET_STORIES_NEWS]"], "predicted_tokens": ["[IN:GET_STORIES_NEWS", "[SL:NEWS_CATEGORY", "@ptr2", "SL:NEWS_CATEGORY]", "[SL:NEWS_CATEGORY", "@ptr4", "SL:NEWS_CATEGORY]", "[SL:NEWS_TYPE", "@ptr5", "SL:NEWS_TYPE]", "IN:GET_STORIES_NEWS]"]}
{"loss": 1.0949177742004395, "class_log_probabilities": [-1.056692123413086, -1.1355561017990112, -6.165315628051758, -6.26047420501709], "predictions": [287, 64, 402, 65, 288, 4], "target_tokens": ["[IN:REPLAY_MUSIC", "[SL:MUSIC_TYPE", "@ptr6", "SL:MUSIC_TYPE]", "IN:REPLAY_MUSIC]"], "predicted_tokens": ["[IN:REPLAY_MUSIC", "[SL:MUSIC_TYPE", "@ptr7", "SL:MUSIC_TYPE]", "IN:REPLAY_MUSIC]"]}
{"loss": 4.62106990814209, "class_log_probabilities": [-0.41920000314712524, -6.020476818084717, -6.396285533905029, -6.740929126739502], "predictions": [55, 56, 398, 399, 57, 58, 4], "target_tokens": ["[IN:GET_STORIES_NEWS", "[SL:NEWS_CATEGORY", "@ptr4", "SL:NEWS_CATEGORY]", "[SL:NEWS_TYPE", "@ptr3", "SL:NEWS_TYPE]", "IN:GET_STORIES_NEWS]"], "predicted_tokens": ["[IN:QUESTION_NEWS", "[SL:NEWS_TOPIC", "@ptr3", "@ptr4", "SL:NEWS_TOPIC]", "IN:QUESTION_NEWS]"]}
{"loss": 0.9599542617797852, "class_log_probabilities": [-0.18340015411376953, -7.916159629821777, -8.046503067016602, -8.923870086669922], "predictions": [45, 46, 4, 4], "target_tokens": ["[IN:CREATE_ALARM", "IN:CREATE_ALARM]"], "predicted_tokens": ["[IN:CREATE_ALARM", "IN:CREATE_ALARM]"]}
{"loss": 2.61995530128479, "class_log_probabilities": [-0.651872456073761, -3.5934107303619385, -4.939868450164795, -5.620545864105225], "predictions": [63, 64, 397, 65, 103, 398, 104, 68, 4], "target_tokens": ["[IN:PLAY_MUSIC", "[SL:MUSIC_PROVIDER_NAME", "@ptr3", "SL:MUSIC_PROVIDER_NAME]", "[SL:MUSIC_TYPE", "@ptr2", "SL:MUSIC_TYPE]", "IN:PLAY_MUSIC]"], "predicted_tokens": ["[IN:PLAY_MUSIC", "[SL:MUSIC_TYPE", "@ptr2", "SL:MUSIC_TYPE]", "[SL:MUSIC_PROVIDER_NAME", "@ptr3", "SL:MUSIC_PROVIDER_NAME]", "IN:PLAY_MUSIC]"]}
{"loss": 2.5784482955932617, "class_log_probabilities": [-1.7166876792907715, -2.5447325706481934, -3.3606061935424805, -5.030521392822266], "predictions": [287, 64, 398, 65, 66, 400, 401, 67, 288, 4], "target_tokens": ["[IN:PREVIOUS_TRACK_MUSIC", "[SL:ORDINAL", "@ptr2", "SL:ORDINAL]", "[SL:MUSIC_ARTIST_NAME", "@ptr5", "@ptr6", "SL:MUSIC_ARTIST_NAME]", "[SL:MUSIC_TYPE", "@ptr3", "SL:MUSIC_TYPE]", "IN:PREVIOUS_TRACK_MUSIC]"], "predicted_tokens": ["[IN:REPLAY_MUSIC", "[SL:MUSIC_TYPE", "@ptr3", "SL:MUSIC_TYPE]", "[SL:MUSIC_ARTIST_NAME", "@ptr5", "@ptr6", "SL:MUSIC_ARTIST_NAME]", "IN:REPLAY_MUSIC]"]}
{"loss": 2.250626802444458, "class_log_probabilities": [-0.9003872871398926, -2.0764288902282715, -4.869729518890381, -5.700399875640869], "predictions": [39, 40, 398, 41, 56, 400, 401, 402, 57, 42, 4, 4], "target_tokens": ["[IN:GET_STORIES_NEWS", "[SL:NEWS_TOPIC", "@ptr6", "@ptr7", "SL:NEWS_TOPIC]", "[SL:NEWS_TYPE", "@ptr3", "SL:NEWS_TYPE]", "IN:GET_STORIES_NEWS]"], "predicted_tokens": ["[IN:GET_STORIES_NEWS", "[SL:NEWS_TYPE", "@ptr3", "SL:NEWS_TYPE]", "[SL:NEWS_TOPIC", "@ptr5", "@ptr6", "@ptr7", "SL:NEWS_TOPIC]", "IN:GET_STORIES_NEWS]"]}
{"loss": 0.9872994422912598, "class_log_probabilities": [-0.451180100440979, -4.662163257598877, -4.7688822746276855, -6.364413261413574], "predictions": [217, 64, 399, 65, 218, 4, 4, 4, 4, 4], "target_tokens": ["[IN:GET_TRACK_INFO_MUSIC", "[SL:MUSIC_TYPE", "@ptr4", "SL:MUSIC_TYPE]", "IN:GET_TRACK_INFO_MUSIC]"], "predicted_tokens": ["[IN:GET_TRACK_INFO_MUSIC", "[SL:MUSIC_TYPE", "@ptr4", "SL:MUSIC_TYPE]", "IN:GET_TRACK_INFO_MUSIC]"]}
{"loss": 2.2811367511749268, "class_log_probabilities": [-3.645618438720703, -3.8278985023498535, -5.600252151489258, -5.935953140258789], "predictions": [51, 28, 397, 29, 52, 400, 401, 402, 403, 53, 54, 4, 4, 4, 4, 4, 4], "target_tokens": ["[IN:CREATE_TIMER", "[SL:METHOD_TIMER", "@ptr2", "SL:METHOD_TIMER]", "[SL:TIMER_NAME", "@ptr5", "@ptr6", "@ptr7", "@ptr8", "SL:TIMER_NAME]", "IN:CREATE_TIMER]"], "predicted_tokens": ["[IN:GET_RECIPES", "[SL:RECIPES_ATTRIBUTE", "@ptr2", "SL:RECIPES_ATTRIBUTE]", "[SL:RECIPES_DISH", "@ptr5", "@ptr6", "@ptr7", "@ptr8", "SL:RECIPES_DISH]", "IN:GET_RECIPES]"]}
{"loss": 2.12819242477417, "class_log_probabilities": [-0.5313369631767273, -6.0594282150268555, -6.128461837768555, -6.926482200622559], "predictions": [183, 16, 396, 397, 17, 90, 400, 91, 184, 4, 4], "target_tokens": ["[IN:ADD_TIME_TIMER", "[SL:METHOD_TIMER", "@ptr5", "SL:METHOD_TIMER]", "[SL:DATE_TIME", "@ptr1", "@ptr2", "SL:DATE_TIME]", "IN:ADD_TIME_TIMER]"], "predicted_tokens": ["[IN:ADD_TIME_TIMER", "[SL:DATE_TIME", "@ptr1", "@ptr2", "SL:DATE_TIME]", "[SL:METHOD_TIMER", "@ptr5", "SL:METHOD_TIMER]", "IN:ADD_TIME_TIMER]"]}
{"loss": 1.660584568977356, "class_log_probabilities": [-3.5286731719970703, -3.7527265548706055, -8.06473159790039, -8.252092361450195], "predictions": [63, 101, 399, 400, 401, 402, 102, 66, 404, 67, 103, 406, 104, 68, 4, 4, 4, 4, 4, 4], "target_tokens": ["[IN:PLAY_MUSIC", "[SL:MUSIC_TRACK_TITLE", "@ptr3", "@ptr4", "@ptr5", "@ptr6", "@ptr7", "SL:MUSIC_TRACK_TITLE]", "[SL:MUSIC_ARTIST_NAME", "@ptr9", "@ptr10", "SL:MUSIC_ARTIST_NAME]", "[SL:MUSIC_PROVIDER_NAME", "@ptr12", "SL:MUSIC_PROVIDER_NAME]", "IN:PLAY_MUSIC]"], "predicted_tokens": ["[IN:PLAY_MUSIC", "[SL:MUSIC_TRACK_TITLE", "@ptr4", "@ptr5", "@ptr6", "@ptr7", "SL:MUSIC_TRACK_TITLE]", "[SL:MUSIC_ARTIST_NAME", "@ptr9", "SL:MUSIC_ARTIST_NAME]", "[SL:MUSIC_PROVIDER_NAME", "@ptr11", "SL:MUSIC_PROVIDER_NAME]", "IN:PLAY_MUSIC]"]}
{"loss": 2.1054723262786865, "class_log_probabilities": [-1.8513643741607666, -3.6343796253204346, -4.341553211212158, -5.52193021774292], "predictions": [39, 131, 398, 132, 40, 399, 41, 42, 4], "target_tokens": ["[IN:GET_STORIES_NEWS", "[SL:NEWS_REFERENCE", "@ptr3", "SL:NEWS_REFERENCE]", "[SL:NEWS_TYPE", "@ptr4", "SL:NEWS_TYPE]", "[SL:DATE_TIME", "@ptr5", "@ptr6", "SL:DATE_TIME]", "IN:GET_STORIES_NEWS]"], "predicted_tokens": ["[IN:GET_STORIES_NEWS", "[SL:NEWS_REFERENCE", "@ptr3", "SL:NEWS_REFERENCE]", "[SL:NEWS_TYPE", "@ptr4", "SL:NEWS_TYPE]", "IN:GET_STORIES_NEWS]"]}
{"loss": 1.3787606954574585, "class_log_probabilities": [-2.998102903366089, -3.7685258388519287, -3.8737659454345703, -4.11784553527832], "predictions": [63, 151, 400, 152, 151, 401, 152, 103, 403, 104, 68, 4], "target_tokens": ["[IN:PLAY_MUSIC", "[SL:MUSIC_GENRE", "@ptr6", "SL:MUSIC_GENRE]", "[SL:MUSIC_TYPE", "@ptr5", "SL:MUSIC_TYPE]", "[SL:MUSIC_PROVIDER_NAME", "@ptr8", "SL:MUSIC_PROVIDER_NAME]", "IN:PLAY_MUSIC]"], "predicted_tokens": ["[IN:PLAY_MUSIC", "[SL:MUSIC_GENRE", "@ptr5", "SL:MUSIC_GENRE]", "[SL:MUSIC_GENRE", "@ptr6", "SL:MUSIC_GENRE]", "[SL:MUSIC_PROVIDER_NAME", "@ptr8", "SL:MUSIC_PROVIDER_NAME]", "IN:PLAY_MUSIC]"]}
{"loss": 1.6377918720245361, "class_log_probabilities": [-3.573307991027832, -67.3016357421875, -67.87907409667969, -68.456298828125], "predictions": [39, 40, 399, 41, 56, 401, 402, 403, 404, 405, 406, 407, 17, 42, 4, 4, 4, 4, 4, 4, 4, 4, 4, 4, 4, 4, 4, 4, 4, 4, 4, 4, 4, 4, 4, 4, 4, 4, 4, 4, 4, 4, 4, 4, 4, 4, 4, 4, 4, 4, 4, 4, 4, 4, 4, 4, 4, 4, 4, 4, 4, 4, 4, 4, 4, 4, 4, 4, 4, 4, 4, 4, 4, 4, 4, 4, 4, 4, 4, 4, 4, 4, 4, 4, 4, 4, 4, 4, 4, 4, 4, 4, 4, 4, 4, 4, 4, 4, 4, 4], "target_tokens": ["[IN:GET_STORIES_NEWS", "[SL:NEWS_TYPE", "@ptr4", "SL:NEWS_TYPE]", "[SL:NEWS_TOPIC", "@ptr7", "@ptr8", "@ptr9", "@ptr10", "@ptr11", "SL:NEWS_TOPIC]", "IN:GET_STORIES_NEWS]"], "predicted_tokens": ["[IN:GET_STORIES_NEWS", "[SL:NEWS_TYPE", "@ptr4", "SL:NEWS_TYPE]", "[SL:NEWS_TOPIC", "@ptr6", "@ptr7", "@ptr8", "@ptr9", "@ptr10", "@ptr11", "@ptr12", "SL:DATE_TIME]", "IN:GET_STORIES_NEWS]"]}
{"loss": 1.2429131269454956, "class_log_probabilities": [-1.3949137926101685, -1.6862274408340454, -3.5797364711761475, -4.8433613777160645], "predictions": [213, 214, 4], "target_tokens": ["[IN:SILENCE_ALARM", "IN:SILENCE_ALARM]"], "predicted_tokens": ["[IN:SILENCE_ALARM", "IN:SILENCE_ALARM]"]}
{"loss": 2.087878465652466, "class_log_probabilities": [-1.0849589109420776, -2.8388278484344482, -3.0069851875305176, -4.946114540100098], "predictions": [213, 120, 400, 121, 214, 4], "target_tokens": ["[IN:DELETE_ALARM", "[SL:AMOUNT", "@ptr4", "SL:AMOUNT]", "IN:DELETE_ALARM]"], "predicted_tokens": ["[IN:SILENCE_ALARM", "[SL:AMOUNT", "@ptr5", "SL:AMOUNT]", "IN:SILENCE_ALARM]"]}
{"loss": 2.5448849201202393, "class_log_probabilities": [-0.45518723130226135, -5.876408576965332, -16.234416961669922, -32.41990661621094], "predictions": [27, 30, 4, 4, 4, 4, 4, 4, 4, 4, 4, 4, 4, 4, 4, 4, 4, 4, 4, 4, 4, 4, 4, 4, 4, 4, 4, 4, 4, 4, 4, 4, 4, 4, 4, 4, 4, 4, 4, 4, 4, 4, 4, 4, 4, 4, 4, 4, 4, 4, 4, 4, 4, 4, 4, 4, 4, 4, 4, 4, 4, 4, 4, 4, 4, 4, 4, 4, 4, 4, 4, 4, 4, 4, 4, 4, 4, 4, 4, 4, 4, 4, 4, 4, 4, 4, 4, 4, 4, 4, 4, 4, 4, 4, 4, 4, 4, 4, 4, 4], "target_tokens": ["[IN:GET_INFO_RECIPES", "[SL:RECIPES_DISH", "@ptr11", "@ptr12", "SL:RECIPES_DISH]", "IN:GET_INFO_RECIPES]"], "predicted_tokens": ["[IN:GET_INFO_RECIPES", "IN:GET_INFO_RECIPES]"]}
{"loss": 2.8877058029174805, "class_log_probabilities": [-0.5100078582763672, -4.950455188751221, -5.304000377655029, -6.077862739562988], "predictions": [51, 52, 398, 53, 113, 399, 400, 401, 114, 54, 4, 4], "target_tokens": ["[IN:GET_RECIPES", "[SL:RECIPES_COOKING_METHOD", "@ptr4", "@ptr5", "@ptr6", "SL:RECIPES_COOKING_METHOD]", "[SL:RECIPES_DISH", "@ptr3", "SL:RECIPES_DISH]", "IN:GET_RECIPES]"], "predicted_tokens": ["[IN:GET_RECIPES", "[SL:RECIPES_DISH", "@ptr3", "SL:RECIPES_DISH]", "[SL:RECIPES_COOKING_METHOD", "@ptr4", "@ptr5", "@ptr6", "SL:RECIPES_COOKING_METHOD]", "IN:GET_RECIPES]"]}
{"loss": 1.4364186525344849, "class_log_probabilities": [-1.0956014394760132, -3.139056444168091, -3.294093132019043, -5.368511199951172], "predictions": [27, 28, 395, 396, 397, 29, 113, 402, 114, 129, 404, 130, 30, 4], "target_tokens": ["[IN:GET_INFO_RECIPES", "[SL:RECIPES_ATTRIBUTE", "@ptr0", "@ptr1", "@ptr2", "SL:RECIPES_ATTRIBUTE]", "[SL:RECIPES_DISH", "@ptr9", "SL:RECIPES_DISH]", "IN:GET_INFO_RECIPES]"], "predicted_tokens": ["[IN:GET_INFO_RECIPES", "[SL:RECIPES_ATTRIBUTE", "@ptr0", "@ptr1", "@ptr2", "SL:RECIPES_ATTRIBUTE]", "[SL:RECIPES_COOKING_METHOD", "@ptr7", "SL:RECIPES_COOKING_METHOD]", "[SL:RECIPES_INCLUDED_INGREDIENT", "@ptr9", "SL:RECIPES_INCLUDED_INGREDIENT]", "IN:GET_INFO_RECIPES]"]}
{"loss": 0.9916534423828125, "class_log_probabilities": [-0.7614573836326599, -3.7698354721069336, -4.049184799194336, -4.326390266418457], "predictions": [27, 28, 398, 29, 52, 400, 401, 402, 53, 30, 4], "target_tokens": ["[IN:GET_INFO_RECIPES", "[SL:RECIPES_ATTRIBUTE", "@ptr3", "SL:RECIPES_ATTRIBUTE]", "[SL:RECIPES_DISH", "@ptr5", "@ptr6", "@ptr7", "SL:RECIPES_DISH]", "IN:GET_INFO_RECIPES]"], "predicted_tokens": ["[IN:GET_INFO_RECIPES", "[SL:RECIPES_ATTRIBUTE", "@ptr3", "SL:RECIPES_ATTRIBUTE]", "[SL:RECIPES_DISH", "@ptr5", "@ptr6", "@ptr7", "SL:RECIPES_DISH]", "IN:GET_INFO_RECIPES]"]}
{"loss": 3.095219850540161, "class_log_probabilities": [-0.3869048058986664, -4.281639575958252, -6.979928970336914, -7.242875099182129], "predictions": [27, 30, 4, 4, 4, 4, 4, 4, 4, 4, 4, 4], "target_tokens": ["[IN:GET_INFO_RECIPES", "[SL:RECIPES_DISH", "@ptr6", "@ptr7", "SL:RECIPES_DISH]", "IN:GET_INFO_RECIPES]"], "predicted_tokens": ["[IN:GET_INFO_RECIPES", "IN:GET_INFO_RECIPES]"]}
{"loss": 2.5029807090759277, "class_log_probabilities": [-1.6905006170272827, -2.459038496017456, -4.134438514709473, -4.705721378326416], "predictions": [51, 52, 399, 400, 53, 113, 401, 114, 54, 4, 4], "target_tokens": ["[IN:GET_RECIPES", "[SL:RECIPES_COOKING_METHOD", "@ptr6", "SL:RECIPES_COOKING_METHOD]", "[SL:RECIPES_DISH", "@ptr4", "@ptr5", "SL:RECIPES_DISH]", "IN:GET_RECIPES]"], "predicted_tokens": ["[IN:GET_RECIPES", "[SL:RECIPES_DISH", "@ptr4", "@ptr5", "SL:RECIPES_DISH]", "[SL:RECIPES_COOKING_METHOD", "@ptr6", "SL:RECIPES_COOKING_METHOD]", "IN:GET_RECIPES]"]}
{"loss": 0.9772574305534363, "class_log_probabilities": [-0.5464805364608765, -5.55284309387207, -5.718239784240723, -6.3245697021484375], "predictions": [27, 28, 398, 29, 52, 400, 53, 30, 4], "target_tokens": ["[IN:GET_INFO_RECIPES", "[SL:RECIPES_ATTRIBUTE", "@ptr3", "SL:RECIPES_ATTRIBUTE]", "[SL:RECIPES_DISH", "@ptr5", "SL:RECIPES_DISH]", "IN:GET_INFO_RECIPES]"], "predicted_tokens": ["[IN:GET_INFO_RECIPES", "[SL:RECIPES_ATTRIBUTE", "@ptr3", "SL:RECIPES_ATTRIBUTE]", "[SL:RECIPES_DISH", "@ptr5", "SL:RECIPES_DISH]", "IN:GET_INFO_RECIPES]"]}
{"loss": 0.9713060259819031, "class_log_probabilities": [-0.30828240513801575, -7.557525634765625, -7.790510177612305, -8.07211971282959], "predictions": [51, 52, 398, 53, 54, 4, 4], "target_tokens": ["[IN:GET_RECIPES", "[SL:RECIPES_DISH", "@ptr3", "SL:RECIPES_DISH]", "IN:GET_RECIPES]"], "predicted_tokens": ["[IN:GET_RECIPES", "[SL:RECIPES_DISH", "@ptr3", "SL:RECIPES_DISH]", "IN:GET_RECIPES]"]}
{"loss": 2.5543577671051025, "class_log_probabilities": [-2.6805577278137207, -3.330906391143799, -4.694883346557617, -68.82369995117188], "predictions": [27, 129, 401, 402, 403, 404, 405, 130, 52, 408, 53, 30, 4, 4, 4, 4, 4, 4, 4, 4, 4, 4, 4, 4, 4, 4, 4, 4, 4, 4, 4, 4, 4, 4, 4, 4, 4, 4, 4, 4, 4, 4, 4, 4, 4, 4, 4, 4, 4, 4, 4, 4, 4, 4, 4, 4, 4, 4, 4, 4, 4, 4, 4, 4, 4, 4, 4, 4, 4, 4, 4, 4, 4, 4, 4, 4, 4, 4, 4, 4, 4, 4, 4, 4, 4, 4, 4, 4, 4, 4, 4, 4, 4, 4, 4, 4, 4, 4, 4, 4], "target_tokens": ["[IN:IS_TRUE_RECIPES", "[SL:RECIPES_INCLUDED_INGREDIENT", "@ptr7", "@ptr8", "@ptr9", "SL:RECIPES_INCLUDED_INGREDIENT]", "[SL:RECIPES_DISH", "@ptr12", "@ptr13", "@ptr14", "SL:RECIPES_DISH]", "IN:IS_TRUE_RECIPES]"], "predicted_tokens": ["[IN:GET_INFO_RECIPES", "[SL:RECIPES_INCLUDED_INGREDIENT", "@ptr6", "@ptr7", "@ptr8", "@ptr9", "@ptr10", "SL:RECIPES_INCLUDED_INGREDIENT]", "[SL:RECIPES_DISH", "@ptr13", "SL:RECIPES_DISH]", "IN:GET_INFO_RECIPES]"]}
{"loss": 1.6216075420379639, "class_log_probabilities": [-1.2179559469223022, -1.877644419670105, -2.59114670753479, -5.850094795227051], "predictions": [27, 28, 398, 29, 52, 402, 403, 53, 30, 4], "target_tokens": ["[IN:GET_INFO_RECIPES", "[SL:RECIPES_ATTRIBUTE", "@ptr3", "SL:RECIPES_ATTRIBUTE]", "[SL:RECIPES_DISH", "@ptr6", "@ptr7", "SL:RECIPES_DISH]", "IN:GET_INFO_RECIPES]"], "predicted_tokens": ["[IN:GET_INFO_RECIPES", "[SL:RECIPES_ATTRIBUTE", "@ptr3", "SL:RECIPES_ATTRIBUTE]", "[SL:RECIPES_DISH", "@ptr7", "@ptr8", "SL:RECIPES_DISH]", "IN:GET_INFO_RECIPES]"]}
{"loss": 1.086870789527893, "class_log_probabilities": [-1.7938874959945679, -2.461897373199463, -2.8099570274353027, -4.678556442260742], "predictions": [51, 52, 402, 403, 404, 53, 54, 4, 4], "target_tokens": ["[IN:GET_RECIPES", "[SL:RECIPES_DISH", "@ptr7", "@ptr8", "@ptr9", "SL:RECIPES_DISH]", "IN:GET_RECIPES]"], "predicted_tokens": ["[IN:GET_RECIPES", "[SL:RECIPES_DISH", "@ptr7", "@ptr8", "@ptr9", "SL:RECIPES_DISH]", "IN:GET_RECIPES]"]}
{"loss": 1.2186163663864136, "class_log_probabilities": [-2.835165500640869, -2.8712103366851807, -2.9674794673919678, -3.9825172424316406], "predictions": [27, 28, 395, 396, 397, 29, 30, 4, 4, 4, 4, 4, 4, 4], "target_tokens": ["[IN:GET_INFO_RECIPES", "[SL:RECIPES_ATTRIBUTE", "@ptr0", "@ptr1", "@ptr2", "SL:RECIPES_ATTRIBUTE]", "[SL:RECIPES_DISH", "@ptr9", "SL:RECIPES_DISH]", "IN:GET_INFO_RECIPES]"], "predicted_tokens": ["[IN:GET_INFO_RECIPES", "[SL:RECIPES_ATTRIBUTE", "@ptr0", "@ptr1", "@ptr2", "SL:RECIPES_ATTRIBUTE]", "IN:GET_INFO_RECIPES]"]}
{"loss": 1.3917486667633057, "class_log_probabilities": [-2.1826610565185547, -2.4071736335754395, -4.642547130584717, -6.739192008972168], "predictions": [51, 52, 403, 404, 405, 53, 54, 4, 4], "target_tokens": ["[IN:GET_RECIPES", "[SL:RECIPES_ATTRIBUTE", "@ptr5", "SL:RECIPES_ATTRIBUTE]", "[SL:RECIPES_DISH", "@ptr8", "@ptr9", "@ptr10", "SL:RECIPES_DISH]", "IN:GET_RECIPES]"], "predicted_tokens": ["[IN:GET_RECIPES", "[SL:RECIPES_DISH", "@ptr8", "@ptr9", "@ptr10", "SL:RECIPES_DISH]", "IN:GET_RECIPES]"]}
{"loss": 1.286237359046936, "class_log_probabilities": [-2.363396644592285, -2.940190315246582, -3.239185333251953, -3.7826621532440186], "predictions": [51, 28, 401, 402, 403, 29, 54, 4], "target_tokens": ["[IN:GET_RECIPES", "[SL:DATE_TIME", "@ptr6", "@ptr7", "@ptr8", "SL:DATE_TIME]", "IN:GET_RECIPES]"], "predicted_tokens": ["[IN:GET_RECIPES", "[SL:RECIPES_ATTRIBUTE", "@ptr6", "@ptr7", "@ptr8", "SL:RECIPES_ATTRIBUTE]", "IN:GET_RECIPES]"]}
{"loss": 0.9659393429756165, "class_log_probabilities": [-0.4390563666820526, -5.5840630531311035, -7.269822597503662, -7.979975700378418], "predictions": [51, 52, 401, 53, 54, 4, 4, 4, 4], "target_tokens": ["[IN:GET_RECIPES", "[SL:RECIPES_DISH", "@ptr6", "SL:RECIPES_DISH]", "IN:GET_RECIPES]"], "predicted_tokens": ["[IN:GET_RECIPES", "[SL:RECIPES_DISH", "@ptr6", "SL:RECIPES_DISH]", "IN:GET_RECIPES]"]}
{"loss": 1.4474012851715088, "class_log_probabilities": [-1.653571605682373, -3.903569221496582, -4.530470848083496, -4.592422008514404], "predictions": [23, 10, 70, 93, 403, 94, 71, 404, 72, 73, 11, 26, 4], "target_tokens": ["[IN:SEND_MESSAGE", "[SL:RECIPIENT", "[IN:GET_CONTACT", "[SL:CONTACT_RELATED", "@ptr7", "SL:CONTACT_RELATED]", "[SL:TYPE_RELATION", "@ptr8", "SL:TYPE_RELATION]", "IN:GET_CONTACT]", "SL:RECIPIENT]", "IN:SEND_MESSAGE]"], "predicted_tokens": ["[IN:SEND_MESSAGE", "[SL:RECIPIENT", "[IN:GET_CONTACT", "[SL:CONTACT_RELATED", "@ptr8", "SL:CONTACT_RELATED]", "[SL:TYPE_RELATION", "@ptr9", "SL:TYPE_RELATION]", "IN:GET_CONTACT]", "SL:RECIPIENT]", "IN:SEND_MESSAGE]"]}
{"loss": 2.107830047607422, "class_log_probabilities": [-2.3882951736450195, -2.5695807933807373, -2.7584540843963623, -5.162069320678711], "predictions": [23, 10, 70, 93, 402, 94, 71, 405, 72, 73, 11, 26, 4], "target_tokens": ["[IN:SEND_MESSAGE", "[SL:RECIPIENT", "[IN:GET_CONTACT", "[SL:CONTACT_RELATED", "@ptr7", "SL:CONTACT_RELATED]", "[SL:TYPE_RELATION", "@ptr8", "@ptr9", "@ptr10", "SL:TYPE_RELATION]", "IN:GET_CONTACT]", "SL:RECIPIENT]", "IN:SEND_MESSAGE]"], "predicted_tokens": ["[IN:SEND_MESSAGE", "[SL:RECIPIENT", "[IN:GET_CONTACT", "[SL:CONTACT_RELATED", "@ptr7", "SL:CONTACT_RELATED]", "[SL:TYPE_RELATION", "@ptr10", "SL:TYPE_RELATION]", "IN:GET_CONTACT]", "SL:RECIPIENT]", "IN:SEND_MESSAGE]"]}
{"loss": 1.5146770477294922, "class_log_probabilities": [-1.1813998222351074, -3.8622779846191406, -4.429373741149902, -5.3738789558410645], "predictions": [23, 26, 4, 4, 4, 4, 4], "target_tokens": ["[IN:SEND_MESSAGE", "[SL:GROUP", "@ptr10", "SL:GROUP]", "IN:SEND_MESSAGE]"], "predicted_tokens": ["[IN:SEND_MESSAGE", "IN:SEND_MESSAGE]"]}
{"loss": 1.083622694015503, "class_log_probabilities": [-2.0626845359802246, -2.6918489933013916, -2.6948676109313965, -2.8073525428771973], "predictions": [23, 10, 402, 11, 10, 404, 11, 26, 4], "target_tokens": ["[IN:SEND_MESSAGE", "[SL:RECIPIENT", "@ptr7", "SL:RECIPIENT]", "[SL:RECIPIENT", "@ptr9", "SL:RECIPIENT]", "IN:SEND_MESSAGE]"], "predicted_tokens": ["[IN:SEND_MESSAGE", "[SL:RECIPIENT", "@ptr7", "SL:RECIPIENT]", "[SL:RECIPIENT", "@ptr9", "SL:RECIPIENT]", "IN:SEND_MESSAGE]"]}
{"loss": 2.0697455406188965, "class_log_probabilities": [-1.9966322183609009, -3.418858766555786, -4.02909517288208, -4.4539947509765625], "predictions": [23, 269, 401, 402, 403, 270, 26, 4, 4, 4, 4, 4, 4, 4, 4], "target_tokens": ["[IN:SEND_MESSAGE", "[SL:GROUP", "@ptr6", "@ptr7", "SL:GROUP]", "[SL:CONTENT_EXACT", "@ptr12", "@ptr13", "SL:CONTENT_EXACT]", "IN:SEND_MESSAGE]"], "predicted_tokens": ["[IN:SEND_MESSAGE", "[SL:GROUP", "@ptr6", "@ptr7", "@ptr8", "SL:GROUP]", "IN:SEND_MESSAGE]"]}
{"loss": 1.8671479225158691, "class_log_probabilities": [-4.693446636199951, -5.656658172607422, -6.932000160217285, -7.777388095855713], "predictions": [23, 10, 404, 11, 26, 4, 4, 4, 4, 4], "target_tokens": ["[IN:SEND_MESSAGE", "[SL:GROUP", "@ptr10", "@ptr11", "@ptr12", "@ptr13", "SL:GROUP]", "IN:SEND_MESSAGE]"], "predicted_tokens": ["[IN:SEND_MESSAGE", "[SL:RECIPIENT", "@ptr9", "SL:RECIPIENT]", "IN:SEND_MESSAGE]"]}
{"loss": 1.5016969442367554, "class_log_probabilities": [-0.6327850818634033, -4.585094451904297, -5.162325859069824, -5.433300018310547], "predictions": [5, 269, 397, 398, 270, 10, 399, 11, 12, 4, 4, 4, 4], "target_tokens": ["[IN:GET_MESSAGE", "[SL:GROUP", "@ptr3", "SL:GROUP]", "[SL:RECIPIENT", "@ptr4", "SL:RECIPIENT]", "IN:GET_MESSAGE]"], "predicted_tokens": ["[IN:GET_MESSAGE", "[SL:GROUP", "@ptr2", "@ptr3", "SL:GROUP]", "[SL:RECIPIENT", "@ptr4", "SL:RECIPIENT]", "IN:GET_MESSAGE]"]}
{"loss": 1.1460736989974976, "class_log_probabilities": [-1.6597089767456055, -3.9989020824432373, -4.178762435913086, -4.2338080406188965], "predictions": [5, 8, 400, 9, 10, 70, 93, 402, 94, 71, 403, 404, 72, 73, 11, 12, 4, 4], "target_tokens": ["[IN:GET_MESSAGE", "[SL:TYPE_CONTENT", "@ptr5", "SL:TYPE_CONTENT]", "[SL:RECIPIENT", "[IN:GET_CONTACT", "[SL:CONTACT_RELATED", "@ptr7", "SL:CONTACT_RELATED]", "[SL:TYPE_RELATION", "@ptr8", "@ptr9", "@ptr10", "SL:TYPE_RELATION]", "IN:GET_CONTACT]", "SL:RECIPIENT]", "IN:GET_MESSAGE]"], "predicted_tokens": ["[IN:GET_MESSAGE", "[SL:TYPE_CONTENT", "@ptr5", "SL:TYPE_CONTENT]", "[SL:RECIPIENT", "[IN:GET_CONTACT", "[SL:CONTACT_RELATED", "@ptr7", "SL:CONTACT_RELATED]", "[SL:TYPE_RELATION", "@ptr8", "@ptr9", "SL:TYPE_RELATION]", "IN:GET_CONTACT]", "SL:RECIPIENT]", "IN:GET_MESSAGE]"]}
{"loss": 1.044262170791626, "class_log_probabilities": [-1.7970268726348877, -3.5070416927337646, -3.5435893535614014, -3.7239906787872314], "predictions": [5, 10, 70, 93, 404, 94, 71, 405, 72, 73, 11, 12, 4], "target_tokens": ["[IN:GET_MESSAGE", "[SL:RECIPIENT", "[IN:GET_CONTACT", "[SL:CONTACT_RELATED", "@ptr9", "SL:CONTACT_RELATED]", "[SL:TYPE_RELATION", "@ptr10", "SL:TYPE_RELATION]", "IN:GET_CONTACT]", "SL:RECIPIENT]", "IN:GET_MESSAGE]"], "predicted_tokens": ["[IN:GET_MESSAGE", "[SL:RECIPIENT", "[IN:GET_CONTACT", "[SL:CONTACT_RELATED", "@ptr9", "SL:CONTACT_RELATED]", "[SL:TYPE_RELATION", "@ptr10", "SL:TYPE_RELATION]", "IN:GET_CONTACT]", "SL:RECIPIENT]", "IN:GET_MESSAGE]"]}
{"loss": 1.032912254333496, "class_log_probabilities": [-1.5477120876312256, -2.9608049392700195, -3.3916091918945312, -4.9932541847229], "predictions": [5, 8, 399, 9, 10, 70, 93, 401, 94, 71, 402, 72, 73, 11, 12, 4, 4, 4], "target_tokens": ["[IN:GET_MESSAGE", "[SL:TYPE_CONTENT", "@ptr4", "SL:TYPE_CONTENT]", "[SL:RECIPIENT", "[IN:GET_CONTACT", "[SL:CONTACT_RELATED", "@ptr6", "SL:CONTACT_RELATED]", "[SL:TYPE_RELATION", "@ptr7", "SL:TYPE_RELATION]", "IN:GET_CONTACT]", "SL:RECIPIENT]", "IN:GET_MESSAGE]"], "predicted_tokens": ["[IN:GET_MESSAGE", "[SL:TYPE_CONTENT", "@ptr4", "SL:TYPE_CONTENT]", "[SL:RECIPIENT", "[IN:GET_CONTACT", "[SL:CONTACT_RELATED", "@ptr6", "SL:CONTACT_RELATED]", "[SL:TYPE_RELATION", "@ptr7", "SL:TYPE_RELATION]", "IN:GET_CONTACT]", "SL:RECIPIENT]", "IN:GET_MESSAGE]"]}
{"loss": 1.0799323320388794, "class_log_probabilities": [-1.9886749982833862, -1.9990570545196533, -2.2222964763641357, -3.7480697631835938], "predictions": [5, 10, 70, 93, 401, 94, 71, 402, 72, 73, 11, 12, 4], "target_tokens": ["[IN:GET_MESSAGE", "[SL:RECIPIENT", "[IN:GET_CONTACT", "[SL:CONTACT_RELATED", "@ptr6", "SL:CONTACT_RELATED]", "[SL:TYPE_RELATION", "@ptr7", "SL:TYPE_RELATION]", "IN:GET_CONTACT]", "SL:RECIPIENT]", "IN:GET_MESSAGE]"], "predicted_tokens": ["[IN:GET_MESSAGE", "[SL:RECIPIENT", "[IN:GET_CONTACT", "[SL:CONTACT_RELATED", "@ptr6", "SL:CONTACT_RELATED]", "[SL:TYPE_RELATION", "@ptr7", "SL:TYPE_RELATION]", "IN:GET_CONTACT]", "SL:RECIPIENT]", "IN:GET_MESSAGE]"]}
{"loss": 1.29033362865448, "class_log_probabilities": [-3.172224283218384, -4.307123184204102, -4.768166542053223, -5.294619083404541], "predictions": [5, 59, 70, 6, 400, 7, 73, 60, 12, 4, 4, 4, 4], "target_tokens": ["[IN:GET_MESSAGE", "[SL:SENDER", "[IN:GET_CONTACT", "[SL:TYPE_RELATION", "@ptr4", "SL:TYPE_RELATION]", "[SL:CONTACT", "@ptr5", "SL:CONTACT]", "IN:GET_CONTACT]", "SL:SENDER]", "IN:GET_MESSAGE]"], "predicted_tokens": ["[IN:GET_MESSAGE", "[SL:SENDER", "[IN:GET_CONTACT", "[SL:CONTACT", "@ptr5", "SL:CONTACT]", "IN:GET_CONTACT]", "SL:SENDER]", "IN:GET_MESSAGE]"]}
{"loss": 0.968823254108429, "class_log_probabilities": [-0.34176504611968994, -6.707122802734375, -7.223941326141357, -7.481026649475098], "predictions": [23, 76, 397, 77, 26, 4, 4, 4], "target_tokens": ["[IN:SEND_MESSAGE", "[SL:NAME_APP", "@ptr2", "SL:NAME_APP]", "IN:SEND_MESSAGE]"], "predicted_tokens": ["[IN:SEND_MESSAGE", "[SL:NAME_APP", "@ptr2", "SL:NAME_APP]", "IN:SEND_MESSAGE]"]}
{"loss": 1.8076691627502441, "class_log_probabilities": [-1.2840321063995361, -3.9569509029388428, -3.976999044418335, -4.084743499755859], "predictions": [23, 10, 403, 11, 76, 405, 77, 26, 4], "target_tokens": ["[IN:SEND_MESSAGE", "[SL:RECIPIENT", "@ptr7", "SL:RECIPIENT]", "[SL:NAME_APP", "@ptr9", "SL:NAME_APP]", "IN:SEND_MESSAGE]"], "predicted_tokens": ["[IN:SEND_MESSAGE", "[SL:RECIPIENT", "@ptr8", "SL:RECIPIENT]", "[SL:NAME_APP", "@ptr10", "SL:NAME_APP]", "IN:SEND_MESSAGE]"]}
{"loss": 0.983327329158783, "class_log_probabilities": [-0.3805486857891083, -7.065551280975342, -7.107484340667725, -7.111069202423096], "predictions": [23, 76, 400, 77, 26, 4], "target_tokens": ["[IN:SEND_MESSAGE", "[SL:NAME_APP", "@ptr5", "SL:NAME_APP]", "IN:SEND_MESSAGE]"], "predicted_tokens": ["[IN:SEND_MESSAGE", "[SL:NAME_APP", "@ptr5", "SL:NAME_APP]", "IN:SEND_MESSAGE]"]}
{"loss": 1.2547270059585571, "class_log_probabilities": [-2.6319730281829834, -2.7343857288360596, -3.3631248474121094, -4.206093788146973], "predictions": [23, 76, 399, 77, 26, 4, 4, 4, 4], "target_tokens": ["[IN:SEND_MESSAGE", "[SL:NAME_APP", "@ptr4", "SL:NAME_APP]", "IN:SEND_MESSAGE]"], "predicted_tokens": ["[IN:SEND_MESSAGE", "[SL:NAME_APP", "@ptr4", "SL:NAME_APP]", "IN:SEND_MESSAGE]"]}
{"loss": 4.283573150634766, "class_log_probabilities": [-1.789615273475647, -3.083984851837158, -3.6862967014312744, -4.59612512588501], "predictions": [23, 6, 395, 7, 76, 398, 77, 26, 4, 4], "target_tokens": ["[IN:GET_MESSAGE", "[SL:NAME_APP", "@ptr3", "SL:NAME_APP]", "IN:GET_MESSAGE]"], "predicted_tokens": ["[IN:SEND_MESSAGE", "[SL:CONTACT", "@ptr0", "SL:CONTACT]", "[SL:NAME_APP", "@ptr3", "SL:NAME_APP]", "IN:SEND_MESSAGE]"]}
{"loss": 2.0490705966949463, "class_log_probabilities": [-2.427924394607544, -2.704420804977417, -2.903958797454834, -3.3948709964752197], "predictions": [23, 10, 398, 399, 11, 8, 401, 9, 26, 4, 4, 4, 4], "target_tokens": ["[IN:SEND_MESSAGE", "[SL:RECIPIENT", "@ptr2", "@ptr3", "SL:RECIPIENT]", "[SL:TYPE_CONTENT", "@ptr6", "SL:TYPE_CONTENT]", "[SL:NAME_APP", "@ptr8", "SL:NAME_APP]", "IN:SEND_MESSAGE]"], "predicted_tokens": ["[IN:SEND_MESSAGE", "[SL:RECIPIENT", "@ptr3", "@ptr4", "SL:RECIPIENT]", "[SL:TYPE_CONTENT", "@ptr6", "SL:TYPE_CONTENT]", "IN:SEND_MESSAGE]"]}
{"loss": 1.036301851272583, "class_log_probabilities": [-0.7818284034729004, -4.63280725479126, -5.047671318054199, -5.524031639099121], "predictions": [5, 76, 399, 77, 12, 4, 4, 4, 4], "target_tokens": ["[IN:GET_MESSAGE", "[SL:NAME_APP", "@ptr4", "SL:NAME_APP]", "IN:GET_MESSAGE]"], "predicted_tokens": ["[IN:GET_MESSAGE", "[SL:NAME_APP", "@ptr4", "SL:NAME_APP]", "IN:GET_MESSAGE]"]}
{"loss": 1.4511263370513916, "class_log_probabilities": [-2.247770071029663, -2.6466546058654785, -3.232609272003174, -4.339235782623291], "predictions": [23, 10, 400, 11, 76, 402, 77, 24, 404, 405, 406, 407, 408, 25, 26, 4], "target_tokens": ["[IN:SEND_MESSAGE", "[SL:RECIPIENT", "@ptr5", "SL:RECIPIENT]", "[SL:NAME_APP", "@ptr7", "SL:NAME_APP]", "[SL:CONTENT_EXACT", "@ptr11", "@ptr12", "@ptr13", "SL:CONTENT_EXACT]", "IN:SEND_MESSAGE]"], "predicted_tokens": ["[IN:SEND_MESSAGE", "[SL:RECIPIENT", "@ptr5", "SL:RECIPIENT]", "[SL:NAME_APP", "@ptr7", "SL:NAME_APP]", "[SL:CONTENT_EXACT", "@ptr9", "@ptr10", "@ptr11", "@ptr12", "@ptr13", "SL:CONTENT_EXACT]", "IN:SEND_MESSAGE]"]}
{"loss": 2.769564390182495, "class_log_probabilities": [-0.43965598940849304, -5.321993350982666, -7.612905025482178, -7.618974685668945], "predictions": [75, 6, 397, 7, 78, 4, 4, 4], "target_tokens": ["[IN:CREATE_CALL", "[SL:CONTACT", "@ptr1", "@ptr2", "SL:CONTACT]", "IN:CREATE_CALL]"], "predicted_tokens": ["[IN:CREATE_CALL", "[SL:CONTACT", "@ptr2", "SL:CONTACT]", "IN:CREATE_CALL]"]}
{"loss": 2.464099407196045, "class_log_probabilities": [-0.5319435596466064, -4.594749450683594, -7.618836402893066, -7.640162467956543], "predictions": [75, 6, 397, 7, 78, 4, 4, 4], "target_tokens": ["[IN:CREATE_CALL", "[SL:CONTACT", "@ptr1", "@ptr2", "SL:CONTACT]", "IN:CREATE_CALL]"], "predicted_tokens": ["[IN:CREATE_CALL", "[SL:CONTACT", "@ptr2", "SL:CONTACT]", "IN:CREATE_CALL]"]}
{"loss": 2.316815137863159, "class_log_probabilities": [-0.3586079180240631, -7.7175068855285645, -8.218669891357422, -8.394515991210938], "predictions": [75, 6, 397, 7, 78, 4, 4, 4], "target_tokens": ["[IN:CREATE_CALL", "[SL:CONTACT", "@ptr1", "SL:CONTACT]", "IN:CREATE_CALL]"], "predicted_tokens": ["[IN:CREATE_CALL", "[SL:CONTACT", "@ptr2", "SL:CONTACT]", "IN:CREATE_CALL]"]}
{"loss": 0.9825434684753418, "class_log_probabilities": [-0.4675549268722534, -4.895100116729736, -5.543051719665527, -6.597422122955322], "predictions": [75, 231, 399, 232, 78, 4, 4, 4], "target_tokens": ["[IN:CREATE_CALL", "[SL:PHONE_NUMBER", "@ptr4", "SL:PHONE_NUMBER]", "IN:CREATE_CALL]"], "predicted_tokens": ["[IN:CREATE_CALL", "[SL:PHONE_NUMBER", "@ptr4", "SL:PHONE_NUMBER]", "IN:CREATE_CALL]"]}
{"loss": 0.9715471267700195, "class_log_probabilities": [-0.6913329362869263, -6.180871486663818, -7.035922050476074, -7.469544887542725], "predictions": [75, 6, 70, 93, 396, 94, 71, 397, 72, 73, 7, 78, 4], "target_tokens": ["[IN:CREATE_CALL", "[SL:CONTACT", "[IN:GET_CONTACT", "[SL:CONTACT_RELATED", "@ptr1", "SL:CONTACT_RELATED]", "[SL:TYPE_RELATION", "@ptr2", "SL:TYPE_RELATION]", "IN:GET_CONTACT]", "SL:CONTACT]", "IN:CREATE_CALL]"], "predicted_tokens": ["[IN:CREATE_CALL", "[SL:CONTACT", "[IN:GET_CONTACT", "[SL:CONTACT_RELATED", "@ptr1", "SL:CONTACT_RELATED]", "[SL:TYPE_RELATION", "@ptr2", "SL:TYPE_RELATION]", "IN:GET_CONTACT]", "SL:CONTACT]", "IN:CREATE_CALL]"]}
{"loss": 2.264967918395996, "class_log_probabilities": [-0.3508068025112152, -7.990771770477295, -8.039670944213867, -8.145987510681152], "predictions": [75, 6, 397, 7, 78, 4, 4, 4], "target_tokens": ["[IN:CREATE_CALL", "[SL:CONTACT", "@ptr1", "SL:CONTACT]", "IN:CREATE_CALL]"], "predicted_tokens": ["[IN:CREATE_CALL", "[SL:CONTACT", "@ptr2", "SL:CONTACT]", "IN:CREATE_CALL]"]}
{"loss": 2.5852301120758057, "class_log_probabilities": [-0.4520254135131836, -5.563235282897949, -6.988245487213135, -7.697178363800049], "predictions": [75, 6, 397, 398, 7, 78, 4, 4, 4], "target_tokens": ["[IN:CREATE_CALL", "[SL:CONTACT", "@ptr1", "@ptr2", "@ptr3", "SL:CONTACT]", "IN:CREATE_CALL]"], "predicted_tokens": ["[IN:CREATE_CALL", "[SL:CONTACT", "@ptr2", "@ptr3", "SL:CONTACT]", "IN:CREATE_CALL]"]}
{"loss": 1.8651387691497803, "class_log_probabilities": [-0.5125104188919067, -6.286940097808838, -6.672565460205078, -7.254719257354736], "predictions": [75, 6, 397, 7, 76, 398, 77, 78, 4], "target_tokens": ["[IN:CREATE_CALL", "[SL:CONTACT", "@ptr1", "SL:CONTACT]", "[SL:NAME_APP", "@ptr3", "SL:NAME_APP]", "IN:CREATE_CALL]"], "predicted_tokens": ["[IN:CREATE_CALL", "[SL:CONTACT", "@ptr2", "SL:CONTACT]", "[SL:NAME_APP", "@ptr3", "SL:NAME_APP]", "IN:CREATE_CALL]"]}
{"loss": 1.001784086227417, "class_log_probabilities": [-0.41664794087409973, -4.617785930633545, -5.148218154907227, -5.681913375854492], "predictions": [75, 269, 399, 270, 76, 401, 77, 78, 4], "target_tokens": ["[IN:CREATE_CALL", "[SL:GROUP", "@ptr4", "SL:GROUP]", "[SL:NAME_APP", "@ptr6", "SL:NAME_APP]", "IN:CREATE_CALL]"], "predicted_tokens": ["[IN:CREATE_CALL", "[SL:GROUP", "@ptr4", "SL:GROUP]", "[SL:NAME_APP", "@ptr6", "SL:NAME_APP]", "IN:CREATE_CALL]"]}
{"loss": 2.4397530555725098, "class_log_probabilities": [-1.5799576044082642, -3.2191991806030273, -5.060645580291748, -5.0778045654296875], "predictions": [75, 6, 401, 7, 78, 4, 4, 4, 4], "target_tokens": ["[IN:CREATE_CALL", "[SL:GROUP", "@ptr5", "@ptr6", "SL:GROUP]", "IN:CREATE_CALL]"], "predicted_tokens": ["[IN:CREATE_CALL", "[SL:CONTACT", "@ptr6", "SL:CONTACT]", "IN:CREATE_CALL]"]}
{"loss": 2.3724217414855957, "class_log_probabilities": [-2.7100470066070557, -3.064549684524536, -3.3647496700286865, -3.526357889175415], "predictions": [75, 269, 400, 401, 402, 403, 404, 405, 270, 76, 407, 77, 78, 4], "target_tokens": ["[IN:CREATE_CALL", "[SL:GROUP", "@ptr6", "@ptr7", "SL:GROUP]", "[SL:NAME_APP", "@ptr12", "SL:NAME_APP]", "IN:CREATE_CALL]"], "predicted_tokens": ["[IN:CREATE_CALL", "[SL:GROUP", "@ptr5", "@ptr6", "@ptr7", "@ptr8", "@ptr9", "@ptr10", "SL:GROUP]", "[SL:NAME_APP", "@ptr12", "SL:NAME_APP]", "IN:CREATE_CALL]"]}
{"loss": 2.921457052230835, "class_log_probabilities": [-0.6616973876953125, -4.274318695068359, -4.294558525085449, -6.6679582595825195], "predictions": [75, 6, 397, 7, 76, 399, 77, 78, 4, 4], "target_tokens": ["[IN:CREATE_CALL", "[SL:GROUP", "@ptr1", "@ptr2", "SL:GROUP]", "[SL:NAME_APP", "@ptr4", "SL:NAME_APP]", "IN:CREATE_CALL]"], "predicted_tokens": ["[IN:CREATE_CALL", "[SL:CONTACT", "@ptr2", "SL:CONTACT]", "[SL:NAME_APP", "@ptr4", "SL:NAME_APP]", "IN:CREATE_CALL]"]}
{"loss": 0.9945203065872192, "class_log_probabilities": [-0.5268899202346802, -4.584292411804199, -5.552124977111816, -5.592573165893555], "predictions": [75, 269, 399, 400, 270, 76, 402, 77, 78, 4, 4], "target_tokens": ["[IN:CREATE_CALL", "[SL:GROUP", "@ptr4", "@ptr5", "SL:GROUP]", "[SL:NAME_APP", "@ptr7", "SL:NAME_APP]", "IN:CREATE_CALL]"], "predicted_tokens": ["[IN:CREATE_CALL", "[SL:GROUP", "@ptr4", "@ptr5", "SL:GROUP]", "[SL:NAME_APP", "@ptr7", "SL:NAME_APP]", "IN:CREATE_CALL]"]}
{"loss": 4.358181476593018, "class_log_probabilities": [-1.4223902225494385, -4.456704616546631, -5.304656505584717, -5.505959510803223], "predictions": [51, 52, 395, 53, 285, 396, 286, 54, 4, 4, 4, 4], "target_tokens": ["[IN:CREATE_CALL", "[SL:GROUP", "@ptr1", "SL:GROUP]", "IN:CREATE_CALL]"], "predicted_tokens": ["[IN:GET_RECIPES", "[SL:RECIPES_DISH", "@ptr0", "SL:RECIPES_DISH]", "[SL:RECIPES_MEAL", "@ptr1", "SL:RECIPES_MEAL]", "IN:GET_RECIPES]"]}
{"loss": 1.0084826946258545, "class_log_probabilities": [-0.9290591478347778, -3.243440628051758, -6.108339309692383, -6.223690986633301], "predictions": [321, 156, 398, 399, 400, 401, 402, 157, 322, 4], "target_tokens": ["[IN:SET_RSVP_NO", "[SL:TITLE_EVENT", "@ptr3", "@ptr4", "@ptr5", "@ptr6", "@ptr7", "SL:TITLE_EVENT]", "IN:SET_RSVP_NO]"], "predicted_tokens": ["[IN:SET_RSVP_NO", "[SL:TITLE_EVENT", "@ptr3", "@ptr4", "@ptr5", "@ptr6", "@ptr7", "SL:TITLE_EVENT]", "IN:SET_RSVP_NO]"]}
{"loss": 1.0327644348144531, "class_log_probabilities": [-1.2770533561706543, -2.132211208343506, -2.954413890838623, -5.201859951019287], "predictions": [247, 156, 402, 403, 404, 405, 157, 248, 4], "target_tokens": ["[IN:SET_RSVP_INTERESTED", "[SL:TITLE_EVENT", "@ptr7", "@ptr8", "@ptr9", "@ptr10", "SL:TITLE_EVENT]", "IN:SET_RSVP_INTERESTED]"], "predicted_tokens": ["[IN:SET_RSVP_INTERESTED", "[SL:TITLE_EVENT", "@ptr7", "@ptr8", "@ptr9", "@ptr10", "SL:TITLE_EVENT]", "IN:SET_RSVP_INTERESTED]"]}
{"loss": 1.0225038528442383, "class_log_probabilities": [-0.5357465744018555, -6.191397190093994, -6.638391494750977, -6.990966796875], "predictions": [321, 20, 399, 21, 322, 4, 4, 4, 4], "target_tokens": ["[IN:SET_RSVP_NO", "[SL:ORDINAL", "@ptr4", "SL:ORDINAL]", "IN:SET_RSVP_NO]"], "predicted_tokens": ["[IN:SET_RSVP_NO", "[SL:ORDINAL", "@ptr4", "SL:ORDINAL]", "IN:SET_RSVP_NO]"]}
{"loss": 1.1522849798202515, "class_log_probabilities": [-2.706538677215576, -4.376492977142334, -5.162086486816406, -6.4586310386657715], "predictions": [247, 156, 400, 401, 402, 403, 404, 405, 406, 407, 408, 409, 157, 248, 4, 4, 4, 4, 4, 4, 4, 4], "target_tokens": ["[IN:SET_RSVP_INTERESTED", "[SL:TITLE_EVENT", "@ptr5", "@ptr6", "@ptr7", "@ptr8", "@ptr9", "@ptr10", "@ptr11", "@ptr12", "@ptr13", "@ptr14", "SL:TITLE_EVENT]", "IN:SET_RSVP_INTERESTED]"], "predicted_tokens": ["[IN:SET_RSVP_INTERESTED", "[SL:TITLE_EVENT", "@ptr5", "@ptr6", "@ptr7", "@ptr8", "@ptr9", "@ptr10", "@ptr11", "@ptr12", "@ptr13", "@ptr14", "SL:TITLE_EVENT]", "IN:SET_RSVP_INTERESTED]"]}
{"loss": 1.01643705368042, "class_log_probabilities": [-0.13374561071395874, -6.241551876068115, -6.606616020202637, -6.618373870849609], "predictions": [321, 322, 4], "target_tokens": ["[IN:SET_RSVP_NO", "IN:SET_RSVP_NO]"], "predicted_tokens": ["[IN:SET_RSVP_NO", "IN:SET_RSVP_NO]"]}
{"loss": 0.9972734451293945, "class_log_probabilities": [-0.3130107522010803, -5.700693130493164, -5.970053672790527, -8.870685577392578], "predictions": [321, 156, 399, 157, 322, 4, 4, 4], "target_tokens": ["[IN:SET_RSVP_NO", "[SL:TITLE_EVENT", "@ptr4", "SL:TITLE_EVENT]", "IN:SET_RSVP_NO]"], "predicted_tokens": ["[IN:SET_RSVP_NO", "[SL:TITLE_EVENT", "@ptr4", "SL:TITLE_EVENT]", "IN:SET_RSVP_NO]"]}
{"loss": 1.0378164052963257, "class_log_probabilities": [-1.3554946184158325, -3.7424612045288086, -4.109692573547363, -4.19407320022583], "predictions": [247, 156, 402, 403, 404, 157, 248, 4], "target_tokens": ["[IN:SET_RSVP_INTERESTED", "[SL:TITLE_EVENT", "@ptr7", "@ptr8", "@ptr9", "SL:TITLE_EVENT]", "IN:SET_RSVP_INTERESTED]"], "predicted_tokens": ["[IN:SET_RSVP_INTERESTED", "[SL:TITLE_EVENT", "@ptr7", "@ptr8", "@ptr9", "SL:TITLE_EVENT]", "IN:SET_RSVP_INTERESTED]"]}
{"loss": 2.151071786880493, "class_log_probabilities": [-1.1053438186645508, -3.3341004848480225, -4.393108367919922, -4.701868534088135], "predictions": [89, 90, 397, 91, 16, 399, 400, 401, 17, 92, 4], "target_tokens": ["[IN:CREATE_TIMER", "[SL:METHOD_TIMER", "@ptr2", "SL:METHOD_TIMER]", "[SL:DATE_TIME", "@ptr3", "@ptr4", "@ptr5", "SL:DATE_TIME]", "IN:CREATE_TIMER]"], "predicted_tokens": ["[IN:CREATE_TIMER", "[SL:METHOD_TIMER", "@ptr2", "SL:METHOD_TIMER]", "[SL:DATE_TIME", "@ptr4", "@ptr5", "@ptr6", "SL:DATE_TIME]", "IN:CREATE_TIMER]"]}
{"loss": 2.3251686096191406, "class_log_probabilities": [-1.5966341495513916, -3.2902824878692627, -3.663119077682495, -4.143387794494629], "predictions": [89, 90, 397, 91, 16, 399, 400, 17, 92, 4], "target_tokens": ["[IN:ADD_TIME_TIMER", "[SL:METHOD_TIMER", "@ptr2", "SL:METHOD_TIMER]", "[SL:DATE_TIME", "@ptr3", "@ptr4", "@ptr5", "SL:DATE_TIME]", "IN:ADD_TIME_TIMER]"], "predicted_tokens": ["[IN:CREATE_TIMER", "[SL:METHOD_TIMER", "@ptr2", "SL:METHOD_TIMER]", "[SL:DATE_TIME", "@ptr4", "@ptr5", "SL:DATE_TIME]", "IN:CREATE_TIMER]"]}
{"loss": 2.565701723098755, "class_log_probabilities": [-3.536734104156494, -4.725907325744629, -4.963481426239014, -5.029416084289551], "predictions": [89, 16, 399, 400, 17, 92, 4, 4, 4, 4], "target_tokens": ["[IN:ADD_TIME_TIMER", "[SL:METHOD_TIMER", "@ptr2", "SL:METHOD_TIMER]", "[SL:DATE_TIME", "@ptr3", "@ptr4", "@ptr5", "SL:DATE_TIME]", "IN:ADD_TIME_TIMER]"], "predicted_tokens": ["[IN:CREATE_TIMER", "[SL:DATE_TIME", "@ptr4", "@ptr5", "SL:DATE_TIME]", "IN:CREATE_TIMER]"]}
{"loss": 0.9823510646820068, "class_log_probabilities": [-0.15196001529693604, -7.1137309074401855, -8.361711502075195, -8.782503128051758], "predictions": [19, 22, 4, 4, 4, 4], "target_tokens": ["[IN:GET_ALARM", "IN:GET_ALARM]"], "predicted_tokens": ["[IN:GET_ALARM", "IN:GET_ALARM]"]}
{"loss": 4.148772716522217, "class_log_probabilities": [-0.5018125176429749, -7.000316619873047, -7.307981014251709, -7.420344829559326], "predictions": [13, 79, 403, 80, 18, 4], "target_tokens": ["[IN:GET_SUNSET", "IN:GET_SUNSET]"], "predicted_tokens": ["[IN:GET_WEATHER", "[SL:WEATHER_ATTRIBUTE", "@ptr8", "SL:WEATHER_ATTRIBUTE]", "IN:GET_WEATHER]"]}
{"loss": 2.4594616889953613, "class_log_probabilities": [-3.502800941467285, -4.695171356201172, -5.178355693817139, -5.800550937652588], "predictions": [75, 6, 70, 6, 399, 7, 71, 403, 72, 73, 7, 78, 4, 4, 4, 4, 4], "target_tokens": ["[IN:CREATE_CALL", "[SL:CONTACT", "[IN:GET_CONTACT", "[SL:CONTACT_RELATED", "@ptr9", "SL:CONTACT_RELATED]", "[SL:TYPE_RELATION", "@ptr7", "SL:TYPE_RELATION]", "[SL:CONTACT", "@ptr4", "SL:CONTACT]", "IN:GET_CONTACT]", "SL:CONTACT]", "IN:CREATE_CALL]"], "predicted_tokens": ["[IN:CREATE_CALL", "[SL:CONTACT", "[IN:GET_CONTACT", "[SL:CONTACT", "@ptr4", "SL:CONTACT]", "[SL:TYPE_RELATION", "@ptr8", "SL:TYPE_RELATION]", "IN:GET_CONTACT]", "SL:CONTACT]", "IN:CREATE_CALL]"]}
{"loss": 2.0046582221984863, "class_log_probabilities": [-1.0703321695327759, -3.401839017868042, -4.1152238845825195, -4.767740249633789], "predictions": [75, 6, 70, 71, 397, 398, 399, 400, 72, 6, 401, 402, 7, 73, 7, 78, 4], "target_tokens": ["[IN:CREATE_CALL", "[SL:CONTACT", "[IN:GET_CONTACT", "[SL:CONTACT_RELATED", "@ptr6", "@ptr7", "SL:CONTACT_RELATED]", "[SL:TYPE_RELATION", "@ptr2", "@ptr3", "@ptr4", "SL:TYPE_RELATION]", "IN:GET_CONTACT]", "SL:CONTACT]", "IN:CREATE_CALL]"], "predicted_tokens": ["[IN:CREATE_CALL", "[SL:CONTACT", "[IN:GET_CONTACT", "[SL:TYPE_RELATION", "@ptr2", "@ptr3", "@ptr4", "@ptr5", "SL:TYPE_RELATION]", "[SL:CONTACT", "@ptr6", "@ptr7", "SL:CONTACT]", "IN:GET_CONTACT]", "SL:CONTACT]", "IN:CREATE_CALL]"]}
{"loss": 2.0737955570220947, "class_log_probabilities": [-2.938159704208374, -3.13110089302063, -3.5093464851379395, -3.9491896629333496], "predictions": [75, 6, 70, 93, 397, 94, 71, 399, 72, 73, 7, 78, 4, 4, 4, 4, 4, 4], "target_tokens": ["[IN:CREATE_CALL", "[SL:CONTACT", "[IN:GET_CONTACT", "[SL:CONTACT_RELATED", "@ptr6", "@ptr7", "SL:CONTACT_RELATED]", "[SL:TYPE_RELATION", "@ptr4", "SL:TYPE_RELATION]", "[SL:CONTACT", "@ptr1", "SL:CONTACT]", "IN:GET_CONTACT]", "SL:CONTACT]", "IN:CREATE_CALL]"], "predicted_tokens": ["[IN:CREATE_CALL", "[SL:CONTACT", "[IN:GET_CONTACT", "[SL:CONTACT_RELATED", "@ptr2", "SL:CONTACT_RELATED]", "[SL:TYPE_RELATION", "@ptr4", "SL:TYPE_RELATION]", "IN:GET_CONTACT]", "SL:CONTACT]", "IN:CREATE_CALL]"]}
{"loss": 1.892075777053833, "class_log_probabilities": [-1.0086818933486938, -2.6691365242004395, -3.710724353790283, -4.89578914642334], "predictions": [75, 6, 70, 71, 399, 72, 6, 401, 7, 73, 7, 78, 4, 4, 4], "target_tokens": ["[IN:CREATE_CALL", "[SL:CONTACT", "[IN:GET_CONTACT", "[SL:CONTACT_RELATED", "@ptr6", "SL:CONTACT_RELATED]", "[SL:TYPE_RELATION", "@ptr4", "SL:TYPE_RELATION]", "IN:GET_CONTACT]", "SL:CONTACT]", "IN:CREATE_CALL]"], "predicted_tokens": ["[IN:CREATE_CALL", "[SL:CONTACT", "[IN:GET_CONTACT", "[SL:TYPE_RELATION", "@ptr4", "SL:TYPE_RELATION]", "[SL:CONTACT", "@ptr6", "SL:CONTACT]", "IN:GET_CONTACT]", "SL:CONTACT]", "IN:CREATE_CALL]"]}
{"loss": 1.8188517093658447, "class_log_probabilities": [-2.82308030128479, -3.0192532539367676, -3.189028263092041, -3.4563941955566406], "predictions": [75, 6, 70, 71, 400, 401, 402, 72, 6, 406, 7, 73, 7, 78, 4, 4], "target_tokens": ["[IN:CREATE_CALL", "[SL:CONTACT", "[IN:GET_CONTACT", "[SL:CONTACT_RELATED", "@ptr9", "SL:CONTACT_RELATED]", "[SL:TYPE_RELATION", "@ptr5", "@ptr6", "@ptr7", "SL:TYPE_RELATION]", "[SL:CONTACT", "@ptr11", "@ptr12", "SL:CONTACT]", "IN:GET_CONTACT]", "SL:CONTACT]", "IN:CREATE_CALL]"], "predicted_tokens": ["[IN:CREATE_CALL", "[SL:CONTACT", "[IN:GET_CONTACT", "[SL:TYPE_RELATION", "@ptr5", "@ptr6", "@ptr7", "SL:TYPE_RELATION]", "[SL:CONTACT", "@ptr11", "SL:CONTACT]", "IN:GET_CONTACT]", "SL:CONTACT]", "IN:CREATE_CALL]"]}
{"loss": 2.05360746383667, "class_log_probabilities": [-3.7636332511901855, -5.134231090545654, -5.694930553436279, -6.087455749511719], "predictions": [75, 6, 70, 93, 397, 94, 71, 401, 402, 72, 73, 7, 76, 404, 77, 78, 4, 4, 4, 4, 4, 4], "target_tokens": ["[IN:CREATE_CALL", "[SL:CONTACT", "[IN:GET_CONTACT", "[SL:TYPE_RELATION", "@ptr2", "SL:TYPE_RELATION]", "IN:GET_CONTACT]", "SL:CONTACT]", "[SL:CONTACT", "[IN:GET_CONTACT", "[SL:TYPE_RELATION", "@ptr5", "@ptr6", "SL:TYPE_RELATION]", "IN:GET_CONTACT]", "SL:CONTACT]", "[SL:NAME_APP", "@ptr8", "SL:NAME_APP]", "IN:CREATE_CALL]"], "predicted_tokens": ["[IN:CREATE_CALL", "[SL:CONTACT", "[IN:GET_CONTACT", "[SL:CONTACT_RELATED", "@ptr2", "SL:CONTACT_RELATED]", "[SL:TYPE_RELATION", "@ptr6", "@ptr7", "SL:TYPE_RELATION]", "IN:GET_CONTACT]", "SL:CONTACT]", "[SL:NAME_APP", "@ptr9", "SL:NAME_APP]", "IN:CREATE_CALL]"]}
{"loss": 1.8546098470687866, "class_log_probabilities": [-0.5305283069610596, -6.307329177856445, -6.874992847442627, -7.534963607788086], "predictions": [75, 6, 397, 7, 76, 398, 77, 78, 4], "target_tokens": ["[IN:CREATE_CALL", "[SL:CONTACT", "@ptr1", "SL:CONTACT]", "[SL:NAME_APP", "@ptr3", "SL:NAME_APP]", "IN:CREATE_CALL]"], "predicted_tokens": ["[IN:CREATE_CALL", "[SL:CONTACT", "@ptr2", "SL:CONTACT]", "[SL:NAME_APP", "@ptr3", "SL:NAME_APP]", "IN:CREATE_CALL]"]}
{"loss": 3.4779114723205566, "class_log_probabilities": [-0.49777305126190186, -6.689842700958252, -6.90087890625, -7.231967449188232], "predictions": [75, 6, 397, 7, 76, 398, 77, 78, 4], "target_tokens": ["[IN:CREATE_CALL", "[SL:NAME_APP", "@ptr3", "SL:NAME_APP]", "[SL:CONTACT", "@ptr1", "SL:CONTACT]", "IN:CREATE_CALL]"], "predicted_tokens": ["[IN:CREATE_CALL", "[SL:CONTACT", "@ptr2", "SL:CONTACT]", "[SL:NAME_APP", "@ptr3", "SL:NAME_APP]", "IN:CREATE_CALL]"]}
{"loss": 2.3571391105651855, "class_log_probabilities": [-1.2685942649841309, -4.129845142364502, -4.2813005447387695, -4.700620174407959], "predictions": [75, 6, 397, 398, 7, 6, 399, 400, 401, 7, 76, 403, 77, 78, 4], "target_tokens": ["[IN:CREATE_CALL", "[SL:CONTACT", "@ptr1", "@ptr2", "SL:CONTACT]", "[SL:CONTACT", "@ptr4", "@ptr5", "SL:CONTACT]", "[SL:NAME_APP", "@ptr7", "SL:NAME_APP]", "IN:CREATE_CALL]"], "predicted_tokens": ["[IN:CREATE_CALL", "[SL:CONTACT", "@ptr2", "@ptr3", "SL:CONTACT]", "[SL:CONTACT", "@ptr4", "@ptr5", "@ptr6", "SL:CONTACT]", "[SL:NAME_APP", "@ptr8", "SL:NAME_APP]", "IN:CREATE_CALL]"]}
{"loss": 1.3873239755630493, "class_log_probabilities": [-0.94640052318573, -3.5596911907196045, -4.8343024253845215, -5.344880104064941], "predictions": [75, 6, 397, 7, 6, 398, 7, 76, 401, 77, 78, 4], "target_tokens": ["[IN:CREATE_CALL", "[SL:CONTACT", "@ptr1", "SL:CONTACT]", "[SL:CONTACT", "@ptr3", "SL:CONTACT]", "[SL:NAME_APP", "@ptr6", "SL:NAME_APP]", "IN:CREATE_CALL]"], "predicted_tokens": ["[IN:CREATE_CALL", "[SL:CONTACT", "@ptr2", "SL:CONTACT]", "[SL:CONTACT", "@ptr3", "SL:CONTACT]", "[SL:NAME_APP", "@ptr6", "SL:NAME_APP]", "IN:CREATE_CALL]"]}
{"loss": 0.9592747688293457, "class_log_probabilities": [-0.3583725392818451, -8.152610778808594, -8.159071922302246, -8.232442855834961], "predictions": [75, 6, 398, 7, 78, 4, 4, 4], "target_tokens": ["[IN:CREATE_CALL", "[SL:CONTACT", "@ptr3", "SL:CONTACT]", "IN:CREATE_CALL]"], "predicted_tokens": ["[IN:CREATE_CALL", "[SL:CONTACT", "@ptr3", "SL:CONTACT]", "IN:CREATE_CALL]"]}
{"loss": 3.2176244258880615, "class_log_probabilities": [-3.24550724029541, -3.8331594467163086, -4.094378471374512, -5.518031120300293], "predictions": [275, 90, 400, 91, 276, 4, 4, 4, 4, 4], "target_tokens": ["[IN:RESUME_TIMER", "[SL:METHOD_TIMER", "@ptr5", "SL:METHOD_TIMER]", "[SL:TIMER_NAME", "@ptr7", "@ptr8", "@ptr9", "@ptr10", "SL:TIMER_NAME]", "IN:RESUME_TIMER]"], "predicted_tokens": ["[IN:RESUME_TIMER", "[SL:METHOD_TIMER", "@ptr5", "SL:METHOD_TIMER]", "IN:RESUME_TIMER]"]}
{"loss": 1.1348724365234375, "class_log_probabilities": [-3.216726779937744, -4.217337608337402, -4.832625865936279, -5.096470355987549], "predictions": [89, 92, 4, 4, 4, 4, 4, 4, 4, 4, 4, 4, 4], "target_tokens": ["[IN:CREATE_TIMER", "[SL:METHOD_TIMER", "@ptr4", "SL:METHOD_TIMER]", "[SL:TIMER_NAME", "@ptr6", "@ptr7", "@ptr8", "@ptr9", "@ptr10", "SL:TIMER_NAME]", "IN:CREATE_TIMER]"], "predicted_tokens": ["[IN:CREATE_TIMER", "IN:CREATE_TIMER]"]}
{"loss": 0.9762622117996216, "class_log_probabilities": [-0.42580169439315796, -6.252511978149414, -7.474969387054443, -7.6374125480651855], "predictions": [63, 66, 400, 401, 67, 68, 4], "target_tokens": ["[IN:PLAY_MUSIC", "[SL:MUSIC_ARTIST_NAME", "@ptr5", "@ptr6", "SL:MUSIC_ARTIST_NAME]", "IN:PLAY_MUSIC]"], "predicted_tokens": ["[IN:PLAY_MUSIC", "[SL:MUSIC_ARTIST_NAME", "@ptr5", "@ptr6", "SL:MUSIC_ARTIST_NAME]", "IN:PLAY_MUSIC]"]}
{"loss": 1.0088274478912354, "class_log_probabilities": [-0.25330644845962524, -7.425134658813477, -7.51238489151001, -7.7998762130737305], "predictions": [235, 103, 400, 104, 236, 4], "target_tokens": ["[IN:SET_DEFAULT_PROVIDER_MUSIC", "[SL:MUSIC_PROVIDER_NAME", "@ptr5", "SL:MUSIC_PROVIDER_NAME]", "IN:SET_DEFAULT_PROVIDER_MUSIC]"], "predicted_tokens": ["[IN:SET_DEFAULT_PROVIDER_MUSIC", "[SL:MUSIC_PROVIDER_NAME", "@ptr5", "SL:MUSIC_PROVIDER_NAME]", "IN:SET_DEFAULT_PROVIDER_MUSIC]"]}
{"loss": 2.040738582611084, "class_log_probabilities": [-0.19824987649917603, -6.938718318939209, -7.026725769042969, -7.850070476531982], "predictions": [235, 103, 400, 104, 236, 4], "target_tokens": ["[IN:SET_DEFAULT_PROVIDER_MUSIC", "[SL:MUSIC_PROVIDER_NAME", "@ptr4", "SL:MUSIC_PROVIDER_NAME]", "IN:SET_DEFAULT_PROVIDER_MUSIC]"], "predicted_tokens": ["[IN:SET_DEFAULT_PROVIDER_MUSIC", "[SL:MUSIC_PROVIDER_NAME", "@ptr5", "SL:MUSIC_PROVIDER_NAME]", "IN:SET_DEFAULT_PROVIDER_MUSIC]"]}
{"loss": 1.015927791595459, "class_log_probabilities": [-0.26619067788124084, -5.897208213806152, -6.6205925941467285, -7.405538558959961], "predictions": [235, 103, 396, 397, 104, 236, 4], "target_tokens": ["[IN:SET_DEFAULT_PROVIDER_MUSIC", "[SL:MUSIC_PROVIDER_NAME", "@ptr1", "@ptr2", "SL:MUSIC_PROVIDER_NAME]", "IN:SET_DEFAULT_PROVIDER_MUSIC]"], "predicted_tokens": ["[IN:SET_DEFAULT_PROVIDER_MUSIC", "[SL:MUSIC_PROVIDER_NAME", "@ptr1", "@ptr2", "SL:MUSIC_PROVIDER_NAME]", "IN:SET_DEFAULT_PROVIDER_MUSIC]"]}
{"loss": 3.1844799518585205, "class_log_probabilities": [-2.4970240592956543, -3.1720566749572754, -4.270821571350098, -5.5095415115356445], "predictions": [89, 90, 397, 91, 16, 399, 400, 401, 17, 92, 4, 4, 4, 4], "target_tokens": ["[IN:CREATE_TIMER", "[SL:TIMER_NAME", "@ptr8", "SL:TIMER_NAME]", "[SL:METHOD_TIMER", "@ptr2", "SL:METHOD_TIMER]", "[SL:DATE_TIME", "@ptr3", "@ptr4", "@ptr5", "SL:DATE_TIME]", "IN:CREATE_TIMER]"], "predicted_tokens": ["[IN:CREATE_TIMER", "[SL:METHOD_TIMER", "@ptr2", "SL:METHOD_TIMER]", "[SL:DATE_TIME", "@ptr4", "@ptr5", "@ptr6", "SL:DATE_TIME]", "IN:CREATE_TIMER]"]}
{"loss": 4.4586005210876465, "class_log_probabilities": [-1.675772786140442, -2.502716541290283, -4.147345066070557, -4.7560906410217285], "predictions": [227, 90, 397, 91, 20, 400, 21, 228, 4], "target_tokens": ["[IN:UPDATE_TIMER", "[SL:TIMER_NAME", "@ptr5", "SL:TIMER_NAME]", "[SL:DATE_TIME", "@ptr2", "SL:DATE_TIME]", "IN:UPDATE_TIMER]"], "predicted_tokens": ["[IN:UPDATE_TIMER", "[SL:METHOD_TIMER", "@ptr2", "SL:METHOD_TIMER]", "[SL:ORDINAL", "@ptr5", "SL:ORDINAL]", "IN:UPDATE_TIMER]"]}
{"loss": 0.9881569147109985, "class_log_probabilities": [-0.4692316949367523, -6.339330196380615, -6.382030010223389, -6.786952018737793], "predictions": [75, 6, 400, 401, 7, 76, 403, 77, 78, 4], "target_tokens": ["[IN:CREATE_CALL", "[SL:CONTACT", "@ptr5", "@ptr6", "SL:CONTACT]", "[SL:NAME_APP", "@ptr8", "SL:NAME_APP]", "IN:CREATE_CALL]"], "predicted_tokens": ["[IN:CREATE_CALL", "[SL:CONTACT", "@ptr5", "@ptr6", "SL:CONTACT]", "[SL:NAME_APP", "@ptr8", "SL:NAME_APP]", "IN:CREATE_CALL]"]}
{"loss": 0.9795991778373718, "class_log_probabilities": [-0.4909158945083618, -6.578050136566162, -6.990178108215332, -7.28771448135376], "predictions": [75, 6, 399, 400, 7, 76, 402, 77, 78, 4], "target_tokens": ["[IN:CREATE_CALL", "[SL:CONTACT", "@ptr4", "@ptr5", "SL:CONTACT]", "[SL:NAME_APP", "@ptr7", "SL:NAME_APP]", "IN:CREATE_CALL]"], "predicted_tokens": ["[IN:CREATE_CALL", "[SL:CONTACT", "@ptr4", "@ptr5", "SL:CONTACT]", "[SL:NAME_APP", "@ptr7", "SL:NAME_APP]", "IN:CREATE_CALL]"]}
{"loss": 0.9959272146224976, "class_log_probabilities": [-0.9030152559280396, -3.208907127380371, -6.218369960784912, -7.101330280303955], "predictions": [23, 8, 398, 9, 10, 70, 71, 400, 72, 73, 11, 26, 4, 4, 4, 4, 4, 4], "target_tokens": ["[IN:SEND_MESSAGE", "[SL:TYPE_CONTENT", "@ptr3", "SL:TYPE_CONTENT]", "[SL:RECIPIENT", "[IN:GET_CONTACT", "[SL:TYPE_RELATION", "@ptr5", "SL:TYPE_RELATION]", "IN:GET_CONTACT]", "SL:RECIPIENT]", "IN:SEND_MESSAGE]"], "predicted_tokens": ["[IN:SEND_MESSAGE", "[SL:TYPE_CONTENT", "@ptr3", "SL:TYPE_CONTENT]", "[SL:RECIPIENT", "[IN:GET_CONTACT", "[SL:TYPE_RELATION", "@ptr5", "SL:TYPE_RELATION]", "IN:GET_CONTACT]", "SL:RECIPIENT]", "IN:SEND_MESSAGE]"]}
{"loss": 0.9651679992675781, "class_log_probabilities": [-0.5167177319526672, -4.747615337371826, -5.399421215057373, -5.718985080718994], "predictions": [13, 14, 399, 400, 401, 15, 18, 4, 4], "target_tokens": ["[IN:GET_WEATHER", "[SL:LOCATION", "@ptr4", "@ptr5", "@ptr6", "SL:LOCATION]", "IN:GET_WEATHER]"], "predicted_tokens": ["[IN:GET_WEATHER", "[SL:LOCATION", "@ptr4", "@ptr5", "@ptr6", "SL:LOCATION]", "IN:GET_WEATHER]"]}
{"loss": 2.2561726570129395, "class_log_probabilities": [-1.833835482597351, -3.067646026611328, -3.760244369506836, -4.093339443206787], "predictions": [75, 6, 397, 398, 7, 6, 400, 401, 7, 78, 4, 4], "target_tokens": ["[IN:CREATE_CALL", "[SL:CONTACT", "@ptr1", "@ptr2", "SL:CONTACT]", "[SL:CONTACT", "@ptr4", "@ptr5", "SL:CONTACT]", "IN:CREATE_CALL]"], "predicted_tokens": ["[IN:CREATE_CALL", "[SL:CONTACT", "@ptr2", "@ptr3", "SL:CONTACT]", "[SL:CONTACT", "@ptr5", "@ptr6", "SL:CONTACT]", "IN:CREATE_CALL]"]}
{"loss": 0.9872111082077026, "class_log_probabilities": [-0.3185324966907501, -6.635470867156982, -6.759523868560791, -7.375309944152832], "predictions": [107, 108, 396, 397, 109, 110, 4, 4], "target_tokens": ["[IN:UPDATE_CALL", "[SL:CONTACT_ADDED", "@ptr1", "@ptr2", "SL:CONTACT_ADDED]", "IN:UPDATE_CALL]"], "predicted_tokens": ["[IN:UPDATE_CALL", "[SL:CONTACT_ADDED", "@ptr1", "@ptr2", "SL:CONTACT_ADDED]", "IN:UPDATE_CALL]"]}
{"loss": 1.7773747444152832, "class_log_probabilities": [-1.9060461521148682, -2.535646438598633, -5.705658435821533, -5.852664470672607], "predictions": [45, 249, 395, 250, 16, 398, 399, 400, 401, 17, 46, 4], "target_tokens": ["[IN:CREATE_ALARM", "[SL:DATE_TIME", "@ptr3", "@ptr4", "@ptr5", "@ptr6", "SL:DATE_TIME]", "IN:CREATE_ALARM]"], "predicted_tokens": ["[IN:CREATE_ALARM", "[SL:ALARM_NAME", "@ptr0", "SL:ALARM_NAME]", "[SL:DATE_TIME", "@ptr3", "@ptr4", "@ptr5", "@ptr6", "SL:DATE_TIME]", "IN:CREATE_ALARM]"]}
{"loss": 1.6152589321136475, "class_log_probabilities": [-1.432501196861267, -1.4529370069503784, -4.3306427001953125, -4.465913772583008], "predictions": [45, 16, 400, 401, 402, 17, 46, 4, 4, 4, 4], "target_tokens": ["[IN:UPDATE_ALARM", "[SL:DATE_TIME", "@ptr5", "@ptr6", "@ptr7", "SL:DATE_TIME]", "IN:UPDATE_ALARM]"], "predicted_tokens": ["[IN:CREATE_ALARM", "[SL:DATE_TIME", "@ptr5", "@ptr6", "@ptr7", "SL:DATE_TIME]", "IN:CREATE_ALARM]"]}
{"loss": 1.3481601476669312, "class_log_probabilities": [-1.240707516670227, -4.963071346282959, -5.012042045593262, -5.1278395652771], "predictions": [75, 6, 398, 7, 78, 4, 4, 4, 4], "target_tokens": ["[IN:CREATE_CALL", "[SL:ORDINAL", "@ptr2", "SL:ORDINAL]", "[SL:CONTACT", "@ptr3", "SL:CONTACT]", "IN:CREATE_CALL]"], "predicted_tokens": ["[IN:CREATE_CALL", "[SL:CONTACT", "@ptr3", "SL:CONTACT]", "IN:CREATE_CALL]"]}
{"loss": 3.1059744358062744, "class_log_probabilities": [-2.1521923542022705, -5.355687141418457, -7.046792507171631, -81.22819519042969], "predictions": [61, 83, 400, 84, 62, 4, 4, 4, 4, 4, 4, 4, 4, 4, 4, 4, 4, 4, 4, 4, 4, 4, 4, 4, 4, 4, 4, 4, 4, 4, 4, 4, 4, 4, 4, 4, 4, 4, 4, 4, 4, 4, 4, 4, 4, 4, 4, 4, 4, 4, 4, 4, 4, 4, 4, 4, 4, 4, 4, 4, 4, 4, 4, 4, 4, 4, 4, 4, 4, 4, 4, 4, 4, 4, 4, 4, 4, 4, 4, 4, 4, 4, 4, 4, 4, 4, 4, 4, 4, 4, 4, 4, 4, 4, 4, 4, 4, 4, 4, 4], "target_tokens": ["[IN:GET_EVENT", "[SL:CATEGORY_EVENT", "@ptr5", "SL:CATEGORY_EVENT]", "[SL:DATE_TIME", "@ptr9", "@ptr10", "SL:DATE_TIME]", "[SL:LOCATION", "@ptr13", "@ptr14", "@ptr15", "SL:LOCATION]", "IN:GET_EVENT]"], "predicted_tokens": ["[IN:GET_EVENT", "[SL:CATEGORY_EVENT", "@ptr5", "SL:CATEGORY_EVENT]", "IN:GET_EVENT]"]}
{"loss": 1.0401926040649414, "class_log_probabilities": [-1.360350251197815, -2.6922013759613037, -3.1734955310821533, -3.778021812438965], "predictions": [61, 83, 402, 84, 16, 403, 404, 17, 14, 406, 15, 62, 4], "target_tokens": ["[IN:GET_EVENT", "[SL:CATEGORY_EVENT", "@ptr7", "SL:CATEGORY_EVENT]", "[SL:DATE_TIME", "@ptr8", "@ptr9", "SL:DATE_TIME]", "[SL:LOCATION", "@ptr11", "SL:LOCATION]", "IN:GET_EVENT]"], "predicted_tokens": ["[IN:GET_EVENT", "[SL:CATEGORY_EVENT", "@ptr7", "SL:CATEGORY_EVENT]", "[SL:DATE_TIME", "@ptr8", "@ptr9", "SL:DATE_TIME]", "[SL:LOCATION", "@ptr11", "SL:LOCATION]", "IN:GET_EVENT]"]}
{"loss": 0.9638320803642273, "class_log_probabilities": [-0.5729610323905945, -6.46295690536499, -7.531968116760254, -7.598349094390869], "predictions": [75, 76, 396, 77, 6, 398, 399, 7, 78, 4], "target_tokens": ["[IN:CREATE_CALL", "[SL:NAME_APP", "@ptr1", "SL:NAME_APP]", "[SL:CONTACT", "@ptr3", "@ptr4", "SL:CONTACT]", "IN:CREATE_CALL]"], "predicted_tokens": ["[IN:CREATE_CALL", "[SL:NAME_APP", "@ptr1", "SL:NAME_APP]", "[SL:CONTACT", "@ptr3", "@ptr4", "SL:CONTACT]", "IN:CREATE_CALL]"]}
{"loss": 1.0100059509277344, "class_log_probabilities": [-1.1071877479553223, -2.2730698585510254, -3.0474491119384766, -6.179694652557373], "predictions": [75, 6, 397, 398, 7, 78, 4], "target_tokens": ["[IN:CREATE_CALL", "[SL:CONTACT", "@ptr2", "@ptr3", "SL:CONTACT]", "IN:CREATE_CALL]"], "predicted_tokens": ["[IN:CREATE_CALL", "[SL:CONTACT", "@ptr2", "@ptr3", "SL:CONTACT]", "IN:CREATE_CALL]"]}
{"loss": 0.9637338519096375, "class_log_probabilities": [-0.4449319541454315, -3.8852338790893555, -6.582813739776611, -7.681462287902832], "predictions": [75, 6, 399, 7, 78, 4, 4, 4], "target_tokens": ["[IN:CREATE_CALL", "[SL:CONTACT", "@ptr4", "SL:CONTACT]", "IN:CREATE_CALL]"], "predicted_tokens": ["[IN:CREATE_CALL", "[SL:CONTACT", "@ptr4", "SL:CONTACT]", "IN:CREATE_CALL]"]}
{"loss": 1.1505475044250488, "class_log_probabilities": [-1.089897871017456, -2.3436119556427, -2.391376495361328, -4.523019790649414], "predictions": [23, 8, 398, 9, 10, 401, 11, 26, 4], "target_tokens": ["[IN:SEND_MESSAGE", "[SL:TYPE_CONTENT", "@ptr3", "SL:TYPE_CONTENT]", "[SL:RECIPIENT", "@ptr5", "SL:RECIPIENT]", "IN:SEND_MESSAGE]"], "predicted_tokens": ["[IN:SEND_MESSAGE", "[SL:TYPE_CONTENT", "@ptr3", "SL:TYPE_CONTENT]", "[SL:RECIPIENT", "@ptr6", "SL:RECIPIENT]", "IN:SEND_MESSAGE]"]}
{"loss": 0.9704014658927917, "class_log_probabilities": [-0.5752290487289429, -6.077328205108643, -7.0811944007873535, -9.121950149536133], "predictions": [23, 8, 396, 9, 10, 398, 399, 11, 26, 4, 4, 4], "target_tokens": ["[IN:SEND_MESSAGE", "[SL:TYPE_CONTENT", "@ptr1", "SL:TYPE_CONTENT]", "[SL:RECIPIENT", "@ptr3", "@ptr4", "SL:RECIPIENT]", "IN:SEND_MESSAGE]"], "predicted_tokens": ["[IN:SEND_MESSAGE", "[SL:TYPE_CONTENT", "@ptr1", "SL:TYPE_CONTENT]", "[SL:RECIPIENT", "@ptr3", "@ptr4", "SL:RECIPIENT]", "IN:SEND_MESSAGE]"]}
{"loss": 2.1735763549804688, "class_log_probabilities": [-1.764235496520996, -2.5721943378448486, -3.063089609146118, -3.694357395172119], "predictions": [23, 8, 402, 9, 10, 404, 11, 26, 4, 4, 4, 4], "target_tokens": ["[IN:SEND_MESSAGE", "[SL:TYPE_CONTENT", "@ptr6", "SL:TYPE_CONTENT]", "[SL:RECIPIENT", "@ptr8", "@ptr9", "SL:RECIPIENT]", "IN:SEND_MESSAGE]"], "predicted_tokens": ["[IN:SEND_MESSAGE", "[SL:TYPE_CONTENT", "@ptr7", "SL:TYPE_CONTENT]", "[SL:RECIPIENT", "@ptr9", "SL:RECIPIENT]", "IN:SEND_MESSAGE]"]}
{"loss": 0.9771944880485535, "class_log_probabilities": [-0.4470157325267792, -7.196956634521484, -7.26839017868042, -7.306138038635254], "predictions": [23, 10, 397, 11, 8, 400, 9, 26, 4], "target_tokens": ["[IN:SEND_MESSAGE", "[SL:RECIPIENT", "@ptr2", "SL:RECIPIENT]", "[SL:TYPE_CONTENT", "@ptr5", "SL:TYPE_CONTENT]", "IN:SEND_MESSAGE]"], "predicted_tokens": ["[IN:SEND_MESSAGE", "[SL:RECIPIENT", "@ptr2", "SL:RECIPIENT]", "[SL:TYPE_CONTENT", "@ptr5", "SL:TYPE_CONTENT]", "IN:SEND_MESSAGE]"]}
{"loss": 4.24143123626709, "class_log_probabilities": [-0.6205981969833374, -4.750082492828369, -6.089033603668213, -8.527335166931152], "predictions": [75, 6, 397, 7, 78, 4, 4, 4, 4], "target_tokens": ["[IN:SEND_MESSAGE", "[SL:TYPE_CONTENT", "@ptr1", "SL:TYPE_CONTENT]", "[SL:RECIPIENT", "@ptr3", "SL:RECIPIENT]", "IN:SEND_MESSAGE]"], "predicted_tokens": ["[IN:CREATE_CALL", "[SL:CONTACT", "@ptr2", "SL:CONTACT]", "IN:CREATE_CALL]"]}
{"loss": 0.9971843361854553, "class_log_probabilities": [-0.6715221405029297, -2.6347386837005615, -4.053677082061768, -5.370920181274414], "predictions": [23, 8, 398, 9, 10, 400, 11, 26, 4], "target_tokens": ["[IN:SEND_MESSAGE", "[SL:TYPE_CONTENT", "@ptr3", "SL:TYPE_CONTENT]", "[SL:RECIPIENT", "@ptr5", "SL:RECIPIENT]", "IN:SEND_MESSAGE]"], "predicted_tokens": ["[IN:SEND_MESSAGE", "[SL:TYPE_CONTENT", "@ptr3", "SL:TYPE_CONTENT]", "[SL:RECIPIENT", "@ptr5", "SL:RECIPIENT]", "IN:SEND_MESSAGE]"]}
{"loss": 0.9670321345329285, "class_log_probabilities": [-0.6461135149002075, -6.682169437408447, -6.6879167556762695, -6.793726921081543], "predictions": [23, 8, 398, 9, 10, 400, 11, 26, 4, 4, 4, 4], "target_tokens": ["[IN:SEND_MESSAGE", "[SL:TYPE_CONTENT", "@ptr3", "SL:TYPE_CONTENT]", "[SL:RECIPIENT", "@ptr5", "SL:RECIPIENT]", "IN:SEND_MESSAGE]"], "predicted_tokens": ["[IN:SEND_MESSAGE", "[SL:TYPE_CONTENT", "@ptr3", "SL:TYPE_CONTENT]", "[SL:RECIPIENT", "@ptr5", "SL:RECIPIENT]", "IN:SEND_MESSAGE]"]}
{"loss": 0.9735887050628662, "class_log_probabilities": [-0.5133568048477173, -7.273173809051514, -7.361608028411865, -7.8289361000061035], "predictions": [23, 8, 400, 9, 10, 402, 11, 26, 4, 4, 4, 4], "target_tokens": ["[IN:SEND_MESSAGE", "[SL:TYPE_CONTENT", "@ptr5", "SL:TYPE_CONTENT]", "[SL:RECIPIENT", "@ptr7", "SL:RECIPIENT]", "IN:SEND_MESSAGE]"], "predicted_tokens": ["[IN:SEND_MESSAGE", "[SL:TYPE_CONTENT", "@ptr5", "SL:TYPE_CONTENT]", "[SL:RECIPIENT", "@ptr7", "SL:RECIPIENT]", "IN:SEND_MESSAGE]"]}
{"loss": 0.9704602360725403, "class_log_probabilities": [-0.5180658102035522, -6.2989373207092285, -7.027910232543945, -7.0335917472839355], "predictions": [75, 6, 397, 7, 76, 399, 77, 78, 4], "target_tokens": ["[IN:CREATE_CALL", "[SL:CONTACT", "@ptr2", "SL:CONTACT]", "[SL:NAME_APP", "@ptr4", "SL:NAME_APP]", "IN:CREATE_CALL]"], "predicted_tokens": ["[IN:CREATE_CALL", "[SL:CONTACT", "@ptr2", "SL:CONTACT]", "[SL:NAME_APP", "@ptr4", "SL:NAME_APP]", "IN:CREATE_CALL]"]}
{"loss": 0.9583430290222168, "class_log_probabilities": [-0.5066587924957275, -7.082669258117676, -7.212709903717041, -7.2292799949646], "predictions": [75, 6, 396, 397, 398, 7, 78, 4, 4, 4], "target_tokens": ["[IN:CREATE_CALL", "[SL:CONTACT", "@ptr1", "@ptr2", "@ptr3", "SL:CONTACT]", "IN:CREATE_CALL]"], "predicted_tokens": ["[IN:CREATE_CALL", "[SL:CONTACT", "@ptr1", "@ptr2", "@ptr3", "SL:CONTACT]", "IN:CREATE_CALL]"]}
{"loss": 0.9578242897987366, "class_log_probabilities": [-0.5243522524833679, -6.661901473999023, -7.033651828765869, -7.261828899383545], "predictions": [75, 6, 396, 397, 398, 7, 78, 4, 4, 4], "target_tokens": ["[IN:CREATE_CALL", "[SL:CONTACT", "@ptr1", "@ptr2", "@ptr3", "SL:CONTACT]", "IN:CREATE_CALL]"], "predicted_tokens": ["[IN:CREATE_CALL", "[SL:CONTACT", "@ptr1", "@ptr2", "@ptr3", "SL:CONTACT]", "IN:CREATE_CALL]"]}
{"loss": 2.2934162616729736, "class_log_probabilities": [-2.733336925506592, -2.7586395740509033, -3.9280381202697754, -4.1392059326171875], "predictions": [75, 6, 395, 396, 397, 398, 7, 78, 4], "target_tokens": ["[IN:CREATE_CALL", "[SL:CONTACT", "@ptr1", "@ptr2", "@ptr3", "SL:CONTACT]", "IN:CREATE_CALL]"], "predicted_tokens": ["[IN:CREATE_CALL", "[SL:CONTACT", "@ptr0", "@ptr1", "@ptr2", "@ptr3", "SL:CONTACT]", "IN:CREATE_CALL]"]}
{"loss": 1.0192372798919678, "class_log_probabilities": [-0.697547435760498, -1.828727126121521, -5.927388668060303, -5.957191467285156], "predictions": [221, 14, 403, 15, 222, 4, 4], "target_tokens": ["[IN:GET_SUNSET", "[SL:LOCATION", "@ptr8", "SL:LOCATION]", "IN:GET_SUNSET]"], "predicted_tokens": ["[IN:GET_SUNSET", "[SL:LOCATION", "@ptr8", "SL:LOCATION]", "IN:GET_SUNSET]"]}
{"loss": 0.9749436378479004, "class_log_probabilities": [-0.1594296097755432, -7.221593856811523, -7.785604000091553, -7.884902477264404], "predictions": [189, 190, 4], "target_tokens": ["[IN:SET_AVAILABLE", "IN:SET_AVAILABLE]"], "predicted_tokens": ["[IN:SET_AVAILABLE", "IN:SET_AVAILABLE]"]}
{"loss": 2.3429641723632812, "class_log_probabilities": [-1.9057549238204956, -2.2459723949432373, -2.3921897411346436, -2.3946759700775146], "predictions": [185, 16, 404, 406, 17, 186, 4, 4], "target_tokens": ["[IN:GET_CALL", "[SL:DATE_TIME", "@ptr9", "@ptr10", "@ptr11", "@ptr12", "@ptr13", "SL:DATE_TIME]", "IN:GET_CALL]"], "predicted_tokens": ["[IN:GET_CALL", "[SL:DATE_TIME", "@ptr9", "@ptr11", "SL:DATE_TIME]", "IN:GET_CALL]"]}
{"loss": 0.9635998606681824, "class_log_probabilities": [-0.356076180934906, -6.969437599182129, -7.318353652954102, -7.735567569732666], "predictions": [171, 6, 399, 7, 172, 4], "target_tokens": ["[IN:GET_AVAILABILITY", "[SL:CONTACT", "@ptr4", "SL:CONTACT]", "IN:GET_AVAILABILITY]"], "predicted_tokens": ["[IN:GET_AVAILABILITY", "[SL:CONTACT", "@ptr4", "SL:CONTACT]", "IN:GET_AVAILABILITY]"]}
{"loss": 1.9923617839813232, "class_log_probabilities": [-0.9254289865493774, -3.2435898780822754, -4.444528579711914, -5.283095359802246], "predictions": [185, 16, 402, 403, 404, 405, 17, 186, 4, 4, 4], "target_tokens": ["[IN:GET_CALL", "[SL:DATE_TIME", "@ptr6", "@ptr7", "@ptr8", "@ptr9", "@ptr10", "SL:DATE_TIME]", "IN:GET_CALL]"], "predicted_tokens": ["[IN:GET_CALL", "[SL:DATE_TIME", "@ptr7", "@ptr8", "@ptr9", "@ptr10", "SL:DATE_TIME]", "IN:GET_CALL]"]}
{"loss": 0.970947802066803, "class_log_probabilities": [-0.6755509376525879, -7.473361492156982, -7.627588748931885, -7.758103370666504], "predictions": [75, 6, 70, 93, 396, 94, 71, 397, 72, 73, 7, 78, 4, 4, 4, 4], "target_tokens": ["[IN:CREATE_CALL", "[SL:CONTACT", "[IN:GET_CONTACT", "[SL:CONTACT_RELATED", "@ptr1", "SL:CONTACT_RELATED]", "[SL:TYPE_RELATION", "@ptr2", "SL:TYPE_RELATION]", "IN:GET_CONTACT]", "SL:CONTACT]", "IN:CREATE_CALL]"], "predicted_tokens": ["[IN:CREATE_CALL", "[SL:CONTACT", "[IN:GET_CONTACT", "[SL:CONTACT_RELATED", "@ptr1", "SL:CONTACT_RELATED]", "[SL:TYPE_RELATION", "@ptr2", "SL:TYPE_RELATION]", "IN:GET_CONTACT]", "SL:CONTACT]", "IN:CREATE_CALL]"]}
{"loss": 1.0711277723312378, "class_log_probabilities": [-1.10446035861969, -1.2535624504089355, -6.138857841491699, -7.03215217590332], "predictions": [75, 6, 398, 7, 78, 4, 4, 4, 4], "target_tokens": ["[IN:CREATE_CALL", "[SL:CONTACT", "@ptr2", "SL:CONTACT]", "IN:CREATE_CALL]"], "predicted_tokens": ["[IN:CREATE_CALL", "[SL:CONTACT", "@ptr3", "SL:CONTACT]", "IN:CREATE_CALL]"]}
{"loss": 0.9690089821815491, "class_log_probabilities": [-0.6907753944396973, -6.749339580535889, -8.030289649963379, -8.053008079528809], "predictions": [75, 6, 70, 93, 396, 94, 71, 397, 72, 73, 7, 78, 4, 4, 4, 4], "target_tokens": ["[IN:CREATE_CALL", "[SL:CONTACT", "[IN:GET_CONTACT", "[SL:CONTACT_RELATED", "@ptr1", "SL:CONTACT_RELATED]", "[SL:TYPE_RELATION", "@ptr2", "SL:TYPE_RELATION]", "IN:GET_CONTACT]", "SL:CONTACT]", "IN:CREATE_CALL]"], "predicted_tokens": ["[IN:CREATE_CALL", "[SL:CONTACT", "[IN:GET_CONTACT", "[SL:CONTACT_RELATED", "@ptr1", "SL:CONTACT_RELATED]", "[SL:TYPE_RELATION", "@ptr2", "SL:TYPE_RELATION]", "IN:GET_CONTACT]", "SL:CONTACT]", "IN:CREATE_CALL]"]}
{"loss": 1.4385298490524292, "class_log_probabilities": [-0.9857237935066223, -2.423802137374878, -2.9094882011413574, -5.4725661277771], "predictions": [69, 6, 401, 7, 74, 4, 4, 4, 4], "target_tokens": ["[IN:GET_CALL", "[SL:CONTACT", "@ptr6", "SL:CONTACT]", "[SL:DATE_TIME", "@ptr10", "SL:DATE_TIME]", "IN:GET_CALL]"], "predicted_tokens": ["[IN:GET_CALL_TIME", "[SL:CONTACT", "@ptr6", "SL:CONTACT]", "IN:GET_CALL_TIME]"]}
{"loss": 0.9563785195350647, "class_log_probabilities": [-0.3868267238140106, -7.849708080291748, -8.044379234313965, -8.110280990600586], "predictions": [75, 6, 396, 7, 78, 4, 4, 4], "target_tokens": ["[IN:CREATE_CALL", "[SL:CONTACT", "@ptr1", "SL:CONTACT]", "IN:CREATE_CALL]"], "predicted_tokens": ["[IN:CREATE_CALL", "[SL:CONTACT", "@ptr1", "SL:CONTACT]", "IN:CREATE_CALL]"]}
{"loss": 0.9853723049163818, "class_log_probabilities": [-0.13821321725845337, -7.810546398162842, -8.057339668273926, -8.28348159790039], "predictions": [81, 82, 4], "target_tokens": ["[IN:END_CALL", "IN:END_CALL]"], "predicted_tokens": ["[IN:END_CALL", "IN:END_CALL]"]}
{"loss": 0.9725344777107239, "class_log_probabilities": [-0.16259321570396423, -7.5264410972595215, -7.539860725402832, -7.802779197692871], "predictions": [81, 82, 4], "target_tokens": ["[IN:END_CALL", "IN:END_CALL]"], "predicted_tokens": ["[IN:END_CALL", "IN:END_CALL]"]}
{"loss": 0.9937419295310974, "class_log_probabilities": [-1.0437992811203003, -3.8709208965301514, -4.446009159088135, -4.537697792053223], "predictions": [75, 6, 70, 93, 398, 94, 71, 399, 72, 73, 7, 76, 401, 77, 78, 4, 4, 4, 4, 4, 4], "target_tokens": ["[IN:CREATE_CALL", "[SL:CONTACT", "[IN:GET_CONTACT", "[SL:CONTACT_RELATED", "@ptr3", "SL:CONTACT_RELATED]", "[SL:TYPE_RELATION", "@ptr4", "SL:TYPE_RELATION]", "IN:GET_CONTACT]", "SL:CONTACT]", "[SL:NAME_APP", "@ptr6", "SL:NAME_APP]", "IN:CREATE_CALL]"], "predicted_tokens": ["[IN:CREATE_CALL", "[SL:CONTACT", "[IN:GET_CONTACT", "[SL:CONTACT_RELATED", "@ptr3", "SL:CONTACT_RELATED]", "[SL:TYPE_RELATION", "@ptr4", "SL:TYPE_RELATION]", "IN:GET_CONTACT]", "SL:CONTACT]", "[SL:NAME_APP", "@ptr6", "SL:NAME_APP]", "IN:CREATE_CALL]"]}
{"loss": 1.5686885118484497, "class_log_probabilities": [-1.422274112701416, -3.421609401702881, -4.5292229652404785, -5.07350492477417], "predictions": [13, 135, 402, 136, 135, 402, 136, 18, 4, 4, 4, 4], "target_tokens": ["[IN:GET_WEATHER", "[SL:WEATHER_TEMPERATURE_UNIT", "@ptr7", "SL:WEATHER_TEMPERATURE_UNIT]", "IN:GET_WEATHER]"], "predicted_tokens": ["[IN:GET_WEATHER", "[SL:WEATHER_TEMPERATURE_UNIT", "@ptr7", "SL:WEATHER_TEMPERATURE_UNIT]", "[SL:WEATHER_TEMPERATURE_UNIT", "@ptr7", "SL:WEATHER_TEMPERATURE_UNIT]", "IN:GET_WEATHER]"]}
{"loss": 2.2346341609954834, "class_log_probabilities": [-0.47954267263412476, -5.1055684089660645, -7.543717384338379, -7.833474159240723], "predictions": [13, 16, 398, 399, 17, 18, 4], "target_tokens": ["[IN:GET_WEATHER", "[SL:DATE_TIME", "@ptr4", "SL:DATE_TIME]", "IN:GET_WEATHER]"], "predicted_tokens": ["[IN:GET_WEATHER", "[SL:DATE_TIME", "@ptr3", "@ptr4", "SL:DATE_TIME]", "IN:GET_WEATHER]"]}
{"loss": 1.5270403623580933, "class_log_probabilities": [-2.166797399520874, -2.8453471660614014, -2.8547890186309814, -3.3451483249664307], "predictions": [13, 16, 403, 404, 405, 407, 17, 18, 4, 4], "target_tokens": ["[IN:GET_WEATHER", "[SL:DATE_TIME", "@ptr8", "@ptr9", "@ptr10", "@ptr11", "@ptr12", "@ptr13", "@ptr14", "SL:DATE_TIME]", "IN:GET_WEATHER]"], "predicted_tokens": ["[IN:GET_WEATHER", "[SL:DATE_TIME", "@ptr8", "@ptr9", "@ptr10", "@ptr12", "SL:DATE_TIME]", "IN:GET_WEATHER]"]}
{"loss": 2.1513686180114746, "class_log_probabilities": [-0.17650893330574036, -7.908933639526367, -8.041483879089355, -8.705939292907715], "predictions": [13, 18, 4, 4, 4, 4], "target_tokens": ["[IN:GET_WEATHER", "[SL:WEATHER_ATTRIBUTE", "@ptr2", "SL:WEATHER_ATTRIBUTE]", "IN:GET_WEATHER]"], "predicted_tokens": ["[IN:GET_WEATHER", "IN:GET_WEATHER]"]}
{"loss": 0.9588532447814941, "class_log_probabilities": [-0.17955955862998962, -8.190546035766602, -8.420862197875977, -9.199422836303711], "predictions": [13, 18, 4, 4], "target_tokens": ["[IN:GET_WEATHER", "IN:GET_WEATHER]"], "predicted_tokens": ["[IN:GET_WEATHER", "IN:GET_WEATHER]"]}
{"loss": 0.9699772000312805, "class_log_probabilities": [-0.7997304797172546, -4.734457492828369, -5.218947887420654, -6.239152431488037], "predictions": [13, 14, 398, 15, 16, 399, 400, 401, 17, 18, 4], "target_tokens": ["[IN:GET_WEATHER", "[SL:LOCATION", "@ptr3", "SL:LOCATION]", "[SL:DATE_TIME", "@ptr4", "@ptr5", "@ptr6", "SL:DATE_TIME]", "IN:GET_WEATHER]"], "predicted_tokens": ["[IN:GET_WEATHER", "[SL:LOCATION", "@ptr3", "SL:LOCATION]", "[SL:DATE_TIME", "@ptr4", "@ptr5", "@ptr6", "SL:DATE_TIME]", "IN:GET_WEATHER]"]}
{"loss": 0.9623385071754456, "class_log_probabilities": [-0.34453198313713074, -7.569250583648682, -7.9099202156066895, -7.974513053894043], "predictions": [13, 14, 401, 15, 18, 4], "target_tokens": ["[IN:GET_WEATHER", "[SL:LOCATION", "@ptr6", "SL:LOCATION]", "IN:GET_WEATHER]"], "predicted_tokens": ["[IN:GET_WEATHER", "[SL:LOCATION", "@ptr6", "SL:LOCATION]", "IN:GET_WEATHER]"]}
{"loss": 2.3029494285583496, "class_log_probabilities": [-0.9307956695556641, -1.6535404920578003, -6.318080902099609, -7.0945868492126465], "predictions": [159, 16, 398, 399, 17, 160, 4, 4], "target_tokens": ["[IN:SNOOZE_ALARM", "[SL:DATE_TIME", "@ptr2", "@ptr3", "@ptr4", "SL:DATE_TIME]", "IN:SNOOZE_ALARM]"], "predicted_tokens": ["[IN:SNOOZE_ALARM", "[SL:DATE_TIME", "@ptr3", "@ptr4", "SL:DATE_TIME]", "IN:SNOOZE_ALARM]"]}
{"loss": 2.6552963256835938, "class_log_probabilities": [-0.9519835710525513, -2.4453983306884766, -3.3554582595825195, -4.170533657073975], "predictions": [259, 260, 4], "target_tokens": ["[IN:SNOOZE_ALARM", "IN:SNOOZE_ALARM]"], "predicted_tokens": ["[IN:UPDATE_ALARM", "IN:UPDATE_ALARM]"]}
{"loss": 2.86731219291687, "class_log_probabilities": [-0.23310351371765137, -5.254660129547119, -6.700074672698975, -6.721678256988525], "predictions": [45, 46, 4, 4, 4, 4], "target_tokens": ["[IN:SILENCE_ALARM", "IN:SILENCE_ALARM]"], "predicted_tokens": ["[IN:CREATE_ALARM", "IN:CREATE_ALARM]"]}
{"loss": 1.9769777059555054, "class_log_probabilities": [-1.8633179664611816, -2.749521255493164, -3.815789222717285, -3.8940486907958984], "predictions": [75, 78, 4, 4, 4, 4, 4], "target_tokens": ["[IN:CREATE_ALARM", "[SL:DATE_TIME", "@ptr7", "@ptr8", "SL:DATE_TIME]", "IN:CREATE_ALARM]"], "predicted_tokens": ["[IN:CREATE_CALL", "IN:CREATE_CALL]"]}
{"loss": 1.3353989124298096, "class_log_probabilities": [-1.2503337860107422, -3.2519381046295166, -3.7536754608154297, -4.397911548614502], "predictions": [45, 46, 4, 4, 4, 4, 4, 4, 4, 4, 4], "target_tokens": ["[IN:CREATE_ALARM", "[SL:DATE_TIME", "@ptr7", "@ptr8", "@ptr9", "SL:DATE_TIME]", "IN:CREATE_ALARM]"], "predicted_tokens": ["[IN:CREATE_ALARM", "IN:CREATE_ALARM]"]}
{"loss": 1.6848597526550293, "class_log_probabilities": [-1.2602165937423706, -1.9486483335494995, -4.178577899932861, -6.479218006134033], "predictions": [45, 16, 402, 403, 404, 17, 46, 4, 4, 4, 4, 4], "target_tokens": ["[IN:CREATE_ALARM", "[SL:DATE_TIME", "@ptr6", "@ptr7", "@ptr8", "SL:DATE_TIME]", "IN:CREATE_ALARM]"], "predicted_tokens": ["[IN:CREATE_ALARM", "[SL:DATE_TIME", "@ptr7", "@ptr8", "@ptr9", "SL:DATE_TIME]", "IN:CREATE_ALARM]"]}
{"loss": 2.8196139335632324, "class_log_probabilities": [-1.5698753595352173, -1.8236255645751953, -4.450232028961182, -4.98817253112793], "predictions": [45, 46, 4, 4, 4, 4, 4, 4, 4, 4, 4], "target_tokens": ["[IN:CREATE_ALARM", "[SL:DATE_TIME", "@ptr3", "@ptr4", "@ptr5", "SL:DATE_TIME]", "IN:CREATE_ALARM]"], "predicted_tokens": ["[IN:CREATE_ALARM", "IN:CREATE_ALARM]"]}
{"loss": 1.8346422910690308, "class_log_probabilities": [-1.1717047691345215, -2.2795584201812744, -4.003391742706299, -4.497854232788086], "predictions": [45, 16, 400, 401, 402, 403, 404, 405, 17, 46, 4, 4, 4, 4], "target_tokens": ["[IN:CREATE_ALARM", "[SL:DATE_TIME", "@ptr3", "@ptr4", "@ptr5", "@ptr6", "@ptr7", "@ptr8", "@ptr9", "SL:DATE_TIME]", "IN:CREATE_ALARM]"], "predicted_tokens": ["[IN:CREATE_ALARM", "[SL:DATE_TIME", "@ptr5", "@ptr6", "@ptr7", "@ptr8", "@ptr9", "@ptr10", "SL:DATE_TIME]", "IN:CREATE_ALARM]"]}
{"loss": 1.2720447778701782, "class_log_probabilities": [-1.709657907485962, -3.4614241123199463, -3.7268049716949463, -3.84124755859375], "predictions": [45, 249, 404, 405, 407, 250, 46, 4, 4], "target_tokens": ["[IN:CREATE_ALARM", "[SL:ALARM_NAME", "@ptr9", "@ptr10", "@ptr11", "@ptr12", "SL:ALARM_NAME]", "IN:CREATE_ALARM]"], "predicted_tokens": ["[IN:CREATE_ALARM", "[SL:ALARM_NAME", "@ptr9", "@ptr10", "@ptr12", "SL:ALARM_NAME]", "IN:CREATE_ALARM]"]}
{"loss": 4.532925605773926, "class_log_probabilities": [-5.7096662521362305, -13.694936752319336, -38.58313751220703, -49.547969818115234], "predictions": [45, 120, 397, 121, 16, 399, 400, 17, 16, 402, 17, 16, 407, 17, 46, 4, 4, 4, 4, 4, 4, 4, 4, 4, 4, 4, 4, 4, 4, 4, 4, 4, 4, 4, 4, 4, 4, 4, 4, 4, 4, 4, 4, 4, 4, 4, 4, 4, 4, 4, 4, 4, 4, 4, 4, 4, 4, 4, 4, 4, 4, 4, 4, 4, 4, 4, 4, 4, 4, 4, 4, 4, 4, 4, 4, 4, 4, 4, 4, 4, 4, 4, 4, 4, 4, 4, 4, 4, 4, 4, 4, 4, 4, 4, 4, 4, 4, 4, 4, 4], "target_tokens": ["[IN:CREATE_ALARM", "[SL:AMOUNT", "@ptr1", "SL:AMOUNT]", "[SL:DATE_TIME", "@ptr3", "@ptr4", "SL:DATE_TIME]", "[SL:AMOUNT", "@ptr6", "SL:AMOUNT]", "[SL:DATE_TIME", "@ptr7", "@ptr8", "SL:DATE_TIME]", "[SL:AMOUNT", "@ptr6", "SL:AMOUNT]", "[SL:DATE_TIME", "@ptr11", "@ptr12", "SL:DATE_TIME]", "[SL:AMOUNT", "@ptr6", "SL:AMOUNT]", "[SL:DATE_TIME", "@ptr11", "@ptr12", "SL:DATE_TIME]", "IN:CREATE_ALARM]"], "predicted_tokens": ["[IN:CREATE_ALARM", "[SL:AMOUNT", "@ptr2", "SL:AMOUNT]", "[SL:DATE_TIME", "@ptr4", "@ptr5", "SL:DATE_TIME]", "[SL:DATE_TIME", "@ptr7", "SL:DATE_TIME]", "[SL:DATE_TIME", "@ptr12", "SL:DATE_TIME]", "IN:CREATE_ALARM]"]}
{"loss": 1.953041672706604, "class_log_probabilities": [-4.3835039138793945, -4.706882953643799, -4.7211408615112305, -4.737554550170898], "predictions": [45, 16, 398, 399, 400, 401, 402, 17, 16, 404, 405, 406, 408, 411, 17, 46, 4, 4, 4], "target_tokens": ["[IN:CREATE_ALARM", "[SL:DATE_TIME", "@ptr3", "@ptr4", "@ptr5", "@ptr6", "@ptr7", "@ptr8", "@ptr9", "@ptr10", "@ptr11", "@ptr12", "SL:DATE_TIME]", "[SL:PERIOD", "@ptr14", "@ptr15", "@ptr16", "SL:PERIOD]", "IN:CREATE_ALARM]"], "predicted_tokens": ["[IN:CREATE_ALARM", "[SL:DATE_TIME", "@ptr3", "@ptr4", "@ptr5", "@ptr6", "@ptr7", "SL:DATE_TIME]", "[SL:DATE_TIME", "@ptr9", "@ptr10", "@ptr11", "@ptr13", "@ptr16", "SL:DATE_TIME]", "IN:CREATE_ALARM]"]}
{"loss": 0.9694445133209229, "class_log_probabilities": [-0.50477135181427, -6.232659816741943, -6.534051895141602, -6.624563217163086], "predictions": [259, 16, 400, 401, 402, 17, 260, 4], "target_tokens": ["[IN:UPDATE_ALARM", "[SL:DATE_TIME", "@ptr5", "@ptr6", "@ptr7", "SL:DATE_TIME]", "IN:UPDATE_ALARM]"], "predicted_tokens": ["[IN:UPDATE_ALARM", "[SL:DATE_TIME", "@ptr5", "@ptr6", "@ptr7", "SL:DATE_TIME]", "IN:UPDATE_ALARM]"]}
{"loss": 3.0687673091888428, "class_log_probabilities": [-0.54117351770401, -6.068722724914551, -6.176931381225586, -7.541241645812988], "predictions": [45, 16, 399, 400, 17, 46, 4, 4, 4, 4], "target_tokens": ["[IN:UPDATE_ALARM", "[SL:DATE_TIME", "@ptr3", "@ptr4", "@ptr5", "SL:DATE_TIME]", "IN:UPDATE_ALARM]"], "predicted_tokens": ["[IN:CREATE_ALARM", "[SL:DATE_TIME", "@ptr4", "@ptr5", "SL:DATE_TIME]", "IN:CREATE_ALARM]"]}
{"loss": 1.0051699876785278, "class_log_probabilities": [-0.6440467238426208, -2.547584295272827, -6.287640571594238, -7.666110038757324], "predictions": [19, 20, 401, 21, 22, 4, 4, 4, 4], "target_tokens": ["[IN:GET_ALARM", "[SL:ORDINAL", "@ptr6", "SL:ORDINAL]", "IN:GET_ALARM]"], "predicted_tokens": ["[IN:GET_ALARM", "[SL:ORDINAL", "@ptr6", "SL:ORDINAL]", "IN:GET_ALARM]"]}
{"loss": 1.4302304983139038, "class_log_probabilities": [-1.8570343255996704, -3.6851024627685547, -4.631394863128662, -5.8419365882873535], "predictions": [119, 120, 397, 121, 122, 4], "target_tokens": ["[IN:DELETE_ALARM", "[SL:AMOUNT", "@ptr1", "SL:AMOUNT]", "IN:DELETE_ALARM]"], "predicted_tokens": ["[IN:DELETE_ALARM", "[SL:AMOUNT", "@ptr2", "SL:AMOUNT]", "IN:DELETE_ALARM]"]}
{"loss": 1.2874127626419067, "class_log_probabilities": [-3.061671257019043, -3.6900155544281006, -3.9479949474334717, -4.997664451599121], "predictions": [23, 10, 400, 11, 24, 404, 405, 406, 407, 408, 25, 26, 4, 4, 4, 4], "target_tokens": ["[IN:SEND_MESSAGE", "[SL:RECIPIENT", "@ptr4", "SL:RECIPIENT]", "[SL:CONTENT_EXACT", "@ptr8", "@ptr9", "@ptr10", "@ptr11", "@ptr12", "@ptr13", "@ptr14", "@ptr15", "SL:CONTENT_EXACT]", "IN:SEND_MESSAGE]"], "predicted_tokens": ["[IN:SEND_MESSAGE", "[SL:RECIPIENT", "@ptr5", "SL:RECIPIENT]", "[SL:CONTENT_EXACT", "@ptr9", "@ptr10", "@ptr11", "@ptr12", "@ptr13", "SL:CONTENT_EXACT]", "IN:SEND_MESSAGE]"]}
{"loss": 0.9615584015846252, "class_log_probabilities": [-0.46447932720184326, -6.7690606117248535, -7.322829246520996, -7.444100379943848], "predictions": [45, 16, 398, 399, 400, 17, 46, 4], "target_tokens": ["[IN:CREATE_ALARM", "[SL:DATE_TIME", "@ptr3", "@ptr4", "@ptr5", "SL:DATE_TIME]", "IN:CREATE_ALARM]"], "predicted_tokens": ["[IN:CREATE_ALARM", "[SL:DATE_TIME", "@ptr3", "@ptr4", "@ptr5", "SL:DATE_TIME]", "IN:CREATE_ALARM]"]}
{"loss": 3.2814579010009766, "class_log_probabilities": [-1.1471834182739258, -2.3784279823303223, -3.4664523601531982, -3.5409016609191895], "predictions": [185, 6, 405, 7, 186, 4, 4, 4], "target_tokens": ["[IN:GET_CALL", "[SL:AMOUNT", "@ptr5", "SL:AMOUNT]", "[SL:CONTACT", "@ptr10", "@ptr11", "SL:CONTACT]", "IN:GET_CALL]"], "predicted_tokens": ["[IN:GET_CALL", "[SL:CONTACT", "@ptr10", "SL:CONTACT]", "IN:GET_CALL]"]}
{"loss": 3.0785892009735107, "class_log_probabilities": [-0.9159592390060425, -2.339468002319336, -7.333900451660156, -7.526009559631348], "predictions": [75, 6, 397, 398, 7, 78, 4, 4, 4], "target_tokens": ["[IN:CREATE_CALL", "[SL:CONTACT", "@ptr1", "@ptr2", "SL:CONTACT]", "IN:CREATE_CALL]"], "predicted_tokens": ["[IN:CREATE_CALL", "[SL:CONTACT", "@ptr2", "@ptr3", "SL:CONTACT]", "IN:CREATE_CALL]"]}
{"loss": 2.674125909805298, "class_log_probabilities": [-2.6555893421173096, -3.4954421520233154, -3.5144026279449463, -4.360080242156982], "predictions": [75, 6, 70, 93, 397, 94, 6, 398, 7, 73, 7, 78, 4, 4, 4, 4, 4, 4, 4], "target_tokens": ["[IN:CREATE_CALL", "[SL:CONTACT", "[IN:GET_CONTACT", "[SL:CONTACT", "@ptr3", "SL:CONTACT]", "[SL:CONTACT_RELATED", "@ptr1", "SL:CONTACT_RELATED]", "[SL:TYPE_RELATION", "@ptr2", "SL:TYPE_RELATION]", "IN:GET_CONTACT]", "SL:CONTACT]", "IN:CREATE_CALL]"], "predicted_tokens": ["[IN:CREATE_CALL", "[SL:CONTACT", "[IN:GET_CONTACT", "[SL:CONTACT_RELATED", "@ptr2", "SL:CONTACT_RELATED]", "[SL:CONTACT", "@ptr3", "SL:CONTACT]", "IN:GET_CONTACT]", "SL:CONTACT]", "IN:CREATE_CALL]"]}
{"loss": 0.9987338781356812, "class_log_probabilities": [-1.026598572731018, -3.515235185623169, -5.339029788970947, -5.393409252166748], "predictions": [63, 206, 396, 397, 398, 399, 400, 401, 207, 66, 403, 67, 68, 4, 4], "target_tokens": ["[IN:PLAY_MUSIC", "[SL:MUSIC_ALBUM_TITLE", "@ptr1", "@ptr2", "@ptr3", "@ptr4", "@ptr5", "@ptr6", "SL:MUSIC_ALBUM_TITLE]", "[SL:MUSIC_ARTIST_NAME", "@ptr8", "SL:MUSIC_ARTIST_NAME]", "IN:PLAY_MUSIC]"], "predicted_tokens": ["[IN:PLAY_MUSIC", "[SL:MUSIC_ALBUM_TITLE", "@ptr1", "@ptr2", "@ptr3", "@ptr4", "@ptr5", "@ptr6", "SL:MUSIC_ALBUM_TITLE]", "[SL:MUSIC_ARTIST_NAME", "@ptr8", "SL:MUSIC_ARTIST_NAME]", "IN:PLAY_MUSIC]"]}
{"loss": 1.6310845613479614, "class_log_probabilities": [-1.687180519104004, -2.437955379486084, -2.847327709197998, -4.02145528793335], "predictions": [45, 249, 400, 250, 16, 402, 403, 404, 17, 46, 4, 4], "target_tokens": ["[IN:CREATE_ALARM", "[SL:ALARM_NAME", "@ptr5", "SL:ALARM_NAME]", "[SL:DATE_TIME", "@ptr6", "@ptr7", "@ptr8", "SL:DATE_TIME]", "IN:CREATE_ALARM]"], "predicted_tokens": ["[IN:CREATE_ALARM", "[SL:ALARM_NAME", "@ptr5", "SL:ALARM_NAME]", "[SL:DATE_TIME", "@ptr7", "@ptr8", "@ptr9", "SL:DATE_TIME]", "IN:CREATE_ALARM]"]}
{"loss": 1.728574514389038, "class_log_probabilities": [-0.8959943056106567, -3.415435314178467, -4.238763332366943, -4.523174285888672], "predictions": [45, 16, 402, 403, 404, 405, 17, 46, 4, 4, 4], "target_tokens": ["[IN:CREATE_ALARM", "[SL:DATE_TIME", "@ptr6", "@ptr7", "@ptr8", "@ptr9", "SL:DATE_TIME]", "IN:CREATE_ALARM]"], "predicted_tokens": ["[IN:CREATE_ALARM", "[SL:DATE_TIME", "@ptr7", "@ptr8", "@ptr9", "@ptr10", "SL:DATE_TIME]", "IN:CREATE_ALARM]"]}
{"loss": 1.054309606552124, "class_log_probabilities": [-1.7851485013961792, -1.868869662284851, -6.348467826843262, -8.514541625976562], "predictions": [45, 16, 399, 400, 401, 402, 403, 17, 46, 4, 4, 4, 4, 4, 4, 4], "target_tokens": ["[IN:CREATE_ALARM", "[SL:DATE_TIME", "@ptr3", "@ptr4", "@ptr5", "@ptr6", "@ptr7", "@ptr8", "SL:DATE_TIME]", "IN:CREATE_ALARM]"], "predicted_tokens": ["[IN:CREATE_ALARM", "[SL:DATE_TIME", "@ptr4", "@ptr5", "@ptr6", "@ptr7", "@ptr8", "SL:DATE_TIME]", "IN:CREATE_ALARM]"]}
{"loss": 3.917559862136841, "class_log_probabilities": [-1.235055923461914, -4.200774669647217, -5.515661716461182, -5.576711654663086], "predictions": [63, 68, 4], "target_tokens": ["[IN:SNOOZE_ALARM", "IN:SNOOZE_ALARM]"], "predicted_tokens": ["[IN:PLAY_MUSIC", "IN:PLAY_MUSIC]"]}
{"loss": 4.209194660186768, "class_log_probabilities": [-1.0710898637771606, -1.1600325107574463, -5.863077163696289, -7.737112522125244], "predictions": [183, 16, 398, 399, 17, 184, 4], "target_tokens": ["[IN:SNOOZE_ALARM", "[SL:DATE_TIME", "@ptr3", "@ptr4", "@ptr5", "@ptr6", "SL:DATE_TIME]", "IN:SNOOZE_ALARM]"], "predicted_tokens": ["[IN:ADD_TIME_TIMER", "[SL:DATE_TIME", "@ptr3", "@ptr4", "SL:DATE_TIME]", "IN:ADD_TIME_TIMER]"]}
{"loss": 2.200253963470459, "class_log_probabilities": [-3.389897346496582, -3.5928144454956055, -3.764730215072632, -4.064465522766113], "predictions": [45, 16, 401, 402, 403, 404, 405, 406, 407, 408, 17, 46, 4], "target_tokens": ["[IN:CREATE_ALARM", "[SL:ALARM_NAME", "@ptr2", "SL:ALARM_NAME]", "[SL:DATE_TIME", "@ptr6", "@ptr7", "@ptr8", "@ptr9", "@ptr10", "@ptr11", "SL:DATE_TIME]", "IN:CREATE_ALARM]"], "predicted_tokens": ["[IN:CREATE_ALARM", "[SL:DATE_TIME", "@ptr6", "@ptr7", "@ptr8", "@ptr9", "@ptr10", "@ptr11", "@ptr12", "@ptr13", "SL:DATE_TIME]", "IN:CREATE_ALARM]"]}
{"loss": 0.9569462537765503, "class_log_probabilities": [-0.4591609239578247, -6.829261779785156, -7.224743843078613, -8.351968765258789], "predictions": [13, 16, 402, 403, 17, 18, 4, 4], "target_tokens": ["[IN:GET_WEATHER", "[SL:DATE_TIME", "@ptr7", "@ptr8", "SL:DATE_TIME]", "IN:GET_WEATHER]"], "predicted_tokens": ["[IN:GET_WEATHER", "[SL:DATE_TIME", "@ptr7", "@ptr8", "SL:DATE_TIME]", "IN:GET_WEATHER]"]}
{"loss": 2.378641128540039, "class_log_probabilities": [-2.071789026260376, -2.4183480739593506, -2.450273275375366, -3.5548980236053467], "predictions": [13, 14, 400, 15, 18, 4, 4, 4, 4], "target_tokens": ["[IN:GET_WEATHER", "[SL:LOCATION", "@ptr5", "@ptr6", "@ptr7", "@ptr8", "SL:LOCATION]", "IN:GET_WEATHER]"], "predicted_tokens": ["[IN:GET_WEATHER", "[SL:LOCATION", "@ptr5", "SL:LOCATION]", "IN:GET_WEATHER]"]}
{"loss": 1.4002227783203125, "class_log_probabilities": [-2.0751912593841553, -3.09401273727417, -3.244335651397705, -3.74782395362854], "predictions": [13, 79, 395, 80, 14, 398, 399, 400, 401, 15, 18, 4], "target_tokens": ["[IN:GET_WEATHER", "[SL:LOCATION", "@ptr3", "@ptr4", "@ptr5", "@ptr6", "SL:LOCATION]", "IN:GET_WEATHER]"], "predicted_tokens": ["[IN:GET_WEATHER", "[SL:WEATHER_ATTRIBUTE", "@ptr0", "SL:WEATHER_ATTRIBUTE]", "[SL:LOCATION", "@ptr3", "@ptr4", "@ptr5", "@ptr6", "SL:LOCATION]", "IN:GET_WEATHER]"]}
{"loss": 2.28354549407959, "class_log_probabilities": [-1.0451079607009888, -1.3153055906295776, -5.0172343254089355, -7.250600337982178], "predictions": [13, 16, 403, 17, 18, 4, 4], "target_tokens": ["[IN:GET_WEATHER", "[SL:DATE_TIME", "@ptr7", "@ptr8", "SL:DATE_TIME]", "IN:GET_WEATHER]"], "predicted_tokens": ["[IN:GET_WEATHER", "[SL:DATE_TIME", "@ptr8", "SL:DATE_TIME]", "IN:GET_WEATHER]"]}
{"loss": 1.0759451389312744, "class_log_probabilities": [-2.391507148742676, -2.471649408340454, -2.7369818687438965, -3.2195420265197754], "predictions": [13, 79, 402, 80, 16, 403, 404, 17, 14, 408, 15, 18, 4], "target_tokens": ["[IN:GET_WEATHER", "[SL:WEATHER_ATTRIBUTE", "@ptr7", "SL:WEATHER_ATTRIBUTE]", "[SL:DATE_TIME", "@ptr8", "@ptr9", "SL:DATE_TIME]", "[SL:LOCATION", "@ptr14", "SL:LOCATION]", "IN:GET_WEATHER]"], "predicted_tokens": ["[IN:GET_WEATHER", "[SL:WEATHER_ATTRIBUTE", "@ptr7", "SL:WEATHER_ATTRIBUTE]", "[SL:DATE_TIME", "@ptr8", "@ptr9", "SL:DATE_TIME]", "[SL:LOCATION", "@ptr13", "SL:LOCATION]", "IN:GET_WEATHER]"]}
{"loss": 2.295628070831299, "class_log_probabilities": [-1.3885637521743774, -1.9086862802505493, -2.8647704124450684, -3.5708329677581787], "predictions": [13, 14, 402, 15, 16, 407, 17, 18, 4, 4, 4], "target_tokens": ["[IN:GET_WEATHER", "[SL:LOCATION", "@ptr6", "SL:LOCATION]", "[SL:DATE_TIME", "@ptr11", "@ptr12", "SL:DATE_TIME]", "IN:GET_WEATHER]"], "predicted_tokens": ["[IN:GET_WEATHER", "[SL:LOCATION", "@ptr7", "SL:LOCATION]", "[SL:DATE_TIME", "@ptr12", "SL:DATE_TIME]", "IN:GET_WEATHER]"]}
{"loss": 1.3731101751327515, "class_log_probabilities": [-0.4548007845878601, -4.382349491119385, -6.23615026473999, -6.832259178161621], "predictions": [13, 79, 399, 80, 16, 403, 17, 18, 4, 4], "target_tokens": ["[IN:GET_WEATHER", "[SL:WEATHER_ATTRIBUTE", "@ptr4", "SL:WEATHER_ATTRIBUTE]", "[SL:DATE_TIME", "@ptr7", "SL:DATE_TIME]", "IN:GET_WEATHER]"], "predicted_tokens": ["[IN:GET_WEATHER", "[SL:WEATHER_ATTRIBUTE", "@ptr4", "SL:WEATHER_ATTRIBUTE]", "[SL:DATE_TIME", "@ptr8", "SL:DATE_TIME]", "IN:GET_WEATHER]"]}
{"loss": 0.9565825462341309, "class_log_probabilities": [-0.4739639461040497, -6.23917293548584, -7.363213539123535, -8.420743942260742], "predictions": [13, 16, 402, 403, 17, 18, 4, 4], "target_tokens": ["[IN:GET_WEATHER", "[SL:DATE_TIME", "@ptr7", "@ptr8", "SL:DATE_TIME]", "IN:GET_WEATHER]"], "predicted_tokens": ["[IN:GET_WEATHER", "[SL:DATE_TIME", "@ptr7", "@ptr8", "SL:DATE_TIME]", "IN:GET_WEATHER]"]}
{"loss": 1.796679139137268, "class_log_probabilities": [-1.6841334104537964, -1.6876484155654907, -3.6936237812042236, -6.080977439880371], "predictions": [13, 16, 400, 401, 402, 17, 18, 4], "target_tokens": ["[IN:GET_WEATHER", "[SL:DATE_TIME", "@ptr5", "@ptr6", "SL:DATE_TIME]", "IN:GET_WEATHER]"], "predicted_tokens": ["[IN:GET_WEATHER", "[SL:DATE_TIME", "@ptr5", "@ptr6", "@ptr7", "SL:DATE_TIME]", "IN:GET_WEATHER]"]}
{"loss": 3.036118268966675, "class_log_probabilities": [-1.664206624031067, -3.8342156410217285, -4.439487457275391, -6.269052028656006], "predictions": [13, 14, 403, 15, 16, 404, 405, 407, 17, 18, 4, 4, 4, 4, 4, 4], "target_tokens": ["[IN:GET_WEATHER", "[SL:DATE_TIME", "@ptr7", "@ptr8", "@ptr9", "@ptr10", "@ptr11", "@ptr12", "SL:DATE_TIME]", "IN:GET_WEATHER]"], "predicted_tokens": ["[IN:GET_WEATHER", "[SL:LOCATION", "@ptr8", "SL:LOCATION]", "[SL:DATE_TIME", "@ptr9", "@ptr10", "@ptr12", "SL:DATE_TIME]", "IN:GET_WEATHER]"]}
{"loss": 0.9589831829071045, "class_log_probabilities": [-0.485116183757782, -7.101799964904785, -7.758533954620361, -7.832543849945068], "predictions": [13, 16, 399, 400, 401, 17, 18, 4, 4], "target_tokens": ["[IN:GET_WEATHER", "[SL:DATE_TIME", "@ptr4", "@ptr5", "@ptr6", "SL:DATE_TIME]", "IN:GET_WEATHER]"], "predicted_tokens": ["[IN:GET_WEATHER", "[SL:DATE_TIME", "@ptr4", "@ptr5", "@ptr6", "SL:DATE_TIME]", "IN:GET_WEATHER]"]}
{"loss": 0.9607446193695068, "class_log_probabilities": [-0.6682217121124268, -4.827007293701172, -5.290185928344727, -6.278873920440674], "predictions": [13, 14, 396, 397, 398, 15, 18, 4], "target_tokens": ["[IN:GET_WEATHER", "[SL:LOCATION", "@ptr1", "@ptr2", "@ptr3", "SL:LOCATION]", "IN:GET_WEATHER]"], "predicted_tokens": ["[IN:GET_WEATHER", "[SL:LOCATION", "@ptr1", "@ptr2", "@ptr3", "SL:LOCATION]", "IN:GET_WEATHER]"]}
{"loss": 0.958847165107727, "class_log_probabilities": [-0.4617687165737152, -6.8621649742126465, -7.2706522941589355, -8.264167785644531], "predictions": [13, 16, 400, 401, 17, 18, 4, 4, 4], "target_tokens": ["[IN:GET_WEATHER", "[SL:DATE_TIME", "@ptr5", "@ptr6", "SL:DATE_TIME]", "IN:GET_WEATHER]"], "predicted_tokens": ["[IN:GET_WEATHER", "[SL:DATE_TIME", "@ptr5", "@ptr6", "SL:DATE_TIME]", "IN:GET_WEATHER]"]}
{"loss": 1.3657946586608887, "class_log_probabilities": [-1.4202210903167725, -1.773525595664978, -3.932507038116455, -4.574341773986816], "predictions": [213, 249, 395, 250, 214, 4], "target_tokens": ["[IN:SILENCE_ALARM", "IN:SILENCE_ALARM]"], "predicted_tokens": ["[IN:SILENCE_ALARM", "[SL:ALARM_NAME", "@ptr0", "SL:ALARM_NAME]", "IN:SILENCE_ALARM]"]}
{"loss": 1.1280624866485596, "class_log_probabilities": [-1.3900647163391113, -1.9210286140441895, -2.60433292388916, -3.114253044128418], "predictions": [45, 16, 399, 400, 401, 402, 17, 46, 4, 4, 4], "target_tokens": ["[IN:CREATE_ALARM", "[SL:DATE_TIME", "@ptr3", "@ptr4", "@ptr5", "@ptr6", "@ptr7", "SL:DATE_TIME]", "IN:CREATE_ALARM]"], "predicted_tokens": ["[IN:CREATE_ALARM", "[SL:DATE_TIME", "@ptr4", "@ptr5", "@ptr6", "@ptr7", "SL:DATE_TIME]", "IN:CREATE_ALARM]"]}
{"loss": 2.359217882156372, "class_log_probabilities": [-2.8700122833251953, -3.0215277671813965, -3.3086225986480713, -4.7466535568237305], "predictions": [45, 16, 407, 408, 409, 410, 17, 46, 4, 4], "target_tokens": ["[IN:CREATE_ALARM", "[SL:DATE_TIME", "@ptr10", "@ptr11", "@ptr12", "@ptr13", "@ptr14", "SL:DATE_TIME]", "IN:CREATE_ALARM]"], "predicted_tokens": ["[IN:CREATE_ALARM", "[SL:DATE_TIME", "@ptr12", "@ptr13", "@ptr14", "@ptr15", "SL:DATE_TIME]", "IN:CREATE_ALARM]"]}
{"loss": 1.8034435510635376, "class_log_probabilities": [-1.164099931716919, -2.2634689807891846, -4.816982269287109, -4.9969048500061035], "predictions": [45, 16, 402, 403, 404, 405, 406, 17, 46, 4, 4, 4], "target_tokens": ["[IN:CREATE_ALARM", "[SL:DATE_TIME", "@ptr6", "@ptr7", "@ptr8", "@ptr9", "@ptr10", "SL:DATE_TIME]", "IN:CREATE_ALARM]"], "predicted_tokens": ["[IN:CREATE_ALARM", "[SL:DATE_TIME", "@ptr7", "@ptr8", "@ptr9", "@ptr10", "@ptr11", "SL:DATE_TIME]", "IN:CREATE_ALARM]"]}
{"loss": 1.4303373098373413, "class_log_probabilities": [-0.6230167746543884, -6.1724629402160645, -6.401103496551514, -7.068894863128662], "predictions": [45, 16, 398, 399, 400, 401, 402, 403, 404, 17, 46, 4, 4, 4, 4, 4, 4], "target_tokens": ["[IN:CREATE_ALARM", "[SL:DATE_TIME", "@ptr3", "@ptr4", "@ptr5", "@ptr6", "@ptr7", "@ptr8", "SL:DATE_TIME]", "IN:CREATE_ALARM]"], "predicted_tokens": ["[IN:CREATE_ALARM", "[SL:DATE_TIME", "@ptr3", "@ptr4", "@ptr5", "@ptr6", "@ptr7", "@ptr8", "@ptr9", "SL:DATE_TIME]", "IN:CREATE_ALARM]"]}
{"loss": 3.583007574081421, "class_log_probabilities": [-1.635955810546875, -2.7639212608337402, -3.5322864055633545, -3.6846303939819336], "predictions": [45, 16, 401, 402, 403, 404, 405, 407, 17, 46, 4, 4], "target_tokens": ["[IN:CREATE_ALARM", "[SL:DATE_TIME", "@ptr7", "@ptr8", "@ptr9", "SL:DATE_TIME]", "[SL:DATE_TIME", "@ptr10", "@ptr11", "@ptr12", "SL:DATE_TIME]", "IN:CREATE_ALARM]"], "predicted_tokens": ["[IN:CREATE_ALARM", "[SL:DATE_TIME", "@ptr6", "@ptr7", "@ptr8", "@ptr9", "@ptr10", "@ptr12", "SL:DATE_TIME]", "IN:CREATE_ALARM]"]}
{"loss": 1.3139687776565552, "class_log_probabilities": [-2.0256640911102295, -2.7301859855651855, -3.459864616394043, -5.463107585906982], "predictions": [45, 46, 4, 4, 4, 4, 4, 4, 4, 4, 4, 4, 4], "target_tokens": ["[IN:CREATE_ALARM", "[SL:ALARM_NAME", "@ptr5", "SL:ALARM_NAME]", "[SL:DATE_TIME", "@ptr6", "@ptr7", "@ptr8", "@ptr9", "SL:DATE_TIME]", "IN:CREATE_ALARM]"], "predicted_tokens": ["[IN:CREATE_ALARM", "IN:CREATE_ALARM]"]}
{"loss": 1.8790029287338257, "class_log_probabilities": [-2.810303211212158, -2.9833931922912598, -3.1140308380126953, -3.6424455642700195], "predictions": [13, 16, 400, 401, 402, 403, 404, 405, 17, 46, 4], "target_tokens": ["[IN:UPDATE_ALARM", "[SL:ALARM_NAME", "@ptr4", "SL:ALARM_NAME]", "[SL:DATE_TIME", "@ptr5", "@ptr6", "@ptr7", "@ptr8", "@ptr9", "@ptr10", "SL:DATE_TIME]", "IN:UPDATE_ALARM]"], "predicted_tokens": ["[IN:GET_WEATHER", "[SL:DATE_TIME", "@ptr5", "@ptr6", "@ptr7", "@ptr8", "@ptr9", "@ptr10", "SL:DATE_TIME]", "IN:CREATE_ALARM]"]}
{"loss": 0.9812414646148682, "class_log_probabilities": [-0.29581671953201294, -7.0410590171813965, -7.309013366699219, -7.381621360778809], "predictions": [19, 120, 398, 121, 22, 4, 4], "target_tokens": ["[IN:GET_ALARM", "[SL:AMOUNT", "@ptr3", "SL:AMOUNT]", "IN:GET_ALARM]"], "predicted_tokens": ["[IN:GET_ALARM", "[SL:AMOUNT", "@ptr3", "SL:AMOUNT]", "IN:GET_ALARM]"]}
{"loss": 2.28259015083313, "class_log_probabilities": [-0.6787928342819214, -3.5572807788848877, -3.658432960510254, -5.006692409515381], "predictions": [213, 120, 397, 121, 214, 4], "target_tokens": ["[IN:DELETE_ALARM", "[SL:AMOUNT", "@ptr1", "SL:AMOUNT]", "IN:DELETE_ALARM]"], "predicted_tokens": ["[IN:SILENCE_ALARM", "[SL:AMOUNT", "@ptr2", "SL:AMOUNT]", "IN:SILENCE_ALARM]"]}
{"loss": 4.8387556076049805, "class_log_probabilities": [-1.9138736724853516, -3.125495433807373, -3.7442243099212646, -4.572366237640381], "predictions": [245, 6, 395, 7, 246, 4, 4, 4, 4], "target_tokens": ["[IN:SWITCH_CALL", "IN:SWITCH_CALL]"], "predicted_tokens": ["[IN:UPDATE_METHOD_CALL", "[SL:CONTACT", "@ptr0", "SL:CONTACT]", "IN:UPDATE_METHOD_CALL]"]}
{"loss": 0.9802076816558838, "class_log_probabilities": [-0.2986447811126709, -6.796926975250244, -7.165240287780762, -7.285299301147461], "predictions": [107, 108, 396, 109, 110, 4], "target_tokens": ["[IN:UPDATE_CALL", "[SL:CONTACT_ADDED", "@ptr1", "SL:CONTACT_ADDED]", "IN:UPDATE_CALL]"], "predicted_tokens": ["[IN:UPDATE_CALL", "[SL:CONTACT_ADDED", "@ptr1", "SL:CONTACT_ADDED]", "IN:UPDATE_CALL]"]}
{"loss": 0.960272490978241, "class_log_probabilities": [-0.436004102230072, -4.707808494567871, -6.677750587463379, -6.687423229217529], "predictions": [171, 6, 401, 7, 172, 4, 4], "target_tokens": ["[IN:GET_AVAILABILITY", "[SL:CONTACT", "@ptr6", "SL:CONTACT]", "IN:GET_AVAILABILITY]"], "predicted_tokens": ["[IN:GET_AVAILABILITY", "[SL:CONTACT", "@ptr6", "SL:CONTACT]", "IN:GET_AVAILABILITY]"]}
{"loss": 0.9989458322525024, "class_log_probabilities": [-0.4402723014354706, -7.480790138244629, -7.738470554351807, -8.471273422241211], "predictions": [69, 6, 70, 71, 396, 72, 73, 7, 74, 4, 4], "target_tokens": ["[IN:GET_CALL_TIME", "[SL:CONTACT", "[IN:GET_CONTACT", "[SL:TYPE_RELATION", "@ptr1", "SL:TYPE_RELATION]", "IN:GET_CONTACT]", "SL:CONTACT]", "IN:GET_CALL_TIME]"], "predicted_tokens": ["[IN:GET_CALL_TIME", "[SL:CONTACT", "[IN:GET_CONTACT", "[SL:TYPE_RELATION", "@ptr1", "SL:TYPE_RELATION]", "IN:GET_CONTACT]", "SL:CONTACT]", "IN:GET_CALL_TIME]"]}
{"loss": 1.1432089805603027, "class_log_probabilities": [-3.9472169876098633, -4.264252185821533, -4.3116068840026855, -4.3859710693359375], "predictions": [185, 6, 70, 93, 402, 94, 71, 404, 72, 73, 7, 186, 4, 4, 4, 4, 4, 4], "target_tokens": ["[IN:GET_CALL", "[SL:CONTACT", "[IN:GET_CONTACT", "[SL:CONTACT_RELATED", "@ptr7", "SL:CONTACT_RELATED]", "[SL:TYPE_RELATION", "@ptr8", "SL:TYPE_RELATION]", "IN:GET_CONTACT]", "SL:CONTACT]", "[SL:DATE_TIME", "@ptr9", "@ptr10", "@ptr11", "SL:DATE_TIME]", "IN:GET_CALL]"], "predicted_tokens": ["[IN:GET_CALL", "[SL:CONTACT", "[IN:GET_CONTACT", "[SL:CONTACT_RELATED", "@ptr7", "SL:CONTACT_RELATED]", "[SL:TYPE_RELATION", "@ptr9", "SL:TYPE_RELATION]", "IN:GET_CONTACT]", "SL:CONTACT]", "IN:GET_CALL]"]}
{"loss": 1.0127612352371216, "class_log_probabilities": [-0.4705977737903595, -2.2010293006896973, -5.253866672515869, -5.955625057220459], "predictions": [185, 16, 404, 17, 186, 4, 4], "target_tokens": ["[IN:GET_CALL", "[SL:DATE_TIME", "@ptr9", "SL:DATE_TIME]", "IN:GET_CALL]"], "predicted_tokens": ["[IN:GET_CALL", "[SL:DATE_TIME", "@ptr9", "SL:DATE_TIME]", "IN:GET_CALL]"]}
{"loss": 0.9672740697860718, "class_log_probabilities": [-0.7046617865562439, -7.5880889892578125, -7.603287696838379, -8.948809623718262], "predictions": [75, 6, 70, 93, 398, 94, 71, 399, 72, 73, 7, 78, 4, 4, 4], "target_tokens": ["[IN:CREATE_CALL", "[SL:CONTACT", "[IN:GET_CONTACT", "[SL:CONTACT_RELATED", "@ptr3", "SL:CONTACT_RELATED]", "[SL:TYPE_RELATION", "@ptr4", "SL:TYPE_RELATION]", "IN:GET_CONTACT]", "SL:CONTACT]", "IN:CREATE_CALL]"], "predicted_tokens": ["[IN:CREATE_CALL", "[SL:CONTACT", "[IN:GET_CONTACT", "[SL:CONTACT_RELATED", "@ptr3", "SL:CONTACT_RELATED]", "[SL:TYPE_RELATION", "@ptr4", "SL:TYPE_RELATION]", "IN:GET_CONTACT]", "SL:CONTACT]", "IN:CREATE_CALL]"]}
{"loss": 2.736813545227051, "class_log_probabilities": [-1.2846581935882568, -3.97514009475708, -4.207842826843262, -5.072968006134033], "predictions": [63, 66, 395, 396, 67, 68, 4], "target_tokens": ["[IN:CREATE_CALL", "[SL:CONTACT", "@ptr1", "SL:CONTACT]", "IN:CREATE_CALL]"], "predicted_tokens": ["[IN:PLAY_MUSIC", "[SL:MUSIC_ARTIST_NAME", "@ptr0", "@ptr1", "SL:MUSIC_ARTIST_NAME]", "IN:PLAY_MUSIC]"]}
{"loss": 1.8221999406814575, "class_log_probabilities": [-4.104497909545898, -4.25027322769165, -5.252381324768066, -7.913111209869385], "predictions": [75, 6, 395, 396, 397, 7, 78, 4, 4, 4], "target_tokens": ["[IN:CREATE_CALL", "[SL:CONTACT", "[IN:GET_CONTACT", "[SL:CONTACT_RELATED", "@ptr1", "SL:CONTACT_RELATED]", "[SL:TYPE_RELATION", "@ptr2", "SL:TYPE_RELATION]", "IN:GET_CONTACT]", "SL:CONTACT]", "IN:CREATE_CALL]"], "predicted_tokens": ["[IN:CREATE_CALL", "[SL:CONTACT", "@ptr0", "@ptr1", "@ptr2", "SL:CONTACT]", "IN:CREATE_CALL]"]}
{"loss": 0.9682866930961609, "class_log_probabilities": [-0.5263161063194275, -7.781674861907959, -7.85869836807251, -8.033174514770508], "predictions": [75, 6, 70, 71, 396, 72, 73, 7, 78, 4], "target_tokens": ["[IN:CREATE_CALL", "[SL:CONTACT", "[IN:GET_CONTACT", "[SL:TYPE_RELATION", "@ptr1", "SL:TYPE_RELATION]", "IN:GET_CONTACT]", "SL:CONTACT]", "IN:CREATE_CALL]"], "predicted_tokens": ["[IN:CREATE_CALL", "[SL:CONTACT", "[IN:GET_CONTACT", "[SL:TYPE_RELATION", "@ptr1", "SL:TYPE_RELATION]", "IN:GET_CONTACT]", "SL:CONTACT]", "IN:CREATE_CALL]"]}
{"loss": 2.8504905700683594, "class_log_probabilities": [-1.5336427688598633, -3.6308040618896484, -4.031842231750488, -5.038106918334961], "predictions": [63, 66, 395, 396, 67, 68, 4], "target_tokens": ["[IN:CREATE_CALL", "[SL:CONTACT", "@ptr1", "SL:CONTACT]", "IN:CREATE_CALL]"], "predicted_tokens": ["[IN:PLAY_MUSIC", "[SL:MUSIC_ARTIST_NAME", "@ptr0", "@ptr1", "SL:MUSIC_ARTIST_NAME]", "IN:PLAY_MUSIC]"]}
{"loss": 0.9739542603492737, "class_log_probabilities": [-0.6638243198394775, -5.950494289398193, -6.796406269073486, -7.2709574699401855], "predictions": [75, 6, 70, 93, 401, 94, 71, 402, 72, 73, 7, 78, 4], "target_tokens": ["[IN:CREATE_CALL", "[SL:CONTACT", "[IN:GET_CONTACT", "[SL:CONTACT_RELATED", "@ptr6", "SL:CONTACT_RELATED]", "[SL:TYPE_RELATION", "@ptr7", "SL:TYPE_RELATION]", "IN:GET_CONTACT]", "SL:CONTACT]", "IN:CREATE_CALL]"], "predicted_tokens": ["[IN:CREATE_CALL", "[SL:CONTACT", "[IN:GET_CONTACT", "[SL:CONTACT_RELATED", "@ptr6", "SL:CONTACT_RELATED]", "[SL:TYPE_RELATION", "@ptr7", "SL:TYPE_RELATION]", "IN:GET_CONTACT]", "SL:CONTACT]", "IN:CREATE_CALL]"]}
{"loss": 0.9909046292304993, "class_log_probabilities": [-0.13392481207847595, -8.440074920654297, -8.531583786010742, -11.073304176330566], "predictions": [245, 246, 4, 4, 4, 4], "target_tokens": ["[IN:UPDATE_METHOD_CALL", "IN:UPDATE_METHOD_CALL]"], "predicted_tokens": ["[IN:UPDATE_METHOD_CALL", "IN:UPDATE_METHOD_CALL]"]}
{"loss": 1.1092455387115479, "class_log_probabilities": [-2.394476890563965, -2.727224349975586, -3.137582540512085, -4.180398464202881], "predictions": [107, 203, 70, 71, 396, 72, 6, 397, 7, 82, 4, 4, 4], "target_tokens": ["[IN:UPDATE_CALL", "[SL:CONTACT_REMOVED", "[IN:GET_CONTACT", "[SL:TYPE_RELATION", "@ptr1", "SL:TYPE_RELATION]", "[SL:CONTACT", "@ptr2", "SL:CONTACT]", "IN:GET_CONTACT]", "SL:CONTACT_REMOVED]", "IN:UPDATE_CALL]"], "predicted_tokens": ["[IN:UPDATE_CALL", "[SL:CONTACT_REMOVED", "[IN:GET_CONTACT", "[SL:TYPE_RELATION", "@ptr1", "SL:TYPE_RELATION]", "[SL:CONTACT", "@ptr2", "SL:CONTACT]", "IN:END_CALL]"]}
{"loss": 1.0149904489517212, "class_log_probabilities": [-0.8134750723838806, -4.1339640617370605, -4.8818230628967285, -6.938076496124268], "predictions": [63, 66, 396, 397, 67, 103, 399, 104, 68, 4, 4, 4, 4, 4], "target_tokens": ["[IN:PLAY_MUSIC", "[SL:MUSIC_ARTIST_NAME", "@ptr1", "@ptr2", "SL:MUSIC_ARTIST_NAME]", "[SL:MUSIC_PROVIDER_NAME", "@ptr4", "SL:MUSIC_PROVIDER_NAME]", "IN:PLAY_MUSIC]"], "predicted_tokens": ["[IN:PLAY_MUSIC", "[SL:MUSIC_ARTIST_NAME", "@ptr1", "@ptr2", "SL:MUSIC_ARTIST_NAME]", "[SL:MUSIC_PROVIDER_NAME", "@ptr4", "SL:MUSIC_PROVIDER_NAME]", "IN:PLAY_MUSIC]"]}
{"loss": 1.9429670572280884, "class_log_probabilities": [-0.7256584763526917, -3.3690757751464844, -5.172719955444336, -6.391748428344727], "predictions": [63, 64, 398, 65, 66, 399, 67, 68, 4], "target_tokens": ["[IN:PLAY_MUSIC", "[SL:MUSIC_ARTIST_NAME", "@ptr4", "SL:MUSIC_ARTIST_NAME]", "[SL:MUSIC_TYPE", "@ptr3", "SL:MUSIC_TYPE]", "IN:PLAY_MUSIC]"], "predicted_tokens": ["[IN:PLAY_MUSIC", "[SL:MUSIC_TYPE", "@ptr3", "SL:MUSIC_TYPE]", "[SL:MUSIC_ARTIST_NAME", "@ptr4", "SL:MUSIC_ARTIST_NAME]", "IN:PLAY_MUSIC]"]}
{"loss": 2.9187519550323486, "class_log_probabilities": [-1.3494045734405518, -2.7621912956237793, -5.68435001373291, -6.079282760620117], "predictions": [61, 83, 396, 84, 16, 400, 401, 17, 14, 402, 15, 62, 4], "target_tokens": ["[IN:GET_EVENT", "[SL:CATEGORY_EVENT", "@ptr1", "SL:CATEGORY_EVENT]", "[SL:DATE_TIME", "@ptr3", "@ptr4", "SL:DATE_TIME]", "[SL:LOCATION", "@ptr5", "@ptr6", "SL:LOCATION]", "IN:GET_EVENT]"], "predicted_tokens": ["[IN:GET_EVENT", "[SL:CATEGORY_EVENT", "@ptr1", "SL:CATEGORY_EVENT]", "[SL:DATE_TIME", "@ptr5", "@ptr6", "SL:DATE_TIME]", "[SL:LOCATION", "@ptr7", "SL:LOCATION]", "IN:GET_EVENT]"]}
{"loss": 2.2727768421173096, "class_log_probabilities": [-1.7999589443206787, -3.105846643447876, -3.2237162590026855, -3.5617282390594482], "predictions": [75, 6, 70, 71, 397, 72, 6, 400, 401, 7, 73, 7, 78, 4, 4], "target_tokens": ["[IN:CREATE_CALL", "[SL:CONTACT", "[IN:GET_CONTACT", "[SL:CONTACT_RELATED", "@ptr4", "@ptr5", "SL:CONTACT_RELATED]", "[SL:TYPE_RELATION", "@ptr2", "SL:TYPE_RELATION]", "IN:GET_CONTACT]", "SL:CONTACT]", "IN:CREATE_CALL]"], "predicted_tokens": ["[IN:CREATE_CALL", "[SL:CONTACT", "[IN:GET_CONTACT", "[SL:TYPE_RELATION", "@ptr2", "SL:TYPE_RELATION]", "[SL:CONTACT", "@ptr5", "@ptr6", "SL:CONTACT]", "IN:GET_CONTACT]", "SL:CONTACT]", "IN:CREATE_CALL]"]}
{"loss": 2.089477062225342, "class_log_probabilities": [-0.98233562707901, -3.4308860301971436, -4.795273780822754, -4.865564346313477], "predictions": [75, 6, 70, 71, 397, 72, 6, 399, 7, 73, 7, 78, 4, 4, 4], "target_tokens": ["[IN:CREATE_CALL", "[SL:CONTACT", "[IN:GET_CONTACT", "[SL:CONTACT_RELATED", "@ptr2", "SL:CONTACT_RELATED]", "[SL:TYPE_RELATION", "@ptr4", "SL:TYPE_RELATION]", "IN:GET_CONTACT]", "SL:CONTACT]", "IN:CREATE_CALL]"], "predicted_tokens": ["[IN:CREATE_CALL", "[SL:CONTACT", "[IN:GET_CONTACT", "[SL:TYPE_RELATION", "@ptr2", "SL:TYPE_RELATION]", "[SL:CONTACT", "@ptr4", "SL:CONTACT]", "IN:GET_CONTACT]", "SL:CONTACT]", "IN:CREATE_CALL]"]}
{"loss": 0.9594376683235168, "class_log_probabilities": [-0.40759605169296265, -5.068253040313721, -6.8745527267456055, -7.279209136962891], "predictions": [75, 6, 397, 7, 78, 4, 4, 4], "target_tokens": ["[IN:CREATE_CALL", "[SL:CONTACT", "@ptr2", "SL:CONTACT]", "IN:CREATE_CALL]"], "predicted_tokens": ["[IN:CREATE_CALL", "[SL:CONTACT", "@ptr2", "SL:CONTACT]", "IN:CREATE_CALL]"]}
{"loss": 1.0128402709960938, "class_log_probabilities": [-1.1609673500061035, -3.359985589981079, -6.0257768630981445, -6.0701189041137695], "predictions": [61, 83, 402, 403, 404, 84, 62, 4, 4, 4, 4], "target_tokens": ["[IN:GET_EVENT", "[SL:CATEGORY_EVENT", "@ptr7", "@ptr8", "@ptr9", "SL:CATEGORY_EVENT]", "IN:GET_EVENT]"], "predicted_tokens": ["[IN:GET_EVENT", "[SL:CATEGORY_EVENT", "@ptr7", "@ptr8", "@ptr9", "SL:CATEGORY_EVENT]", "IN:GET_EVENT]"]}
{"loss": 1.7775678634643555, "class_log_probabilities": [-0.4619266092777252, -5.109180450439453, -6.023044586181641, -8.181788444519043], "predictions": [70, 71, 396, 72, 93, 397, 94, 73, 4, 4, 4, 4], "target_tokens": ["[IN:GET_CONTACT", "[SL:CONTACT_RELATED", "@ptr2", "SL:CONTACT_RELATED]", "[SL:TYPE_RELATION", "@ptr1", "SL:TYPE_RELATION]", "IN:GET_CONTACT]"], "predicted_tokens": ["[IN:GET_CONTACT", "[SL:TYPE_RELATION", "@ptr1", "SL:TYPE_RELATION]", "[SL:CONTACT_RELATED", "@ptr2", "SL:CONTACT_RELATED]", "IN:GET_CONTACT]"]}
{"loss": 1.5747253894805908, "class_log_probabilities": [-3.3397910594940186, -5.873473644256592, -6.152939796447754, -6.353955268859863], "predictions": [70, 73, 4, 4, 4, 4, 4, 4, 4, 4, 4, 4, 4, 4], "target_tokens": ["[IN:GET_CONTACT", "[SL:CONTACT_RELATED", "@ptr12", "SL:CONTACT_RELATED]", "[SL:TYPE_RELATION", "@ptr8", "@ptr9", "@ptr10", "SL:TYPE_RELATION]", "IN:GET_CONTACT]"], "predicted_tokens": ["[IN:GET_CONTACT", "IN:GET_CONTACT]"]}
{"loss": 0.9584402441978455, "class_log_probabilities": [-0.43301939964294434, -7.197001934051514, -7.795283794403076, -7.857219219207764], "predictions": [75, 6, 399, 400, 7, 78, 4, 4, 4], "target_tokens": ["[IN:CREATE_CALL", "[SL:CONTACT", "@ptr4", "@ptr5", "SL:CONTACT]", "IN:CREATE_CALL]"], "predicted_tokens": ["[IN:CREATE_CALL", "[SL:CONTACT", "@ptr4", "@ptr5", "SL:CONTACT]", "IN:CREATE_CALL]"]}
{"loss": 1.742378830909729, "class_log_probabilities": [-6.3631415367126465, -7.970127582550049, -48.849876403808594, -49.046485900878906], "predictions": [49, 36, 143, 36, 397, 398, 399, 400, 401, 37, 16, 402, 403, 404, 405, 17, 34, 410, 35, 50, 4, 4, 4, 4, 4, 4, 4, 4, 4, 4, 4, 4, 4, 4, 4, 4, 4, 4, 4, 4, 4, 4, 4, 4, 4, 4, 4, 4, 4, 4, 4, 4, 4, 4, 4, 4, 4, 4, 4, 4, 4, 4, 4, 4, 4, 4, 4, 4, 4, 4, 4, 4, 4, 4, 4, 4, 4, 4, 4, 4, 4, 4, 4, 4, 4, 4, 4, 4, 4, 4, 4, 4, 4, 4, 4, 4, 4, 4, 4, 4], "target_tokens": ["[IN:CREATE_REMINDER", "[SL:TODO", "[IN:GET_TODO", "[SL:TODO", "@ptr3", "@ptr4", "@ptr5", "@ptr6", "SL:TODO]", "[SL:DATE_TIME", "@ptr7", "@ptr8", "@ptr9", "SL:DATE_TIME]", "IN:GET_TODO]", "SL:TODO]", "[SL:PERSON_REMINDED", "@ptr15", "SL:PERSON_REMINDED]", "[SL:DATE_TIME", "@ptr16", "@ptr17", "@ptr18", "SL:DATE_TIME]", "IN:CREATE_REMINDER]"], "predicted_tokens": ["[IN:CREATE_REMINDER", "[SL:TODO", "[IN:GET_TODO", "[SL:TODO", "@ptr2", "@ptr3", "@ptr4", "@ptr5", "@ptr6", "SL:TODO]", "[SL:DATE_TIME", "@ptr7", "@ptr8", "@ptr9", "@ptr10", "SL:DATE_TIME]", "[SL:PERSON_REMINDED", "@ptr15", "SL:PERSON_REMINDED]", "IN:CREATE_REMINDER]"]}
{"loss": 1.5953407287597656, "class_log_probabilities": [-6.008388519287109, -9.870612144470215, -10.893689155578613, -11.142462730407715], "predictions": [23, 10, 399, 11, 24, 404, 405, 406, 407, 415, 417, 25, 26, 4, 4, 4, 4, 4, 4], "target_tokens": ["[IN:SEND_MESSAGE", "[SL:RECIPIENT", "@ptr4", "SL:RECIPIENT]", "[SL:CONTENT_EXACT", "@ptr9", "@ptr10", "@ptr11", "@ptr12", "@ptr13", "@ptr14", "@ptr15", "@ptr16", "@ptr17", "@ptr18", "@ptr19", "@ptr20", "@ptr21", "@ptr22", "SL:CONTENT_EXACT]", "IN:SEND_MESSAGE]"], "predicted_tokens": ["[IN:SEND_MESSAGE", "[SL:RECIPIENT", "@ptr4", "SL:RECIPIENT]", "[SL:CONTENT_EXACT", "@ptr9", "@ptr10", "@ptr11", "@ptr12", "@ptr20", "@ptr22", "SL:CONTENT_EXACT]", "IN:SEND_MESSAGE]"]}
{"loss": 1.4035564661026, "class_log_probabilities": [-2.685499906539917, -4.074617385864258, -4.815093994140625, -5.018263339996338], "predictions": [23, 10, 397, 398, 399, 400, 401, 402, 403, 404, 25, 26, 4, 4], "target_tokens": ["[IN:SEND_MESSAGE", "[SL:RECIPIENT", "@ptr2", "SL:RECIPIENT]", "[SL:CONTENT_EXACT", "@ptr3", "@ptr4", "@ptr5", "@ptr6", "@ptr7", "@ptr8", "@ptr9", "SL:CONTENT_EXACT]", "IN:SEND_MESSAGE]"], "predicted_tokens": ["[IN:SEND_MESSAGE", "[SL:RECIPIENT", "@ptr2", "@ptr3", "@ptr4", "@ptr5", "@ptr6", "@ptr7", "@ptr8", "@ptr9", "SL:CONTENT_EXACT]", "IN:SEND_MESSAGE]"]}
{"loss": 1.094024658203125, "class_log_probabilities": [-3.8134279251098633, -4.207822322845459, -4.451206684112549, -4.520325660705566], "predictions": [23, 10, 70, 93, 399, 94, 71, 400, 72, 6, 401, 7, 73, 11, 26, 4], "target_tokens": ["[IN:SEND_MESSAGE", "[SL:RECIPIENT", "[IN:GET_CONTACT", "[SL:CONTACT_RELATED", "@ptr4", "SL:CONTACT_RELATED]", "[SL:TYPE_RELATION", "@ptr5", "SL:TYPE_RELATION]", "[SL:CONTACT", "@ptr6", "SL:CONTACT]", "IN:GET_CONTACT]", "SL:RECIPIENT]", "IN:SEND_MESSAGE]"], "predicted_tokens": ["[IN:SEND_MESSAGE", "[SL:RECIPIENT", "[IN:GET_CONTACT", "[SL:CONTACT_RELATED", "@ptr4", "SL:CONTACT_RELATED]", "[SL:TYPE_RELATION", "@ptr5", "SL:TYPE_RELATION]", "[SL:CONTACT", "@ptr6", "SL:CONTACT]", "IN:GET_CONTACT]", "SL:RECIPIENT]", "IN:SEND_MESSAGE]"]}
{"loss": 0.9742781519889832, "class_log_probabilities": [-0.18440678715705872, -5.4058146476745605, -7.230475425720215, -7.412905693054199], "predictions": [5, 12, 4], "target_tokens": ["[IN:GET_MESSAGE", "IN:GET_MESSAGE]"], "predicted_tokens": ["[IN:GET_MESSAGE", "IN:GET_MESSAGE]"]}
{"loss": 2.7562484741210938, "class_log_probabilities": [-0.6573965549468994, -3.373957872390747, -7.257829666137695, -7.40247106552124], "predictions": [75, 6, 397, 7, 78, 4, 4, 4], "target_tokens": ["[IN:CREATE_CALL", "[SL:CONTACT", "@ptr1", "@ptr2", "SL:CONTACT]", "IN:CREATE_CALL]"], "predicted_tokens": ["[IN:CREATE_CALL", "[SL:CONTACT", "@ptr2", "SL:CONTACT]", "IN:CREATE_CALL]"]}
{"loss": 2.2418482303619385, "class_log_probabilities": [-0.7302985787391663, -3.7986059188842773, -4.982504844665527, -7.015590190887451], "predictions": [75, 6, 399, 400, 7, 78, 4, 4, 4, 4], "target_tokens": ["[IN:CREATE_CALL", "[SL:CONTACT", "@ptr3", "@ptr4", "SL:CONTACT]", "IN:CREATE_CALL]"], "predicted_tokens": ["[IN:CREATE_CALL", "[SL:CONTACT", "@ptr4", "@ptr5", "SL:CONTACT]", "IN:CREATE_CALL]"]}
{"loss": 3.4762496948242188, "class_log_probabilities": [-0.4422212541103363, -6.463593006134033, -7.711518287658691, -7.9008564949035645], "predictions": [75, 6, 397, 398, 7, 78, 4, 4, 4], "target_tokens": ["[IN:CREATE_CALL", "[SL:CONTACT", "@ptr1", "@ptr2", "SL:CONTACT]", "IN:CREATE_CALL]"], "predicted_tokens": ["[IN:CREATE_CALL", "[SL:CONTACT", "@ptr2", "@ptr3", "SL:CONTACT]", "IN:CREATE_CALL]"]}
{"loss": 0.95964515209198, "class_log_probabilities": [-0.530339241027832, -5.077375888824463, -6.834473133087158, -7.8259053230285645], "predictions": [75, 6, 399, 400, 7, 78, 4, 4, 4], "target_tokens": ["[IN:CREATE_CALL", "[SL:CONTACT", "@ptr4", "@ptr5", "SL:CONTACT]", "IN:CREATE_CALL]"], "predicted_tokens": ["[IN:CREATE_CALL", "[SL:CONTACT", "@ptr4", "@ptr5", "SL:CONTACT]", "IN:CREATE_CALL]"]}
{"loss": 2.1033174991607666, "class_log_probabilities": [-1.1655354499816895, -2.1834428310394287, -6.603963375091553, -7.256824970245361], "predictions": [75, 6, 399, 7, 78, 4, 4, 4], "target_tokens": ["[IN:CREATE_CALL", "[SL:CONTACT", "@ptr3", "@ptr4", "SL:CONTACT]", "IN:CREATE_CALL]"], "predicted_tokens": ["[IN:CREATE_CALL", "[SL:CONTACT", "@ptr4", "SL:CONTACT]", "IN:CREATE_CALL]"]}
{"loss": 2.5008060932159424, "class_log_probabilities": [-0.7695929408073425, -3.8588597774505615, -6.4761176109313965, -6.8513031005859375], "predictions": [75, 6, 399, 400, 7, 78, 4, 4], "target_tokens": ["[IN:CREATE_CALL", "[SL:CONTACT", "@ptr3", "@ptr4", "SL:CONTACT]", "IN:CREATE_CALL]"], "predicted_tokens": ["[IN:CREATE_CALL", "[SL:CONTACT", "@ptr4", "@ptr5", "SL:CONTACT]", "IN:CREATE_CALL]"]}
{"loss": 2.230522871017456, "class_log_probabilities": [-0.4720633029937744, -6.860090255737305, -6.9534735679626465, -7.457513332366943], "predictions": [75, 20, 396, 21, 6, 398, 7, 78, 4], "target_tokens": ["[IN:CREATE_CALL", "[SL:CONTACT", "@ptr3", "SL:CONTACT]", "IN:CREATE_CALL]"], "predicted_tokens": ["[IN:CREATE_CALL", "[SL:ORDINAL", "@ptr1", "SL:ORDINAL]", "[SL:CONTACT", "@ptr3", "SL:CONTACT]", "IN:CREATE_CALL]"]}
{"loss": 1.0293489694595337, "class_log_probabilities": [-0.6119455099105835, -5.234176158905029, -5.778854846954346, -6.109677791595459], "predictions": [189, 190, 4], "target_tokens": ["[IN:SET_AVAILABLE", "IN:SET_AVAILABLE]"], "predicted_tokens": ["[IN:SET_AVAILABLE", "IN:SET_AVAILABLE]"]}
{"loss": 0.9797075390815735, "class_log_probabilities": [-0.2799207270145416, -7.226707458496094, -7.401501178741455, -7.73838996887207], "predictions": [107, 108, 396, 109, 110, 4], "target_tokens": ["[IN:UPDATE_CALL", "[SL:CONTACT_ADDED", "@ptr1", "SL:CONTACT_ADDED]", "IN:UPDATE_CALL]"], "predicted_tokens": ["[IN:UPDATE_CALL", "[SL:CONTACT_ADDED", "@ptr1", "SL:CONTACT_ADDED]", "IN:UPDATE_CALL]"]}
{"loss": 0.9755645394325256, "class_log_probabilities": [-0.15851110219955444, -7.668780326843262, -7.815039157867432, -8.895243644714355], "predictions": [107, 110, 4, 4, 4], "target_tokens": ["[IN:UPDATE_CALL", "IN:UPDATE_CALL]"], "predicted_tokens": ["[IN:UPDATE_CALL", "IN:UPDATE_CALL]"]}
{"loss": 3.12387752532959, "class_log_probabilities": [-0.5857933759689331, -5.996878623962402, -7.142528533935547, -7.498672008514404], "predictions": [63, 66, 395, 396, 397, 398, 67, 68, 4], "target_tokens": ["[IN:CREATE_CALL", "[SL:CONTACT", "@ptr1", "@ptr2", "@ptr3", "SL:CONTACT]", "IN:CREATE_CALL]"], "predicted_tokens": ["[IN:PLAY_MUSIC", "[SL:MUSIC_ARTIST_NAME", "@ptr0", "@ptr1", "@ptr2", "@ptr3", "SL:MUSIC_ARTIST_NAME]", "IN:PLAY_MUSIC]"]}
{"loss": 0.9588128924369812, "class_log_probabilities": [-0.19043482840061188, -7.629504680633545, -8.231185913085938, -9.032941818237305], "predictions": [171, 172, 4, 4, 4], "target_tokens": ["[IN:GET_AVAILABILITY", "IN:GET_AVAILABILITY]"], "predicted_tokens": ["[IN:GET_AVAILABILITY", "IN:GET_AVAILABILITY]"]}
{"loss": 0.9598131775856018, "class_log_probabilities": [-0.18509185314178467, -7.714510917663574, -8.014152526855469, -9.014931678771973], "predictions": [171, 172, 4, 4, 4], "target_tokens": ["[IN:GET_AVAILABILITY", "IN:GET_AVAILABILITY]"], "predicted_tokens": ["[IN:GET_AVAILABILITY", "IN:GET_AVAILABILITY]"]}
{"loss": 0.965691089630127, "class_log_probabilities": [-0.17536640167236328, -7.716419219970703, -7.882967472076416, -7.929915904998779], "predictions": [81, 82, 4, 4], "target_tokens": ["[IN:END_CALL", "IN:END_CALL]"], "predicted_tokens": ["[IN:END_CALL", "IN:END_CALL]"]}
{"loss": 1.6076288223266602, "class_log_probabilities": [-2.5366194248199463, -2.7322425842285156, -6.333660125732422, -6.339234828948975], "predictions": [171, 6, 70, 93, 397, 94, 71, 398, 72, 73, 7, 172, 4], "target_tokens": ["[IN:GET_AVAILABILITY", "IN:GET_AVAILABILITY]"], "predicted_tokens": ["[IN:GET_AVAILABILITY", "[SL:CONTACT", "[IN:GET_CONTACT", "[SL:CONTACT_RELATED", "@ptr2", "SL:CONTACT_RELATED]", "[SL:TYPE_RELATION", "@ptr3", "SL:TYPE_RELATION]", "IN:GET_CONTACT]", "SL:CONTACT]", "IN:GET_AVAILABILITY]"]}
{"loss": 0.9568672180175781, "class_log_probabilities": [-0.22265934944152832, -7.1157708168029785, -7.5027971267700195, -9.938796043395996], "predictions": [171, 172, 4, 4, 4, 4], "target_tokens": ["[IN:GET_AVAILABILITY", "IN:GET_AVAILABILITY]"], "predicted_tokens": ["[IN:GET_AVAILABILITY", "IN:GET_AVAILABILITY]"]}
{"loss": 0.9640847444534302, "class_log_probabilities": [-0.8265994787216187, -4.716477870941162, -6.5517425537109375, -6.633434772491455], "predictions": [171, 6, 70, 93, 397, 94, 71, 398, 72, 73, 7, 172, 4], "target_tokens": ["[IN:GET_AVAILABILITY", "[SL:CONTACT", "[IN:GET_CONTACT", "[SL:CONTACT_RELATED", "@ptr2", "SL:CONTACT_RELATED]", "[SL:TYPE_RELATION", "@ptr3", "SL:TYPE_RELATION]", "IN:GET_CONTACT]", "SL:CONTACT]", "IN:GET_AVAILABILITY]"], "predicted_tokens": ["[IN:GET_AVAILABILITY", "[SL:CONTACT", "[IN:GET_CONTACT", "[SL:CONTACT_RELATED", "@ptr2", "SL:CONTACT_RELATED]", "[SL:TYPE_RELATION", "@ptr3", "SL:TYPE_RELATION]", "IN:GET_CONTACT]", "SL:CONTACT]", "IN:GET_AVAILABILITY]"]}
{"loss": 0.978368878364563, "class_log_probabilities": [-0.514201819896698, -5.817171573638916, -6.462782859802246, -6.520683288574219], "predictions": [107, 108, 70, 71, 396, 72, 73, 109, 110, 4], "target_tokens": ["[IN:UPDATE_CALL", "[SL:CONTACT_ADDED", "[IN:GET_CONTACT", "[SL:TYPE_RELATION", "@ptr1", "SL:TYPE_RELATION]", "IN:GET_CONTACT]", "SL:CONTACT_ADDED]", "IN:UPDATE_CALL]"], "predicted_tokens": ["[IN:UPDATE_CALL", "[SL:CONTACT_ADDED", "[IN:GET_CONTACT", "[SL:TYPE_RELATION", "@ptr1", "SL:TYPE_RELATION]", "IN:GET_CONTACT]", "SL:CONTACT_ADDED]", "IN:UPDATE_CALL]"]}
{"loss": 1.76608145236969, "class_log_probabilities": [-1.7132329940795898, -3.5137546062469482, -3.789565324783325, -4.836838245391846], "predictions": [49, 34, 396, 35, 50, 4], "target_tokens": ["[IN:CREATE_CALL", "[SL:CONTACT", "@ptr1", "SL:CONTACT]", "IN:CREATE_CALL]"], "predicted_tokens": ["[IN:CREATE_REMINDER", "[SL:PERSON_REMINDED", "@ptr1", "SL:PERSON_REMINDED]", "IN:CREATE_REMINDER]"]}
{"loss": 1.5533956289291382, "class_log_probabilities": [-0.6045310497283936, -2.2397072315216064, -6.795705318450928, -6.892079830169678], "predictions": [215, 6, 395, 7, 216, 4], "target_tokens": ["[IN:SWITCH_CALL", "IN:SWITCH_CALL]"], "predicted_tokens": ["[IN:SWITCH_CALL", "[SL:CONTACT", "@ptr0", "SL:CONTACT]", "IN:SWITCH_CALL]"]}
{"loss": 0.9596195220947266, "class_log_probabilities": [-0.1851445436477661, -7.793392658233643, -8.197924613952637, -9.046086311340332], "predictions": [171, 172, 4, 4, 4], "target_tokens": ["[IN:GET_AVAILABILITY", "IN:GET_AVAILABILITY]"], "predicted_tokens": ["[IN:GET_AVAILABILITY", "IN:GET_AVAILABILITY]"]}
{"loss": 0.9584199786186218, "class_log_probabilities": [-0.19066771864891052, -7.658544540405273, -8.18846321105957, -8.308427810668945], "predictions": [171, 172, 4], "target_tokens": ["[IN:GET_AVAILABILITY", "IN:GET_AVAILABILITY]"], "predicted_tokens": ["[IN:GET_AVAILABILITY", "IN:GET_AVAILABILITY]"]}
{"loss": 2.9631855487823486, "class_log_probabilities": [-0.624883770942688, -4.1656036376953125, -4.532799243927002, -5.357140064239502], "predictions": [153, 154, 4], "target_tokens": ["[IN:CREATE_CALL", "IN:CREATE_CALL]"], "predicted_tokens": ["[IN:ANSWER_CALL", "IN:ANSWER_CALL]"]}
{"loss": 2.512158155441284, "class_log_probabilities": [-2.904007911682129, -3.1660377979278564, -3.298734426498413, -4.53434419631958], "predictions": [31, 6, 395, 7, 322, 4], "target_tokens": ["[IN:SET_UNAVAILABLE", "IN:SET_UNAVAILABLE]"], "predicted_tokens": ["[IN:SET_UNAVAILABLE", "[SL:CONTACT", "@ptr0", "SL:CONTACT]", "IN:SET_RSVP_NO]"]}
{"loss": 0.979684054851532, "class_log_probabilities": [-0.15185916423797607, -7.734296798706055, -7.838678359985352, -7.921371936798096], "predictions": [189, 190, 4], "target_tokens": ["[IN:SET_AVAILABLE", "IN:SET_AVAILABLE]"], "predicted_tokens": ["[IN:SET_AVAILABLE", "IN:SET_AVAILABLE]"]}
{"loss": 3.6731369495391846, "class_log_probabilities": [-1.872910737991333, -2.1574482917785645, -5.1937336921691895, -5.475520610809326], "predictions": [297, 66, 395, 67, 298, 4], "target_tokens": ["[IN:END_CALL", "IN:END_CALL]"], "predicted_tokens": ["[IN:STOP_MUSIC", "[SL:MUSIC_ARTIST_NAME", "@ptr0", "SL:MUSIC_ARTIST_NAME]", "IN:STOP_MUSIC]"]}
{"loss": 1.3057786226272583, "class_log_probabilities": [-1.2657158374786377, -1.6496272087097168, -4.024314880371094, -4.586946964263916], "predictions": [95, 96, 4], "target_tokens": ["[IN:END_CALL", "IN:END_CALL]"], "predicted_tokens": ["[IN:IGNORE_CALL", "IN:IGNORE_CALL]"]}
{"loss": 0.9682998657226562, "class_log_probabilities": [-0.6954172253608704, -7.729612350463867, -7.74839973449707, -8.89106273651123], "predictions": [75, 6, 70, 93, 398, 94, 71, 399, 72, 73, 7, 78, 4, 4, 4], "target_tokens": ["[IN:CREATE_CALL", "[SL:CONTACT", "[IN:GET_CONTACT", "[SL:CONTACT_RELATED", "@ptr3", "SL:CONTACT_RELATED]", "[SL:TYPE_RELATION", "@ptr4", "SL:TYPE_RELATION]", "IN:GET_CONTACT]", "SL:CONTACT]", "IN:CREATE_CALL]"], "predicted_tokens": ["[IN:CREATE_CALL", "[SL:CONTACT", "[IN:GET_CONTACT", "[SL:CONTACT_RELATED", "@ptr3", "SL:CONTACT_RELATED]", "[SL:TYPE_RELATION", "@ptr4", "SL:TYPE_RELATION]", "IN:GET_CONTACT]", "SL:CONTACT]", "IN:CREATE_CALL]"]}
{"loss": 0.9931837320327759, "class_log_probabilities": [-0.42604076862335205, -6.680469989776611, -6.8718791007995605, -7.386919975280762], "predictions": [107, 108, 70, 71, 396, 72, 73, 109, 110, 4, 4, 4, 4], "target_tokens": ["[IN:UPDATE_CALL", "[SL:CONTACT_ADDED", "[IN:GET_CONTACT", "[SL:TYPE_RELATION", "@ptr1", "SL:TYPE_RELATION]", "IN:GET_CONTACT]", "SL:CONTACT_ADDED]", "IN:UPDATE_CALL]"], "predicted_tokens": ["[IN:UPDATE_CALL", "[SL:CONTACT_ADDED", "[IN:GET_CONTACT", "[SL:TYPE_RELATION", "@ptr1", "SL:TYPE_RELATION]", "IN:GET_CONTACT]", "SL:CONTACT_ADDED]", "IN:UPDATE_CALL]"]}
{"loss": 0.9870434999465942, "class_log_probabilities": [-0.5048388838768005, -5.67991828918457, -6.833077907562256, -7.3613128662109375], "predictions": [107, 108, 70, 71, 396, 72, 73, 109, 110, 4, 4, 4, 4], "target_tokens": ["[IN:UPDATE_CALL", "[SL:CONTACT_ADDED", "[IN:GET_CONTACT", "[SL:TYPE_RELATION", "@ptr1", "SL:TYPE_RELATION]", "IN:GET_CONTACT]", "SL:CONTACT_ADDED]", "IN:UPDATE_CALL]"], "predicted_tokens": ["[IN:UPDATE_CALL", "[SL:CONTACT_ADDED", "[IN:GET_CONTACT", "[SL:TYPE_RELATION", "@ptr1", "SL:TYPE_RELATION]", "IN:GET_CONTACT]", "SL:CONTACT_ADDED]", "IN:UPDATE_CALL]"]}
{"loss": 0.9817942976951599, "class_log_probabilities": [-0.2820374369621277, -6.61480712890625, -7.210618019104004, -7.287059783935547], "predictions": [107, 108, 398, 109, 110, 4], "target_tokens": ["[IN:UPDATE_CALL", "[SL:CONTACT_ADDED", "@ptr3", "SL:CONTACT_ADDED]", "IN:UPDATE_CALL]"], "predicted_tokens": ["[IN:UPDATE_CALL", "[SL:CONTACT_ADDED", "@ptr3", "SL:CONTACT_ADDED]", "IN:UPDATE_CALL]"]}
{"loss": 0.9589146971702576, "class_log_probabilities": [-0.3642551600933075, -7.863138198852539, -8.009607315063477, -8.134737968444824], "predictions": [75, 6, 401, 7, 78, 4, 4, 4], "target_tokens": ["[IN:CREATE_CALL", "[SL:CONTACT", "@ptr6", "SL:CONTACT]", "IN:CREATE_CALL]"], "predicted_tokens": ["[IN:CREATE_CALL", "[SL:CONTACT", "@ptr6", "SL:CONTACT]", "IN:CREATE_CALL]"]}
{"loss": 1.8663067817687988, "class_log_probabilities": [-0.3890272080898285, -6.4402055740356445, -7.584359169006348, -7.638453483581543], "predictions": [75, 6, 400, 7, 78, 4], "target_tokens": ["[IN:CREATE_CALL", "[SL:CONTACT", "@ptr4", "SL:CONTACT]", "IN:CREATE_CALL]"], "predicted_tokens": ["[IN:CREATE_CALL", "[SL:CONTACT", "@ptr5", "SL:CONTACT]", "IN:CREATE_CALL]"]}
{"loss": 1.1207349300384521, "class_log_probabilities": [-0.7924320101737976, -2.366469144821167, -7.8156256675720215, -8.075742721557617], "predictions": [75, 6, 70, 71, 400, 72, 73, 7, 78, 4, 4, 4, 4], "target_tokens": ["[IN:CREATE_CALL", "[SL:CONTACT", "[IN:GET_CONTACT", "[SL:TYPE_RELATION", "@ptr4", "SL:TYPE_RELATION]", "IN:GET_CONTACT]", "SL:CONTACT]", "IN:CREATE_CALL]"], "predicted_tokens": ["[IN:CREATE_CALL", "[SL:CONTACT", "[IN:GET_CONTACT", "[SL:TYPE_RELATION", "@ptr5", "SL:TYPE_RELATION]", "IN:GET_CONTACT]", "SL:CONTACT]", "IN:CREATE_CALL]"]}
{"loss": 0.9755069017410278, "class_log_probabilities": [-0.7236329317092896, -6.498030662536621, -6.759005546569824, -6.839868545532227], "predictions": [107, 108, 70, 93, 396, 94, 71, 397, 72, 73, 109, 110, 4], "target_tokens": ["[IN:UPDATE_CALL", "[SL:CONTACT_ADDED", "[IN:GET_CONTACT", "[SL:CONTACT_RELATED", "@ptr1", "SL:CONTACT_RELATED]", "[SL:TYPE_RELATION", "@ptr2", "SL:TYPE_RELATION]", "IN:GET_CONTACT]", "SL:CONTACT_ADDED]", "IN:UPDATE_CALL]"], "predicted_tokens": ["[IN:UPDATE_CALL", "[SL:CONTACT_ADDED", "[IN:GET_CONTACT", "[SL:CONTACT_RELATED", "@ptr1", "SL:CONTACT_RELATED]", "[SL:TYPE_RELATION", "@ptr2", "SL:TYPE_RELATION]", "IN:GET_CONTACT]", "SL:CONTACT_ADDED]", "IN:UPDATE_CALL]"]}
{"loss": 0.9759405255317688, "class_log_probabilities": [-0.9987249970436096, -3.9799423217773438, -4.156698703765869, -5.8042988777160645], "predictions": [107, 108, 70, 71, 397, 398, 399, 72, 73, 109, 110, 4], "target_tokens": ["[IN:UPDATE_CALL", "[SL:CONTACT_ADDED", "[IN:GET_CONTACT", "[SL:TYPE_RELATION", "@ptr2", "@ptr3", "@ptr4", "SL:TYPE_RELATION]", "IN:GET_CONTACT]", "SL:CONTACT_ADDED]", "IN:UPDATE_CALL]"], "predicted_tokens": ["[IN:UPDATE_CALL", "[SL:CONTACT_ADDED", "[IN:GET_CONTACT", "[SL:TYPE_RELATION", "@ptr2", "@ptr3", "@ptr4", "SL:TYPE_RELATION]", "IN:GET_CONTACT]", "SL:CONTACT_ADDED]", "IN:UPDATE_CALL]"]}
{"loss": 1.251099944114685, "class_log_probabilities": [-2.5429415702819824, -3.228910207748413, -3.7785348892211914, -4.011869430541992], "predictions": [153, 6, 70, 93, 400, 94, 71, 401, 402, 72, 73, 7, 154, 4, 4], "target_tokens": ["[IN:ANSWER_CALL", "[SL:CONTACT", "[IN:GET_CONTACT", "[SL:CONTACT_RELATED", "@ptr4", "SL:CONTACT_RELATED]", "[SL:TYPE_RELATION", "@ptr5", "@ptr6", "@ptr7", "SL:TYPE_RELATION]", "IN:GET_CONTACT]", "SL:CONTACT]", "IN:ANSWER_CALL]"], "predicted_tokens": ["[IN:ANSWER_CALL", "[SL:CONTACT", "[IN:GET_CONTACT", "[SL:CONTACT_RELATED", "@ptr5", "SL:CONTACT_RELATED]", "[SL:TYPE_RELATION", "@ptr6", "@ptr7", "SL:TYPE_RELATION]", "IN:GET_CONTACT]", "SL:CONTACT]", "IN:ANSWER_CALL]"]}
{"loss": 0.965939462184906, "class_log_probabilities": [-0.7439855933189392, -6.67000675201416, -7.175173759460449, -7.230530738830566], "predictions": [75, 6, 70, 93, 396, 94, 71, 397, 72, 73, 7, 78, 4, 4, 4, 4], "target_tokens": ["[IN:CREATE_CALL", "[SL:CONTACT", "[IN:GET_CONTACT", "[SL:CONTACT_RELATED", "@ptr1", "SL:CONTACT_RELATED]", "[SL:TYPE_RELATION", "@ptr2", "SL:TYPE_RELATION]", "IN:GET_CONTACT]", "SL:CONTACT]", "IN:CREATE_CALL]"], "predicted_tokens": ["[IN:CREATE_CALL", "[SL:CONTACT", "[IN:GET_CONTACT", "[SL:CONTACT_RELATED", "@ptr1", "SL:CONTACT_RELATED]", "[SL:TYPE_RELATION", "@ptr2", "SL:TYPE_RELATION]", "IN:GET_CONTACT]", "SL:CONTACT]", "IN:CREATE_CALL]"]}
{"loss": 1.5077677965164185, "class_log_probabilities": [-2.528125524520874, -2.9557688236236572, -3.4235544204711914, -3.703857183456421], "predictions": [23, 10, 70, 93, 396, 94, 71, 397, 72, 73, 11, 24, 401, 402, 403, 404, 405, 406, 407, 408, 25, 26, 4], "target_tokens": ["[IN:SEND_MESSAGE", "[SL:RECIPIENT", "[IN:GET_CONTACT", "[SL:TYPE_RELATION", "@ptr2", "SL:TYPE_RELATION]", "IN:GET_CONTACT]", "SL:RECIPIENT]", "[SL:CONTENT_EXACT", "@ptr7", "@ptr8", "@ptr9", "@ptr10", "@ptr11", "@ptr12", "SL:CONTENT_EXACT]", "IN:SEND_MESSAGE]"], "predicted_tokens": ["[IN:SEND_MESSAGE", "[SL:RECIPIENT", "[IN:GET_CONTACT", "[SL:CONTACT_RELATED", "@ptr1", "SL:CONTACT_RELATED]", "[SL:TYPE_RELATION", "@ptr2", "SL:TYPE_RELATION]", "IN:GET_CONTACT]", "SL:RECIPIENT]", "[SL:CONTENT_EXACT", "@ptr6", "@ptr7", "@ptr8", "@ptr9", "@ptr10", "@ptr11", "@ptr12", "@ptr13", "SL:CONTENT_EXACT]", "IN:SEND_MESSAGE]"]}
{"loss": 1.1700854301452637, "class_log_probabilities": [-3.4415667057037354, -4.453230381011963, -4.591578960418701, -5.079688549041748], "predictions": [23, 10, 399, 11, 24, 404, 405, 406, 407, 408, 25, 26, 4, 4, 4, 4, 4], "target_tokens": ["[IN:SEND_MESSAGE", "[SL:RECIPIENT", "@ptr4", "SL:RECIPIENT]", "[SL:CONTENT_EXACT", "@ptr9", "@ptr10", "@ptr11", "@ptr12", "@ptr13", "@ptr14", "@ptr15", "@ptr16", "SL:CONTENT_EXACT]", "IN:SEND_MESSAGE]"], "predicted_tokens": ["[IN:SEND_MESSAGE", "[SL:RECIPIENT", "@ptr4", "SL:RECIPIENT]", "[SL:CONTENT_EXACT", "@ptr9", "@ptr10", "@ptr11", "@ptr12", "@ptr13", "SL:CONTENT_EXACT]", "IN:SEND_MESSAGE]"]}
{"loss": 1.097004771232605, "class_log_probabilities": [-3.2908754348754883, -4.914564609527588, -6.557837963104248, -8.1753511428833], "predictions": [23, 10, 70, 93, 399, 94, 71, 400, 72, 73, 11, 24, 404, 405, 406, 407, 408, 409, 25, 26, 4, 4, 4, 4, 4, 4, 4, 4, 4, 4, 4, 4, 4], "target_tokens": ["[IN:SEND_MESSAGE", "[SL:RECIPIENT", "[IN:GET_CONTACT", "[SL:CONTACT_RELATED", "@ptr4", "SL:CONTACT_RELATED]", "[SL:TYPE_RELATION", "@ptr5", "SL:TYPE_RELATION]", "IN:GET_CONTACT]", "SL:RECIPIENT]", "[SL:CONTENT_EXACT", "@ptr9", "@ptr10", "@ptr11", "@ptr12", "@ptr13", "@ptr14", "SL:CONTENT_EXACT]", "IN:SEND_MESSAGE]"], "predicted_tokens": ["[IN:SEND_MESSAGE", "[SL:RECIPIENT", "[IN:GET_CONTACT", "[SL:CONTACT_RELATED", "@ptr4", "SL:CONTACT_RELATED]", "[SL:TYPE_RELATION", "@ptr5", "SL:TYPE_RELATION]", "IN:GET_CONTACT]", "SL:RECIPIENT]", "[SL:CONTENT_EXACT", "@ptr9", "@ptr10", "@ptr11", "@ptr12", "@ptr13", "@ptr14", "SL:CONTENT_EXACT]", "IN:SEND_MESSAGE]"]}
{"loss": 1.7461788654327393, "class_log_probabilities": [-40.29228973388672, -41.56547164916992, -41.915191650390625, -42.15804672241211], "predictions": [23, 10, 399, 11, 24, 406, 406, 406, 406, 406, 406, 406, 406, 406, 406, 406, 406, 406, 406, 406, 406, 406, 406, 406, 406, 406, 406, 406, 406, 406, 406, 406, 406, 406, 406, 406, 406, 406, 406, 406, 406, 406, 406, 406, 406, 406, 406, 406, 406, 406, 406, 406, 406, 406, 406, 406, 406, 406, 406, 406, 406, 406, 406, 406, 406, 406, 406, 406, 406, 406, 406, 406, 406, 406, 406, 406, 406, 406, 406, 406, 406, 406, 406, 406, 406, 406, 406, 406, 406, 406, 406, 406, 406, 406, 406, 406, 406, 406, 406, 406], "target_tokens": ["[IN:SEND_MESSAGE", "[SL:RECIPIENT", "@ptr4", "SL:RECIPIENT]", "[SL:CONTENT_EXACT", "@ptr10", "@ptr11", "@ptr12", "@ptr13", "@ptr14", "@ptr15", "@ptr16", "@ptr17", "@ptr18", "@ptr19", "@ptr20", "SL:CONTENT_EXACT]", "IN:SEND_MESSAGE]"], "predicted_tokens": ["[IN:SEND_MESSAGE", "[SL:RECIPIENT", "@ptr4", "SL:RECIPIENT]", "[SL:CONTENT_EXACT", "@ptr11", "@ptr11", "@ptr11", "@ptr11", "@ptr11", "@ptr11", "@ptr11", "@ptr11", "@ptr11", "@ptr11", "@ptr11", "@ptr11", "@ptr11", "@ptr11", "@ptr11", "@ptr11", "@ptr11", "@ptr11", "@ptr11", "@ptr11", "@ptr11", "@ptr11", "@ptr11", "@ptr11", "@ptr11", "@ptr11", "@ptr11", "@ptr11", "@ptr11", "@ptr11", "@ptr11", "@ptr11", "@ptr11", "@ptr11", "@ptr11", "@ptr11", "@ptr11", "@ptr11", "@ptr11", "@ptr11", "@ptr11", "@ptr11", "@ptr11", "@ptr11", "@ptr11", "@ptr11", "@ptr11", "@ptr11", "@ptr11", "@ptr11", "@ptr11", "@ptr11", "@ptr11", "@ptr11", "@ptr11", "@ptr11", "@ptr11", "@ptr11", "@ptr11", "@ptr11", "@ptr11", "@ptr11", "@ptr11", "@ptr11", "@ptr11", "@ptr11", "@ptr11", "@ptr11", "@ptr11", "@ptr11", "@ptr11", "@ptr11", "@ptr11", "@ptr11", "@ptr11", "@ptr11", "@ptr11", "@ptr11", "@ptr11", "@ptr11", "@ptr11", "@ptr11", "@ptr11", "@ptr11", "@ptr11", "@ptr11", "@ptr11", "@ptr11", "@ptr11", "@ptr11", "@ptr11", "@ptr11", "@ptr11", "@ptr11", "@ptr11"]}
{"loss": 1.3942599296569824, "class_log_probabilities": [-54.539772033691406, -54.554229736328125, -55.38882064819336, -55.565120697021484], "predictions": [23, 10, 70, 93, 399, 94, 71, 400, 72, 73, 11, 24, 406, 407, 408, 407, 408, 407, 408, 407, 408, 407, 408, 407, 408, 407, 408, 407, 408, 407, 408, 407, 408, 407, 408, 407, 408, 407, 408, 407, 408, 407, 408, 407, 408, 407, 408, 407, 408, 407, 408, 407, 408, 407, 408, 407, 408, 407, 408, 407, 408, 407, 408, 407, 408, 407, 408, 407, 408, 407, 408, 407, 408, 407, 408, 407, 408, 407, 408, 407, 408, 407, 408, 407, 408, 407, 408, 407, 408, 407, 408, 407, 408, 407, 408, 407, 408, 407, 408, 407], "target_tokens": ["[IN:SEND_MESSAGE", "[SL:RECIPIENT", "[IN:GET_CONTACT", "[SL:CONTACT_RELATED", "@ptr4", "SL:CONTACT_RELATED]", "[SL:TYPE_RELATION", "@ptr5", "SL:TYPE_RELATION]", "IN:GET_CONTACT]", "SL:RECIPIENT]", "[SL:CONTENT_EXACT", "@ptr11", "@ptr12", "@ptr13", "@ptr14", "@ptr15", "@ptr16", "@ptr17", "@ptr18", "SL:CONTENT_EXACT]", "IN:SEND_MESSAGE]"], "predicted_tokens": ["[IN:SEND_MESSAGE", "[SL:RECIPIENT", "[IN:GET_CONTACT", "[SL:CONTACT_RELATED", "@ptr4", "SL:CONTACT_RELATED]", "[SL:TYPE_RELATION", "@ptr5", "SL:TYPE_RELATION]", "IN:GET_CONTACT]", "SL:RECIPIENT]", "[SL:CONTENT_EXACT", "@ptr11", "@ptr12", "@ptr13", "@ptr12", "@ptr13", "@ptr12", "@ptr13", "@ptr12", "@ptr13", "@ptr12", "@ptr13", "@ptr12", "@ptr13", "@ptr12", "@ptr13", "@ptr12", "@ptr13", "@ptr12", "@ptr13", "@ptr12", "@ptr13", "@ptr12", "@ptr13", "@ptr12", "@ptr13", "@ptr12", "@ptr13", "@ptr12", "@ptr13", "@ptr12", "@ptr13", "@ptr12", "@ptr13", "@ptr12", "@ptr13", "@ptr12", "@ptr13", "@ptr12", "@ptr13", "@ptr12", "@ptr13", "@ptr12", "@ptr13", "@ptr12", "@ptr13", "@ptr12", "@ptr13", "@ptr12", "@ptr13", "@ptr12", "@ptr13", "@ptr12", "@ptr13", "@ptr12", "@ptr13", "@ptr12", "@ptr13", "@ptr12", "@ptr13", "@ptr12", "@ptr13", "@ptr12", "@ptr13", "@ptr12", "@ptr13", "@ptr12", "@ptr13", "@ptr12", "@ptr13", "@ptr12", "@ptr13", "@ptr12", "@ptr13", "@ptr12", "@ptr13", "@ptr12", "@ptr13", "@ptr12", "@ptr13", "@ptr12", "@ptr13", "@ptr12", "@ptr13", "@ptr12", "@ptr13", "@ptr12", "@ptr13", "@ptr12"]}
{"loss": 1.6631227731704712, "class_log_probabilities": [-3.066204309463501, -3.830404043197632, -3.9844603538513184, -8.473475456237793], "predictions": [23, 10, 399, 11, 24, 405, 406, 407, 415, 25, 26, 4, 4, 4, 4, 4, 4], "target_tokens": ["[IN:SEND_MESSAGE", "[SL:RECIPIENT", "@ptr4", "SL:RECIPIENT]", "[SL:CONTENT_EXACT", "@ptr9", "@ptr10", "@ptr11", "@ptr12", "@ptr13", "@ptr14", "@ptr15", "@ptr16", "@ptr17", "@ptr18", "SL:CONTENT_EXACT]", "IN:SEND_MESSAGE]"], "predicted_tokens": ["[IN:SEND_MESSAGE", "[SL:RECIPIENT", "@ptr4", "SL:RECIPIENT]", "[SL:CONTENT_EXACT", "@ptr10", "@ptr11", "@ptr12", "@ptr20", "SL:CONTENT_EXACT]", "IN:SEND_MESSAGE]"]}
{"loss": 1.1917237043380737, "class_log_probabilities": [-1.5861706733703613, -2.7254912853240967, -3.013981342315674, -4.440732002258301], "predictions": [23, 10, 396, 11, 24, 398, 399, 400, 401, 402, 403, 404, 405, 406, 407, 408, 25, 26, 4, 4, 4], "target_tokens": ["[IN:SEND_MESSAGE", "[SL:RECIPIENT", "@ptr1", "SL:RECIPIENT]", "[SL:CONTENT_EXACT", "@ptr3", "@ptr4", "@ptr5", "@ptr6", "@ptr7", "@ptr8", "@ptr9", "@ptr10", "@ptr11", "@ptr12", "@ptr13", "@ptr14", "SL:CONTENT_EXACT]", "IN:SEND_MESSAGE]"], "predicted_tokens": ["[IN:SEND_MESSAGE", "[SL:RECIPIENT", "@ptr1", "SL:RECIPIENT]", "[SL:CONTENT_EXACT", "@ptr3", "@ptr4", "@ptr5", "@ptr6", "@ptr7", "@ptr8", "@ptr9", "@ptr10", "@ptr11", "@ptr12", "@ptr13", "SL:CONTENT_EXACT]", "IN:SEND_MESSAGE]"]}
{"loss": 1.626042127609253, "class_log_probabilities": [-0.7949056029319763, -33.72847366333008, -35.14311218261719, -35.363712310791016], "predictions": [23, 10, 400, 11, 26, 4, 4, 4, 4, 4, 4, 4, 4, 4, 4, 4, 4, 4, 4, 4, 4, 4, 4, 4, 4, 4, 4, 4, 4, 4, 4, 4, 4, 4, 4, 4, 4, 4, 4, 4, 4, 4, 4, 4, 4, 4, 4, 4, 4, 4, 4, 4, 4, 4, 4, 4, 4, 4, 4, 4, 4, 4, 4, 4, 4, 4, 4, 4, 4, 4, 4, 4, 4, 4, 4, 4, 4, 4, 4, 4, 4, 4, 4, 4, 4, 4, 4, 4, 4, 4, 4, 4, 4, 4, 4, 4, 4, 4, 4, 4], "target_tokens": ["[IN:SEND_MESSAGE", "[SL:RECIPIENT", "@ptr4", "SL:RECIPIENT]", "[SL:CONTENT_EXACT", "@ptr11", "@ptr12", "@ptr13", "@ptr14", "@ptr15", "@ptr16", "@ptr17", "SL:CONTENT_EXACT]", "IN:SEND_MESSAGE]"], "predicted_tokens": ["[IN:SEND_MESSAGE", "[SL:RECIPIENT", "@ptr5", "SL:RECIPIENT]", "IN:SEND_MESSAGE]"]}
{"loss": 2.0066416263580322, "class_log_probabilities": [-65.0450439453125, -65.63260650634766, -65.65440368652344, -65.67567443847656], "predictions": [23, 10, 399, 11, 24, 404, 405, 406, 407, 408, 410, 412, 413, 414, 412, 413, 414, 412, 413, 414, 412, 413, 414, 412, 413, 414, 412, 413, 414, 412, 413, 414, 412, 413, 414, 412, 413, 414, 412, 413, 412, 413, 412, 413, 412, 413, 412, 413, 412, 413, 412, 413, 412, 413, 412, 413, 412, 413, 412, 413, 412, 413, 412, 413, 412, 413, 412, 413, 412, 413, 412, 413, 412, 413, 412, 413, 412, 413, 412, 413, 412, 413, 412, 413, 412, 413, 412, 413, 412, 413, 412, 413, 412, 413, 412, 413, 412, 413, 412, 413], "target_tokens": ["[IN:SEND_MESSAGE", "[SL:RECIPIENT", "@ptr4", "SL:RECIPIENT]", "[SL:CONTENT_EXACT", "@ptr10", "@ptr11", "@ptr12", "@ptr13", "@ptr14", "@ptr15", "@ptr16", "@ptr17", "@ptr18", "@ptr19", "@ptr20", "@ptr21", "SL:CONTENT_EXACT]", "IN:SEND_MESSAGE]"], "predicted_tokens": ["[IN:SEND_MESSAGE", "[SL:RECIPIENT", "@ptr4", "SL:RECIPIENT]", "[SL:CONTENT_EXACT", "@ptr9", "@ptr10", "@ptr11", "@ptr12", "@ptr13", "@ptr15", "@ptr17", "@ptr18", "@ptr19", "@ptr17", "@ptr18", "@ptr19", "@ptr17", "@ptr18", "@ptr19", "@ptr17", "@ptr18", "@ptr19", "@ptr17", "@ptr18", "@ptr19", "@ptr17", "@ptr18", "@ptr19", "@ptr17", "@ptr18", "@ptr19", "@ptr17", "@ptr18", "@ptr19", "@ptr17", "@ptr18", "@ptr19", "@ptr17", "@ptr18", "@ptr17", "@ptr18", "@ptr17", "@ptr18", "@ptr17", "@ptr18", "@ptr17", "@ptr18", "@ptr17", "@ptr18", "@ptr17", "@ptr18", "@ptr17", "@ptr18", "@ptr17", "@ptr18", "@ptr17", "@ptr18", "@ptr17", "@ptr18", "@ptr17", "@ptr18", "@ptr17", "@ptr18", "@ptr17", "@ptr18", "@ptr17", "@ptr18", "@ptr17", "@ptr18", "@ptr17", "@ptr18", "@ptr17", "@ptr18", "@ptr17", "@ptr18", "@ptr17", "@ptr18", "@ptr17", "@ptr18", "@ptr17", "@ptr18", "@ptr17", "@ptr18", "@ptr17", "@ptr18", "@ptr17", "@ptr18", "@ptr17", "@ptr18", "@ptr17", "@ptr18", "@ptr17", "@ptr18", "@ptr17", "@ptr18", "@ptr17", "@ptr18", "@ptr17", "@ptr18"]}
{"loss": 1.4975180625915527, "class_log_probabilities": [-3.429713249206543, -3.7771108150482178, -4.72796630859375, -5.672616958618164], "predictions": [23, 10, 399, 11, 24, 405, 406, 407, 408, 410, 412, 25, 26, 4, 4, 4, 4], "target_tokens": ["[IN:SEND_MESSAGE", "[SL:RECIPIENT", "@ptr4", "SL:RECIPIENT]", "[SL:CONTENT_EXACT", "@ptr10", "@ptr11", "@ptr12", "@ptr13", "@ptr14", "@ptr15", "@ptr16", "@ptr17", "SL:CONTENT_EXACT]", "IN:SEND_MESSAGE]"], "predicted_tokens": ["[IN:SEND_MESSAGE", "[SL:RECIPIENT", "@ptr4", "SL:RECIPIENT]", "[SL:CONTENT_EXACT", "@ptr10", "@ptr11", "@ptr12", "@ptr13", "@ptr15", "@ptr17", "SL:CONTENT_EXACT]", "IN:SEND_MESSAGE]"]}
{"loss": 2.627795457839966, "class_log_probabilities": [-6.492996692657471, -6.628411769866943, -11.57184886932373, -171.3860626220703], "predictions": [23, 10, 399, 11, 24, 405, 406, 406, 406, 407, 414, 26, 4, 4, 4, 4, 4, 4, 4, 4, 4, 4, 4, 4, 4, 4, 4, 4, 4, 4, 4, 4, 4, 4, 4, 4, 4, 4, 4, 4, 4, 4, 4, 4, 4, 4, 4, 4, 4, 4, 4, 4, 4, 4, 4, 4, 4, 4, 4, 4, 4, 4, 4, 4, 4, 4, 4, 4, 4, 4, 4, 4, 4, 4, 4, 4, 4, 4, 4, 4, 4, 4, 4, 4, 4, 4, 4, 4, 4, 4, 4, 4, 4, 4, 4, 4, 4, 4, 4, 4], "target_tokens": ["[IN:SEND_MESSAGE", "[SL:RECIPIENT", "@ptr4", "SL:RECIPIENT]", "[SL:CONTENT_EXACT", "@ptr10", "@ptr11", "@ptr12", "@ptr13", "@ptr14", "@ptr15", "@ptr16", "@ptr17", "@ptr18", "@ptr19", "@ptr20", "@ptr21", "@ptr22", "@ptr23", "@ptr24", "@ptr25", "@ptr26", "@ptr27", "@ptr28", "SL:CONTENT_EXACT]", "IN:SEND_MESSAGE]"], "predicted_tokens": ["[IN:SEND_MESSAGE", "[SL:RECIPIENT", "@ptr4", "SL:RECIPIENT]", "[SL:CONTENT_EXACT", "@ptr10", "@ptr11", "@ptr11", "@ptr11", "@ptr12", "@ptr19", "IN:SEND_MESSAGE]"]}
{"loss": 2.4412014484405518, "class_log_probabilities": [-1.7767823934555054, -2.4368112087249756, -4.559652805328369, -4.814527988433838], "predictions": [5, 10, 395, 11, 10, 397, 11, 10, 401, 11, 12, 4, 4, 4, 4, 4, 4, 4], "target_tokens": ["[IN:GET_MESSAGE", "[SL:SENDER", "@ptr6", "SL:SENDER]", "[SL:RECIPIENT", "@ptr7", "SL:RECIPIENT]", "[SL:DATE_TIME", "@ptr10", "SL:DATE_TIME]", "IN:GET_MESSAGE]"], "predicted_tokens": ["[IN:GET_MESSAGE", "[SL:RECIPIENT", "@ptr0", "SL:RECIPIENT]", "[SL:RECIPIENT", "@ptr2", "SL:RECIPIENT]", "[SL:RECIPIENT", "@ptr6", "SL:RECIPIENT]", "IN:GET_MESSAGE]"]}
{"loss": 0.989770233631134, "class_log_probabilities": [-0.7893432974815369, -2.9026503562927246, -5.671786785125732, -5.792934417724609], "predictions": [5, 16, 400, 401, 402, 403, 17, 12, 4], "target_tokens": ["[IN:GET_MESSAGE", "[SL:DATE_TIME", "@ptr5", "@ptr6", "@ptr7", "@ptr8", "SL:DATE_TIME]", "IN:GET_MESSAGE]"], "predicted_tokens": ["[IN:GET_MESSAGE", "[SL:DATE_TIME", "@ptr5", "@ptr6", "@ptr7", "@ptr8", "SL:DATE_TIME]", "IN:GET_MESSAGE]"]}
{"loss": 1.0549750328063965, "class_log_probabilities": [-2.0548441410064697, -3.844683885574341, -3.852008104324341, -4.452309608459473], "predictions": [23, 10, 399, 11, 24, 403, 404, 405, 406, 407, 408, 25, 26, 4, 4], "target_tokens": ["[IN:SEND_MESSAGE", "[SL:RECIPIENT", "@ptr4", "SL:RECIPIENT]", "[SL:CONTENT_EXACT", "@ptr8", "@ptr9", "@ptr10", "@ptr11", "@ptr12", "@ptr13", "SL:CONTENT_EXACT]", "IN:SEND_MESSAGE]"], "predicted_tokens": ["[IN:SEND_MESSAGE", "[SL:RECIPIENT", "@ptr4", "SL:RECIPIENT]", "[SL:CONTENT_EXACT", "@ptr8", "@ptr9", "@ptr10", "@ptr11", "@ptr12", "@ptr13", "SL:CONTENT_EXACT]", "IN:SEND_MESSAGE]"]}
{"loss": 1.771274209022522, "class_log_probabilities": [-5.5161309242248535, -79.30487823486328, -79.73983764648438, -80.35042572021484], "predictions": [23, 10, 399, 11, 24, 404, 405, 406, 407, 408, 409, 410, 412, 413, 25, 26, 4, 4, 4, 4, 4, 4, 4, 4, 4, 4, 4, 4, 4, 4, 4, 4, 4, 4, 4, 4, 4, 4, 4, 4, 4, 4, 4, 4, 4, 4, 4, 4, 4, 4, 4, 4, 4, 4, 4, 4, 4, 4, 4, 4, 4, 4, 4, 4, 4, 4, 4, 4, 4, 4, 4, 4, 4, 4, 4, 4, 4, 4, 4, 4, 4, 4, 4, 4, 4, 4, 4, 4, 4, 4, 4, 4, 4, 4, 4, 4, 4, 4, 4, 4], "target_tokens": ["[IN:SEND_MESSAGE", "[SL:RECIPIENT", "@ptr4", "SL:RECIPIENT]", "[SL:CONTENT_EXACT", "@ptr8", "@ptr9", "@ptr10", "@ptr11", "@ptr12", "@ptr13", "@ptr14", "@ptr15", "@ptr16", "@ptr17", "@ptr18", "SL:CONTENT_EXACT]", "IN:SEND_MESSAGE]"], "predicted_tokens": ["[IN:SEND_MESSAGE", "[SL:RECIPIENT", "@ptr4", "SL:RECIPIENT]", "[SL:CONTENT_EXACT", "@ptr9", "@ptr10", "@ptr11", "@ptr12", "@ptr13", "@ptr14", "@ptr15", "@ptr17", "@ptr18", "SL:CONTENT_EXACT]", "IN:SEND_MESSAGE]"]}
{"loss": 1.080966830253601, "class_log_probabilities": [-4.187776565551758, -4.604079246520996, -4.705316066741943, -5.724533557891846], "predictions": [23, 10, 70, 93, 397, 94, 71, 399, 400, 401, 402, 403, 404, 405, 25, 26, 4, 4, 4, 4, 4, 4], "target_tokens": ["[IN:SEND_MESSAGE", "[SL:RECIPIENT", "[IN:GET_CONTACT", "[SL:CONTACT_RELATED", "@ptr2", "SL:CONTACT_RELATED]", "[SL:TYPE_RELATION", "@ptr3", "SL:TYPE_RELATION]", "IN:GET_CONTACT]", "SL:RECIPIENT]", "[SL:CONTENT_EXACT", "@ptr4", "@ptr5", "@ptr6", "@ptr7", "@ptr8", "@ptr9", "@ptr10", "SL:CONTENT_EXACT]", "IN:SEND_MESSAGE]"], "predicted_tokens": ["[IN:SEND_MESSAGE", "[SL:RECIPIENT", "[IN:GET_CONTACT", "[SL:CONTACT_RELATED", "@ptr2", "SL:CONTACT_RELATED]", "[SL:TYPE_RELATION", "@ptr4", "@ptr5", "@ptr6", "@ptr7", "@ptr8", "@ptr9", "@ptr10", "SL:CONTENT_EXACT]", "IN:SEND_MESSAGE]"]}
{"loss": 1.0869295597076416, "class_log_probabilities": [-2.5699169635772705, -2.6305091381073, -3.6297454833984375, -4.245393753051758], "predictions": [23, 10, 397, 11, 24, 398, 399, 400, 401, 402, 403, 404, 405, 406, 407, 408, 409, 25, 26, 4, 4], "target_tokens": ["[IN:SEND_MESSAGE", "[SL:RECIPIENT", "@ptr2", "SL:RECIPIENT]", "[SL:CONTENT_EXACT", "@ptr3", "@ptr4", "@ptr5", "@ptr6", "@ptr7", "@ptr8", "@ptr9", "@ptr10", "@ptr11", "@ptr12", "@ptr13", "@ptr14", "SL:CONTENT_EXACT]", "IN:SEND_MESSAGE]"], "predicted_tokens": ["[IN:SEND_MESSAGE", "[SL:RECIPIENT", "@ptr2", "SL:RECIPIENT]", "[SL:CONTENT_EXACT", "@ptr3", "@ptr4", "@ptr5", "@ptr6", "@ptr7", "@ptr8", "@ptr9", "@ptr10", "@ptr11", "@ptr12", "@ptr13", "@ptr14", "SL:CONTENT_EXACT]", "IN:SEND_MESSAGE]"]}
{"loss": 1.8580158948898315, "class_log_probabilities": [-3.674926519393921, -3.9560413360595703, -4.2069993019104, -4.396871089935303], "predictions": [49, 34, 397, 35, 36, 75, 6, 400, 7, 78, 37, 16, 403, 405, 17, 50, 4, 4], "target_tokens": ["[IN:CREATE_REMINDER", "[SL:PERSON_REMINDED", "@ptr2", "SL:PERSON_REMINDED]", "[SL:TODO", "[IN:CREATE_CALL", "[SL:CONTACT", "@ptr5", "@ptr6", "SL:CONTACT]", "IN:CREATE_CALL]", "SL:TODO]", "[SL:DATE_TIME", "@ptr7", "@ptr8", "@ptr9", "@ptr10", "@ptr11", "SL:DATE_TIME]", "IN:CREATE_REMINDER]"], "predicted_tokens": ["[IN:CREATE_REMINDER", "[SL:PERSON_REMINDED", "@ptr2", "SL:PERSON_REMINDED]", "[SL:TODO", "[IN:CREATE_CALL", "[SL:CONTACT", "@ptr5", "SL:CONTACT]", "IN:CREATE_CALL]", "SL:TODO]", "[SL:DATE_TIME", "@ptr8", "@ptr10", "SL:DATE_TIME]", "IN:CREATE_REMINDER]"]}
{"loss": 1.5322976112365723, "class_log_probabilities": [-1.4937080144882202, -3.1497182846069336, -3.680405378341675, -5.018959999084473], "predictions": [49, 34, 397, 35, 36, 75, 6, 401, 7, 78, 37, 16, 402, 403, 404, 17, 50, 4], "target_tokens": ["[IN:CREATE_REMINDER", "[SL:PERSON_REMINDED", "@ptr2", "SL:PERSON_REMINDED]", "[SL:TODO", "[IN:CREATE_CALL", "[SL:CONTACT", "@ptr5", "SL:CONTACT]", "IN:CREATE_CALL]", "SL:TODO]", "[SL:DATE_TIME", "@ptr6", "@ptr7", "@ptr8", "SL:DATE_TIME]", "IN:CREATE_REMINDER]"], "predicted_tokens": ["[IN:CREATE_REMINDER", "[SL:PERSON_REMINDED", "@ptr2", "SL:PERSON_REMINDED]", "[SL:TODO", "[IN:CREATE_CALL", "[SL:CONTACT", "@ptr6", "SL:CONTACT]", "IN:CREATE_CALL]", "SL:TODO]", "[SL:DATE_TIME", "@ptr7", "@ptr8", "@ptr9", "SL:DATE_TIME]", "IN:CREATE_REMINDER]"]}
{"loss": 1.1178945302963257, "class_log_probabilities": [-3.4020261764526367, -4.587604522705078, -4.647510528564453, -4.721883773803711], "predictions": [49, 36, 75, 6, 70, 71, 401, 72, 73, 7, 78, 37, 16, 402, 17, 50, 4, 4], "target_tokens": ["[IN:CREATE_REMINDER", "[SL:TODO", "[IN:CREATE_CALL", "[SL:CONTACT", "[IN:GET_CONTACT", "[SL:TYPE_RELATION", "@ptr6", "SL:TYPE_RELATION]", "IN:GET_CONTACT]", "SL:CONTACT]", "IN:CREATE_CALL]", "SL:TODO]", "[SL:DATE_TIME", "@ptr7", "SL:DATE_TIME]", "IN:CREATE_REMINDER]"], "predicted_tokens": ["[IN:CREATE_REMINDER", "[SL:TODO", "[IN:CREATE_CALL", "[SL:CONTACT", "[IN:GET_CONTACT", "[SL:TYPE_RELATION", "@ptr6", "SL:TYPE_RELATION]", "IN:GET_CONTACT]", "SL:CONTACT]", "IN:CREATE_CALL]", "SL:TODO]", "[SL:DATE_TIME", "@ptr7", "SL:DATE_TIME]", "IN:CREATE_REMINDER]"]}
{"loss": 1.7595802545547485, "class_log_probabilities": [-2.2249698638916016, -2.376561403274536, -3.763019323348999, -5.24059534072876], "predictions": [49, 34, 397, 35, 36, 75, 6, 400, 7, 78, 37, 16, 403, 404, 405, 17, 50, 4, 4], "target_tokens": ["[IN:CREATE_REMINDER", "[SL:PERSON_REMINDED", "@ptr2", "SL:PERSON_REMINDED]", "[SL:TODO", "[IN:CREATE_CALL", "[SL:CONTACT", "@ptr5", "@ptr6", "SL:CONTACT]", "IN:CREATE_CALL]", "SL:TODO]", "[SL:DATE_TIME", "@ptr7", "@ptr8", "@ptr9", "@ptr10", "SL:DATE_TIME]", "IN:CREATE_REMINDER]"], "predicted_tokens": ["[IN:CREATE_REMINDER", "[SL:PERSON_REMINDED", "@ptr2", "SL:PERSON_REMINDED]", "[SL:TODO", "[IN:CREATE_CALL", "[SL:CONTACT", "@ptr5", "SL:CONTACT]", "IN:CREATE_CALL]", "SL:TODO]", "[SL:DATE_TIME", "@ptr8", "@ptr9", "@ptr10", "SL:DATE_TIME]", "IN:CREATE_REMINDER]"]}
{"loss": 2.4330523014068604, "class_log_probabilities": [-0.719867467880249, -4.024006366729736, -4.852789878845215, -5.384166717529297], "predictions": [331, 332, 4], "target_tokens": ["[IN:UPDATE_REMINDER", "[SL:TODO", "@ptr6", "SL:TODO]", "IN:UPDATE_REMINDER]"], "predicted_tokens": ["[IN:UPDATE_REMINDER", "IN:UPDATE_REMINDER]"]}
{"loss": 1.190051794052124, "class_log_probabilities": [-3.4135146141052246, -4.584967136383057, -4.7802958488464355, -6.155969142913818], "predictions": [49, 34, 397, 35, 36, 399, 400, 401, 402, 403, 404, 37, 50, 4, 4, 4, 4], "target_tokens": ["[IN:CREATE_REMINDER", "[SL:PERSON_REMINDED", "@ptr2", "SL:PERSON_REMINDED]", "[SL:TODO", "@ptr4", "@ptr5", "@ptr6", "@ptr7", "@ptr8", "@ptr9", "@ptr10", "SL:TODO]", "IN:CREATE_REMINDER]"], "predicted_tokens": ["[IN:CREATE_REMINDER", "[SL:PERSON_REMINDED", "@ptr2", "SL:PERSON_REMINDED]", "[SL:TODO", "@ptr4", "@ptr5", "@ptr6", "@ptr7", "@ptr8", "@ptr9", "SL:TODO]", "IN:CREATE_REMINDER]"]}
{"loss": 2.3192200660705566, "class_log_probabilities": [-1.856023907661438, -3.4101014137268066, -3.939082622528076, -4.406390190124512], "predictions": [49, 36, 399, 400, 401, 402, 403, 404, 405, 37, 16, 407, 408, 17, 50, 4, 4, 4, 4], "target_tokens": ["[IN:CREATE_REMINDER", "[SL:TODO", "[IN:GET_TODO", "[SL:TODO", "@ptr4", "@ptr5", "@ptr6", "@ptr7", "@ptr8", "@ptr9", "@ptr10", "SL:TODO]", "[SL:DATE_TIME", "@ptr11", "@ptr12", "@ptr13", "SL:DATE_TIME]", "[SL:TODO", "@ptr14", "@ptr15", "@ptr16", "SL:TODO]", "IN:GET_TODO]", "SL:TODO]", "IN:CREATE_REMINDER]"], "predicted_tokens": ["[IN:CREATE_REMINDER", "[SL:TODO", "@ptr4", "@ptr5", "@ptr6", "@ptr7", "@ptr8", "@ptr9", "@ptr10", "SL:TODO]", "[SL:DATE_TIME", "@ptr12", "@ptr13", "SL:DATE_TIME]", "IN:CREATE_REMINDER]"]}
{"loss": 1.2995048761367798, "class_log_probabilities": [-3.067267894744873, -4.539719104766846, -4.890065670013428, -5.192821502685547], "predictions": [49, 36, 399, 400, 401, 402, 403, 404, 405, 37, 16, 408, 17, 50, 4, 4], "target_tokens": ["[IN:CREATE_REMINDER", "[SL:TODO", "@ptr4", "@ptr5", "@ptr6", "@ptr7", "@ptr8", "@ptr9", "@ptr10", "@ptr11", "@ptr12", "SL:TODO]", "[SL:DATE_TIME", "@ptr13", "SL:DATE_TIME]", "IN:CREATE_REMINDER]"], "predicted_tokens": ["[IN:CREATE_REMINDER", "[SL:TODO", "@ptr4", "@ptr5", "@ptr6", "@ptr7", "@ptr8", "@ptr9", "@ptr10", "SL:TODO]", "[SL:DATE_TIME", "@ptr13", "SL:DATE_TIME]", "IN:CREATE_REMINDER]"]}
{"loss": 3.537599563598633, "class_log_probabilities": [-3.290393114089966, -3.879735231399536, -6.02355432510376, -6.789118766784668], "predictions": [49, 36, 399, 400, 401, 402, 37, 16, 407, 408, 17, 50, 4, 4, 4, 4], "target_tokens": ["[IN:CREATE_REMINDER", "[SL:TODO", "@ptr10", "SL:TODO]", "[SL:DATE_TIME", "@ptr11", "@ptr12", "SL:DATE_TIME]", "IN:CREATE_REMINDER]"], "predicted_tokens": ["[IN:CREATE_REMINDER", "[SL:TODO", "@ptr4", "@ptr5", "@ptr6", "@ptr7", "SL:TODO]", "[SL:DATE_TIME", "@ptr12", "@ptr13", "SL:DATE_TIME]", "IN:CREATE_REMINDER]"]}
{"loss": 0.9990608096122742, "class_log_probabilities": [-1.0391454696655273, -5.415957927703857, -5.712106704711914, -6.262233734130859], "predictions": [33, 34, 396, 35, 36, 399, 400, 401, 402, 403, 404, 37, 38, 4, 4, 4, 4], "target_tokens": ["[IN:DELETE_REMINDER", "[SL:PERSON_REMINDED", "@ptr1", "SL:PERSON_REMINDED]", "[SL:TODO", "@ptr4", "@ptr5", "@ptr6", "@ptr7", "@ptr8", "@ptr9", "SL:TODO]", "IN:DELETE_REMINDER]"], "predicted_tokens": ["[IN:DELETE_REMINDER", "[SL:PERSON_REMINDED", "@ptr1", "SL:PERSON_REMINDED]", "[SL:TODO", "@ptr4", "@ptr5", "@ptr6", "@ptr7", "@ptr8", "@ptr9", "SL:TODO]", "IN:DELETE_REMINDER]"]}
{"loss": 2.0592024326324463, "class_log_probabilities": [-2.2744319438934326, -3.6991539001464844, -5.294546604156494, -10.820443153381348], "predictions": [47, 34, 397, 35, 120, 398, 121, 16, 402, 403, 404, 17, 48, 4, 4, 4, 4, 4, 4], "target_tokens": ["[IN:GET_REMINDER", "[SL:METHOD_RETRIEVAL_REMINDER", "@ptr0", "SL:METHOD_RETRIEVAL_REMINDER]", "[SL:PERSON_REMINDED", "@ptr2", "SL:PERSON_REMINDED]", "[SL:AMOUNT", "@ptr3", "SL:AMOUNT]", "[SL:DATE_TIME", "@ptr7", "@ptr8", "SL:DATE_TIME]", "IN:GET_REMINDER]"], "predicted_tokens": ["[IN:GET_REMINDER", "[SL:PERSON_REMINDED", "@ptr2", "SL:PERSON_REMINDED]", "[SL:AMOUNT", "@ptr3", "SL:AMOUNT]", "[SL:DATE_TIME", "@ptr7", "@ptr8", "@ptr9", "SL:DATE_TIME]", "IN:GET_REMINDER]"]}
{"loss": 2.6164352893829346, "class_log_probabilities": [-4.87408971786499, -4.9055070877075195, -4.9099955558776855, -5.033674240112305], "predictions": [23, 10, 395, 396, 397, 11, 24, 400, 401, 402, 403, 404, 405, 25, 26, 4], "target_tokens": ["[IN:GET_REMINDER", "[SL:METHOD_RETRIEVAL_REMINDER", "@ptr0", "SL:METHOD_RETRIEVAL_REMINDER]", "[SL:PERSON_REMINDED", "@ptr2", "SL:PERSON_REMINDED]", "[SL:TODO", "@ptr7", "@ptr8", "@ptr9", "@ptr10", "SL:TODO]", "IN:GET_REMINDER]"], "predicted_tokens": ["[IN:SEND_MESSAGE", "[SL:RECIPIENT", "@ptr0", "@ptr1", "@ptr2", "SL:RECIPIENT]", "[SL:CONTENT_EXACT", "@ptr5", "@ptr6", "@ptr7", "@ptr8", "@ptr9", "@ptr10", "SL:CONTENT_EXACT]", "IN:SEND_MESSAGE]"]}
{"loss": 1.3536663055419922, "class_log_probabilities": [-3.5364632606506348, -4.067661762237549, -4.523551940917969, -63.89976501464844], "predictions": [49, 34, 397, 35, 36, 399, 400, 401, 402, 403, 404, 405, 406, 37, 50, 4, 4, 4, 4, 4, 4, 4, 4, 4, 4, 4, 4, 4, 4, 4, 4, 4, 4, 4, 4, 4, 4, 4, 4, 4, 4, 4, 4, 4, 4, 4, 4, 4, 4, 4, 4, 4, 4, 4, 4, 4, 4, 4, 4, 4, 4, 4, 4, 4, 4, 4, 4, 4, 4, 4, 4, 4, 4, 4, 4, 4, 4, 4, 4, 4, 4, 4, 4, 4, 4, 4, 4, 4, 4, 4, 4, 4, 4, 4, 4, 4, 4, 4, 4, 4], "target_tokens": ["[IN:CREATE_REMINDER", "[SL:PERSON_REMINDED", "@ptr2", "SL:PERSON_REMINDED]", "[SL:TODO", "@ptr4", "@ptr5", "@ptr6", "@ptr7", "@ptr8", "@ptr9", "@ptr10", "@ptr11", "SL:TODO]", "[SL:DATE_TIME", "@ptr12", "@ptr13", "@ptr14", "@ptr15", "SL:DATE_TIME]", "IN:CREATE_REMINDER]"], "predicted_tokens": ["[IN:CREATE_REMINDER", "[SL:PERSON_REMINDED", "@ptr2", "SL:PERSON_REMINDED]", "[SL:TODO", "@ptr4", "@ptr5", "@ptr6", "@ptr7", "@ptr8", "@ptr9", "@ptr10", "@ptr11", "SL:TODO]", "IN:CREATE_REMINDER]"]}
{"loss": 1.1672114133834839, "class_log_probabilities": [-3.1513168811798096, -3.4976954460144043, -3.5328383445739746, -3.9752132892608643], "predictions": [49, 34, 396, 35, 36, 400, 401, 402, 403, 37, 16, 404, 405, 406, 17, 50, 4, 4], "target_tokens": ["[IN:CREATE_REMINDER", "[SL:PERSON_REMINDED", "@ptr2", "SL:PERSON_REMINDED]", "[SL:TODO", "@ptr4", "@ptr5", "@ptr6", "@ptr7", "@ptr8", "SL:TODO]", "[SL:DATE_TIME", "@ptr9", "@ptr10", "@ptr11", "@ptr12", "SL:DATE_TIME]", "IN:CREATE_REMINDER]"], "predicted_tokens": ["[IN:CREATE_REMINDER", "[SL:PERSON_REMINDED", "@ptr1", "SL:PERSON_REMINDED]", "[SL:TODO", "@ptr5", "@ptr6", "@ptr7", "@ptr8", "SL:TODO]", "[SL:DATE_TIME", "@ptr9", "@ptr10", "@ptr11", "SL:DATE_TIME]", "IN:CREATE_REMINDER]"]}
{"loss": 2.5538434982299805, "class_log_probabilities": [-4.073373317718506, -5.277083873748779, -6.184272766113281, -6.992913722991943], "predictions": [163, 36, 398, 399, 400, 401, 37, 164, 4, 4, 4, 4, 4, 4, 4], "target_tokens": ["[IN:CREATE_REMINDER", "[SL:TODO", "@ptr4", "@ptr5", "@ptr6", "@ptr7", "@ptr8", "@ptr9", "@ptr10", "@ptr11", "SL:TODO]", "IN:CREATE_REMINDER]"], "predicted_tokens": ["[IN:UPDATE_REMINDER_TODO", "[SL:TODO", "@ptr3", "@ptr4", "@ptr5", "@ptr6", "SL:TODO]", "IN:UPDATE_REMINDER_TODO]"]}
{"loss": 1.1559659242630005, "class_log_probabilities": [-2.2252421379089355, -2.8160135746002197, -3.222578287124634, -3.932446002960205], "predictions": [33, 120, 396, 121, 16, 400, 17, 38, 4, 4, 4], "target_tokens": ["[IN:DELETE_REMINDER", "[SL:AMOUNT", "@ptr1", "SL:AMOUNT]", "[SL:DATE_TIME", "@ptr4", "@ptr5", "SL:DATE_TIME]", "IN:DELETE_REMINDER]"], "predicted_tokens": ["[IN:DELETE_REMINDER", "[SL:AMOUNT", "@ptr1", "SL:AMOUNT]", "[SL:DATE_TIME", "@ptr5", "SL:DATE_TIME]", "IN:DELETE_REMINDER]"]}
{"loss": 1.3910082578659058, "class_log_probabilities": [-3.312769651412964, -3.364835739135742, -3.9259018898010254, -4.643551826477051], "predictions": [49, 34, 401, 35, 36, 403, 404, 405, 37, 16, 406, 17, 50, 4, 4, 4], "target_tokens": ["[IN:CREATE_REMINDER", "[SL:PERSON_REMINDED", "@ptr6", "SL:PERSON_REMINDED]", "[SL:TODO", "@ptr8", "@ptr9", "@ptr10", "SL:TODO]", "[SL:DATE_TIME", "@ptr11", "@ptr12", "SL:DATE_TIME]", "IN:CREATE_REMINDER]"], "predicted_tokens": ["[IN:CREATE_REMINDER", "[SL:PERSON_REMINDED", "@ptr6", "SL:PERSON_REMINDED]", "[SL:TODO", "@ptr8", "@ptr9", "@ptr10", "SL:TODO]", "[SL:DATE_TIME", "@ptr11", "SL:DATE_TIME]", "IN:CREATE_REMINDER]"]}
{"loss": 1.0005931854248047, "class_log_probabilities": [-1.4032362699508667, -3.3604249954223633, -4.5515851974487305, -4.9395551681518555], "predictions": [49, 34, 397, 35, 36, 400, 401, 402, 403, 37, 50, 4, 4], "target_tokens": ["[IN:CREATE_REMINDER", "[SL:PERSON_REMINDED", "@ptr2", "SL:PERSON_REMINDED]", "[SL:TODO", "@ptr5", "@ptr6", "@ptr7", "@ptr8", "SL:TODO]", "IN:CREATE_REMINDER]"], "predicted_tokens": ["[IN:CREATE_REMINDER", "[SL:PERSON_REMINDED", "@ptr2", "SL:PERSON_REMINDED]", "[SL:TODO", "@ptr5", "@ptr6", "@ptr7", "@ptr8", "SL:TODO]", "IN:CREATE_REMINDER]"]}
{"loss": 1.4617350101470947, "class_log_probabilities": [-2.796966791152954, -3.022604465484619, -3.2649271488189697, -3.548302173614502], "predictions": [49, 34, 397, 35, 36, 399, 400, 401, 37, 16, 403, 404, 17, 50, 4, 4], "target_tokens": ["[IN:CREATE_REMINDER", "[SL:PERSON_REMINDED", "@ptr2", "SL:PERSON_REMINDED]", "[SL:TODO", "@ptr4", "@ptr5", "@ptr6", "SL:TODO]", "[SL:DATE_TIME", "@ptr7", "@ptr8", "@ptr9", "SL:DATE_TIME]", "IN:CREATE_REMINDER]"], "predicted_tokens": ["[IN:CREATE_REMINDER", "[SL:PERSON_REMINDED", "@ptr2", "SL:PERSON_REMINDED]", "[SL:TODO", "@ptr4", "@ptr5", "@ptr6", "SL:TODO]", "[SL:DATE_TIME", "@ptr8", "@ptr9", "SL:DATE_TIME]", "IN:CREATE_REMINDER]"]}
{"loss": 0.9827613830566406, "class_log_probabilities": [-0.3168371319770813, -7.196995258331299, -7.2398200035095215, -7.3596038818359375], "predictions": [33, 34, 396, 35, 38, 4], "target_tokens": ["[IN:DELETE_REMINDER", "[SL:PERSON_REMINDED", "@ptr1", "SL:PERSON_REMINDED]", "IN:DELETE_REMINDER]"], "predicted_tokens": ["[IN:DELETE_REMINDER", "[SL:PERSON_REMINDED", "@ptr1", "SL:PERSON_REMINDED]", "IN:DELETE_REMINDER]"]}
{"loss": 0.9909135699272156, "class_log_probabilities": [-0.78138667345047, -4.663240432739258, -6.134762763977051, -6.420017242431641], "predictions": [49, 34, 397, 35, 36, 399, 400, 401, 37, 16, 402, 17, 50, 4, 4, 4], "target_tokens": ["[IN:CREATE_REMINDER", "[SL:PERSON_REMINDED", "@ptr2", "SL:PERSON_REMINDED]", "[SL:TODO", "@ptr4", "@ptr5", "@ptr6", "SL:TODO]", "[SL:DATE_TIME", "@ptr7", "SL:DATE_TIME]", "IN:CREATE_REMINDER]"], "predicted_tokens": ["[IN:CREATE_REMINDER", "[SL:PERSON_REMINDED", "@ptr2", "SL:PERSON_REMINDED]", "[SL:TODO", "@ptr4", "@ptr5", "@ptr6", "SL:TODO]", "[SL:DATE_TIME", "@ptr7", "SL:DATE_TIME]", "IN:CREATE_REMINDER]"]}
{"loss": 1.1920639276504517, "class_log_probabilities": [-3.0236010551452637, -3.0253982543945312, -3.475719690322876, -4.008730888366699], "predictions": [23, 10, 395, 396, 397, 11, 24, 399, 400, 401, 402, 403, 404, 405, 406, 25, 26, 4, 4], "target_tokens": ["[IN:CREATE_REMINDER", "[SL:PERSON_REMINDED", "@ptr2", "SL:PERSON_REMINDED]", "[SL:TODO", "@ptr4", "@ptr5", "@ptr6", "@ptr7", "@ptr8", "@ptr9", "@ptr10", "@ptr11", "@ptr12", "SL:TODO]", "IN:CREATE_REMINDER]"], "predicted_tokens": ["[IN:SEND_MESSAGE", "[SL:RECIPIENT", "@ptr0", "@ptr1", "@ptr2", "SL:RECIPIENT]", "[SL:CONTENT_EXACT", "@ptr4", "@ptr5", "@ptr6", "@ptr7", "@ptr8", "@ptr9", "@ptr10", "@ptr11", "SL:CONTENT_EXACT]", "IN:SEND_MESSAGE]"]}
{"loss": 2.3909249305725098, "class_log_probabilities": [-0.5448471307754517, -3.502537488937378, -5.901199817657471, -5.9344611167907715], "predictions": [47, 16, 399, 400, 17, 48, 4, 4, 4, 4], "target_tokens": ["[IN:GET_REMINDER", "[SL:METHOD_RETRIEVAL_REMINDER", "@ptr0", "SL:METHOD_RETRIEVAL_REMINDER]", "[SL:DATE_TIME", "@ptr3", "@ptr4", "@ptr5", "SL:DATE_TIME]", "IN:GET_REMINDER]"], "predicted_tokens": ["[IN:GET_REMINDER", "[SL:DATE_TIME", "@ptr4", "@ptr5", "SL:DATE_TIME]", "IN:GET_REMINDER]"]}
{"loss": 2.298790216445923, "class_log_probabilities": [-0.37647777795791626, -7.004776477813721, -7.1680006980896, -7.6172590255737305], "predictions": [49, 36, 397, 398, 37, 50, 4, 4, 4], "target_tokens": ["[IN:CREATE_REMINDER", "[SL:TODO", "@ptr3", "SL:TODO]", "IN:CREATE_REMINDER]"], "predicted_tokens": ["[IN:CREATE_REMINDER", "[SL:TODO", "@ptr2", "@ptr3", "SL:TODO]", "IN:CREATE_REMINDER]"]}
{"loss": 2.591399908065796, "class_log_probabilities": [-0.6321268677711487, -3.8654487133026123, -4.957225799560547, -5.11659049987793], "predictions": [33, 36, 399, 400, 401, 402, 37, 38, 4, 4, 4, 4], "target_tokens": ["[IN:DELETE_REMINDER", "[SL:PERSON_REMINDED", "@ptr4", "SL:PERSON_REMINDED]", "[SL:TODO", "@ptr5", "@ptr6", "@ptr7", "SL:TODO]", "IN:DELETE_REMINDER]"], "predicted_tokens": ["[IN:DELETE_REMINDER", "[SL:TODO", "@ptr4", "@ptr5", "@ptr6", "@ptr7", "SL:TODO]", "IN:DELETE_REMINDER]"]}
{"loss": 1.7699642181396484, "class_log_probabilities": [-4.936931610107422, -5.605288028717041, -5.841941833496094, -10.769336700439453], "predictions": [47, 34, 397, 35, 36, 403, 405, 406, 407, 409, 37, 48, 4, 4, 4, 4, 4, 4, 4, 4], "target_tokens": ["[IN:GET_REMINDER", "[SL:PERSON_REMINDED", "@ptr2", "SL:PERSON_REMINDED]", "[SL:TODO", "@ptr9", "@ptr10", "@ptr11", "@ptr12", "SL:TODO]", "IN:GET_REMINDER]"], "predicted_tokens": ["[IN:GET_REMINDER", "[SL:PERSON_REMINDED", "@ptr2", "SL:PERSON_REMINDED]", "[SL:TODO", "@ptr8", "@ptr10", "@ptr11", "@ptr12", "@ptr14", "SL:TODO]", "IN:GET_REMINDER]"]}
{"loss": 1.9021872282028198, "class_log_probabilities": [-1.4892792701721191, -4.109026908874512, -4.6394453048706055, -4.664107322692871], "predictions": [47, 120, 396, 121, 36, 401, 402, 403, 404, 405, 37, 48, 4, 4], "target_tokens": ["[IN:GET_REMINDER", "[SL:METHOD_RETRIEVAL_REMINDER", "@ptr0", "SL:METHOD_RETRIEVAL_REMINDER]", "[SL:AMOUNT", "@ptr1", "SL:AMOUNT]", "[SL:TODO", "@ptr6", "@ptr7", "@ptr8", "@ptr9", "@ptr10", "SL:TODO]", "IN:GET_REMINDER]"], "predicted_tokens": ["[IN:GET_REMINDER", "[SL:AMOUNT", "@ptr1", "SL:AMOUNT]", "[SL:TODO", "@ptr6", "@ptr7", "@ptr8", "@ptr9", "@ptr10", "SL:TODO]", "IN:GET_REMINDER]"]}
{"loss": 1.8665105104446411, "class_log_probabilities": [-5.253486633300781, -5.943965435028076, -19.03253173828125, -21.293498992919922], "predictions": [49, 34, 397, 35, 34, 399, 35, 36, 401, 402, 403, 37, 16, 404, 405, 406, 17, 50, 4, 4, 4, 4, 4, 4, 4, 4, 4, 4, 4, 4, 4, 4, 4, 4, 4, 4, 4, 4, 4, 4, 4, 4, 4, 4, 4, 4, 4, 4, 4, 4, 4, 4, 4, 4, 4, 4, 4, 4, 4, 4, 4, 4, 4, 4, 4, 4, 4, 4, 4, 4, 4, 4, 4, 4, 4, 4, 4, 4, 4, 4, 4, 4, 4, 4, 4, 4, 4, 4, 4, 4, 4, 4, 4, 4, 4, 4, 4, 4, 4, 4], "target_tokens": ["[IN:CREATE_REMINDER", "[SL:PERSON_REMINDED", "@ptr2", "SL:PERSON_REMINDED]", "[SL:PERSON_REMINDED", "@ptr4", "SL:PERSON_REMINDED]", "[SL:TODO", "@ptr8", "SL:TODO]", "[SL:DATE_TIME", "@ptr9", "@ptr10", "@ptr11", "SL:DATE_TIME]", "IN:CREATE_REMINDER]"], "predicted_tokens": ["[IN:CREATE_REMINDER", "[SL:PERSON_REMINDED", "@ptr2", "SL:PERSON_REMINDED]", "[SL:PERSON_REMINDED", "@ptr4", "SL:PERSON_REMINDED]", "[SL:TODO", "@ptr6", "@ptr7", "@ptr8", "SL:TODO]", "[SL:DATE_TIME", "@ptr9", "@ptr10", "@ptr11", "SL:DATE_TIME]", "IN:CREATE_REMINDER]"]}
{"loss": 3.1146464347839355, "class_log_probabilities": [-0.4194510281085968, -5.785629749298096, -6.460639476776123, -9.128580093383789], "predictions": [47, 36, 399, 400, 37, 48, 4, 4], "target_tokens": ["[IN:GET_REMINDER", "[SL:METHOD_RETRIEVAL_REMINDER", "@ptr0", "SL:METHOD_RETRIEVAL_REMINDER]", "[SL:TODO", "@ptr5", "SL:TODO]", "IN:GET_REMINDER]"], "predicted_tokens": ["[IN:GET_REMINDER", "[SL:TODO", "@ptr4", "@ptr5", "SL:TODO]", "IN:GET_REMINDER]"]}
{"loss": 2.0072662830352783, "class_log_probabilities": [-69.86851501464844, -69.96238708496094, -70.03665161132812, -70.07038116455078], "predictions": [33, 34, 395, 35, 36, 402, 403, 404, 405, 37, 16, 407, 409, 409, 409, 409, 409, 409, 409, 409, 409, 409, 409, 409, 409, 409, 409, 409, 409, 409, 409, 409, 409, 409, 409, 409, 409, 409, 409, 409, 409, 409, 409, 409, 409, 409, 409, 409, 409, 409, 409, 409, 409, 409, 409, 409, 409, 409, 409, 409, 409, 409, 409, 409, 409, 409, 409, 409, 409, 409, 409, 409, 409, 409, 409, 409, 409, 409, 409, 409, 409, 409, 409, 409, 409, 409, 409, 409, 409, 409, 409, 409, 409, 409, 409, 409, 409, 409, 409, 409], "target_tokens": ["[IN:DELETE_REMINDER", "[SL:PERSON_REMINDED", "@ptr0", "SL:PERSON_REMINDED]", "[SL:TODO", "[IN:GET_TODO", "[SL:TODO", "@ptr7", "@ptr8", "@ptr9", "@ptr10", "SL:TODO]", "[SL:DATE_TIME", "@ptr11", "@ptr12", "@ptr13", "@ptr14", "SL:DATE_TIME]", "IN:GET_TODO]", "SL:TODO]", "IN:DELETE_REMINDER]"], "predicted_tokens": ["[IN:DELETE_REMINDER", "[SL:PERSON_REMINDED", "@ptr0", "SL:PERSON_REMINDED]", "[SL:TODO", "@ptr7", "@ptr8", "@ptr9", "@ptr10", "SL:TODO]", "[SL:DATE_TIME", "@ptr12", "@ptr14", "@ptr14", "@ptr14", "@ptr14", "@ptr14", "@ptr14", "@ptr14", "@ptr14", "@ptr14", "@ptr14", "@ptr14", "@ptr14", "@ptr14", "@ptr14", "@ptr14", "@ptr14", "@ptr14", "@ptr14", "@ptr14", "@ptr14", "@ptr14", "@ptr14", "@ptr14", "@ptr14", "@ptr14", "@ptr14", "@ptr14", "@ptr14", "@ptr14", "@ptr14", "@ptr14", "@ptr14", "@ptr14", "@ptr14", "@ptr14", "@ptr14", "@ptr14", "@ptr14", "@ptr14", "@ptr14", "@ptr14", "@ptr14", "@ptr14", "@ptr14", "@ptr14", "@ptr14", "@ptr14", "@ptr14", "@ptr14", "@ptr14", "@ptr14", "@ptr14", "@ptr14", "@ptr14", "@ptr14", "@ptr14", "@ptr14", "@ptr14", "@ptr14", "@ptr14", "@ptr14", "@ptr14", "@ptr14", "@ptr14", "@ptr14", "@ptr14", "@ptr14", "@ptr14", "@ptr14", "@ptr14", "@ptr14", "@ptr14", "@ptr14", "@ptr14", "@ptr14", "@ptr14", "@ptr14", "@ptr14", "@ptr14", "@ptr14", "@ptr14", "@ptr14", "@ptr14", "@ptr14", "@ptr14", "@ptr14", "@ptr14", "@ptr14"]}
{"loss": 3.326707124710083, "class_log_probabilities": [-4.737225532531738, -4.827062129974365, -4.862290859222412, -6.279237747192383], "predictions": [117, 36, 143, 36, 397, 398, 399, 400, 37, 118, 4, 4, 4], "target_tokens": ["[IN:GET_REMINDER", "[SL:PERSON_REMINDED", "@ptr2", "SL:PERSON_REMINDED]", "[SL:DATE_TIME", "@ptr5", "SL:DATE_TIME]", "[SL:TODO", "@ptr3", "SL:TODO]", "IN:GET_REMINDER]"], "predicted_tokens": ["[IN:GET_REMINDER_DATE_TIME", "[SL:TODO", "[IN:GET_TODO", "[SL:TODO", "@ptr2", "@ptr3", "@ptr4", "@ptr5", "SL:TODO]", "IN:GET_REMINDER_DATE_TIME]"]}
{"loss": 2.3717846870422363, "class_log_probabilities": [-0.9281047582626343, -2.7891571521759033, -3.4291515350341797, -3.745439291000366], "predictions": [49, 36, 399, 400, 401, 37, 50, 4, 4], "target_tokens": ["[IN:CREATE_REMINDER", "[SL:TODO", "@ptr5", "@ptr6", "SL:TODO]", "IN:CREATE_REMINDER]"], "predicted_tokens": ["[IN:CREATE_REMINDER", "[SL:TODO", "@ptr4", "@ptr5", "@ptr6", "SL:TODO]", "IN:CREATE_REMINDER]"]}
{"loss": 1.6115574836730957, "class_log_probabilities": [-1.6988273859024048, -2.539902448654175, -2.6646828651428223, -3.2689874172210693], "predictions": [49, 36, 399, 400, 401, 402, 37, 16, 403, 404, 405, 17, 50, 4, 4, 4], "target_tokens": ["[IN:CREATE_REMINDER", "[SL:TODO", "@ptr4", "@ptr5", "@ptr6", "@ptr7", "SL:TODO]", "[SL:DATE_TIME", "@ptr9", "@ptr10", "SL:DATE_TIME]", "IN:CREATE_REMINDER]"], "predicted_tokens": ["[IN:CREATE_REMINDER", "[SL:TODO", "@ptr4", "@ptr5", "@ptr6", "@ptr7", "SL:TODO]", "[SL:DATE_TIME", "@ptr8", "@ptr9", "@ptr10", "SL:DATE_TIME]", "IN:CREATE_REMINDER]"]}
{"loss": 2.514572858810425, "class_log_probabilities": [-20.16839027404785, -20.944232940673828, -21.721479415893555, -39.67909240722656], "predictions": [47, 34, 397, 35, 36, 143, 36, 143, 36, 143, 36, 143, 36, 143, 36, 143, 36, 143, 36, 143, 36, 143, 36, 143, 36, 143, 36, 143, 36, 143, 36, 143, 36, 402, 403, 404, 405, 407, 37, 16, 406, 408, 17, 144, 37, 144, 37, 48, 4, 4, 4, 4, 4, 4, 4, 4, 4, 4, 4, 4, 4, 4, 4, 4, 4, 4, 4, 4, 4, 4, 4, 4, 4, 4, 4, 4, 4, 4, 4, 4, 4, 4, 4, 4, 4, 4, 4, 4, 4, 4, 4, 4, 4, 4, 4, 4, 4, 4, 4, 4], "target_tokens": ["[IN:GET_REMINDER", "[SL:PERSON_REMINDED", "@ptr2", "SL:PERSON_REMINDED]", "[SL:TODO", "[IN:GET_TODO", "[SL:DATE_TIME", "@ptr12", "@ptr13", "SL:DATE_TIME]", "[SL:TODO", "@ptr8", "@ptr9", "@ptr10", "@ptr15", "@ptr16", "SL:TODO]", "IN:GET_TODO]", "SL:TODO]", "IN:GET_REMINDER]"], "predicted_tokens": ["[IN:GET_REMINDER", "[SL:PERSON_REMINDED", "@ptr2", "SL:PERSON_REMINDED]", "[SL:TODO", "[IN:GET_TODO", "[SL:TODO", "[IN:GET_TODO", "[SL:TODO", "[IN:GET_TODO", "[SL:TODO", "[IN:GET_TODO", "[SL:TODO", "[IN:GET_TODO", "[SL:TODO", "[IN:GET_TODO", "[SL:TODO", "[IN:GET_TODO", "[SL:TODO", "[IN:GET_TODO", "[SL:TODO", "[IN:GET_TODO", "[SL:TODO", "[IN:GET_TODO", "[SL:TODO", "[IN:GET_TODO", "[SL:TODO", "[IN:GET_TODO", "[SL:TODO", "[IN:GET_TODO", "[SL:TODO", "[IN:GET_TODO", "[SL:TODO", "@ptr7", "@ptr8", "@ptr9", "@ptr10", "@ptr12", "SL:TODO]", "[SL:DATE_TIME", "@ptr11", "@ptr13", "SL:DATE_TIME]", "IN:GET_TODO]", "SL:TODO]", "IN:GET_TODO]", "SL:TODO]", "IN:GET_REMINDER]"]}
{"loss": 1.3006622791290283, "class_log_probabilities": [-1.1647130250930786, -3.3707525730133057, -4.509215831756592, -4.925258159637451], "predictions": [49, 34, 396, 35, 36, 400, 401, 402, 403, 404, 405, 406, 37, 50, 4, 4, 4, 4], "target_tokens": ["[IN:CREATE_REMINDER", "[SL:PERSON_REMINDED", "@ptr2", "SL:PERSON_REMINDED]", "[SL:TODO", "@ptr4", "@ptr5", "@ptr6", "@ptr7", "@ptr8", "@ptr9", "@ptr10", "@ptr11", "SL:TODO]", "IN:CREATE_REMINDER]"], "predicted_tokens": ["[IN:CREATE_REMINDER", "[SL:PERSON_REMINDED", "@ptr1", "SL:PERSON_REMINDED]", "[SL:TODO", "@ptr5", "@ptr6", "@ptr7", "@ptr8", "@ptr9", "@ptr10", "@ptr11", "SL:TODO]", "IN:CREATE_REMINDER]"]}
{"loss": 1.572303056716919, "class_log_probabilities": [-1.936074137687683, -2.368288040161133, -3.9641687870025635, -4.040223121643066], "predictions": [49, 34, 397, 35, 36, 399, 400, 401, 402, 403, 404, 405, 406, 37, 16, 407, 17, 50, 4, 4], "target_tokens": ["[IN:CREATE_REMINDER", "[SL:PERSON_REMINDED", "@ptr2", "SL:PERSON_REMINDED]", "[SL:TODO", "@ptr4", "@ptr5", "@ptr6", "@ptr7", "@ptr8", "@ptr9", "@ptr10", "@ptr11", "SL:TODO]", "[SL:DATE_TIME", "@ptr12", "@ptr13", "SL:DATE_TIME]", "IN:CREATE_REMINDER]"], "predicted_tokens": ["[IN:CREATE_REMINDER", "[SL:PERSON_REMINDED", "@ptr2", "SL:PERSON_REMINDED]", "[SL:TODO", "@ptr4", "@ptr5", "@ptr6", "@ptr7", "@ptr8", "@ptr9", "@ptr10", "@ptr11", "SL:TODO]", "[SL:DATE_TIME", "@ptr12", "SL:DATE_TIME]", "IN:CREATE_REMINDER]"]}
{"loss": 0.9864532351493835, "class_log_probabilities": [-0.1421351432800293, -7.80883264541626, -7.861747741699219, -7.915346622467041], "predictions": [33, 38, 4], "target_tokens": ["[IN:DELETE_REMINDER", "IN:DELETE_REMINDER]"], "predicted_tokens": ["[IN:DELETE_REMINDER", "IN:DELETE_REMINDER]"]}
{"loss": 1.4041990041732788, "class_log_probabilities": [-2.782219171524048, -3.7708325386047363, -4.7713541984558105, -36.5965690612793], "predictions": [49, 36, 75, 6, 403, 7, 78, 37, 16, 404, 405, 17, 50, 4, 4, 4, 4, 4, 4, 4, 4, 4, 4, 4, 4, 4, 4, 4, 4, 4, 4, 4, 4, 4, 4, 4, 4, 4, 4, 4, 4, 4, 4, 4, 4, 4, 4, 4, 4, 4, 4, 4, 4, 4, 4, 4, 4, 4, 4, 4, 4, 4, 4, 4, 4, 4, 4, 4, 4, 4, 4, 4, 4, 4, 4, 4, 4, 4, 4, 4, 4, 4, 4, 4, 4, 4, 4, 4, 4, 4, 4, 4, 4, 4, 4, 4, 4, 4, 4, 4], "target_tokens": ["[IN:GET_REMINDER", "[SL:PERSON_REMINDED", "@ptr2", "SL:PERSON_REMINDED]", "[SL:TODO", "[IN:CREATE_CALL", "[SL:CONTACT", "@ptr8", "SL:CONTACT]", "IN:CREATE_CALL]", "SL:TODO]", "[SL:DATE_TIME", "@ptr9", "@ptr10", "SL:DATE_TIME]", "IN:GET_REMINDER]"], "predicted_tokens": ["[IN:CREATE_REMINDER", "[SL:TODO", "[IN:CREATE_CALL", "[SL:CONTACT", "@ptr8", "SL:CONTACT]", "IN:CREATE_CALL]", "SL:TODO]", "[SL:DATE_TIME", "@ptr9", "@ptr10", "SL:DATE_TIME]", "IN:CREATE_REMINDER]"]}
{"loss": 1.9161089658737183, "class_log_probabilities": [-3.4134585857391357, -3.4788150787353516, -4.17221736907959, -4.465616226196289], "predictions": [111, 36, 398, 399, 400, 401, 402, 403, 37, 16, 406, 408, 17, 112, 4, 4], "target_tokens": ["[IN:UPDATE_REMINDER_DATE_TIME", "[SL:TODO", "@ptr4", "@ptr5", "@ptr6", "@ptr7", "@ptr8", "@ptr9", "SL:TODO]", "[SL:DATE_TIME", "@ptr10", "@ptr11", "@ptr12", "@ptr13", "SL:DATE_TIME]", "IN:UPDATE_REMINDER_DATE_TIME]"], "predicted_tokens": ["[IN:UPDATE_REMINDER_DATE_TIME", "[SL:TODO", "@ptr3", "@ptr4", "@ptr5", "@ptr6", "@ptr7", "@ptr8", "SL:TODO]", "[SL:DATE_TIME", "@ptr11", "@ptr13", "SL:DATE_TIME]", "IN:UPDATE_REMINDER_DATE_TIME]"]}
{"loss": 2.951223134994507, "class_log_probabilities": [-2.0537922382354736, -3.126209020614624, -3.5386884212493896, -3.8144989013671875], "predictions": [111, 36, 399, 400, 401, 402, 403, 37, 16, 404, 405, 406, 407, 409, 17, 112, 4], "target_tokens": ["[IN:UPDATE_REMINDER_DATE_TIME", "[SL:PERSON_REMINDED", "@ptr7", "SL:PERSON_REMINDED]", "[SL:TODO", "@ptr5", "@ptr8", "SL:TODO]", "[SL:DATE_TIME", "@ptr9", "@ptr10", "@ptr11", "@ptr12", "@ptr13", "@ptr14", "SL:DATE_TIME]", "IN:UPDATE_REMINDER_DATE_TIME]"], "predicted_tokens": ["[IN:UPDATE_REMINDER_DATE_TIME", "[SL:TODO", "@ptr4", "@ptr5", "@ptr6", "@ptr7", "@ptr8", "SL:TODO]", "[SL:DATE_TIME", "@ptr9", "@ptr10", "@ptr11", "@ptr12", "@ptr14", "SL:DATE_TIME]", "IN:UPDATE_REMINDER_DATE_TIME]"]}
{"loss": 1.5627886056900024, "class_log_probabilities": [-2.3697147369384766, -3.451218843460083, -4.477639675140381, -4.888158321380615], "predictions": [331, 120, 399, 121, 34, 400, 35, 36, 403, 404, 37, 332, 4], "target_tokens": ["[IN:UPDATE_REMINDER", "[SL:AMOUNT", "@ptr4", "SL:AMOUNT]", "[SL:PERSON_REMINDED", "@ptr5", "SL:PERSON_REMINDED]", "[SL:TODO", "@ptr9", "SL:TODO]", "IN:UPDATE_REMINDER]"], "predicted_tokens": ["[IN:UPDATE_REMINDER", "[SL:AMOUNT", "@ptr4", "SL:AMOUNT]", "[SL:PERSON_REMINDED", "@ptr5", "SL:PERSON_REMINDED]", "[SL:TODO", "@ptr8", "@ptr9", "SL:TODO]", "IN:UPDATE_REMINDER]"]}
{"loss": 2.2389254570007324, "class_log_probabilities": [-1.583880066871643, -3.0538275241851807, -4.541439533233643, -4.891643047332764], "predictions": [47, 36, 398, 399, 400, 401, 402, 403, 404, 405, 37, 48, 4, 4], "target_tokens": ["[IN:GET_REMINDER", "[SL:METHOD_RETRIEVAL_REMINDER", "@ptr0", "SL:METHOD_RETRIEVAL_REMINDER]", "[SL:TODO", "@ptr4", "@ptr5", "@ptr6", "@ptr7", "@ptr8", "@ptr9", "@ptr10", "SL:TODO]", "IN:GET_REMINDER]"], "predicted_tokens": ["[IN:GET_REMINDER", "[SL:TODO", "@ptr3", "@ptr4", "@ptr5", "@ptr6", "@ptr7", "@ptr8", "@ptr9", "@ptr10", "SL:TODO]", "IN:GET_REMINDER]"]}
{"loss": 2.568310260772705, "class_log_probabilities": [-10.649784088134766, -11.995518684387207, -12.540253639221191, -12.555246353149414], "predictions": [49, 34, 397, 35, 36, 143, 36, 399, 400, 37, 36, 75, 6, 401, 7, 71, 404, 72, 73, 7, 78, 37, 16, 405, 17, 50, 4, 4, 4, 4], "target_tokens": ["[IN:CREATE_REMINDER", "[SL:PERSON_REMINDED", "@ptr2", "SL:PERSON_REMINDED]", "[SL:DATE_TIME", "@ptr9", "SL:DATE_TIME]", "[SL:TODO", "[IN:GET_TODO", "[SL:TODO", "@ptr4", "@ptr5", "SL:TODO]", "[SL:ATTENDEE", "[IN:GET_CONTACT", "[SL:CONTACT_RELATED", "@ptr4", "SL:CONTACT_RELATED]", "[SL:TYPE_RELATION", "@ptr8", "SL:TYPE_RELATION]", "IN:GET_CONTACT]", "SL:ATTENDEE]", "IN:GET_TODO]", "SL:TODO]", "IN:CREATE_REMINDER]"], "predicted_tokens": ["[IN:CREATE_REMINDER", "[SL:PERSON_REMINDED", "@ptr2", "SL:PERSON_REMINDED]", "[SL:TODO", "[IN:GET_TODO", "[SL:TODO", "@ptr4", "@ptr5", "SL:TODO]", "[SL:TODO", "[IN:CREATE_CALL", "[SL:CONTACT", "@ptr6", "SL:CONTACT]", "[SL:TYPE_RELATION", "@ptr9", "SL:TYPE_RELATION]", "IN:GET_CONTACT]", "SL:CONTACT]", "IN:CREATE_CALL]", "SL:TODO]", "[SL:DATE_TIME", "@ptr10", "SL:DATE_TIME]", "IN:CREATE_REMINDER]"]}
{"loss": 1.5011029243469238, "class_log_probabilities": [-4.092188358306885, -5.110415458679199, -6.191901683807373, -7.163816928863525], "predictions": [49, 34, 397, 35, 36, 75, 6, 401, 7, 78, 37, 16, 403, 17, 50, 4, 4, 4, 4, 4, 4], "target_tokens": ["[IN:CREATE_REMINDER", "[SL:PERSON_REMINDED", "@ptr2", "SL:PERSON_REMINDED]", "[SL:TODO", "[IN:CREATE_CALL", "[SL:CONTACT", "[IN:GET_CONTACT", "[SL:CONTACT_RELATED", "@ptr5", "SL:CONTACT_RELATED]", "[SL:TYPE_RELATION", "@ptr6", "SL:TYPE_RELATION]", "IN:GET_CONTACT]", "SL:CONTACT]", "IN:CREATE_CALL]", "SL:TODO]", "[SL:DATE_TIME", "@ptr7", "@ptr8", "SL:DATE_TIME]", "IN:CREATE_REMINDER]"], "predicted_tokens": ["[IN:CREATE_REMINDER", "[SL:PERSON_REMINDED", "@ptr2", "SL:PERSON_REMINDED]", "[SL:TODO", "[IN:CREATE_CALL", "[SL:CONTACT", "@ptr6", "SL:CONTACT]", "IN:CREATE_CALL]", "SL:TODO]", "[SL:DATE_TIME", "@ptr8", "SL:DATE_TIME]", "IN:CREATE_REMINDER]"]}
{"loss": 1.3557122945785522, "class_log_probabilities": [-0.8098063468933105, -2.9145305156707764, -4.993740081787109, -5.124785900115967], "predictions": [117, 34, 398, 35, 36, 401, 402, 403, 404, 405, 406, 37, 118, 4], "target_tokens": ["[IN:GET_REMINDER_DATE_TIME", "[SL:PERSON_REMINDED", "@ptr3", "SL:PERSON_REMINDED]", "[SL:TODO", "@ptr6", "@ptr7", "@ptr8", "@ptr9", "@ptr10", "@ptr11", "@ptr12", "SL:TODO]", "IN:GET_REMINDER_DATE_TIME]"], "predicted_tokens": ["[IN:GET_REMINDER_DATE_TIME", "[SL:PERSON_REMINDED", "@ptr3", "SL:PERSON_REMINDED]", "[SL:TODO", "@ptr6", "@ptr7", "@ptr8", "@ptr9", "@ptr10", "@ptr11", "SL:TODO]", "IN:GET_REMINDER_DATE_TIME]"]}
{"loss": 2.012908458709717, "class_log_probabilities": [-3.237161159515381, -3.4244015216827393, -5.401299476623535, -7.054202556610107], "predictions": [47, 36, 408, 407, 37, 48, 4, 4, 4, 4], "target_tokens": ["[IN:GET_REMINDER", "[SL:TODO", "@ptr13", "@ptr14", "@ptr15", "SL:TODO]", "IN:GET_REMINDER]"], "predicted_tokens": ["[IN:GET_REMINDER", "[SL:TODO", "@ptr13", "@ptr12", "SL:TODO]", "IN:GET_REMINDER]"]}
{"loss": 1.1728266477584839, "class_log_probabilities": [-0.9629718661308289, -2.2553460597991943, -3.092109441757202, -4.228445053100586], "predictions": [33, 36, 399, 400, 37, 16, 402, 403, 404, 17, 38, 4, 4], "target_tokens": ["[IN:DELETE_REMINDER", "[SL:TODO", "@ptr4", "@ptr5", "@ptr6", "SL:TODO]", "[SL:DATE_TIME", "@ptr7", "@ptr8", "@ptr9", "SL:DATE_TIME]", "IN:DELETE_REMINDER]"], "predicted_tokens": ["[IN:DELETE_REMINDER", "[SL:TODO", "@ptr4", "@ptr5", "SL:TODO]", "[SL:DATE_TIME", "@ptr7", "@ptr8", "@ptr9", "SL:DATE_TIME]", "IN:DELETE_REMINDER]"]}
{"loss": 1.6369842290878296, "class_log_probabilities": [-3.0420713424682617, -3.829240322113037, -3.9489011764526367, -4.003819942474365], "predictions": [49, 34, 397, 35, 16, 399, 17, 36, 401, 402, 403, 404, 405, 406, 407, 409, 411, 37, 50, 4, 4], "target_tokens": ["[IN:CREATE_REMINDER", "[SL:DATE_TIME", "@ptr4", "SL:DATE_TIME]", "[SL:TODO", "@ptr6", "@ptr7", "@ptr8", "@ptr9", "@ptr10", "@ptr11", "@ptr12", "@ptr13", "@ptr14", "@ptr15", "@ptr16", "@ptr17", "SL:TODO]", "IN:CREATE_REMINDER]"], "predicted_tokens": ["[IN:CREATE_REMINDER", "[SL:PERSON_REMINDED", "@ptr2", "SL:PERSON_REMINDED]", "[SL:DATE_TIME", "@ptr4", "SL:DATE_TIME]", "[SL:TODO", "@ptr6", "@ptr7", "@ptr8", "@ptr9", "@ptr10", "@ptr11", "@ptr12", "@ptr14", "@ptr16", "SL:TODO]", "IN:CREATE_REMINDER]"]}
{"loss": 1.8847452402114868, "class_log_probabilities": [-3.835721969604492, -4.4805402755737305, -4.521608352661133, -4.699492931365967], "predictions": [33, 36, 399, 400, 401, 402, 403, 404, 405, 406, 407, 408, 410, 37, 38, 4, 4, 4], "target_tokens": ["[IN:DELETE_REMINDER", "[SL:TODO", "@ptr6", "@ptr7", "@ptr8", "@ptr9", "@ptr10", "@ptr11", "@ptr12", "@ptr13", "@ptr14", "SL:TODO]", "[SL:DATE_TIME", "@ptr15", "@ptr16", "SL:DATE_TIME]", "IN:DELETE_REMINDER]"], "predicted_tokens": ["[IN:DELETE_REMINDER", "[SL:TODO", "@ptr4", "@ptr5", "@ptr6", "@ptr7", "@ptr8", "@ptr9", "@ptr10", "@ptr11", "@ptr12", "@ptr13", "@ptr15", "SL:TODO]", "IN:DELETE_REMINDER]"]}
{"loss": 2.080336570739746, "class_log_probabilities": [-2.4968960285186768, -3.1402060985565186, -3.775418519973755, -4.352694034576416], "predictions": [111, 36, 399, 400, 401, 402, 403, 37, 16, 404, 405, 406, 407, 17, 112, 4], "target_tokens": ["[IN:UPDATE_REMINDER_DATE_TIME", "[SL:TODO", "@ptr5", "@ptr6", "@ptr7", "@ptr8", "SL:TODO]", "[SL:DATE_TIME", "@ptr9", "@ptr10", "@ptr11", "SL:DATE_TIME]", "[SL:DATE_TIME", "@ptr12", "@ptr13", "@ptr14", "SL:DATE_TIME]", "IN:UPDATE_REMINDER_DATE_TIME]"], "predicted_tokens": ["[IN:UPDATE_REMINDER_DATE_TIME", "[SL:TODO", "@ptr4", "@ptr5", "@ptr6", "@ptr7", "@ptr8", "SL:TODO]", "[SL:DATE_TIME", "@ptr9", "@ptr10", "@ptr11", "@ptr12", "SL:DATE_TIME]", "IN:UPDATE_REMINDER_DATE_TIME]"]}
{"loss": 1.0002822875976562, "class_log_probabilities": [-0.7821907997131348, -3.074991226196289, -4.704044342041016, -5.628596782684326], "predictions": [47, 34, 397, 35, 36, 400, 37, 16, 401, 17, 48, 4, 4, 4], "target_tokens": ["[IN:GET_REMINDER", "[SL:PERSON_REMINDED", "@ptr2", "SL:PERSON_REMINDED]", "[SL:TODO", "@ptr5", "SL:TODO]", "[SL:DATE_TIME", "@ptr6", "SL:DATE_TIME]", "IN:GET_REMINDER]"], "predicted_tokens": ["[IN:GET_REMINDER", "[SL:PERSON_REMINDED", "@ptr2", "SL:PERSON_REMINDED]", "[SL:TODO", "@ptr5", "SL:TODO]", "[SL:DATE_TIME", "@ptr6", "SL:DATE_TIME]", "IN:GET_REMINDER]"]}
{"loss": 2.769261360168457, "class_log_probabilities": [-3.5520880222320557, -4.486325740814209, -27.429100036621094, -28.60735511779785], "predictions": [49, 34, 398, 35, 36, 400, 401, 402, 37, 16, 403, 17, 34, 406, 17, 50, 4, 4, 4, 4, 4, 4, 4, 4, 4, 4, 4, 4, 4, 4, 4, 4, 4, 4, 4, 4, 4, 4, 4, 4, 4, 4, 4, 4, 4, 4, 4, 4, 4, 4, 4, 4, 4, 4, 4, 4, 4, 4, 4, 4, 4, 4, 4, 4, 4, 4, 4, 4, 4, 4, 4, 4, 4, 4, 4, 4, 4, 4, 4, 4, 4, 4, 4, 4, 4, 4, 4, 4, 4, 4, 4, 4, 4, 4, 4, 4, 4, 4, 4, 4], "target_tokens": ["[IN:UPDATE_REMINDER_DATE_TIME", "[SL:PERSON_REMINDED", "@ptr3", "SL:PERSON_REMINDED]", "[SL:TODO", "@ptr6", "SL:TODO]", "[SL:DATE_TIME", "@ptr7", "SL:DATE_TIME]", "[SL:DATE_TIME", "@ptr12", "SL:DATE_TIME]", "IN:UPDATE_REMINDER_DATE_TIME]"], "predicted_tokens": ["[IN:CREATE_REMINDER", "[SL:PERSON_REMINDED", "@ptr3", "SL:PERSON_REMINDED]", "[SL:TODO", "@ptr5", "@ptr6", "@ptr7", "SL:TODO]", "[SL:DATE_TIME", "@ptr8", "SL:DATE_TIME]", "[SL:PERSON_REMINDED", "@ptr11", "SL:DATE_TIME]", "IN:CREATE_REMINDER]"]}
{"loss": 1.445932149887085, "class_log_probabilities": [-54.436866760253906, -54.71004867553711, -54.87515640258789, -55.06266403198242], "predictions": [49, 36, 143, 36, 143, 36, 400, 37, 16, 402, 403, 17, 144, 37, 144, 37, 34, 408, 35, 16, 410, 35, 16, 410, 35, 16, 410, 35, 16, 410, 35, 16, 410, 35, 16, 410, 35, 16, 410, 411, 412, 412, 412, 412, 412, 412, 412, 412, 412, 412, 412, 412, 412, 412, 412, 412, 412, 412, 412, 412, 412, 412, 412, 412, 412, 412, 412, 412, 412, 412, 412, 412, 412, 412, 412, 412, 412, 412, 412, 412, 412, 412, 412, 412, 412, 412, 412, 412, 412, 412, 412, 412, 412, 412, 412, 412, 412, 412, 412, 412], "target_tokens": ["[IN:CREATE_REMINDER", "[SL:TODO", "[IN:GET_TODO", "[SL:TODO", "@ptr5", "@ptr6", "SL:TODO]", "[SL:DATE_TIME", "@ptr7", "@ptr8", "SL:DATE_TIME]", "IN:GET_TODO]", "SL:TODO]", "[SL:PERSON_REMINDED", "@ptr13", "SL:PERSON_REMINDED]", "[SL:DATE_TIME", "@ptr15", "@ptr16", "@ptr17", "SL:DATE_TIME]", "IN:CREATE_REMINDER]"], "predicted_tokens": ["[IN:CREATE_REMINDER", "[SL:TODO", "[IN:GET_TODO", "[SL:TODO", "[IN:GET_TODO", "[SL:TODO", "@ptr5", "SL:TODO]", "[SL:DATE_TIME", "@ptr7", "@ptr8", "SL:DATE_TIME]", "IN:GET_TODO]", "SL:TODO]", "IN:GET_TODO]", "SL:TODO]", "[SL:PERSON_REMINDED", "@ptr13", "SL:PERSON_REMINDED]", "[SL:DATE_TIME", "@ptr15", "SL:PERSON_REMINDED]", "[SL:DATE_TIME", "@ptr15", "SL:PERSON_REMINDED]", "[SL:DATE_TIME", "@ptr15", "SL:PERSON_REMINDED]", "[SL:DATE_TIME", "@ptr15", "SL:PERSON_REMINDED]", "[SL:DATE_TIME", "@ptr15", "SL:PERSON_REMINDED]", "[SL:DATE_TIME", "@ptr15", "SL:PERSON_REMINDED]", "[SL:DATE_TIME", "@ptr15", "@ptr16", "@ptr17", "@ptr17", "@ptr17", "@ptr17", "@ptr17", "@ptr17", "@ptr17", "@ptr17", "@ptr17", "@ptr17", "@ptr17", "@ptr17", "@ptr17", "@ptr17", "@ptr17", "@ptr17", "@ptr17", "@ptr17", "@ptr17", "@ptr17", "@ptr17", "@ptr17", "@ptr17", "@ptr17", "@ptr17", "@ptr17", "@ptr17", "@ptr17", "@ptr17", "@ptr17", "@ptr17", "@ptr17", "@ptr17", "@ptr17", "@ptr17", "@ptr17", "@ptr17", "@ptr17", "@ptr17", "@ptr17", "@ptr17", "@ptr17", "@ptr17", "@ptr17", "@ptr17", "@ptr17", "@ptr17", "@ptr17", "@ptr17", "@ptr17", "@ptr17", "@ptr17", "@ptr17", "@ptr17", "@ptr17", "@ptr17", "@ptr17", "@ptr17", "@ptr17", "@ptr17"]}
{"loss": 2.461592435836792, "class_log_probabilities": [-1.4597142934799194, -3.625654935836792, -4.1495184898376465, -6.190487861633301], "predictions": [47, 120, 399, 121, 34, 400, 35, 48, 4, 4, 4, 4], "target_tokens": ["[IN:GET_REMINDER", "[SL:METHOD_RETRIEVAL_REMINDER", "@ptr3", "SL:METHOD_RETRIEVAL_REMINDER]", "[SL:AMOUNT", "@ptr4", "SL:AMOUNT]", "[SL:PERSON_REMINDED", "@ptr5", "SL:PERSON_REMINDED]", "IN:GET_REMINDER]"], "predicted_tokens": ["[IN:GET_REMINDER", "[SL:AMOUNT", "@ptr4", "SL:AMOUNT]", "[SL:PERSON_REMINDED", "@ptr5", "SL:PERSON_REMINDED]", "IN:GET_REMINDER]"]}
{"loss": 0.9957208037376404, "class_log_probabilities": [-0.9602234959602356, -3.541884660720825, -5.5801005363464355, -7.026330471038818], "predictions": [33, 120, 396, 121, 36, 400, 401, 402, 403, 404, 37, 38, 4], "target_tokens": ["[IN:DELETE_REMINDER", "[SL:AMOUNT", "@ptr1", "SL:AMOUNT]", "[SL:TODO", "@ptr5", "@ptr6", "@ptr7", "@ptr8", "@ptr9", "SL:TODO]", "IN:DELETE_REMINDER]"], "predicted_tokens": ["[IN:DELETE_REMINDER", "[SL:AMOUNT", "@ptr1", "SL:AMOUNT]", "[SL:TODO", "@ptr5", "@ptr6", "@ptr7", "@ptr8", "@ptr9", "SL:TODO]", "IN:DELETE_REMINDER]"]}
{"loss": 2.0171663761138916, "class_log_probabilities": [-1.9914324283599854, -2.6412341594696045, -4.237430095672607, -4.942166328430176], "predictions": [111, 36, 75, 6, 400, 7, 78, 37, 16, 401, 402, 403, 404, 17, 112, 4], "target_tokens": ["[IN:UPDATE_REMINDER_DATE_TIME", "[SL:TODO", "[IN:CREATE_CALL", "[SL:CONTACT", "@ptr5", "SL:CONTACT]", "IN:CREATE_CALL]", "SL:TODO]", "[SL:DATE_TIME", "@ptr6", "@ptr7", "SL:DATE_TIME]", "[SL:DATE_TIME", "@ptr8", "@ptr9", "SL:DATE_TIME]", "IN:UPDATE_REMINDER_DATE_TIME]"], "predicted_tokens": ["[IN:UPDATE_REMINDER_DATE_TIME", "[SL:TODO", "[IN:CREATE_CALL", "[SL:CONTACT", "@ptr5", "SL:CONTACT]", "IN:CREATE_CALL]", "SL:TODO]", "[SL:DATE_TIME", "@ptr6", "@ptr7", "@ptr8", "@ptr9", "SL:DATE_TIME]", "IN:UPDATE_REMINDER_DATE_TIME]"]}
{"loss": 1.5765001773834229, "class_log_probabilities": [-2.166904926300049, -3.976104974746704, -4.100325584411621, -4.180760860443115], "predictions": [111, 6, 400, 7, 16, 401, 402, 403, 404, 17, 112, 4, 4, 4], "target_tokens": ["[IN:UPDATE_REMINDER_DATE_TIME", "[SL:PERSON_REMINDED", "@ptr1", "SL:PERSON_REMINDED]", "[SL:TODO", "[IN:CREATE_CALL", "[SL:CONTACT", "@ptr5", "SL:CONTACT]", "IN:CREATE_CALL]", "SL:TODO]", "[SL:DATE_TIME", "@ptr6", "@ptr7", "@ptr8", "@ptr9", "SL:DATE_TIME]", "IN:UPDATE_REMINDER_DATE_TIME]"], "predicted_tokens": ["[IN:UPDATE_REMINDER_DATE_TIME", "[SL:CONTACT", "@ptr5", "SL:CONTACT]", "[SL:DATE_TIME", "@ptr6", "@ptr7", "@ptr8", "@ptr9", "SL:DATE_TIME]", "IN:UPDATE_REMINDER_DATE_TIME]"]}
{"loss": 1.8888353109359741, "class_log_probabilities": [-4.96821403503418, -6.119889259338379, -6.471590042114258, -7.4650349617004395], "predictions": [49, 36, 399, 400, 401, 402, 403, 404, 37, 16, 407, 408, 410, 412, 17, 50, 4, 4, 4, 4], "target_tokens": ["[IN:CREATE_REMINDER", "[SL:TODO", "@ptr4", "@ptr5", "@ptr6", "@ptr7", "@ptr8", "@ptr9", "SL:TODO]", "[SL:DATE_TIME", "@ptr10", "@ptr11", "@ptr12", "@ptr13", "@ptr14", "@ptr15", "@ptr16", "@ptr17", "SL:DATE_TIME]", "IN:CREATE_REMINDER]"], "predicted_tokens": ["[IN:CREATE_REMINDER", "[SL:TODO", "@ptr4", "@ptr5", "@ptr6", "@ptr7", "@ptr8", "@ptr9", "SL:TODO]", "[SL:DATE_TIME", "@ptr12", "@ptr13", "@ptr15", "@ptr17", "SL:DATE_TIME]", "IN:CREATE_REMINDER]"]}
{"loss": 3.0041799545288086, "class_log_probabilities": [-2.0737032890319824, -3.3439409732818604, -4.137566089630127, -4.239923477172852], "predictions": [111, 16, 396, 397, 17, 34, 398, 35, 36, 401, 402, 403, 404, 37, 112, 4], "target_tokens": ["[IN:UPDATE_REMINDER_DATE_TIME", "[SL:PERSON_REMINDED", "@ptr3", "SL:PERSON_REMINDED]", "[SL:TODO", "@ptr7", "@ptr8", "@ptr9", "SL:TODO]", "[SL:DATE_TIME", "@ptr1", "@ptr2", "SL:DATE_TIME]", "IN:UPDATE_REMINDER_DATE_TIME]"], "predicted_tokens": ["[IN:UPDATE_REMINDER_DATE_TIME", "[SL:DATE_TIME", "@ptr1", "@ptr2", "SL:DATE_TIME]", "[SL:PERSON_REMINDED", "@ptr3", "SL:PERSON_REMINDED]", "[SL:TODO", "@ptr6", "@ptr7", "@ptr8", "@ptr9", "SL:TODO]", "IN:UPDATE_REMINDER_DATE_TIME]"]}
{"loss": 0.9928209185600281, "class_log_probabilities": [-0.6319344639778137, -4.434066295623779, -5.3371500968933105, -5.874902725219727], "predictions": [33, 36, 399, 400, 401, 37, 16, 402, 403, 17, 38, 4, 4], "target_tokens": ["[IN:DELETE_REMINDER", "[SL:TODO", "@ptr4", "@ptr5", "@ptr6", "SL:TODO]", "[SL:DATE_TIME", "@ptr7", "@ptr8", "SL:DATE_TIME]", "IN:DELETE_REMINDER]"], "predicted_tokens": ["[IN:DELETE_REMINDER", "[SL:TODO", "@ptr4", "@ptr5", "@ptr6", "SL:TODO]", "[SL:DATE_TIME", "@ptr7", "@ptr8", "SL:DATE_TIME]", "IN:DELETE_REMINDER]"]}
{"loss": 1.7433379888534546, "class_log_probabilities": [-2.1825432777404785, -2.666156768798828, -3.382368564605713, -3.923431634902954], "predictions": [49, 34, 397, 35, 36, 399, 400, 401, 402, 37, 16, 404, 405, 406, 407, 408, 17, 50, 4, 4, 4], "target_tokens": ["[IN:CREATE_REMINDER", "[SL:PERSON_REMINDED", "@ptr2", "SL:PERSON_REMINDED]", "[SL:TODO", "@ptr5", "@ptr6", "@ptr7", "@ptr8", "SL:TODO]", "[SL:DATE_TIME", "@ptr9", "@ptr10", "@ptr11", "@ptr12", "@ptr13", "@ptr14", "SL:DATE_TIME]", "IN:CREATE_REMINDER]"], "predicted_tokens": ["[IN:CREATE_REMINDER", "[SL:PERSON_REMINDED", "@ptr2", "SL:PERSON_REMINDED]", "[SL:TODO", "@ptr4", "@ptr5", "@ptr6", "@ptr7", "SL:TODO]", "[SL:DATE_TIME", "@ptr9", "@ptr10", "@ptr11", "@ptr12", "@ptr13", "SL:DATE_TIME]", "IN:CREATE_REMINDER]"]}
{"loss": 1.7319072484970093, "class_log_probabilities": [-2.547196388244629, -3.002587080001831, -3.3440029621124268, -3.596179723739624], "predictions": [49, 34, 397, 35, 36, 75, 6, 400, 7, 78, 37, 16, 403, 404, 405, 17, 50, 4, 4], "target_tokens": ["[IN:CREATE_REMINDER", "[SL:PERSON_REMINDED", "@ptr2", "SL:PERSON_REMINDED]", "[SL:TODO", "[IN:CREATE_CALL", "[SL:CONTACT", "@ptr5", "@ptr6", "SL:CONTACT]", "IN:CREATE_CALL]", "SL:TODO]", "[SL:DATE_TIME", "@ptr7", "@ptr8", "@ptr9", "@ptr10", "SL:DATE_TIME]", "IN:CREATE_REMINDER]"], "predicted_tokens": ["[IN:CREATE_REMINDER", "[SL:PERSON_REMINDED", "@ptr2", "SL:PERSON_REMINDED]", "[SL:TODO", "[IN:CREATE_CALL", "[SL:CONTACT", "@ptr5", "SL:CONTACT]", "IN:CREATE_CALL]", "SL:TODO]", "[SL:DATE_TIME", "@ptr8", "@ptr9", "@ptr10", "SL:DATE_TIME]", "IN:CREATE_REMINDER]"]}
{"loss": 1.5672540664672852, "class_log_probabilities": [-0.9642687439918518, -2.95281982421875, -3.9553542137145996, -4.082955360412598], "predictions": [33, 34, 400, 35, 36, 403, 404, 405, 37, 38, 4, 4, 4, 4], "target_tokens": ["[IN:DELETE_REMINDER", "[SL:PERSON_REMINDED", "@ptr4", "SL:PERSON_REMINDED]", "[SL:TODO", "@ptr9", "@ptr10", "SL:TODO]", "IN:DELETE_REMINDER]"], "predicted_tokens": ["[IN:DELETE_REMINDER", "[SL:PERSON_REMINDED", "@ptr5", "SL:PERSON_REMINDED]", "[SL:TODO", "@ptr8", "@ptr9", "@ptr10", "SL:TODO]", "IN:DELETE_REMINDER]"]}
{"loss": 1.7498470544815063, "class_log_probabilities": [-2.475209951400757, -3.3732635974884033, -3.945493698120117, -4.036069393157959], "predictions": [49, 34, 397, 35, 36, 399, 400, 401, 402, 403, 404, 405, 406, 408, 37, 50, 4, 4, 4], "target_tokens": ["[IN:CREATE_REMINDER", "[SL:PERSON_REMINDED", "@ptr2", "SL:PERSON_REMINDED]", "[SL:TODO", "@ptr4", "@ptr5", "@ptr6", "@ptr7", "@ptr8", "@ptr9", "@ptr10", "@ptr11", "@ptr12", "@ptr13", "@ptr14", "@ptr15", "SL:TODO]", "[SL:DATE_TIME", "@ptr16", "SL:DATE_TIME]", "IN:CREATE_REMINDER]"], "predicted_tokens": ["[IN:CREATE_REMINDER", "[SL:PERSON_REMINDED", "@ptr2", "SL:PERSON_REMINDED]", "[SL:TODO", "@ptr4", "@ptr5", "@ptr6", "@ptr7", "@ptr8", "@ptr9", "@ptr10", "@ptr11", "@ptr13", "SL:TODO]", "IN:CREATE_REMINDER]"]}
{"loss": 2.201547384262085, "class_log_probabilities": [-2.9885053634643555, -3.831547260284424, -4.045703411102295, -5.687913417816162], "predictions": [49, 34, 397, 35, 36, 399, 37, 36, 402, 403, 404, 405, 406, 17, 50, 4, 4, 4, 4, 4], "target_tokens": ["[IN:CREATE_REMINDER", "[SL:TODO", "@ptr4", "@ptr5", "@ptr6", "@ptr7", "@ptr8", "@ptr9", "@ptr10", "@ptr11", "SL:TODO]", "[SL:DATE_TIME", "@ptr12", "@ptr13", "SL:DATE_TIME]", "IN:CREATE_REMINDER]"], "predicted_tokens": ["[IN:CREATE_REMINDER", "[SL:PERSON_REMINDED", "@ptr2", "SL:PERSON_REMINDED]", "[SL:TODO", "@ptr4", "SL:TODO]", "[SL:TODO", "@ptr7", "@ptr8", "@ptr9", "@ptr10", "@ptr11", "SL:DATE_TIME]", "IN:CREATE_REMINDER]"]}
{"loss": 1.6176066398620605, "class_log_probabilities": [-10.772933959960938, -11.352523803710938, -11.935389518737793, -14.558813095092773], "predictions": [49, 36, 399, 37, 36, 399, 37, 36, 399, 37, 144, 37, 16, 407, 17, 50, 4, 4, 4, 4], "target_tokens": ["[IN:CREATE_REMINDER", "[SL:TODO", "@ptr4", "@ptr5", "@ptr6", "@ptr7", "@ptr8", "@ptr9", "@ptr10", "@ptr11", "SL:TODO]", "[SL:DATE_TIME", "@ptr12", "SL:DATE_TIME]", "IN:CREATE_REMINDER]"], "predicted_tokens": ["[IN:CREATE_REMINDER", "[SL:TODO", "@ptr4", "SL:TODO]", "[SL:TODO", "@ptr4", "SL:TODO]", "[SL:TODO", "@ptr4", "SL:TODO]", "IN:GET_TODO]", "SL:TODO]", "[SL:DATE_TIME", "@ptr12", "SL:DATE_TIME]", "IN:CREATE_REMINDER]"]}
{"loss": 1.2976237535476685, "class_log_probabilities": [-1.245766520500183, -2.8745956420898438, -4.179013252258301, -4.34835147857666], "predictions": [111, 36, 398, 399, 37, 16, 400, 401, 402, 403, 17, 112, 4, 4, 4, 4, 4, 4, 4], "target_tokens": ["[IN:UPDATE_REMINDER_DATE_TIME", "[SL:TODO", "@ptr4", "SL:TODO]", "[SL:DATE_TIME", "@ptr5", "@ptr6", "@ptr7", "@ptr8", "SL:DATE_TIME]", "[SL:DATE_TIME", "@ptr9", "@ptr10", "@ptr11", "@ptr12", "SL:DATE_TIME]", "IN:UPDATE_REMINDER_DATE_TIME]"], "predicted_tokens": ["[IN:UPDATE_REMINDER_DATE_TIME", "[SL:TODO", "@ptr3", "@ptr4", "SL:TODO]", "[SL:DATE_TIME", "@ptr5", "@ptr6", "@ptr7", "@ptr8", "SL:DATE_TIME]", "IN:UPDATE_REMINDER_DATE_TIME]"]}
{"loss": 1.6377230882644653, "class_log_probabilities": [-1.2483214139938354, -1.7313321828842163, -3.6217057704925537, -4.5157246589660645], "predictions": [49, 34, 397, 35, 36, 399, 400, 401, 37, 16, 402, 17, 50, 4, 4], "target_tokens": ["[IN:CREATE_REMINDER", "[SL:PERSON_REMINDED", "@ptr2", "SL:PERSON_REMINDED]", "[SL:TODO", "@ptr4", "@ptr5", "@ptr6", "@ptr7", "SL:TODO]", "[SL:DATE_TIME", "@ptr8", "SL:DATE_TIME]", "IN:CREATE_REMINDER]"], "predicted_tokens": ["[IN:CREATE_REMINDER", "[SL:PERSON_REMINDED", "@ptr2", "SL:PERSON_REMINDED]", "[SL:TODO", "@ptr4", "@ptr5", "@ptr6", "SL:TODO]", "[SL:DATE_TIME", "@ptr7", "SL:DATE_TIME]", "IN:CREATE_REMINDER]"]}
{"loss": 1.230271577835083, "class_log_probabilities": [-1.4900182485580444, -1.960538387298584, -2.165930986404419, -3.090815544128418], "predictions": [47, 34, 404, 35, 16, 407, 17, 48, 4, 4], "target_tokens": ["[IN:GET_REMINDER", "[SL:PERSON_REMINDED", "@ptr9", "SL:PERSON_REMINDED]", "[SL:DATE_TIME", "@ptr11", "@ptr12", "SL:DATE_TIME]", "IN:GET_REMINDER]"], "predicted_tokens": ["[IN:GET_REMINDER", "[SL:PERSON_REMINDED", "@ptr9", "SL:PERSON_REMINDED]", "[SL:DATE_TIME", "@ptr12", "SL:DATE_TIME]", "IN:GET_REMINDER]"]}
{"loss": 1.3595725297927856, "class_log_probabilities": [-5.104193687438965, -5.243088722229004, -5.553384304046631, -6.330432891845703], "predictions": [61, 36, 399, 400, 401, 402, 403, 404, 405, 37, 16, 406, 407, 408, 409, 17, 62, 4, 4, 4], "target_tokens": ["[IN:CREATE_REMINDER", "[SL:TODO", "@ptr4", "@ptr5", "@ptr6", "@ptr7", "@ptr8", "@ptr9", "@ptr10", "SL:TODO]", "[SL:DATE_TIME", "@ptr11", "@ptr12", "@ptr13", "@ptr14", "SL:DATE_TIME]", "IN:CREATE_REMINDER]"], "predicted_tokens": ["[IN:GET_EVENT", "[SL:TODO", "@ptr4", "@ptr5", "@ptr6", "@ptr7", "@ptr8", "@ptr9", "@ptr10", "SL:TODO]", "[SL:DATE_TIME", "@ptr11", "@ptr12", "@ptr13", "@ptr14", "SL:DATE_TIME]", "IN:GET_EVENT]"]}
{"loss": 1.5419102907180786, "class_log_probabilities": [-2.1457836627960205, -3.211169958114624, -3.31976056098938, -3.3858261108398438], "predictions": [49, 36, 399, 400, 401, 402, 37, 16, 403, 17, 50, 4, 4, 4, 4, 4], "target_tokens": ["[IN:CREATE_REMINDER", "[SL:TODO", "[IN:CREATE_CALL", "[SL:CONTACT", "@ptr5", "@ptr6", "@ptr7", "SL:CONTACT]", "IN:CREATE_CALL]", "SL:TODO]", "[SL:DATE_TIME", "@ptr8", "SL:DATE_TIME]", "IN:CREATE_REMINDER]"], "predicted_tokens": ["[IN:CREATE_REMINDER", "[SL:TODO", "@ptr4", "@ptr5", "@ptr6", "@ptr7", "SL:TODO]", "[SL:DATE_TIME", "@ptr8", "SL:DATE_TIME]", "IN:CREATE_REMINDER]"]}
{"loss": 1.1794863939285278, "class_log_probabilities": [-4.264111518859863, -4.9194793701171875, -6.135501384735107, -6.389171600341797], "predictions": [49, 36, 398, 399, 400, 37, 16, 401, 402, 403, 17, 50, 4, 4, 4, 4], "target_tokens": ["[IN:CREATE_REMINDER", "[SL:TODO", "@ptr3", "@ptr4", "@ptr5", "SL:TODO]", "[SL:DATE_TIME", "@ptr6", "@ptr7", "@ptr8", "SL:DATE_TIME]", "IN:CREATE_REMINDER]"], "predicted_tokens": ["[IN:CREATE_REMINDER", "[SL:TODO", "@ptr3", "@ptr4", "@ptr5", "SL:TODO]", "[SL:DATE_TIME", "@ptr6", "@ptr7", "@ptr8", "SL:DATE_TIME]", "IN:CREATE_REMINDER]"]}
{"loss": 1.4477657079696655, "class_log_probabilities": [-4.899971961975098, -5.065009593963623, -5.249303817749023, -7.752786636352539], "predictions": [49, 34, 397, 35, 36, 399, 400, 401, 402, 403, 404, 405, 406, 407, 409, 37, 50, 4, 4, 4, 4], "target_tokens": ["[IN:CREATE_REMINDER", "[SL:PERSON_REMINDED", "@ptr2", "SL:PERSON_REMINDED]", "[SL:TODO", "@ptr4", "@ptr5", "@ptr6", "@ptr7", "@ptr8", "@ptr9", "@ptr10", "@ptr11", "@ptr12", "@ptr13", "@ptr14", "SL:TODO]", "[SL:DATE_TIME", "@ptr15", "SL:DATE_TIME]", "IN:CREATE_REMINDER]"], "predicted_tokens": ["[IN:CREATE_REMINDER", "[SL:PERSON_REMINDED", "@ptr2", "SL:PERSON_REMINDED]", "[SL:TODO", "@ptr4", "@ptr5", "@ptr6", "@ptr7", "@ptr8", "@ptr9", "@ptr10", "@ptr11", "@ptr12", "@ptr14", "SL:TODO]", "IN:CREATE_REMINDER]"]}
{"loss": 1.5187911987304688, "class_log_probabilities": [-3.2985379695892334, -3.710146903991699, -3.8717026710510254, -4.034831523895264], "predictions": [49, 34, 397, 35, 36, 75, 6, 70, 93, 401, 94, 71, 402, 72, 73, 7, 78, 37, 16, 403, 404, 17, 50, 4], "target_tokens": ["[IN:CREATE_REMINDER", "[SL:PERSON_REMINDED", "@ptr2", "SL:PERSON_REMINDED]", "[SL:TODO", "[IN:CREATE_CALL", "[SL:CONTACT", "[IN:GET_CONTACT", "[SL:CONTACT_RELATED", "@ptr5", "SL:CONTACT_RELATED]", "[SL:TYPE_RELATION", "@ptr6", "SL:TYPE_RELATION]", "IN:GET_CONTACT]", "SL:CONTACT]", "IN:CREATE_CALL]", "SL:TODO]", "[SL:DATE_TIME", "@ptr7", "@ptr8", "@ptr9", "SL:DATE_TIME]", "IN:CREATE_REMINDER]"], "predicted_tokens": ["[IN:CREATE_REMINDER", "[SL:PERSON_REMINDED", "@ptr2", "SL:PERSON_REMINDED]", "[SL:TODO", "[IN:CREATE_CALL", "[SL:CONTACT", "[IN:GET_CONTACT", "[SL:CONTACT_RELATED", "@ptr6", "SL:CONTACT_RELATED]", "[SL:TYPE_RELATION", "@ptr7", "SL:TYPE_RELATION]", "IN:GET_CONTACT]", "SL:CONTACT]", "IN:CREATE_CALL]", "SL:TODO]", "[SL:DATE_TIME", "@ptr8", "@ptr9", "SL:DATE_TIME]", "IN:CREATE_REMINDER]"]}
{"loss": 1.6416479349136353, "class_log_probabilities": [-3.208745002746582, -3.5366930961608887, -4.972276210784912, -5.050886154174805], "predictions": [49, 36, 399, 400, 401, 402, 403, 37, 16, 405, 406, 17, 50, 4, 4, 4], "target_tokens": ["[IN:CREATE_REMINDER", "[SL:TODO", "@ptr4", "@ptr5", "@ptr6", "@ptr7", "@ptr8", "SL:TODO]", "[SL:DATE_TIME", "@ptr9", "@ptr10", "@ptr11", "@ptr12", "SL:DATE_TIME]", "IN:CREATE_REMINDER]"], "predicted_tokens": ["[IN:CREATE_REMINDER", "[SL:TODO", "@ptr4", "@ptr5", "@ptr6", "@ptr7", "@ptr8", "SL:TODO]", "[SL:DATE_TIME", "@ptr10", "@ptr11", "SL:DATE_TIME]", "IN:CREATE_REMINDER]"]}
{"loss": 1.8890372514724731, "class_log_probabilities": [-0.48246827721595764, -5.861058712005615, -5.91727876663208, -9.570002555847168], "predictions": [33, 34, 396, 35, 36, 399, 400, 37, 38, 4, 4, 4, 4, 4], "target_tokens": ["[IN:DELETE_REMINDER", "[SL:PERSON_REMINDED", "@ptr1", "SL:PERSON_REMINDED]", "[SL:TODO", "@ptr5", "SL:TODO]", "IN:DELETE_REMINDER]"], "predicted_tokens": ["[IN:DELETE_REMINDER", "[SL:PERSON_REMINDED", "@ptr1", "SL:PERSON_REMINDED]", "[SL:TODO", "@ptr4", "@ptr5", "SL:TODO]", "IN:DELETE_REMINDER]"]}
{"loss": 1.7050814628601074, "class_log_probabilities": [-0.6439493298530579, -3.8747787475585938, -5.345322132110596, -6.154228210449219], "predictions": [33, 36, 399, 400, 37, 16, 401, 17, 38, 4, 4, 4], "target_tokens": ["[IN:DELETE_REMINDER", "[SL:TODO", "@ptr5", "SL:TODO]", "[SL:DATE_TIME", "@ptr6", "SL:DATE_TIME]", "IN:DELETE_REMINDER]"], "predicted_tokens": ["[IN:DELETE_REMINDER", "[SL:TODO", "@ptr4", "@ptr5", "SL:TODO]", "[SL:DATE_TIME", "@ptr6", "SL:DATE_TIME]", "IN:DELETE_REMINDER]"]}
{"loss": 1.490351676940918, "class_log_probabilities": [-3.250354528427124, -3.442429304122925, -3.6800270080566406, -3.690028190612793], "predictions": [49, 34, 397, 35, 36, 399, 400, 401, 402, 403, 404, 405, 406, 407, 408, 410, 37, 50, 4, 4], "target_tokens": ["[IN:CREATE_REMINDER", "[SL:PERSON_REMINDED", "@ptr2", "SL:PERSON_REMINDED]", "[SL:TODO", "@ptr4", "@ptr5", "@ptr6", "@ptr7", "@ptr8", "@ptr9", "@ptr10", "@ptr11", "@ptr12", "@ptr13", "@ptr14", "@ptr15", "SL:TODO]", "[SL:DATE_TIME", "@ptr18", "@ptr19", "SL:DATE_TIME]", "IN:CREATE_REMINDER]"], "predicted_tokens": ["[IN:CREATE_REMINDER", "[SL:PERSON_REMINDED", "@ptr2", "SL:PERSON_REMINDED]", "[SL:TODO", "@ptr4", "@ptr5", "@ptr6", "@ptr7", "@ptr8", "@ptr9", "@ptr10", "@ptr11", "@ptr12", "@ptr13", "@ptr15", "SL:TODO]", "IN:CREATE_REMINDER]"]}
{"loss": 2.547069787979126, "class_log_probabilities": [-4.195476531982422, -4.832991600036621, -4.851322174072266, -29.664798736572266], "predictions": [70, 93, 396, 94, 71, 397, 72, 6, 399, 7, 73, 7, 78, 4, 4, 4, 4, 4, 4, 4, 4, 4, 4, 4, 4, 4, 4, 4, 4, 4, 4, 4, 4, 4, 4, 4, 4, 4, 4, 4, 4, 4, 4, 4, 4, 4, 4, 4, 4, 4, 4, 4, 4, 4, 4, 4, 4, 4, 4, 4, 4, 4, 4, 4, 4, 4, 4, 4, 4, 4, 4, 4, 4, 4, 4, 4, 4, 4, 4, 4, 4, 4, 4, 4, 4, 4, 4, 4, 4, 4, 4, 4, 4, 4, 4, 4, 4, 4, 4, 4], "target_tokens": ["[IN:DELETE_REMINDER", "[SL:PERSON_REMINDED", "@ptr1", "SL:PERSON_REMINDED]", "[SL:TODO", "[IN:CREATE_CALL", "[SL:CONTACT", "@ptr4", "SL:CONTACT]", "IN:CREATE_CALL]", "SL:TODO]", "IN:DELETE_REMINDER]"], "predicted_tokens": ["[IN:GET_CONTACT", "[SL:CONTACT_RELATED", "@ptr1", "SL:CONTACT_RELATED]", "[SL:TYPE_RELATION", "@ptr2", "SL:TYPE_RELATION]", "[SL:CONTACT", "@ptr4", "SL:CONTACT]", "IN:GET_CONTACT]", "SL:CONTACT]", "IN:CREATE_CALL]"]}
{"loss": 3.3173956871032715, "class_log_probabilities": [-0.74555504322052, -5.5804314613342285, -5.819794178009033, -5.822582244873047], "predictions": [33, 120, 397, 121, 16, 400, 401, 17, 38, 4, 4], "target_tokens": ["[IN:DELETE_REMINDER", "[SL:AMOUNT", "@ptr1", "SL:AMOUNT]", "[SL:DATE_TIME", "@ptr4", "@ptr5", "SL:DATE_TIME]", "IN:DELETE_REMINDER]"], "predicted_tokens": ["[IN:DELETE_REMINDER", "[SL:AMOUNT", "@ptr2", "SL:AMOUNT]", "[SL:DATE_TIME", "@ptr5", "@ptr6", "SL:DATE_TIME]", "IN:DELETE_REMINDER]"]}
{"loss": 1.365689754486084, "class_log_probabilities": [-3.6266839504241943, -3.64457368850708, -3.6546523571014404, -4.675544261932373], "predictions": [49, 34, 397, 35, 36, 399, 400, 401, 402, 403, 404, 405, 406, 407, 37, 16, 410, 412, 17, 50, 4], "target_tokens": ["[IN:CREATE_REMINDER", "[SL:PERSON_REMINDED", "@ptr2", "SL:PERSON_REMINDED]", "[SL:TODO", "@ptr4", "@ptr5", "@ptr6", "@ptr7", "@ptr8", "@ptr9", "@ptr10", "@ptr11", "@ptr12", "@ptr13", "SL:TODO]", "[SL:DATE_TIME", "@ptr14", "@ptr15", "SL:DATE_TIME]", "IN:CREATE_REMINDER]"], "predicted_tokens": ["[IN:CREATE_REMINDER", "[SL:PERSON_REMINDED", "@ptr2", "SL:PERSON_REMINDED]", "[SL:TODO", "@ptr4", "@ptr5", "@ptr6", "@ptr7", "@ptr8", "@ptr9", "@ptr10", "@ptr11", "@ptr12", "SL:TODO]", "[SL:DATE_TIME", "@ptr15", "@ptr17", "SL:DATE_TIME]", "IN:CREATE_REMINDER]"]}
{"loss": 2.084117889404297, "class_log_probabilities": [-4.324717998504639, -5.315200328826904, -5.509550094604492, -78.55646514892578], "predictions": [49, 34, 397, 35, 36, 399, 400, 401, 402, 403, 404, 405, 406, 408, 410, 37, 16, 412, 17, 50, 4, 4, 4, 4, 4, 4, 4, 4, 4, 4, 4, 4, 4, 4, 4, 4, 4, 4, 4, 4, 4, 4, 4, 4, 4, 4, 4, 4, 4, 4, 4, 4, 4, 4, 4, 4, 4, 4, 4, 4, 4, 4, 4, 4, 4, 4, 4, 4, 4, 4, 4, 4, 4, 4, 4, 4, 4, 4, 4, 4, 4, 4, 4, 4, 4, 4, 4, 4, 4, 4, 4, 4, 4, 4, 4, 4, 4, 4, 4, 4], "target_tokens": ["[IN:CREATE_REMINDER", "[SL:PERSON_REMINDED", "@ptr2", "SL:PERSON_REMINDED]", "[SL:TODO", "@ptr4", "@ptr5", "@ptr6", "@ptr7", "@ptr8", "@ptr9", "@ptr10", "@ptr11", "@ptr12", "@ptr13", "SL:TODO]", "[SL:DATE_TIME", "@ptr14", "@ptr15", "@ptr16", "@ptr17", "SL:DATE_TIME]", "IN:CREATE_REMINDER]"], "predicted_tokens": ["[IN:CREATE_REMINDER", "[SL:PERSON_REMINDED", "@ptr2", "SL:PERSON_REMINDED]", "[SL:TODO", "@ptr4", "@ptr5", "@ptr6", "@ptr7", "@ptr8", "@ptr9", "@ptr10", "@ptr11", "@ptr13", "@ptr15", "SL:TODO]", "[SL:DATE_TIME", "@ptr17", "SL:DATE_TIME]", "IN:CREATE_REMINDER]"]}
{"loss": 2.2642605304718018, "class_log_probabilities": [-1.2438815832138062, -2.9559574127197266, -3.408572196960449, -5.2512664794921875], "predictions": [63, 151, 398, 152, 68, 4, 4, 4, 4], "target_tokens": ["[IN:PLAY_MUSIC", "[SL:MUSIC_TYPE", "@ptr3", "SL:MUSIC_TYPE]", "[SL:MUSIC_GENRE", "@ptr4", "SL:MUSIC_GENRE]", "IN:PLAY_MUSIC]"], "predicted_tokens": ["[IN:PLAY_MUSIC", "[SL:MUSIC_GENRE", "@ptr3", "SL:MUSIC_GENRE]", "IN:PLAY_MUSIC]"]}
{"loss": 2.143510103225708, "class_log_probabilities": [-0.3671785295009613, -6.0687255859375, -6.444433689117432, -7.357458591461182], "predictions": [81, 6, 400, 7, 82, 4, 4], "target_tokens": ["[IN:END_CALL", "[SL:CONTACT", "@ptr4", "SL:CONTACT]", "IN:END_CALL]"], "predicted_tokens": ["[IN:END_CALL", "[SL:CONTACT", "@ptr5", "SL:CONTACT]", "IN:END_CALL]"]}
{"loss": 0.96713787317276, "class_log_probabilities": [-0.7202247381210327, -6.487344264984131, -7.014074325561523, -7.138555526733398], "predictions": [75, 6, 70, 93, 396, 94, 71, 397, 72, 73, 7, 78, 4, 4, 4, 4], "target_tokens": ["[IN:CREATE_CALL", "[SL:CONTACT", "[IN:GET_CONTACT", "[SL:CONTACT_RELATED", "@ptr1", "SL:CONTACT_RELATED]", "[SL:TYPE_RELATION", "@ptr2", "SL:TYPE_RELATION]", "IN:GET_CONTACT]", "SL:CONTACT]", "IN:CREATE_CALL]"], "predicted_tokens": ["[IN:CREATE_CALL", "[SL:CONTACT", "[IN:GET_CONTACT", "[SL:CONTACT_RELATED", "@ptr1", "SL:CONTACT_RELATED]", "[SL:TYPE_RELATION", "@ptr2", "SL:TYPE_RELATION]", "IN:GET_CONTACT]", "SL:CONTACT]", "IN:CREATE_CALL]"]}
{"loss": 0.9713904857635498, "class_log_probabilities": [-0.6791050434112549, -7.150575637817383, -7.496035099029541, -8.100181579589844], "predictions": [75, 6, 70, 93, 399, 94, 71, 400, 72, 73, 7, 78, 4, 4, 4], "target_tokens": ["[IN:CREATE_CALL", "[SL:CONTACT", "[IN:GET_CONTACT", "[SL:CONTACT_RELATED", "@ptr4", "SL:CONTACT_RELATED]", "[SL:TYPE_RELATION", "@ptr5", "SL:TYPE_RELATION]", "IN:GET_CONTACT]", "SL:CONTACT]", "IN:CREATE_CALL]"], "predicted_tokens": ["[IN:CREATE_CALL", "[SL:CONTACT", "[IN:GET_CONTACT", "[SL:CONTACT_RELATED", "@ptr4", "SL:CONTACT_RELATED]", "[SL:TYPE_RELATION", "@ptr5", "SL:TYPE_RELATION]", "IN:GET_CONTACT]", "SL:CONTACT]", "IN:CREATE_CALL]"]}
{"loss": 2.0873444080352783, "class_log_probabilities": [-0.5411777496337891, -4.624065399169922, -4.822975158691406, -5.318213939666748], "predictions": [153, 6, 402, 7, 154, 4, 4, 4], "target_tokens": ["[IN:ANSWER_CALL", "[SL:CONTACT", "@ptr6", "SL:CONTACT]", "IN:ANSWER_CALL]"], "predicted_tokens": ["[IN:ANSWER_CALL", "[SL:CONTACT", "@ptr7", "SL:CONTACT]", "IN:ANSWER_CALL]"]}
{"loss": 0.9599910974502563, "class_log_probabilities": [-0.6807031631469727, -5.8810014724731445, -6.793809413909912, -7.660894870758057], "predictions": [13, 14, 397, 398, 399, 15, 16, 400, 17, 18, 4, 4], "target_tokens": ["[IN:GET_WEATHER", "[SL:LOCATION", "@ptr2", "@ptr3", "@ptr4", "SL:LOCATION]", "[SL:DATE_TIME", "@ptr5", "SL:DATE_TIME]", "IN:GET_WEATHER]"], "predicted_tokens": ["[IN:GET_WEATHER", "[SL:LOCATION", "@ptr2", "@ptr3", "@ptr4", "SL:LOCATION]", "[SL:DATE_TIME", "@ptr5", "SL:DATE_TIME]", "IN:GET_WEATHER]"]}
{"loss": 1.4759360551834106, "class_log_probabilities": [-1.4879347085952759, -2.2068371772766113, -4.055356025695801, -4.312854766845703], "predictions": [61, 14, 400, 401, 15, 16, 403, 17, 62, 4, 4], "target_tokens": ["[IN:GET_EVENT", "[SL:LOCATION", "@ptr5", "@ptr6", "SL:LOCATION]", "[SL:DATE_TIME", "@ptr7", "@ptr8", "SL:DATE_TIME]", "IN:GET_EVENT]"], "predicted_tokens": ["[IN:GET_EVENT", "[SL:LOCATION", "@ptr5", "@ptr6", "SL:LOCATION]", "[SL:DATE_TIME", "@ptr8", "SL:DATE_TIME]", "IN:GET_EVENT]"]}
{"loss": 1.6642709970474243, "class_log_probabilities": [-1.5362399816513062, -2.8979227542877197, -4.0861124992370605, -4.633124828338623], "predictions": [61, 14, 413, 15, 62, 4, 4, 4, 4, 4], "target_tokens": ["[IN:GET_EVENT", "[SL:LOCATION", "@ptr17", "SL:LOCATION]", "IN:GET_EVENT]"], "predicted_tokens": ["[IN:GET_EVENT", "[SL:LOCATION", "@ptr18", "SL:LOCATION]", "IN:GET_EVENT]"]}
{"loss": 1.0115886926651, "class_log_probabilities": [-0.6452183127403259, -4.02357816696167, -4.141921520233154, -5.8192057609558105], "predictions": [61, 62, 4], "target_tokens": ["[IN:GET_EVENT", "IN:GET_EVENT]"], "predicted_tokens": ["[IN:GET_EVENT", "IN:GET_EVENT]"]}
{"loss": 1.1359575986862183, "class_log_probabilities": [-2.8113951683044434, -2.9128239154815674, -3.143155574798584, -3.1484973430633545], "predictions": [61, 14, 401, 15, 16, 402, 403, 17, 62, 4, 4], "target_tokens": ["[IN:GET_EVENT", "[SL:LOCATION", "@ptr6", "SL:LOCATION]", "[SL:DATE_TIME", "@ptr7", "@ptr8", "SL:DATE_TIME]", "IN:GET_EVENT]"], "predicted_tokens": ["[IN:GET_EVENT", "[SL:LOCATION", "@ptr6", "SL:LOCATION]", "[SL:DATE_TIME", "@ptr7", "@ptr8", "SL:DATE_TIME]", "IN:GET_EVENT]"]}
{"loss": 1.2859115600585938, "class_log_probabilities": [-0.8067196607589722, -3.085378885269165, -3.1383566856384277, -4.439253330230713], "predictions": [61, 16, 399, 400, 401, 17, 62, 4], "target_tokens": ["[IN:GET_EVENT", "[SL:DATE_TIME", "@ptr4", "@ptr5", "SL:DATE_TIME]", "IN:GET_EVENT]"], "predicted_tokens": ["[IN:GET_EVENT", "[SL:DATE_TIME", "@ptr4", "@ptr5", "@ptr6", "SL:DATE_TIME]", "IN:GET_EVENT]"]}
{"loss": 0.9631460309028625, "class_log_probabilities": [-0.33928924798965454, -8.169319152832031, -8.254709243774414, -8.29113483428955], "predictions": [61, 16, 399, 17, 62, 4], "target_tokens": ["[IN:GET_EVENT", "[SL:DATE_TIME", "@ptr4", "SL:DATE_TIME]", "IN:GET_EVENT]"], "predicted_tokens": ["[IN:GET_EVENT", "[SL:DATE_TIME", "@ptr4", "SL:DATE_TIME]", "IN:GET_EVENT]"]}
{"loss": 1.3653382062911987, "class_log_probabilities": [-1.889487385749817, -2.0406229496002197, -4.56719970703125, -4.829193592071533], "predictions": [61, 14, 399, 400, 15, 16, 401, 402, 403, 17, 62, 4, 4], "target_tokens": ["[IN:GET_EVENT", "[SL:LOCATION", "@ptr4", "@ptr5", "SL:LOCATION]", "[SL:DATE_TIME", "@ptr6", "@ptr7", "@ptr8", "@ptr9", "SL:DATE_TIME]", "IN:GET_EVENT]"], "predicted_tokens": ["[IN:GET_EVENT", "[SL:LOCATION", "@ptr4", "@ptr5", "SL:LOCATION]", "[SL:DATE_TIME", "@ptr6", "@ptr7", "@ptr8", "SL:DATE_TIME]", "IN:GET_EVENT]"]}
{"loss": 0.9640734195709229, "class_log_probabilities": [-0.5388969779014587, -5.421159744262695, -6.058568477630615, -6.460370063781738], "predictions": [61, 16, 399, 400, 401, 402, 17, 62, 4], "target_tokens": ["[IN:GET_EVENT", "[SL:DATE_TIME", "@ptr4", "@ptr5", "@ptr6", "@ptr7", "SL:DATE_TIME]", "IN:GET_EVENT]"], "predicted_tokens": ["[IN:GET_EVENT", "[SL:DATE_TIME", "@ptr4", "@ptr5", "@ptr6", "@ptr7", "SL:DATE_TIME]", "IN:GET_EVENT]"]}
{"loss": 1.000931978225708, "class_log_probabilities": [-1.148101568222046, -2.2914490699768066, -4.173224449157715, -4.844095230102539], "predictions": [61, 14, 403, 15, 16, 404, 405, 17, 62, 4], "target_tokens": ["[IN:GET_EVENT", "[SL:LOCATION", "@ptr8", "SL:LOCATION]", "[SL:DATE_TIME", "@ptr9", "@ptr10", "SL:DATE_TIME]", "IN:GET_EVENT]"], "predicted_tokens": ["[IN:GET_EVENT", "[SL:LOCATION", "@ptr8", "SL:LOCATION]", "[SL:DATE_TIME", "@ptr9", "@ptr10", "SL:DATE_TIME]", "IN:GET_EVENT]"]}
{"loss": 1.0404080152511597, "class_log_probabilities": [-1.5292493104934692, -2.0029423236846924, -5.36692476272583, -5.830311298370361], "predictions": [61, 83, 395, 396, 397, 84, 16, 398, 399, 400, 17, 14, 401, 402, 403, 404, 15, 62, 4], "target_tokens": ["[IN:GET_EVENT", "[SL:CATEGORY_EVENT", "@ptr0", "@ptr1", "@ptr2", "SL:CATEGORY_EVENT]", "[SL:DATE_TIME", "@ptr3", "@ptr4", "SL:DATE_TIME]", "[SL:LOCATION", "@ptr6", "@ptr7", "@ptr8", "@ptr9", "SL:LOCATION]", "IN:GET_EVENT]"], "predicted_tokens": ["[IN:GET_EVENT", "[SL:CATEGORY_EVENT", "@ptr0", "@ptr1", "@ptr2", "SL:CATEGORY_EVENT]", "[SL:DATE_TIME", "@ptr3", "@ptr4", "@ptr5", "SL:DATE_TIME]", "[SL:LOCATION", "@ptr6", "@ptr7", "@ptr8", "@ptr9", "SL:LOCATION]", "IN:GET_EVENT]"]}
{"loss": 0.9950936436653137, "class_log_probabilities": [-0.4051112234592438, -5.226179122924805, -7.208464622497559, -7.620665550231934], "predictions": [61, 83, 401, 84, 62, 4], "target_tokens": ["[IN:GET_EVENT", "[SL:CATEGORY_EVENT", "@ptr6", "SL:CATEGORY_EVENT]", "IN:GET_EVENT]"], "predicted_tokens": ["[IN:GET_EVENT", "[SL:CATEGORY_EVENT", "@ptr6", "SL:CATEGORY_EVENT]", "IN:GET_EVENT]"]}
{"loss": 1.499237060546875, "class_log_probabilities": [-0.7577730417251587, -4.53555965423584, -5.03817892074585, -5.740419864654541], "predictions": [61, 16, 401, 402, 403, 17, 62, 4, 4], "target_tokens": ["[IN:GET_EVENT", "[SL:CATEGORY_EVENT", "@ptr4", "SL:CATEGORY_EVENT]", "[SL:DATE_TIME", "@ptr6", "@ptr7", "@ptr8", "SL:DATE_TIME]", "IN:GET_EVENT]"], "predicted_tokens": ["[IN:GET_EVENT", "[SL:DATE_TIME", "@ptr6", "@ptr7", "@ptr8", "SL:DATE_TIME]", "IN:GET_EVENT]"]}
{"loss": 1.574457049369812, "class_log_probabilities": [-0.6923266649246216, -3.6462435722351074, -5.9489240646362305, -6.200479984283447], "predictions": [61, 14, 398, 15, 16, 400, 401, 17, 62, 4, 4], "target_tokens": ["[IN:GET_EVENT", "[SL:LOCATION", "@ptr3", "SL:LOCATION]", "[SL:DATE_TIME", "@ptr4", "@ptr5", "@ptr6", "SL:DATE_TIME]", "IN:GET_EVENT]"], "predicted_tokens": ["[IN:GET_EVENT", "[SL:LOCATION", "@ptr3", "SL:LOCATION]", "[SL:DATE_TIME", "@ptr5", "@ptr6", "SL:DATE_TIME]", "IN:GET_EVENT]"]}
{"loss": 1.063966989517212, "class_log_probabilities": [-1.7160967588424683, -2.208845853805542, -3.972808361053467, -4.3252434730529785], "predictions": [61, 83, 396, 84, 14, 398, 15, 62, 4], "target_tokens": ["[IN:GET_EVENT", "[SL:CATEGORY_EVENT", "@ptr1", "SL:CATEGORY_EVENT]", "[SL:LOCATION", "@ptr3", "SL:LOCATION]", "IN:GET_EVENT]"], "predicted_tokens": ["[IN:GET_EVENT", "[SL:CATEGORY_EVENT", "@ptr1", "SL:CATEGORY_EVENT]", "[SL:LOCATION", "@ptr3", "SL:LOCATION]", "IN:GET_EVENT]"]}
{"loss": 1.2063859701156616, "class_log_probabilities": [-0.7413425445556641, -3.121044874191284, -4.315089702606201, -6.742996692657471], "predictions": [61, 16, 398, 399, 400, 17, 62, 4, 4], "target_tokens": ["[IN:GET_EVENT", "[SL:DATE_TIME", "@ptr3", "@ptr4", "@ptr5", "@ptr6", "SL:DATE_TIME]", "IN:GET_EVENT]"], "predicted_tokens": ["[IN:GET_EVENT", "[SL:DATE_TIME", "@ptr3", "@ptr4", "@ptr5", "SL:DATE_TIME]", "IN:GET_EVENT]"]}
{"loss": 0.9702956676483154, "class_log_probabilities": [-0.491798460483551, -6.027181148529053, -6.746232032775879, -6.891061782836914], "predictions": [61, 14, 403, 15, 16, 404, 17, 62, 4, 4], "target_tokens": ["[IN:GET_EVENT", "[SL:LOCATION", "@ptr8", "SL:LOCATION]", "[SL:DATE_TIME", "@ptr9", "SL:DATE_TIME]", "IN:GET_EVENT]"], "predicted_tokens": ["[IN:GET_EVENT", "[SL:LOCATION", "@ptr8", "SL:LOCATION]", "[SL:DATE_TIME", "@ptr9", "SL:DATE_TIME]", "IN:GET_EVENT]"]}
{"loss": 1.8514801263809204, "class_log_probabilities": [-1.0433039665222168, -1.4797660112380981, -6.435570240020752, -6.585503578186035], "predictions": [61, 16, 400, 17, 62, 4], "target_tokens": ["[IN:GET_EVENT", "[SL:DATE_TIME", "@ptr4", "SL:DATE_TIME]", "IN:GET_EVENT]"], "predicted_tokens": ["[IN:GET_EVENT", "[SL:DATE_TIME", "@ptr5", "SL:DATE_TIME]", "IN:GET_EVENT]"]}
{"loss": 2.2737929821014404, "class_log_probabilities": [-0.7555702924728394, -5.365270614624023, -5.774868965148926, -5.886632442474365], "predictions": [70, 71, 398, 72, 6, 400, 401, 7, 73, 4], "target_tokens": ["[IN:GET_CONTACT", "[SL:CONTACT", "@ptr5", "@ptr6", "SL:CONTACT]", "[SL:TYPE_RELATION", "@ptr3", "SL:TYPE_RELATION]", "IN:GET_CONTACT]"], "predicted_tokens": ["[IN:GET_CONTACT", "[SL:TYPE_RELATION", "@ptr3", "SL:TYPE_RELATION]", "[SL:CONTACT", "@ptr5", "@ptr6", "SL:CONTACT]", "IN:GET_CONTACT]"]}
{"loss": 2.098484516143799, "class_log_probabilities": [-0.7017782926559448, -2.930286169052124, -6.677902698516846, -6.700438022613525], "predictions": [70, 71, 397, 72, 6, 399, 400, 7, 73, 4], "target_tokens": ["[IN:GET_CONTACT", "[SL:CONTACT", "@ptr4", "@ptr5", "SL:CONTACT]", "[SL:TYPE_RELATION", "@ptr2", "SL:TYPE_RELATION]", "IN:GET_CONTACT]"], "predicted_tokens": ["[IN:GET_CONTACT", "[SL:TYPE_RELATION", "@ptr2", "SL:TYPE_RELATION]", "[SL:CONTACT", "@ptr4", "@ptr5", "SL:CONTACT]", "IN:GET_CONTACT]"]}
{"loss": 2.099545478820801, "class_log_probabilities": [-0.7563889026641846, -4.147737503051758, -5.2494797706604, -5.378039836883545], "predictions": [70, 71, 399, 72, 6, 401, 7, 73, 4], "target_tokens": ["[IN:GET_CONTACT", "[SL:CONTACT", "@ptr6", "SL:CONTACT]", "[SL:TYPE_RELATION", "@ptr4", "SL:TYPE_RELATION]", "IN:GET_CONTACT]"], "predicted_tokens": ["[IN:GET_CONTACT", "[SL:TYPE_RELATION", "@ptr4", "SL:TYPE_RELATION]", "[SL:CONTACT", "@ptr6", "SL:CONTACT]", "IN:GET_CONTACT]"]}
{"loss": 1.1502245664596558, "class_log_probabilities": [-2.8382413387298584, -3.0677478313446045, -3.3724305629730225, -4.669637680053711], "predictions": [317, 6, 402, 7, 318, 400, 319, 320, 4], "target_tokens": ["[IN:GET_CONTACT_METHOD", "[SL:CONTACT", "@ptr7", "SL:CONTACT]", "[SL:CONTACT_METHOD", "@ptr5", "SL:CONTACT_METHOD]", "IN:GET_CONTACT_METHOD]"], "predicted_tokens": ["[IN:GET_CONTACT_METHOD", "[SL:CONTACT", "@ptr7", "SL:CONTACT]", "[SL:CONTACT_METHOD", "@ptr5", "SL:CONTACT_METHOD]", "IN:GET_CONTACT_METHOD]"]}
{"loss": 0.9601731300354004, "class_log_probabilities": [-0.5587060451507568, -4.970179557800293, -6.478942394256592, -7.284983158111572], "predictions": [13, 14, 401, 402, 403, 15, 18, 4], "target_tokens": ["[IN:GET_WEATHER", "[SL:LOCATION", "@ptr6", "@ptr7", "@ptr8", "SL:LOCATION]", "IN:GET_WEATHER]"], "predicted_tokens": ["[IN:GET_WEATHER", "[SL:LOCATION", "@ptr6", "@ptr7", "@ptr8", "SL:LOCATION]", "IN:GET_WEATHER]"]}
{"loss": 2.1260902881622314, "class_log_probabilities": [-0.5549735426902771, -4.214498996734619, -5.719420909881592, -5.88951301574707], "predictions": [55, 56, 400, 401, 402, 403, 57, 58, 4], "target_tokens": ["[IN:GET_LIFE_EVENT_TIME", "[SL:CONTACT", "@ptr5", "@ptr6", "SL:CONTACT]", "[SL:LIFE_EVENT", "@ptr8", "SL:LIFE_EVENT]", "IN:GET_LIFE_EVENT_TIME]"], "predicted_tokens": ["[IN:QUESTION_NEWS", "[SL:NEWS_TOPIC", "@ptr5", "@ptr6", "@ptr7", "@ptr8", "SL:NEWS_TOPIC]", "IN:QUESTION_NEWS]"]}
{"loss": 1.0087541341781616, "class_log_probabilities": [-0.9456770420074463, -4.752050399780273, -4.882574558258057, -5.747417449951172], "predictions": [211, 6, 400, 401, 7, 212, 4], "target_tokens": ["[IN:GET_LOCATION", "[SL:CONTACT", "@ptr5", "@ptr6", "SL:CONTACT]", "IN:GET_LOCATION]"], "predicted_tokens": ["[IN:GET_LOCATION", "[SL:CONTACT", "@ptr5", "@ptr6", "SL:CONTACT]", "IN:GET_LOCATION]"]}
{"loss": 1.7906461954116821, "class_log_probabilities": [-1.0519704818725586, -2.639944314956665, -3.5149381160736084, -4.884580135345459], "predictions": [63, 66, 399, 67, 68, 4], "target_tokens": ["[IN:GET_INFO_CONTACT", "[SL:CONTACT", "@ptr4", "SL:CONTACT]", "IN:GET_INFO_CONTACT]"], "predicted_tokens": ["[IN:PLAY_MUSIC", "[SL:MUSIC_ARTIST_NAME", "@ptr4", "SL:MUSIC_ARTIST_NAME]", "IN:PLAY_MUSIC]"]}
{"loss": 1.8935457468032837, "class_log_probabilities": [-3.260422706604004, -4.923325538635254, -6.717881202697754, -15.51353645324707], "predictions": [105, 71, 400, 72, 6, 403, 7, 106, 4, 4, 4, 4, 4, 4, 4, 4, 4, 4, 4, 4, 4, 4], "target_tokens": ["[IN:GET_INFO_CONTACT", "[SL:CONTACT_RELATED", "@ptr7", "SL:CONTACT_RELATED]", "[SL:TYPE_RELATION", "@ptr5", "SL:TYPE_RELATION]", "[SL:CONTACT", "@ptr9", "SL:CONTACT]", "IN:GET_INFO_CONTACT]"], "predicted_tokens": ["[IN:GET_INFO_CONTACT", "[SL:TYPE_RELATION", "@ptr5", "SL:TYPE_RELATION]", "[SL:CONTACT", "@ptr8", "SL:CONTACT]", "IN:GET_INFO_CONTACT]"]}
{"loss": 0.9665514826774597, "class_log_probabilities": [-0.34257522225379944, -7.404465198516846, -7.7638115882873535, -7.846140384674072], "predictions": [105, 6, 397, 7, 106, 4], "target_tokens": ["[IN:GET_INFO_CONTACT", "[SL:CONTACT", "@ptr2", "SL:CONTACT]", "IN:GET_INFO_CONTACT]"], "predicted_tokens": ["[IN:GET_INFO_CONTACT", "[SL:CONTACT", "@ptr2", "SL:CONTACT]", "IN:GET_INFO_CONTACT]"]}
{"loss": 0.9676637649536133, "class_log_probabilities": [-0.33716529607772827, -7.517416000366211, -7.813642501831055, -7.9625749588012695], "predictions": [105, 6, 397, 7, 106, 4], "target_tokens": ["[IN:GET_INFO_CONTACT", "[SL:CONTACT", "@ptr2", "SL:CONTACT]", "IN:GET_INFO_CONTACT]"], "predicted_tokens": ["[IN:GET_INFO_CONTACT", "[SL:CONTACT", "@ptr2", "SL:CONTACT]", "IN:GET_INFO_CONTACT]"]}
{"loss": 3.51025128364563, "class_log_probabilities": [-1.890831708908081, -2.761704921722412, -3.027372121810913, -4.78501558303833], "predictions": [105, 6, 397, 7, 71, 400, 72, 6, 402, 7, 106, 4, 4], "target_tokens": ["[IN:GET_INFO_CONTACT", "[SL:CONTACT_RELATED", "@ptr7", "SL:CONTACT_RELATED]", "[SL:TYPE_RELATION", "@ptr5", "SL:TYPE_RELATION]", "[SL:CONTACT", "@ptr2", "SL:CONTACT]", "IN:GET_INFO_CONTACT]"], "predicted_tokens": ["[IN:GET_INFO_CONTACT", "[SL:CONTACT", "@ptr2", "SL:CONTACT]", "[SL:TYPE_RELATION", "@ptr5", "SL:TYPE_RELATION]", "[SL:CONTACT", "@ptr7", "SL:CONTACT]", "IN:GET_INFO_CONTACT]"]}
{"loss": 0.9696432948112488, "class_log_probabilities": [-0.38893797993659973, -4.844240188598633, -6.323415756225586, -7.32027006149292], "predictions": [137, 6, 399, 7, 140, 4, 4], "target_tokens": ["[IN:GET_EMPLOYER", "[SL:CONTACT", "@ptr4", "SL:CONTACT]", "IN:GET_EMPLOYER]"], "predicted_tokens": ["[IN:GET_EMPLOYER", "[SL:CONTACT", "@ptr4", "SL:CONTACT]", "IN:GET_EMPLOYER]"]}
{"loss": 0.9620791077613831, "class_log_probabilities": [-0.3857727348804474, -6.873702526092529, -7.2907538414001465, -9.018893241882324], "predictions": [137, 6, 398, 7, 140, 4, 4, 4], "target_tokens": ["[IN:GET_EMPLOYER", "[SL:CONTACT", "@ptr3", "SL:CONTACT]", "IN:GET_EMPLOYER]"], "predicted_tokens": ["[IN:GET_EMPLOYER", "[SL:CONTACT", "@ptr3", "SL:CONTACT]", "IN:GET_EMPLOYER]"]}
{"loss": 0.9998342990875244, "class_log_probabilities": [-0.8706582188606262, -3.24169921875, -3.314286231994629, -3.9023077487945557], "predictions": [137, 6, 399, 7, 138, 404, 139, 140, 4], "target_tokens": ["[IN:GET_EMPLOYER", "[SL:CONTACT", "@ptr4", "SL:CONTACT]", "[SL:EMPLOYER", "@ptr9", "SL:EMPLOYER]", "IN:GET_EMPLOYER]"], "predicted_tokens": ["[IN:GET_EMPLOYER", "[SL:CONTACT", "@ptr4", "SL:CONTACT]", "[SL:EMPLOYER", "@ptr9", "SL:EMPLOYER]", "IN:GET_EMPLOYER]"]}
{"loss": 0.9620134234428406, "class_log_probabilities": [-0.3868311047554016, -7.014081001281738, -7.270089626312256, -9.032235145568848], "predictions": [137, 6, 398, 7, 140, 4, 4, 4], "target_tokens": ["[IN:GET_EMPLOYER", "[SL:CONTACT", "@ptr3", "SL:CONTACT]", "IN:GET_EMPLOYER]"], "predicted_tokens": ["[IN:GET_EMPLOYER", "[SL:CONTACT", "@ptr3", "SL:CONTACT]", "IN:GET_EMPLOYER]"]}
{"loss": 1.2566276788711548, "class_log_probabilities": [-2.2027924060821533, -2.736771583557129, -3.077058792114258, -45.763545989990234], "predictions": [70, 6, 401, 7, 73, 4, 4, 4, 4, 4, 4, 4, 4, 4, 4, 4, 4, 4, 4, 4, 4, 4, 4, 4, 4, 4, 4, 4, 4, 4, 4, 4, 4, 4, 4, 4, 4, 4, 4, 4, 4, 4, 4, 4, 4, 4, 4, 4, 4, 4, 4, 4, 4, 4, 4, 4, 4, 4, 4, 4, 4, 4, 4, 4, 4, 4, 4, 4, 4, 4, 4, 4, 4, 4, 4, 4, 4, 4, 4, 4, 4, 4, 4, 4, 4, 4, 4, 4, 4, 4, 4, 4, 4, 4, 4, 4, 4, 4, 4, 4], "target_tokens": ["[IN:GET_EMPLOYER", "[SL:CONTACT", "@ptr6", "SL:CONTACT]", "IN:GET_EMPLOYER]"], "predicted_tokens": ["[IN:GET_CONTACT", "[SL:CONTACT", "@ptr6", "SL:CONTACT]", "IN:GET_CONTACT]"]}
{"loss": 1.0340453386306763, "class_log_probabilities": [-1.180249571800232, -2.3408613204956055, -2.4734225273132324, -4.003523349761963], "predictions": [137, 6, 395, 7, 138, 404, 139, 140, 4], "target_tokens": ["[IN:GET_EMPLOYER", "[SL:CONTACT", "@ptr0", "SL:CONTACT]", "[SL:EMPLOYER", "@ptr9", "SL:EMPLOYER]", "IN:GET_EMPLOYER]"], "predicted_tokens": ["[IN:GET_EMPLOYER", "[SL:CONTACT", "@ptr0", "SL:CONTACT]", "[SL:EMPLOYER", "@ptr9", "SL:EMPLOYER]", "IN:GET_EMPLOYER]"]}
{"loss": 0.9666313529014587, "class_log_probabilities": [-0.3553521931171417, -6.433543682098389, -6.865841865539551, -7.404897212982178], "predictions": [137, 6, 400, 7, 140, 4], "target_tokens": ["[IN:GET_EMPLOYER", "[SL:CONTACT", "@ptr5", "SL:CONTACT]", "IN:GET_EMPLOYER]"], "predicted_tokens": ["[IN:GET_EMPLOYER", "[SL:CONTACT", "@ptr5", "SL:CONTACT]", "IN:GET_EMPLOYER]"]}
{"loss": 0.9826682209968567, "class_log_probabilities": [-0.5874441266059875, -4.322543144226074, -5.33319091796875, -6.108069896697998], "predictions": [137, 6, 399, 7, 138, 403, 404, 139, 140, 4], "target_tokens": ["[IN:GET_EMPLOYER", "[SL:CONTACT", "@ptr4", "SL:CONTACT]", "[SL:EMPLOYER", "@ptr8", "@ptr9", "SL:EMPLOYER]", "IN:GET_EMPLOYER]"], "predicted_tokens": ["[IN:GET_EMPLOYER", "[SL:CONTACT", "@ptr4", "SL:CONTACT]", "[SL:EMPLOYER", "@ptr8", "@ptr9", "SL:EMPLOYER]", "IN:GET_EMPLOYER]"]}
{"loss": 0.9989960193634033, "class_log_probabilities": [-0.6643934845924377, -3.82757830619812, -4.55785608291626, -4.728036880493164], "predictions": [147, 6, 396, 7, 257, 404, 258, 150, 4, 4, 4, 4], "target_tokens": ["[IN:GET_EDUCATION_TIME", "[SL:CONTACT", "@ptr1", "SL:CONTACT]", "[SL:SCHOOL", "@ptr9", "SL:SCHOOL]", "IN:GET_EDUCATION_TIME]"], "predicted_tokens": ["[IN:GET_EDUCATION_TIME", "[SL:CONTACT", "@ptr1", "SL:CONTACT]", "[SL:SCHOOL", "@ptr9", "SL:SCHOOL]", "IN:GET_EDUCATION_TIME]"]}
{"loss": 2.7718346118927, "class_log_probabilities": [-3.68469500541687, -4.299177169799805, -4.421210765838623, -7.806829929351807], "predictions": [193, 6, 396, 7, 138, 404, 405, 406, 410, 411, 196, 4, 4, 4, 4, 4], "target_tokens": ["[IN:GET_EMPLOYMENT_TIME", "[SL:CONTACT", "@ptr1", "SL:CONTACT]", "[SL:EMPLOYER", "@ptr11", "SL:EMPLOYER]", "[SL:JOB", "@ptr15", "@ptr16", "@ptr17", "SL:JOB]", "IN:GET_EMPLOYMENT_TIME]"], "predicted_tokens": ["[IN:GET_EMPLOYMENT_TIME", "[SL:CONTACT", "@ptr1", "SL:CONTACT]", "[SL:EMPLOYER", "@ptr9", "@ptr10", "@ptr11", "@ptr15", "@ptr16", "IN:GET_EMPLOYMENT_TIME]"]}
{"loss": 0.9750633239746094, "class_log_probabilities": [-0.4985392689704895, -6.4859137535095215, -6.582143306732178, -6.645746231079102], "predictions": [137, 6, 399, 7, 138, 402, 139, 140, 4], "target_tokens": ["[IN:GET_EMPLOYER", "[SL:CONTACT", "@ptr4", "SL:CONTACT]", "[SL:EMPLOYER", "@ptr7", "SL:EMPLOYER]", "IN:GET_EMPLOYER]"], "predicted_tokens": ["[IN:GET_EMPLOYER", "[SL:CONTACT", "@ptr4", "SL:CONTACT]", "[SL:EMPLOYER", "@ptr7", "SL:EMPLOYER]", "IN:GET_EMPLOYER]"]}
{"loss": 3.0983951091766357, "class_log_probabilities": [-0.2988570034503937, -6.985424041748047, -7.507263660430908, -8.046964645385742], "predictions": [211, 6, 396, 7, 212, 4, 4], "target_tokens": ["[IN:GET_EMPLOYER", "[SL:CONTACT", "@ptr1", "SL:CONTACT]", "IN:GET_EMPLOYER]"], "predicted_tokens": ["[IN:GET_LOCATION", "[SL:CONTACT", "@ptr1", "SL:CONTACT]", "IN:GET_LOCATION]"]}
{"loss": 1.280465841293335, "class_log_probabilities": [-2.460975408554077, -2.7503857612609863, -3.5421040058135986, -4.480594635009766], "predictions": [137, 6, 399, 7, 138, 404, 405, 139, 140, 4, 4, 4], "target_tokens": ["[IN:GET_EMPLOYER", "[SL:CONTACT", "@ptr4", "SL:CONTACT]", "[SL:EMPLOYER", "@ptr9", "@ptr10", "@ptr11", "SL:EMPLOYER]", "IN:GET_EMPLOYER]"], "predicted_tokens": ["[IN:GET_EMPLOYER", "[SL:CONTACT", "@ptr4", "SL:CONTACT]", "[SL:EMPLOYER", "@ptr9", "@ptr10", "SL:EMPLOYER]", "IN:GET_EMPLOYER]"]}
{"loss": 0.9977810382843018, "class_log_probabilities": [-0.4034964442253113, -6.863365173339844, -7.017918586730957, -7.056488513946533], "predictions": [147, 6, 395, 7, 257, 399, 258, 150, 4], "target_tokens": ["[IN:GET_EDUCATION_TIME", "[SL:CONTACT", "@ptr0", "SL:CONTACT]", "[SL:SCHOOL", "@ptr4", "SL:SCHOOL]", "IN:GET_EDUCATION_TIME]"], "predicted_tokens": ["[IN:GET_EDUCATION_TIME", "[SL:CONTACT", "@ptr0", "SL:CONTACT]", "[SL:SCHOOL", "@ptr4", "SL:SCHOOL]", "IN:GET_EDUCATION_TIME]"]}
{"loss": 0.9944028854370117, "class_log_probabilities": [-0.7331241369247437, -3.557703971862793, -5.411309242248535, -5.6215925216674805], "predictions": [147, 6, 396, 7, 257, 404, 405, 258, 150, 4, 4, 4, 4], "target_tokens": ["[IN:GET_EDUCATION_TIME", "[SL:CONTACT", "@ptr1", "SL:CONTACT]", "[SL:SCHOOL", "@ptr9", "@ptr10", "SL:SCHOOL]", "IN:GET_EDUCATION_TIME]"], "predicted_tokens": ["[IN:GET_EDUCATION_TIME", "[SL:CONTACT", "@ptr1", "SL:CONTACT]", "[SL:SCHOOL", "@ptr9", "@ptr10", "SL:SCHOOL]", "IN:GET_EDUCATION_TIME]"]}
{"loss": 1.673547625541687, "class_log_probabilities": [-0.5156685709953308, -6.46185302734375, -6.629889488220215, -7.435146331787109], "predictions": [70, 16, 399, 400, 401, 17, 73, 4], "target_tokens": ["[IN:GET_CONTACT", "[SL:DATE_TIME", "@ptr4", "@ptr5", "@ptr6", "@ptr7", "SL:DATE_TIME]", "IN:GET_CONTACT]"], "predicted_tokens": ["[IN:GET_CONTACT", "[SL:DATE_TIME", "@ptr4", "@ptr5", "@ptr6", "SL:DATE_TIME]", "IN:GET_CONTACT]"]}
{"loss": 1.4468913078308105, "class_log_probabilities": [-1.9106647968292236, -2.8708837032318115, -4.768595218658447, -5.928226947784424], "predictions": [125, 93, 401, 94, 71, 401, 72, 126, 4], "target_tokens": ["[IN:GET_AGE", "[SL:CONTACT_RELATED", "@ptr5", "SL:CONTACT_RELATED]", "[SL:TYPE_RELATION", "@ptr6", "SL:TYPE_RELATION]", "IN:GET_AGE]"], "predicted_tokens": ["[IN:GET_AGE", "[SL:CONTACT_RELATED", "@ptr6", "SL:CONTACT_RELATED]", "[SL:TYPE_RELATION", "@ptr6", "SL:TYPE_RELATION]", "IN:GET_AGE]"]}
{"loss": 0.9737205505371094, "class_log_probabilities": [-0.310603529214859, -7.5764312744140625, -7.6028056144714355, -7.717906475067139], "predictions": [211, 6, 398, 7, 212, 4], "target_tokens": ["[IN:GET_LOCATION", "[SL:CONTACT", "@ptr3", "SL:CONTACT]", "IN:GET_LOCATION]"], "predicted_tokens": ["[IN:GET_LOCATION", "[SL:CONTACT", "@ptr3", "SL:CONTACT]", "IN:GET_LOCATION]"]}
{"loss": 1.0903775691986084, "class_log_probabilities": [-1.2800242900848389, -1.9080426692962646, -4.770901203155518, -4.884805202484131], "predictions": [70, 93, 399, 94, 138, 404, 139, 73, 4], "target_tokens": ["[IN:GET_CONTACT", "[SL:CONTACT_RELATED", "@ptr4", "SL:CONTACT_RELATED]", "[SL:EMPLOYER", "@ptr10", "SL:EMPLOYER]", "IN:GET_CONTACT]"], "predicted_tokens": ["[IN:GET_CONTACT", "[SL:CONTACT_RELATED", "@ptr4", "SL:CONTACT_RELATED]", "[SL:EMPLOYER", "@ptr9", "SL:EMPLOYER]", "IN:GET_CONTACT]"]}
{"loss": 3.0394210815429688, "class_log_probabilities": [-3.6232945919036865, -5.347305774688721, -5.985598087310791, -7.401705741882324], "predictions": [70, 93, 400, 94, 73, 4, 4, 4, 4, 4, 4, 4], "target_tokens": ["[IN:GET_CONTACT", "[SL:CONTACT_RELATED", "@ptr5", "SL:CONTACT_RELATED]", "[SL:EMPLOYER", "@ptr16", "@ptr17", "@ptr18", "SL:EMPLOYER]", "IN:GET_CONTACT]"], "predicted_tokens": ["[IN:GET_CONTACT", "[SL:CONTACT_RELATED", "@ptr5", "SL:CONTACT_RELATED]", "IN:GET_CONTACT]"]}
{"loss": 2.209925413131714, "class_log_probabilities": [-0.45776861906051636, -5.852499008178711, -6.885183334350586, -7.029445648193359], "predictions": [211, 6, 399, 7, 14, 402, 15, 212, 4, 4, 4, 4], "target_tokens": ["[IN:GET_LOCATION", "[SL:CONTACT", "@ptr4", "SL:CONTACT]", "[SL:LOCATION", "@ptr6", "@ptr7", "SL:LOCATION]", "IN:GET_LOCATION]"], "predicted_tokens": ["[IN:GET_LOCATION", "[SL:CONTACT", "@ptr4", "SL:CONTACT]", "[SL:LOCATION", "@ptr7", "SL:LOCATION]", "IN:GET_LOCATION]"]}
{"loss": 3.3946146965026855, "class_log_probabilities": [-0.28736674785614014, -6.873628616333008, -7.093687534332275, -7.3088202476501465], "predictions": [70, 73, 4, 4, 4, 4], "target_tokens": ["[IN:GET_CONTACT", "[SL:EMPLOYER", "@ptr10", "@ptr11", "@ptr12", "SL:EMPLOYER]", "IN:GET_CONTACT]"], "predicted_tokens": ["[IN:GET_CONTACT", "IN:GET_CONTACT]"]}
{"loss": 1.6788578033447266, "class_log_probabilities": [-2.8575265407562256, -4.175037860870361, -6.285743236541748, -100.82193756103516], "predictions": [70, 138, 405, 139, 73, 4, 4, 4, 4, 4, 4, 4, 4, 4, 4, 4, 4, 4, 4, 4, 4, 4, 4, 4, 4, 4, 4, 4, 4, 4, 4, 4, 4, 4, 4, 4, 4, 4, 4, 4, 4, 4, 4, 4, 4, 4, 4, 4, 4, 4, 4, 4, 4, 4, 4, 4, 4, 4, 4, 4, 4, 4, 4, 4, 4, 4, 4, 4, 4, 4, 4, 4, 4, 4, 4, 4, 4, 4, 4, 4, 4, 4, 4, 4, 4, 4, 4, 4, 4, 4, 4, 4, 4, 4, 4, 4, 4, 4, 4, 4], "target_tokens": ["[IN:GET_CONTACT", "[SL:EMPLOYER", "@ptr11", "@ptr12", "@ptr13", "@ptr14", "@ptr15", "SL:EMPLOYER]", "IN:GET_CONTACT]"], "predicted_tokens": ["[IN:GET_CONTACT", "[SL:EMPLOYER", "@ptr10", "SL:EMPLOYER]", "IN:GET_CONTACT]"]}
{"loss": 1.071640133857727, "class_log_probabilities": [-1.6914477348327637, -2.2814273834228516, -3.6890172958374023, -4.240394115447998], "predictions": [70, 138, 401, 402, 403, 139, 73, 4, 4, 4, 4], "target_tokens": ["[IN:GET_CONTACT", "[SL:EMPLOYER", "@ptr6", "@ptr7", "@ptr8", "SL:EMPLOYER]", "IN:GET_CONTACT]"], "predicted_tokens": ["[IN:GET_CONTACT", "[SL:EMPLOYER", "@ptr6", "@ptr7", "@ptr8", "SL:EMPLOYER]", "IN:GET_CONTACT]"]}
{"loss": 0.9692063331604004, "class_log_probabilities": [-0.45044904947280884, -6.426722526550293, -6.801565647125244, -7.151240348815918], "predictions": [70, 138, 398, 399, 400, 139, 73, 4], "target_tokens": ["[IN:GET_CONTACT", "[SL:EMPLOYER", "@ptr3", "@ptr4", "@ptr5", "SL:EMPLOYER]", "IN:GET_CONTACT]"], "predicted_tokens": ["[IN:GET_CONTACT", "[SL:EMPLOYER", "@ptr3", "@ptr4", "@ptr5", "SL:EMPLOYER]", "IN:GET_CONTACT]"]}
{"loss": 2.0755317211151123, "class_log_probabilities": [-2.4322078227996826, -5.406477451324463, -6.455784320831299, -7.863936424255371], "predictions": [70, 73, 4, 4, 4, 4, 4, 4, 4, 4], "target_tokens": ["[IN:GET_CONTACT", "[SL:EMPLOYER", "@ptr2", "SL:EMPLOYER]", "IN:GET_CONTACT]"], "predicted_tokens": ["[IN:GET_CONTACT", "IN:GET_CONTACT]"]}
{"loss": 0.9803721904754639, "class_log_probabilities": [-0.7199994325637817, -3.1204216480255127, -5.586973667144775, -5.674907684326172], "predictions": [70, 71, 397, 72, 138, 401, 139, 73, 4, 4, 4, 4], "target_tokens": ["[IN:GET_CONTACT", "[SL:TYPE_RELATION", "@ptr2", "SL:TYPE_RELATION]", "[SL:EMPLOYER", "@ptr6", "SL:EMPLOYER]", "IN:GET_CONTACT]"], "predicted_tokens": ["[IN:GET_CONTACT", "[SL:TYPE_RELATION", "@ptr2", "SL:TYPE_RELATION]", "[SL:EMPLOYER", "@ptr6", "SL:EMPLOYER]", "IN:GET_CONTACT]"]}
{"loss": 1.017530918121338, "class_log_probabilities": [-1.5440924167633057, -4.36544942855835, -4.976829528808594, -5.477126121520996], "predictions": [70, 93, 397, 94, 71, 398, 72, 257, 402, 258, 73, 4, 4, 4, 4], "target_tokens": ["[IN:GET_CONTACT", "[SL:CONTACT_RELATED", "@ptr2", "SL:CONTACT_RELATED]", "[SL:TYPE_RELATION", "@ptr3", "SL:TYPE_RELATION]", "[SL:SCHOOL", "@ptr7", "SL:SCHOOL]", "IN:GET_CONTACT]"], "predicted_tokens": ["[IN:GET_CONTACT", "[SL:CONTACT_RELATED", "@ptr2", "SL:CONTACT_RELATED]", "[SL:TYPE_RELATION", "@ptr3", "SL:TYPE_RELATION]", "[SL:SCHOOL", "@ptr7", "SL:SCHOOL]", "IN:GET_CONTACT]"]}
{"loss": 1.1473884582519531, "class_log_probabilities": [-1.8452868461608887, -2.6447479724884033, -3.140324115753174, -4.364388942718506], "predictions": [70, 93, 400, 94, 257, 406, 407, 258, 73, 4, 4, 4], "target_tokens": ["[IN:GET_CONTACT", "[SL:CONTACT_RELATED", "@ptr5", "SL:CONTACT_RELATED]", "[SL:SCHOOL", "@ptr12", "SL:SCHOOL]", "IN:GET_CONTACT]"], "predicted_tokens": ["[IN:GET_CONTACT", "[SL:CONTACT_RELATED", "@ptr5", "SL:CONTACT_RELATED]", "[SL:SCHOOL", "@ptr11", "@ptr12", "SL:SCHOOL]", "IN:GET_CONTACT]"]}
{"loss": 1.012963891029358, "class_log_probabilities": [-0.6150424480438232, -4.806767463684082, -5.750743865966797, -5.811588287353516], "predictions": [70, 257, 401, 258, 73, 4], "target_tokens": ["[IN:GET_CONTACT", "[SL:SCHOOL", "@ptr6", "SL:SCHOOL]", "IN:GET_CONTACT]"], "predicted_tokens": ["[IN:GET_CONTACT", "[SL:SCHOOL", "@ptr6", "SL:SCHOOL]", "IN:GET_CONTACT]"]}
{"loss": 1.2846673727035522, "class_log_probabilities": [-0.9344677925109863, -2.9479260444641113, -5.589096546173096, -6.38350772857666], "predictions": [70, 73, 4, 4, 4, 4, 4, 4, 4, 4], "target_tokens": ["[IN:GET_CONTACT", "[SL:SCHOOL", "@ptr4", "SL:SCHOOL]", "IN:GET_CONTACT]"], "predicted_tokens": ["[IN:GET_CONTACT", "IN:GET_CONTACT]"]}
{"loss": 0.9879996180534363, "class_log_probabilities": [-0.8182656764984131, -3.9649055004119873, -4.730777263641357, -5.01336669921875], "predictions": [70, 257, 399, 258, 73, 4], "target_tokens": ["[IN:GET_CONTACT", "[SL:SCHOOL", "@ptr4", "SL:SCHOOL]", "IN:GET_CONTACT]"], "predicted_tokens": ["[IN:GET_CONTACT", "[SL:SCHOOL", "@ptr4", "SL:SCHOOL]", "IN:GET_CONTACT]"]}
{"loss": 1.78350830078125, "class_log_probabilities": [-3.5974624156951904, -3.9895894527435303, -4.379876613616943, -4.6453046798706055], "predictions": [70, 93, 402, 94, 71, 405, 72, 257, 410, 73, 4, 4], "target_tokens": ["[IN:GET_CONTACT", "[SL:CONTACT_RELATED", "@ptr8", "SL:CONTACT_RELATED]", "[SL:TYPE_RELATION", "@ptr9", "SL:TYPE_RELATION]", "[SL:SCHOOL", "@ptr14", "SL:SCHOOL]", "IN:GET_CONTACT]"], "predicted_tokens": ["[IN:GET_CONTACT", "[SL:CONTACT_RELATED", "@ptr7", "SL:CONTACT_RELATED]", "[SL:TYPE_RELATION", "@ptr10", "SL:TYPE_RELATION]", "[SL:SCHOOL", "@ptr15", "IN:GET_CONTACT]"]}
{"loss": 2.0487301349639893, "class_log_probabilities": [-4.162770748138428, -4.221102237701416, -4.785606861114502, -6.399609565734863], "predictions": [70, 93, 404, 94, 71, 404, 72, 73, 4, 4, 4], "target_tokens": ["[IN:GET_CONTACT", "[SL:CONTACT_RELATED", "@ptr9", "SL:CONTACT_RELATED]", "[SL:SCHOOL", "@ptr15", "@ptr16", "SL:SCHOOL]", "IN:GET_CONTACT]"], "predicted_tokens": ["[IN:GET_CONTACT", "[SL:CONTACT_RELATED", "@ptr9", "SL:CONTACT_RELATED]", "[SL:TYPE_RELATION", "@ptr9", "SL:TYPE_RELATION]", "IN:GET_CONTACT]"]}
{"loss": 1.0250815153121948, "class_log_probabilities": [-1.7859125137329102, -4.770473003387451, -4.833683967590332, -5.485424518585205], "predictions": [70, 93, 398, 94, 71, 399, 72, 257, 403, 404, 258, 73, 4, 4, 4, 4], "target_tokens": ["[IN:GET_CONTACT", "[SL:CONTACT_RELATED", "@ptr3", "SL:CONTACT_RELATED]", "[SL:TYPE_RELATION", "@ptr4", "SL:TYPE_RELATION]", "[SL:SCHOOL", "@ptr8", "@ptr9", "SL:SCHOOL]", "IN:GET_CONTACT]"], "predicted_tokens": ["[IN:GET_CONTACT", "[SL:CONTACT_RELATED", "@ptr3", "SL:CONTACT_RELATED]", "[SL:TYPE_RELATION", "@ptr4", "SL:TYPE_RELATION]", "[SL:SCHOOL", "@ptr8", "@ptr9", "SL:SCHOOL]", "IN:GET_CONTACT]"]}
{"loss": 1.5729728937149048, "class_log_probabilities": [-1.7298943996429443, -3.731929063796997, -4.359335422515869, -4.373239517211914], "predictions": [70, 93, 397, 94, 71, 398, 72, 257, 402, 403, 404, 405, 258, 73, 4], "target_tokens": ["[IN:GET_CONTACT", "[SL:CONTACT_RELATED", "@ptr2", "SL:CONTACT_RELATED]", "[SL:TYPE_RELATION", "@ptr3", "SL:TYPE_RELATION]", "[SL:SCHOOL", "@ptr8", "@ptr9", "@ptr10", "SL:SCHOOL]", "IN:GET_CONTACT]"], "predicted_tokens": ["[IN:GET_CONTACT", "[SL:CONTACT_RELATED", "@ptr2", "SL:CONTACT_RELATED]", "[SL:TYPE_RELATION", "@ptr3", "SL:TYPE_RELATION]", "[SL:SCHOOL", "@ptr7", "@ptr8", "@ptr9", "@ptr10", "SL:SCHOOL]", "IN:GET_CONTACT]"]}
{"loss": 1.0115606784820557, "class_log_probabilities": [-1.401667833328247, -2.1881258487701416, -4.012323379516602, -4.692411422729492], "predictions": [70, 93, 398, 94, 71, 399, 72, 14, 403, 15, 73, 4], "target_tokens": ["[IN:GET_CONTACT", "[SL:CONTACT_RELATED", "@ptr3", "SL:CONTACT_RELATED]", "[SL:TYPE_RELATION", "@ptr4", "SL:TYPE_RELATION]", "[SL:LOCATION", "@ptr8", "SL:LOCATION]", "IN:GET_CONTACT]"], "predicted_tokens": ["[IN:GET_CONTACT", "[SL:CONTACT_RELATED", "@ptr3", "SL:CONTACT_RELATED]", "[SL:TYPE_RELATION", "@ptr4", "SL:TYPE_RELATION]", "[SL:LOCATION", "@ptr8", "SL:LOCATION]", "IN:GET_CONTACT]"]}
{"loss": 0.9699126482009888, "class_log_probabilities": [-0.7267757058143616, -5.8520827293396, -6.927203178405762, -7.191860198974609], "predictions": [70, 93, 395, 94, 71, 398, 72, 14, 400, 401, 15, 73, 4], "target_tokens": ["[IN:GET_CONTACT", "[SL:CONTACT_RELATED", "@ptr0", "SL:CONTACT_RELATED]", "[SL:TYPE_RELATION", "@ptr3", "SL:TYPE_RELATION]", "[SL:LOCATION", "@ptr5", "@ptr6", "SL:LOCATION]", "IN:GET_CONTACT]"], "predicted_tokens": ["[IN:GET_CONTACT", "[SL:CONTACT_RELATED", "@ptr0", "SL:CONTACT_RELATED]", "[SL:TYPE_RELATION", "@ptr3", "SL:TYPE_RELATION]", "[SL:LOCATION", "@ptr5", "@ptr6", "SL:LOCATION]", "IN:GET_CONTACT]"]}
{"loss": 1.0221631526947021, "class_log_probabilities": [-1.0245332717895508, -1.384696364402771, -6.78009557723999, -8.623278617858887], "predictions": [70, 93, 399, 94, 14, 405, 15, 73, 4, 4, 4, 4], "target_tokens": ["[IN:GET_CONTACT", "[SL:CONTACT_RELATED", "@ptr4", "SL:CONTACT_RELATED]", "[SL:LOCATION", "@ptr10", "SL:LOCATION]", "IN:GET_CONTACT]"], "predicted_tokens": ["[IN:GET_CONTACT", "[SL:CONTACT_RELATED", "@ptr4", "SL:CONTACT_RELATED]", "[SL:LOCATION", "@ptr10", "SL:LOCATION]", "IN:GET_CONTACT]"]}
{"loss": 1.4793994426727295, "class_log_probabilities": [-1.2457349300384521, -1.9610002040863037, -4.407949924468994, -5.2359185218811035], "predictions": [70, 14, 399, 400, 401, 402, 403, 15, 73, 4], "target_tokens": ["[IN:GET_CONTACT", "[SL:LOCATION", "@ptr5", "@ptr6", "@ptr7", "SL:LOCATION]", "IN:GET_CONTACT]"], "predicted_tokens": ["[IN:GET_CONTACT", "[SL:LOCATION", "@ptr4", "@ptr5", "@ptr6", "@ptr7", "@ptr8", "SL:LOCATION]", "IN:GET_CONTACT]"]}
{"loss": 0.9830133318901062, "class_log_probabilities": [-0.858646035194397, -4.481135845184326, -4.865503787994385, -6.15345573425293], "predictions": [70, 93, 397, 94, 71, 398, 72, 14, 401, 15, 73, 4, 4, 4, 4], "target_tokens": ["[IN:GET_CONTACT", "[SL:CONTACT_RELATED", "@ptr2", "SL:CONTACT_RELATED]", "[SL:TYPE_RELATION", "@ptr3", "SL:TYPE_RELATION]", "[SL:LOCATION", "@ptr6", "SL:LOCATION]", "IN:GET_CONTACT]"], "predicted_tokens": ["[IN:GET_CONTACT", "[SL:CONTACT_RELATED", "@ptr2", "SL:CONTACT_RELATED]", "[SL:TYPE_RELATION", "@ptr3", "SL:TYPE_RELATION]", "[SL:LOCATION", "@ptr6", "SL:LOCATION]", "IN:GET_CONTACT]"]}
{"loss": 2.3098256587982178, "class_log_probabilities": [-4.283289432525635, -5.138421535491943, -7.008877754211426, -7.2357892990112305], "predictions": [70, 71, 401, 72, 6, 403, 7, 73, 4, 4, 4, 4, 4, 4], "target_tokens": ["[IN:GET_CONTACT", "[SL:CONTACT_RELATED", "@ptr8", "SL:CONTACT_RELATED]", "[SL:TYPE_RELATION", "@ptr6", "SL:TYPE_RELATION]", "IN:GET_CONTACT]"], "predicted_tokens": ["[IN:GET_CONTACT", "[SL:TYPE_RELATION", "@ptr6", "SL:TYPE_RELATION]", "[SL:CONTACT", "@ptr8", "SL:CONTACT]", "IN:GET_CONTACT]"]}
{"loss": 1.6432862281799316, "class_log_probabilities": [-0.6820815205574036, -5.362637519836426, -5.843619346618652, -8.980720520019531], "predictions": [70, 71, 398, 72, 93, 400, 94, 73, 4, 4, 4, 4], "target_tokens": ["[IN:GET_CONTACT", "[SL:CONTACT_RELATED", "@ptr5", "SL:CONTACT_RELATED]", "[SL:TYPE_RELATION", "@ptr3", "SL:TYPE_RELATION]", "IN:GET_CONTACT]"], "predicted_tokens": ["[IN:GET_CONTACT", "[SL:TYPE_RELATION", "@ptr3", "SL:TYPE_RELATION]", "[SL:CONTACT_RELATED", "@ptr5", "SL:CONTACT_RELATED]", "IN:GET_CONTACT]"]}
{"loss": 0.9823229312896729, "class_log_probabilities": [-0.5602120161056519, -3.0468897819519043, -5.583520889282227, -6.186920166015625], "predictions": [70, 93, 398, 94, 71, 401, 72, 73, 4], "target_tokens": ["[IN:GET_CONTACT", "[SL:CONTACT_RELATED", "@ptr3", "SL:CONTACT_RELATED]", "[SL:TYPE_RELATION", "@ptr6", "SL:TYPE_RELATION]", "IN:GET_CONTACT]"], "predicted_tokens": ["[IN:GET_CONTACT", "[SL:CONTACT_RELATED", "@ptr3", "SL:CONTACT_RELATED]", "[SL:TYPE_RELATION", "@ptr6", "SL:TYPE_RELATION]", "IN:GET_CONTACT]"]}
{"loss": 1.987825870513916, "class_log_probabilities": [-3.2792046070098877, -3.4767565727233887, -3.6435515880584717, -4.698909759521484], "predictions": [70, 71, 401, 72, 93, 402, 94, 73, 4, 4, 4, 4], "target_tokens": ["[IN:GET_CONTACT", "[SL:CONTACT_RELATED", "@ptr8", "SL:CONTACT_RELATED]", "[SL:TYPE_RELATION", "@ptr6", "SL:TYPE_RELATION]", "IN:GET_CONTACT]"], "predicted_tokens": ["[IN:GET_CONTACT", "[SL:TYPE_RELATION", "@ptr6", "SL:TYPE_RELATION]", "[SL:CONTACT_RELATED", "@ptr7", "SL:CONTACT_RELATED]", "IN:GET_CONTACT]"]}
{"loss": 1.5006047487258911, "class_log_probabilities": [-1.7439810037612915, -4.194789886474609, -4.750986576080322, -7.407262802124023], "predictions": [70, 71, 397, 72, 93, 399, 400, 94, 73, 4, 4, 4, 4, 4], "target_tokens": ["[IN:GET_CONTACT", "[SL:CONTACT_RELATED", "@ptr4", "@ptr5", "SL:CONTACT_RELATED]", "[SL:TYPE_RELATION", "@ptr2", "SL:TYPE_RELATION]", "IN:GET_CONTACT]"], "predicted_tokens": ["[IN:GET_CONTACT", "[SL:TYPE_RELATION", "@ptr2", "SL:TYPE_RELATION]", "[SL:CONTACT_RELATED", "@ptr4", "@ptr5", "SL:CONTACT_RELATED]", "IN:GET_CONTACT]"]}
{"loss": 2.0080347061157227, "class_log_probabilities": [-4.5502119064331055, -5.40651273727417, -6.448126792907715, -7.781829357147217], "predictions": [27, 289, 403, 290, 30, 4, 4, 4, 4, 4, 4, 4], "target_tokens": ["[IN:GET_RECIPES", "[SL:RECIPES_RATING", "@ptr8", "SL:RECIPES_RATING]", "[SL:RECIPES_TYPE", "@ptr10", "SL:RECIPES_TYPE]", "[SL:RECIPES_INCLUDED_INGREDIENT", "@ptr13", "SL:RECIPES_INCLUDED_INGREDIENT]", "IN:GET_RECIPES]"], "predicted_tokens": ["[IN:GET_INFO_RECIPES", "[SL:RECIPES_RATING", "@ptr8", "SL:RECIPES_RATING]", "IN:GET_INFO_RECIPES]"]}
{"loss": 2.331296920776367, "class_log_probabilities": [-1.338665246963501, -4.123241424560547, -5.348848342895508, -5.980276107788086], "predictions": [51, 54, 4, 4, 4, 4, 4, 4, 4], "target_tokens": ["[IN:GET_RECIPES", "[SL:RECIPES_ATTRIBUTE", "@ptr6", "SL:RECIPES_ATTRIBUTE]", "[SL:RECIPES_TYPE", "@ptr5", "SL:RECIPES_TYPE]", "IN:GET_RECIPES]"], "predicted_tokens": ["[IN:GET_RECIPES", "IN:GET_RECIPES]"]}
{"loss": 3.450495481491089, "class_log_probabilities": [-1.912299394607544, -2.5575239658355713, -2.726628065109253, -3.3731369972229004], "predictions": [27, 28, 398, 29, 30, 4, 4, 4, 4], "target_tokens": ["[IN:GET_INFO_RECIPES", "[SL:RECIPES_ATTRIBUTE", "@ptr3", "SL:RECIPES_ATTRIBUTE]", "[SL:RECIPES_CUISINE", "@ptr10", "SL:RECIPES_CUISINE]", "[SL:METHOD_RECIPES", "@ptr9", "SL:METHOD_RECIPES]", "IN:GET_INFO_RECIPES]"], "predicted_tokens": ["[IN:GET_INFO_RECIPES", "[SL:RECIPES_ATTRIBUTE", "@ptr3", "SL:RECIPES_ATTRIBUTE]", "IN:GET_INFO_RECIPES]"]}
{"loss": 1.0292261838912964, "class_log_probabilities": [-1.4245786666870117, -2.278193712234497, -2.920175313949585, -4.611208438873291], "predictions": [27, 28, 398, 29, 52, 402, 403, 404, 53, 30, 4, 4], "target_tokens": ["[IN:GET_INFO_RECIPES", "[SL:RECIPES_ATTRIBUTE", "@ptr3", "SL:RECIPES_ATTRIBUTE]", "[SL:RECIPES_DISH", "@ptr7", "@ptr8", "@ptr9", "SL:RECIPES_DISH]", "IN:GET_INFO_RECIPES]"], "predicted_tokens": ["[IN:GET_INFO_RECIPES", "[SL:RECIPES_ATTRIBUTE", "@ptr3", "SL:RECIPES_ATTRIBUTE]", "[SL:RECIPES_DISH", "@ptr7", "@ptr8", "@ptr9", "SL:RECIPES_DISH]", "IN:GET_INFO_RECIPES]"]}
{"loss": 1.8238245248794556, "class_log_probabilities": [-0.6486600041389465, -5.173955917358398, -5.613986968994141, -5.961132526397705], "predictions": [27, 28, 397, 29, 113, 401, 114, 129, 403, 130, 30, 4], "target_tokens": ["[IN:GET_INFO_RECIPES", "[SL:RECIPES_ATTRIBUTE", "@ptr2", "SL:RECIPES_ATTRIBUTE]", "[SL:RECIPES_INCLUDED_INGREDIENT", "@ptr8", "SL:RECIPES_INCLUDED_INGREDIENT]", "IN:GET_INFO_RECIPES]"], "predicted_tokens": ["[IN:GET_INFO_RECIPES", "[SL:RECIPES_ATTRIBUTE", "@ptr2", "SL:RECIPES_ATTRIBUTE]", "[SL:RECIPES_COOKING_METHOD", "@ptr6", "SL:RECIPES_COOKING_METHOD]", "[SL:RECIPES_INCLUDED_INGREDIENT", "@ptr8", "SL:RECIPES_INCLUDED_INGREDIENT]", "IN:GET_INFO_RECIPES]"]}
{"loss": 3.296177625656128, "class_log_probabilities": [-1.0011366605758667, -2.8563718795776367, -3.0568807125091553, -4.293277263641357], "predictions": [259, 16, 399, 400, 401, 17, 260, 4], "target_tokens": ["[IN:CREATE_ALARM", "[SL:DATE_TIME", "@ptr3", "@ptr4", "@ptr5", "SL:DATE_TIME]", "IN:CREATE_ALARM]"], "predicted_tokens": ["[IN:UPDATE_ALARM", "[SL:DATE_TIME", "@ptr4", "@ptr5", "@ptr6", "SL:DATE_TIME]", "IN:UPDATE_ALARM]"]}
{"loss": 3.017951726913452, "class_log_probabilities": [-0.5385293364524841, -4.812813758850098, -5.360661506652832, -5.398965835571289], "predictions": [45, 16, 399, 400, 401, 17, 46, 4], "target_tokens": ["[IN:CREATE_ALARM", "[SL:DATE_TIME", "@ptr3", "@ptr4", "@ptr5", "SL:DATE_TIME]", "IN:CREATE_ALARM]"], "predicted_tokens": ["[IN:CREATE_ALARM", "[SL:DATE_TIME", "@ptr4", "@ptr5", "@ptr6", "SL:DATE_TIME]", "IN:CREATE_ALARM]"]}
{"loss": 1.9871339797973633, "class_log_probabilities": [-2.1199569702148438, -2.88189959526062, -3.3517720699310303, -3.710275173187256], "predictions": [55, 56, 399, 400, 401, 402, 403, 404, 406, 57, 58, 4], "target_tokens": ["[IN:QUESTION_NEWS", "[SL:NEWS_TOPIC", "@ptr3", "@ptr4", "@ptr5", "@ptr6", "@ptr7", "@ptr8", "@ptr9", "SL:NEWS_TOPIC]", "IN:QUESTION_NEWS]"], "predicted_tokens": ["[IN:QUESTION_NEWS", "[SL:NEWS_TOPIC", "@ptr4", "@ptr5", "@ptr6", "@ptr7", "@ptr8", "@ptr9", "@ptr11", "SL:NEWS_TOPIC]", "IN:QUESTION_NEWS]"]}
{"loss": 0.9753267168998718, "class_log_probabilities": [-0.33395934104919434, -6.297735214233398, -6.7260308265686035, -6.979163646697998], "predictions": [89, 90, 398, 91, 92, 4], "target_tokens": ["[IN:CREATE_TIMER", "[SL:METHOD_TIMER", "@ptr3", "SL:METHOD_TIMER]", "IN:CREATE_TIMER]"], "predicted_tokens": ["[IN:CREATE_TIMER", "[SL:METHOD_TIMER", "@ptr3", "SL:METHOD_TIMER]", "IN:CREATE_TIMER]"]}
{"loss": 0.9799259305000305, "class_log_probabilities": [-0.16399750113487244, -6.504378318786621, -7.246328353881836, -7.287619590759277], "predictions": [115, 116, 4], "target_tokens": ["[IN:GET_TIMER", "IN:GET_TIMER]"], "predicted_tokens": ["[IN:GET_TIMER", "IN:GET_TIMER]"]}
{"loss": 3.0291907787323, "class_log_probabilities": [-3.669146776199341, -3.7582006454467773, -4.347368240356445, -5.65638542175293], "predictions": [55, 56, 397, 398, 399, 400, 401, 402, 403, 404, 405, 406, 408, 409, 57, 58, 4, 4, 4, 4], "target_tokens": ["[IN:QUESTION_NEWS", "[SL:NEWS_TOPIC", "@ptr10", "@ptr11", "@ptr12", "@ptr13", "@ptr14", "SL:NEWS_TOPIC]", "IN:QUESTION_NEWS]"], "predicted_tokens": ["[IN:QUESTION_NEWS", "[SL:NEWS_TOPIC", "@ptr2", "@ptr3", "@ptr4", "@ptr5", "@ptr6", "@ptr7", "@ptr8", "@ptr9", "@ptr10", "@ptr11", "@ptr13", "@ptr14", "SL:NEWS_TOPIC]", "IN:QUESTION_NEWS]"]}
{"loss": 3.1521706581115723, "class_log_probabilities": [-2.4688031673431396, -4.188168048858643, -24.414148330688477, -123.26630401611328], "predictions": [13, 14, 407, 15, 18, 4, 4, 4, 4, 4, 4, 4, 4, 4, 4, 4, 4, 4, 4, 4, 4, 4, 4, 4, 4, 4, 4, 4, 4, 4, 4, 4, 4, 4, 4, 4, 4, 4, 4, 4, 4, 4, 4, 4, 4, 4, 4, 4, 4, 4, 4, 4, 4, 4, 4, 4, 4, 4, 4, 4, 4, 4, 4, 4, 4, 4, 4, 4, 4, 4, 4, 4, 4, 4, 4, 4, 4, 4, 4, 4, 4, 4, 4, 4, 4, 4, 4, 4, 4, 4, 4, 4, 4, 4, 4, 4, 4, 4, 4, 4], "target_tokens": ["[IN:QUESTION_NEWS", "[SL:NEWS_TOPIC", "@ptr0", "@ptr1", "@ptr2", "@ptr3", "@ptr4", "@ptr5", "@ptr6", "@ptr7", "@ptr8", "@ptr9", "@ptr10", "SL:NEWS_TOPIC]", "IN:QUESTION_NEWS]"], "predicted_tokens": ["[IN:GET_WEATHER", "[SL:LOCATION", "@ptr12", "SL:LOCATION]", "IN:GET_WEATHER]"]}
{"loss": 1.36740243434906, "class_log_probabilities": [-0.8861594200134277, -3.735848903656006, -4.301948547363281, -4.898133754730225], "predictions": [39, 40, 397, 41, 56, 399, 57, 16, 400, 17, 42, 4], "target_tokens": ["[IN:GET_STORIES_NEWS", "[SL:NEWS_REFERENCE", "@ptr1", "SL:NEWS_REFERENCE]", "[SL:NEWS_TYPE", "@ptr2", "SL:NEWS_TYPE]", "[SL:NEWS_TOPIC", "@ptr4", "SL:NEWS_TOPIC]", "[SL:DATE_TIME", "@ptr5", "SL:DATE_TIME]", "IN:GET_STORIES_NEWS]"], "predicted_tokens": ["[IN:GET_STORIES_NEWS", "[SL:NEWS_TYPE", "@ptr2", "SL:NEWS_TYPE]", "[SL:NEWS_TOPIC", "@ptr4", "SL:NEWS_TOPIC]", "[SL:DATE_TIME", "@ptr5", "SL:DATE_TIME]", "IN:GET_STORIES_NEWS]"]}
{"loss": 3.0287835597991943, "class_log_probabilities": [-2.4369394779205322, -3.0162782669067383, -3.3037984371185303, -5.713119983673096], "predictions": [39, 43, 397, 44, 40, 400, 41, 42, 4, 4, 4, 4], "target_tokens": ["[IN:GET_STORIES_NEWS", "[SL:NEWS_CATEGORY", "@ptr2", "SL:NEWS_CATEGORY]", "[SL:NEWS_TYPE", "@ptr1", "SL:NEWS_TYPE]", "[SL:NEWS_TYPE", "@ptr3", "@ptr4", "@ptr5", "@ptr6", "SL:NEWS_TYPE]", "IN:GET_STORIES_NEWS]"], "predicted_tokens": ["[IN:GET_STORIES_NEWS", "[SL:NEWS_CATEGORY", "@ptr2", "SL:NEWS_CATEGORY]", "[SL:NEWS_TYPE", "@ptr5", "SL:NEWS_TYPE]", "IN:GET_STORIES_NEWS]"]}
{"loss": 1.8278545141220093, "class_log_probabilities": [-43.64179229736328, -44.01403045654297, -44.014129638671875, -44.01442337036133], "predictions": [39, 40, 403, 41, 56, 404, 405, 406, 407, 408, 57, 408, 57, 408, 57, 408, 57, 408, 57, 408, 57, 408, 57, 408, 57, 408, 57, 408, 57, 408, 57, 408, 57, 408, 57, 408, 57, 408, 57, 408, 57, 408, 57, 408, 57, 408, 57, 408, 57, 408, 57, 408, 57, 408, 57, 408, 57, 408, 57, 408, 57, 408, 57, 408, 57, 408, 57, 408, 57, 408, 57, 408, 57, 408, 57, 408, 57, 408, 57, 408, 57, 408, 57, 408, 57, 408, 57, 408, 57, 408, 57, 408, 57, 408, 57, 408, 57, 408, 57, 408], "target_tokens": ["[IN:GET_STORIES_NEWS", "[SL:NEWS_TYPE", "@ptr8", "SL:NEWS_TYPE]", "[SL:NEWS_TOPIC", "@ptr11", "@ptr12", "@ptr13", "@ptr14", "SL:NEWS_TOPIC]", "IN:GET_STORIES_NEWS]"], "predicted_tokens": ["[IN:GET_STORIES_NEWS", "[SL:NEWS_TYPE", "@ptr8", "SL:NEWS_TYPE]", "[SL:NEWS_TOPIC", "@ptr9", "@ptr10", "@ptr11", "@ptr12", "@ptr13", "SL:NEWS_TOPIC]", "@ptr13", "SL:NEWS_TOPIC]", "@ptr13", "SL:NEWS_TOPIC]", "@ptr13", "SL:NEWS_TOPIC]", "@ptr13", "SL:NEWS_TOPIC]", "@ptr13", "SL:NEWS_TOPIC]", "@ptr13", "SL:NEWS_TOPIC]", "@ptr13", "SL:NEWS_TOPIC]", "@ptr13", "SL:NEWS_TOPIC]", "@ptr13", "SL:NEWS_TOPIC]", "@ptr13", "SL:NEWS_TOPIC]", "@ptr13", "SL:NEWS_TOPIC]", "@ptr13", "SL:NEWS_TOPIC]", "@ptr13", "SL:NEWS_TOPIC]", "@ptr13", "SL:NEWS_TOPIC]", "@ptr13", "SL:NEWS_TOPIC]", "@ptr13", "SL:NEWS_TOPIC]", "@ptr13", "SL:NEWS_TOPIC]", "@ptr13", "SL:NEWS_TOPIC]", "@ptr13", "SL:NEWS_TOPIC]", "@ptr13", "SL:NEWS_TOPIC]", "@ptr13", "SL:NEWS_TOPIC]", "@ptr13", "SL:NEWS_TOPIC]", "@ptr13", "SL:NEWS_TOPIC]", "@ptr13", "SL:NEWS_TOPIC]", "@ptr13", "SL:NEWS_TOPIC]", "@ptr13", "SL:NEWS_TOPIC]", "@ptr13", "SL:NEWS_TOPIC]", "@ptr13", "SL:NEWS_TOPIC]", "@ptr13", "SL:NEWS_TOPIC]", "@ptr13", "SL:NEWS_TOPIC]", "@ptr13", "SL:NEWS_TOPIC]", "@ptr13", "SL:NEWS_TOPIC]", "@ptr13", "SL:NEWS_TOPIC]", "@ptr13", "SL:NEWS_TOPIC]", "@ptr13", "SL:NEWS_TOPIC]", "@ptr13", "SL:NEWS_TOPIC]", "@ptr13", "SL:NEWS_TOPIC]", "@ptr13", "SL:NEWS_TOPIC]", "@ptr13", "SL:NEWS_TOPIC]", "@ptr13", "SL:NEWS_TOPIC]", "@ptr13", "SL:NEWS_TOPIC]", "@ptr13", "SL:NEWS_TOPIC]", "@ptr13", "SL:NEWS_TOPIC]", "@ptr13", "SL:NEWS_TOPIC]", "@ptr13"]}
{"loss": 1.6282484531402588, "class_log_probabilities": [-5.395236968994141, -5.560078144073486, -6.825186729431152, -78.73587036132812], "predictions": [55, 56, 399, 400, 401, 402, 403, 404, 405, 406, 57, 58, 4, 4, 4, 4, 4, 4, 4, 4, 4, 4, 4, 4, 4, 4, 4, 4, 4, 4, 4, 4, 4, 4, 4, 4, 4, 4, 4, 4, 4, 4, 4, 4, 4, 4, 4, 4, 4, 4, 4, 4, 4, 4, 4, 4, 4, 4, 4, 4, 4, 4, 4, 4, 4, 4, 4, 4, 4, 4, 4, 4, 4, 4, 4, 4, 4, 4, 4, 4, 4, 4, 4, 4, 4, 4, 4, 4, 4, 4, 4, 4, 4, 4, 4, 4, 4, 4, 4, 4], "target_tokens": ["[IN:QUESTION_NEWS", "[SL:NEWS_TOPIC", "@ptr5", "@ptr6", "@ptr7", "@ptr8", "@ptr9", "@ptr10", "@ptr11", "@ptr12", "@ptr13", "SL:NEWS_TOPIC]", "IN:QUESTION_NEWS]"], "predicted_tokens": ["[IN:QUESTION_NEWS", "[SL:NEWS_TOPIC", "@ptr4", "@ptr5", "@ptr6", "@ptr7", "@ptr8", "@ptr9", "@ptr10", "@ptr11", "SL:NEWS_TOPIC]", "IN:QUESTION_NEWS]"]}
{"loss": 1.6567087173461914, "class_log_probabilities": [-1.024741291999817, -3.7557082176208496, -4.106298446655273, -5.100637912750244], "predictions": [55, 56, 397, 398, 399, 400, 401, 402, 403, 404, 405, 406, 57, 58, 4], "target_tokens": ["[IN:QUESTION_NEWS", "[SL:NEWS_TOPIC", "@ptr2", "@ptr3", "@ptr9", "@ptr10", "@ptr11", "SL:NEWS_TOPIC]", "IN:QUESTION_NEWS]"], "predicted_tokens": ["[IN:QUESTION_NEWS", "[SL:NEWS_TOPIC", "@ptr2", "@ptr3", "@ptr4", "@ptr5", "@ptr6", "@ptr7", "@ptr8", "@ptr9", "@ptr10", "@ptr11", "SL:NEWS_TOPIC]", "IN:QUESTION_NEWS]"]}
{"loss": 2.0297815799713135, "class_log_probabilities": [-0.8698726892471313, -2.8670263290405273, -3.588491201400757, -4.846868515014648], "predictions": [89, 90, 397, 91, 16, 399, 400, 17, 92, 4, 4], "target_tokens": ["[IN:CREATE_TIMER", "[SL:METHOD_TIMER", "@ptr2", "SL:METHOD_TIMER]", "[SL:DATE_TIME", "@ptr3", "@ptr4", "@ptr5", "SL:DATE_TIME]", "IN:CREATE_TIMER]"], "predicted_tokens": ["[IN:CREATE_TIMER", "[SL:METHOD_TIMER", "@ptr2", "SL:METHOD_TIMER]", "[SL:DATE_TIME", "@ptr4", "@ptr5", "SL:DATE_TIME]", "IN:CREATE_TIMER]"]}
{"loss": 1.4928836822509766, "class_log_probabilities": [-3.717106819152832, -4.449284076690674, -6.384217262268066, -6.523746013641357], "predictions": [27, 28, 395, 396, 29, 175, 397, 176, 52, 402, 53, 30, 4, 4, 4, 4], "target_tokens": ["[IN:GET_INFO_RECIPES", "[SL:RECIPES_ATTRIBUTE", "@ptr0", "SL:RECIPES_ATTRIBUTE]", "[SL:RECIPES_UNIT_NUTRITION", "@ptr2", "SL:RECIPES_UNIT_NUTRITION]", "[SL:RECIPES_UNIT_MEASUREMENT", "@ptr5", "SL:RECIPES_UNIT_MEASUREMENT]", "[SL:RECIPES_DISH", "@ptr7", "@ptr8", "@ptr9", "SL:RECIPES_DISH]", "IN:GET_INFO_RECIPES]"], "predicted_tokens": ["[IN:GET_INFO_RECIPES", "[SL:RECIPES_ATTRIBUTE", "@ptr0", "@ptr1", "SL:RECIPES_ATTRIBUTE]", "[SL:RECIPES_UNIT_NUTRITION", "@ptr2", "SL:RECIPES_UNIT_NUTRITION]", "[SL:RECIPES_DISH", "@ptr7", "SL:RECIPES_DISH]", "IN:GET_INFO_RECIPES]"]}
{"loss": 0.9700011610984802, "class_log_probabilities": [-0.9791779518127441, -3.1327741146087646, -6.973573684692383, -7.317817687988281], "predictions": [45, 16, 396, 397, 398, 399, 400, 401, 402, 17, 46, 4, 4], "target_tokens": ["[IN:CREATE_ALARM", "[SL:DATE_TIME", "@ptr1", "@ptr2", "@ptr3", "@ptr4", "@ptr5", "@ptr6", "@ptr7", "SL:DATE_TIME]", "IN:CREATE_ALARM]"], "predicted_tokens": ["[IN:CREATE_ALARM", "[SL:DATE_TIME", "@ptr1", "@ptr2", "@ptr3", "@ptr4", "@ptr5", "@ptr6", "@ptr7", "SL:DATE_TIME]", "IN:CREATE_ALARM]"]}
{"loss": 1.394169807434082, "class_log_probabilities": [-2.096778392791748, -2.205956220626831, -2.220400810241699, -4.333396911621094], "predictions": [45, 16, 399, 400, 401, 402, 403, 404, 405, 406, 407, 408, 17, 46, 4, 4], "target_tokens": ["[IN:CREATE_ALARM", "[SL:DATE_TIME", "@ptr3", "@ptr4", "@ptr5", "@ptr6", "@ptr7", "@ptr8", "@ptr9", "@ptr10", "@ptr11", "@ptr12", "@ptr13", "SL:DATE_TIME]", "IN:CREATE_ALARM]"], "predicted_tokens": ["[IN:CREATE_ALARM", "[SL:DATE_TIME", "@ptr4", "@ptr5", "@ptr6", "@ptr7", "@ptr8", "@ptr9", "@ptr10", "@ptr11", "@ptr12", "@ptr13", "SL:DATE_TIME]", "IN:CREATE_ALARM]"]}
{"loss": 2.959033489227295, "class_log_probabilities": [-3.930144786834717, -4.615448474884033, -5.776739120483398, -6.046356201171875], "predictions": [39, 131, 398, 132, 40, 399, 41, 16, 406, 17, 42, 4, 4], "target_tokens": ["[IN:GET_STORIES_NEWS", "[SL:NEWS_CATEGORY", "@ptr3", "SL:NEWS_CATEGORY]", "[SL:NEWS_TYPE", "@ptr4", "SL:NEWS_TYPE]", "[SL:NEWS_CATEGORY", "@ptr7", "@ptr8", "SL:NEWS_CATEGORY]", "[SL:DATE_TIME", "@ptr9", "@ptr10", "SL:DATE_TIME]", "IN:GET_STORIES_NEWS]"], "predicted_tokens": ["[IN:GET_STORIES_NEWS", "[SL:NEWS_REFERENCE", "@ptr3", "SL:NEWS_REFERENCE]", "[SL:NEWS_TYPE", "@ptr4", "SL:NEWS_TYPE]", "[SL:DATE_TIME", "@ptr11", "SL:DATE_TIME]", "IN:GET_STORIES_NEWS]"]}
{"loss": 1.51004159450531, "class_log_probabilities": [-1.3843927383422852, -3.7507433891296387, -3.9501702785491943, -4.258726596832275], "predictions": [39, 131, 398, 399, 132, 133, 401, 402, 403, 134, 42, 4], "target_tokens": ["[IN:GET_STORIES_NEWS", "[SL:NEWS_REFERENCE", "@ptr3", "SL:NEWS_REFERENCE]", "[SL:NEWS_TYPE", "@ptr4", "SL:NEWS_TYPE]", "[SL:NEWS_SOURCE", "@ptr6", "@ptr7", "@ptr8", "SL:NEWS_SOURCE]", "IN:GET_STORIES_NEWS]"], "predicted_tokens": ["[IN:GET_STORIES_NEWS", "[SL:NEWS_REFERENCE", "@ptr3", "@ptr4", "SL:NEWS_REFERENCE]", "[SL:NEWS_SOURCE", "@ptr6", "@ptr7", "@ptr8", "SL:NEWS_SOURCE]", "IN:GET_STORIES_NEWS]"]}
{"loss": 1.6311620473861694, "class_log_probabilities": [-2.1607472896575928, -2.8174164295196533, -4.211584091186523, -4.464228630065918], "predictions": [39, 131, 398, 132, 133, 401, 402, 403, 134, 42, 4, 4, 4, 4], "target_tokens": ["[IN:GET_STORIES_NEWS", "[SL:DATE_TIME", "@ptr3", "SL:DATE_TIME]", "[SL:NEWS_SOURCE", "@ptr6", "@ptr7", "@ptr8", "SL:NEWS_SOURCE]", "[SL:NEWS_TYPE", "@ptr4", "SL:NEWS_TYPE]", "IN:GET_STORIES_NEWS]"], "predicted_tokens": ["[IN:GET_STORIES_NEWS", "[SL:NEWS_REFERENCE", "@ptr3", "SL:NEWS_REFERENCE]", "[SL:NEWS_SOURCE", "@ptr6", "@ptr7", "@ptr8", "SL:NEWS_SOURCE]", "IN:GET_STORIES_NEWS]"]}
{"loss": 1.932133436203003, "class_log_probabilities": [-1.0781021118164062, -1.3938968181610107, -7.704741954803467, -7.716040134429932], "predictions": [45, 16, 399, 400, 401, 402, 403, 17, 46, 4, 4], "target_tokens": ["[IN:CREATE_ALARM", "[SL:DATE_TIME", "@ptr3", "@ptr4", "@ptr5", "@ptr6", "@ptr7", "@ptr8", "SL:DATE_TIME]", "IN:CREATE_ALARM]"], "predicted_tokens": ["[IN:CREATE_ALARM", "[SL:DATE_TIME", "@ptr4", "@ptr5", "@ptr6", "@ptr7", "@ptr8", "SL:DATE_TIME]", "IN:CREATE_ALARM]"]}
{"loss": 2.3185629844665527, "class_log_probabilities": [-2.2518739700317383, -4.133403301239014, -8.097436904907227, -9.314435958862305], "predictions": [13, 18, 4, 4, 4, 4, 4, 4], "target_tokens": ["[IN:CREATE_TIMER", "[SL:METHOD_TIMER", "@ptr5", "SL:METHOD_TIMER]", "[SL:DATE_TIME", "@ptr11", "@ptr12", "@ptr13", "SL:DATE_TIME]", "IN:CREATE_TIMER]"], "predicted_tokens": ["[IN:GET_WEATHER", "IN:GET_WEATHER]"]}
{"loss": 1.8310868740081787, "class_log_probabilities": [-40.7953987121582, -40.96078872680664, -41.08602523803711, -41.99238967895508], "predictions": [13, 79, 401, 80, 79, 401, 80, 79, 401, 80, 79, 401, 80, 79, 401, 80, 79, 401, 80, 79, 401, 80, 79, 401, 80, 79, 401, 80, 79, 401, 80, 79, 401, 80, 79, 401, 80, 79, 401, 80, 79, 401, 80, 79, 401, 80, 79, 401, 80, 79, 401, 80, 79, 401, 80, 79, 401, 80, 79, 401, 80, 79, 401, 80, 79, 401, 80, 79, 401, 80, 79, 401, 80, 79, 401, 80, 79, 401, 80, 79, 401, 80, 79, 401, 80, 79, 401, 80, 79, 401, 80, 79, 401, 80, 79, 402, 80, 135, 404, 136], "target_tokens": ["[IN:GET_WEATHER", "[SL:WEATHER_ATTRIBUTE", "@ptr6", "SL:WEATHER_ATTRIBUTE]", "[SL:WEATHER_ATTRIBUTE", "@ptr7", "SL:WEATHER_ATTRIBUTE]", "[SL:WEATHER_TEMPERATURE_UNIT", "@ptr9", "SL:WEATHER_TEMPERATURE_UNIT]", "[SL:LOCATION", "@ptr11", "@ptr12", "SL:LOCATION]", "[SL:DATE_TIME", "@ptr13", "@ptr14", "SL:DATE_TIME]", "IN:GET_WEATHER]"], "predicted_tokens": ["[IN:GET_WEATHER", "[SL:WEATHER_ATTRIBUTE", "@ptr6", "SL:WEATHER_ATTRIBUTE]", "[SL:WEATHER_ATTRIBUTE", "@ptr6", "SL:WEATHER_ATTRIBUTE]", "[SL:WEATHER_ATTRIBUTE", "@ptr6", "SL:WEATHER_ATTRIBUTE]", "[SL:WEATHER_ATTRIBUTE", "@ptr6", "SL:WEATHER_ATTRIBUTE]", "[SL:WEATHER_ATTRIBUTE", "@ptr6", "SL:WEATHER_ATTRIBUTE]", "[SL:WEATHER_ATTRIBUTE", "@ptr6", "SL:WEATHER_ATTRIBUTE]", "[SL:WEATHER_ATTRIBUTE", "@ptr6", "SL:WEATHER_ATTRIBUTE]", "[SL:WEATHER_ATTRIBUTE", "@ptr6", "SL:WEATHER_ATTRIBUTE]", "[SL:WEATHER_ATTRIBUTE", "@ptr6", "SL:WEATHER_ATTRIBUTE]", "[SL:WEATHER_ATTRIBUTE", "@ptr6", "SL:WEATHER_ATTRIBUTE]", "[SL:WEATHER_ATTRIBUTE", "@ptr6", "SL:WEATHER_ATTRIBUTE]", "[SL:WEATHER_ATTRIBUTE", "@ptr6", "SL:WEATHER_ATTRIBUTE]", "[SL:WEATHER_ATTRIBUTE", "@ptr6", "SL:WEATHER_ATTRIBUTE]", "[SL:WEATHER_ATTRIBUTE", "@ptr6", "SL:WEATHER_ATTRIBUTE]", "[SL:WEATHER_ATTRIBUTE", "@ptr6", "SL:WEATHER_ATTRIBUTE]", "[SL:WEATHER_ATTRIBUTE", "@ptr6", "SL:WEATHER_ATTRIBUTE]", "[SL:WEATHER_ATTRIBUTE", "@ptr6", "SL:WEATHER_ATTRIBUTE]", "[SL:WEATHER_ATTRIBUTE", "@ptr6", "SL:WEATHER_ATTRIBUTE]", "[SL:WEATHER_ATTRIBUTE", "@ptr6", "SL:WEATHER_ATTRIBUTE]", "[SL:WEATHER_ATTRIBUTE", "@ptr6", "SL:WEATHER_ATTRIBUTE]", "[SL:WEATHER_ATTRIBUTE", "@ptr6", "SL:WEATHER_ATTRIBUTE]", "[SL:WEATHER_ATTRIBUTE", "@ptr6", "SL:WEATHER_ATTRIBUTE]", "[SL:WEATHER_ATTRIBUTE", "@ptr6", "SL:WEATHER_ATTRIBUTE]", "[SL:WEATHER_ATTRIBUTE", "@ptr6", "SL:WEATHER_ATTRIBUTE]", "[SL:WEATHER_ATTRIBUTE", "@ptr6", "SL:WEATHER_ATTRIBUTE]", "[SL:WEATHER_ATTRIBUTE", "@ptr6", "SL:WEATHER_ATTRIBUTE]", "[SL:WEATHER_ATTRIBUTE", "@ptr6", "SL:WEATHER_ATTRIBUTE]", "[SL:WEATHER_ATTRIBUTE", "@ptr6", "SL:WEATHER_ATTRIBUTE]", "[SL:WEATHER_ATTRIBUTE", "@ptr6", "SL:WEATHER_ATTRIBUTE]", "[SL:WEATHER_ATTRIBUTE", "@ptr6", "SL:WEATHER_ATTRIBUTE]", "[SL:WEATHER_ATTRIBUTE", "@ptr6", "SL:WEATHER_ATTRIBUTE]", "[SL:WEATHER_ATTRIBUTE", "@ptr7", "SL:WEATHER_ATTRIBUTE]", "[SL:WEATHER_TEMPERATURE_UNIT", "@ptr9", "SL:WEATHER_TEMPERATURE_UNIT]"]}
{"loss": 1.926474928855896, "class_log_probabilities": [-7.337589740753174, -9.549934387207031, -10.935548782348633, -12.726409912109375], "predictions": [13, 79, 401, 80, 79, 401, 80, 79, 401, 80, 135, 404, 136, 16, 407, 17, 135, 404, 136, 18, 4, 4, 4, 4, 4, 4, 4, 4], "target_tokens": ["[IN:GET_WEATHER", "[SL:WEATHER_ATTRIBUTE", "@ptr6", "SL:WEATHER_ATTRIBUTE]", "[SL:WEATHER_ATTRIBUTE", "@ptr7", "SL:WEATHER_ATTRIBUTE]", "[SL:WEATHER_TEMPERATURE_UNIT", "@ptr9", "SL:WEATHER_TEMPERATURE_UNIT]", "[SL:LOCATION", "@ptr11", "SL:LOCATION]", "[SL:DATE_TIME", "@ptr12", "@ptr13", "@ptr14", "@ptr15", "SL:DATE_TIME]", "IN:GET_WEATHER]"], "predicted_tokens": ["[IN:GET_WEATHER", "[SL:WEATHER_ATTRIBUTE", "@ptr6", "SL:WEATHER_ATTRIBUTE]", "[SL:WEATHER_ATTRIBUTE", "@ptr6", "SL:WEATHER_ATTRIBUTE]", "[SL:WEATHER_ATTRIBUTE", "@ptr6", "SL:WEATHER_ATTRIBUTE]", "[SL:WEATHER_TEMPERATURE_UNIT", "@ptr9", "SL:WEATHER_TEMPERATURE_UNIT]", "[SL:DATE_TIME", "@ptr12", "SL:DATE_TIME]", "[SL:WEATHER_TEMPERATURE_UNIT", "@ptr9", "SL:WEATHER_TEMPERATURE_UNIT]", "IN:GET_WEATHER]"]}
{"loss": 1.721164345741272, "class_log_probabilities": [-2.7198896408081055, -3.092644214630127, -3.5696897506713867, -3.5997023582458496], "predictions": [13, 16, 396, 397, 17, 135, 399, 136, 18, 4, 4, 4, 4, 4, 4, 4], "target_tokens": ["[IN:GET_WEATHER", "[SL:DATE_TIME", "@ptr1", "SL:DATE_TIME]", "[SL:LOCATION", "@ptr3", "SL:LOCATION]", "[SL:WEATHER_TEMPERATURE_UNIT", "@ptr4", "SL:WEATHER_TEMPERATURE_UNIT]", "IN:GET_WEATHER]"], "predicted_tokens": ["[IN:GET_WEATHER", "[SL:DATE_TIME", "@ptr1", "@ptr2", "SL:DATE_TIME]", "[SL:WEATHER_TEMPERATURE_UNIT", "@ptr4", "SL:WEATHER_TEMPERATURE_UNIT]", "IN:GET_WEATHER]"]}
{"loss": 1.1818958520889282, "class_log_probabilities": [-1.27837073802948, -2.3661422729492188, -3.6612613201141357, -6.198307514190674], "predictions": [13, 14, 396, 15, 16, 397, 17, 135, 399, 136, 18, 4, 4, 4, 4], "target_tokens": ["[IN:GET_WEATHER", "[SL:LOCATION", "@ptr1", "SL:LOCATION]", "[SL:DATE_TIME", "@ptr2", "SL:DATE_TIME]", "[SL:WEATHER_TEMPERATURE_UNIT", "@ptr3", "SL:WEATHER_TEMPERATURE_UNIT]", "IN:GET_WEATHER]"], "predicted_tokens": ["[IN:GET_WEATHER", "[SL:LOCATION", "@ptr1", "SL:LOCATION]", "[SL:DATE_TIME", "@ptr2", "SL:DATE_TIME]", "[SL:WEATHER_TEMPERATURE_UNIT", "@ptr4", "SL:WEATHER_TEMPERATURE_UNIT]", "IN:GET_WEATHER]"]}
{"loss": 1.4530620574951172, "class_log_probabilities": [-0.4232654571533203, -5.778843402862549, -6.935509204864502, -7.299903392791748], "predictions": [27, 52, 399, 53, 30, 4, 4, 4, 4], "target_tokens": ["[IN:GET_INFO_RECIPES", "[SL:RECIPES_DISH", "@ptr4", "SL:RECIPES_DISH]", "[SL:RECIPES_ATTRIBUTE", "@ptr6", "SL:RECIPES_ATTRIBUTE]", "IN:GET_INFO_RECIPES]"], "predicted_tokens": ["[IN:GET_INFO_RECIPES", "[SL:RECIPES_DISH", "@ptr4", "SL:RECIPES_DISH]", "IN:GET_INFO_RECIPES]"]}
{"loss": 0.9978620409965515, "class_log_probabilities": [-1.2367147207260132, -3.431401491165161, -3.6555938720703125, -3.901319980621338], "predictions": [51, 52, 398, 399, 400, 53, 54, 4], "target_tokens": ["[IN:GET_RECIPES", "[SL:RECIPES_DISH", "@ptr3", "@ptr4", "@ptr5", "SL:RECIPES_DISH]", "IN:GET_RECIPES]"], "predicted_tokens": ["[IN:GET_RECIPES", "[SL:RECIPES_DISH", "@ptr3", "@ptr4", "@ptr5", "SL:RECIPES_DISH]", "IN:GET_RECIPES]"]}
{"loss": 2.7790920734405518, "class_log_probabilities": [-5.363496780395508, -6.795004844665527, -6.829554557800293, -7.695019245147705], "predictions": [27, 279, 397, 280, 129, 407, 52, 408, 53, 30, 4, 4, 4], "target_tokens": ["[IN:GET_INFO_RECIPES", "[SL:RECIPES_ATTRIBUTE", "@ptr0", "SL:RECIPES_ATTRIBUTE]", "[SL:RECIPES_TYPE_NUTRITION", "@ptr2", "SL:RECIPES_TYPE_NUTRITION]", "[SL:RECIPES_DISH", "@ptr13", "@ptr14", "@ptr15", "@ptr16", "@ptr17", "@ptr18", "SL:RECIPES_DISH]", "IN:GET_INFO_RECIPES]"], "predicted_tokens": ["[IN:GET_INFO_RECIPES", "[SL:RECIPES_TYPE_NUTRITION", "@ptr2", "SL:RECIPES_TYPE_NUTRITION]", "[SL:RECIPES_INCLUDED_INGREDIENT", "@ptr12", "[SL:RECIPES_DISH", "@ptr13", "SL:RECIPES_DISH]", "IN:GET_INFO_RECIPES]"]}
{"loss": 3.5794448852539062, "class_log_probabilities": [-0.9588639140129089, -2.741035223007202, -6.066896438598633, -6.9257493019104], "predictions": [51, 52, 397, 398, 399, 400, 53, 54, 4, 4, 4], "target_tokens": ["[IN:GET_RECIPES", "[SL:RECIPES_TYPE", "@ptr5", "SL:RECIPES_TYPE]", "[SL:RECIPES_DISH", "@ptr3", "@ptr4", "SL:RECIPES_DISH]", "IN:GET_RECIPES]"], "predicted_tokens": ["[IN:GET_RECIPES", "[SL:RECIPES_DISH", "@ptr2", "@ptr3", "@ptr4", "@ptr5", "SL:RECIPES_DISH]", "IN:GET_RECIPES]"]}
{"loss": 1.2420721054077148, "class_log_probabilities": [-0.7971968650817871, -4.453151226043701, -4.59652853012085, -4.730336666107178], "predictions": [27, 28, 395, 396, 29, 175, 397, 176, 52, 400, 401, 402, 53, 30, 4], "target_tokens": ["[IN:GET_INFO_RECIPES", "[SL:RECIPES_ATTRIBUTE", "@ptr0", "SL:RECIPES_ATTRIBUTE]", "[SL:RECIPES_UNIT_NUTRITION", "@ptr2", "SL:RECIPES_UNIT_NUTRITION]", "[SL:RECIPES_DISH", "@ptr5", "@ptr6", "@ptr7", "SL:RECIPES_DISH]", "IN:GET_INFO_RECIPES]"], "predicted_tokens": ["[IN:GET_INFO_RECIPES", "[SL:RECIPES_ATTRIBUTE", "@ptr0", "@ptr1", "SL:RECIPES_ATTRIBUTE]", "[SL:RECIPES_UNIT_NUTRITION", "@ptr2", "SL:RECIPES_UNIT_NUTRITION]", "[SL:RECIPES_DISH", "@ptr5", "@ptr6", "@ptr7", "SL:RECIPES_DISH]", "IN:GET_INFO_RECIPES]"]}
{"loss": 1.250229001045227, "class_log_probabilities": [-0.5474676489830017, -3.5958104133605957, -6.153055667877197, -6.809078216552734], "predictions": [27, 28, 399, 29, 52, 402, 53, 30, 4, 4], "target_tokens": ["[IN:GET_INFO_RECIPES", "[SL:RECIPES_ATTRIBUTE", "@ptr4", "SL:RECIPES_ATTRIBUTE]", "[SL:RECIPES_DISH", "@ptr7", "@ptr8", "SL:RECIPES_DISH]", "IN:GET_INFO_RECIPES]"], "predicted_tokens": ["[IN:GET_INFO_RECIPES", "[SL:RECIPES_ATTRIBUTE", "@ptr4", "SL:RECIPES_ATTRIBUTE]", "[SL:RECIPES_DISH", "@ptr7", "SL:RECIPES_DISH]", "IN:GET_INFO_RECIPES]"]}
{"loss": 2.253708839416504, "class_log_probabilities": [-4.488644599914551, -6.5369791984558105, -7.737900733947754, -10.432202339172363], "predictions": [27, 28, 395, 396, 29, 175, 397, 176, 52, 406, 406, 406, 406, 406, 406, 406, 406, 406, 406, 406, 406, 406, 406, 406, 406, 406, 406, 406, 406, 406, 406, 406, 406, 406, 406, 406, 406, 406, 406, 406, 406, 406, 406, 406, 406, 406, 406, 406, 406, 406, 406, 406, 406, 406, 406, 406, 406, 406, 406, 406, 406, 406, 406, 406, 406, 406, 406, 406, 406, 406, 406, 406, 406, 406, 406, 406, 406, 406, 406, 406, 406, 406, 406, 406, 406, 406, 406, 406, 406, 406, 406, 406, 406, 406, 406, 406, 406, 406, 406, 406], "target_tokens": ["[IN:GET_INFO_RECIPES", "[SL:RECIPES_UNIT_NUTRITION", "@ptr2", "SL:RECIPES_UNIT_NUTRITION]", "[SL:RECIPES_DISH", "@ptr11", "SL:RECIPES_DISH]", "IN:GET_INFO_RECIPES]"], "predicted_tokens": ["[IN:GET_INFO_RECIPES", "[SL:RECIPES_ATTRIBUTE", "@ptr0", "@ptr1", "SL:RECIPES_ATTRIBUTE]", "[SL:RECIPES_UNIT_NUTRITION", "@ptr2", "SL:RECIPES_UNIT_NUTRITION]", "[SL:RECIPES_DISH", "@ptr11", "@ptr11", "@ptr11", "@ptr11", "@ptr11", "@ptr11", "@ptr11", "@ptr11", "@ptr11", "@ptr11", "@ptr11", "@ptr11", "@ptr11", "@ptr11", "@ptr11", "@ptr11", "@ptr11", "@ptr11", "@ptr11", "@ptr11", "@ptr11", "@ptr11", "@ptr11", "@ptr11", "@ptr11", "@ptr11", "@ptr11", "@ptr11", "@ptr11", "@ptr11", "@ptr11", "@ptr11", "@ptr11", "@ptr11", "@ptr11", "@ptr11", "@ptr11", "@ptr11", "@ptr11", "@ptr11", "@ptr11", "@ptr11", "@ptr11", "@ptr11", "@ptr11", "@ptr11", "@ptr11", "@ptr11", "@ptr11", "@ptr11", "@ptr11", "@ptr11", "@ptr11", "@ptr11", "@ptr11", "@ptr11", "@ptr11", "@ptr11", "@ptr11", "@ptr11", "@ptr11", "@ptr11", "@ptr11", "@ptr11", "@ptr11", "@ptr11", "@ptr11", "@ptr11", "@ptr11", "@ptr11", "@ptr11", "@ptr11", "@ptr11", "@ptr11", "@ptr11", "@ptr11", "@ptr11", "@ptr11", "@ptr11", "@ptr11", "@ptr11", "@ptr11", "@ptr11", "@ptr11", "@ptr11", "@ptr11", "@ptr11", "@ptr11", "@ptr11", "@ptr11", "@ptr11"]}
{"loss": 1.0668891668319702, "class_log_probabilities": [-1.2817717790603638, -2.6194918155670166, -5.212265491485596, -5.7321248054504395], "predictions": [51, 52, 402, 53, 54, 4], "target_tokens": ["[IN:GET_RECIPES", "[SL:RECIPES_DISH", "@ptr7", "SL:RECIPES_DISH]", "IN:GET_RECIPES]"], "predicted_tokens": ["[IN:GET_RECIPES", "[SL:RECIPES_DISH", "@ptr7", "SL:RECIPES_DISH]", "IN:GET_RECIPES]"]}
{"loss": 1.4403694868087769, "class_log_probabilities": [-2.017214298248291, -2.094496726989746, -2.818065881729126, -6.332277774810791], "predictions": [27, 289, 398, 290, 30, 4, 4, 4, 4], "target_tokens": ["[IN:GET_RECIPES", "[SL:RECIPES_RATING", "@ptr3", "SL:RECIPES_RATING]", "[SL:RECIPES_DISH", "@ptr8", "SL:RECIPES_DISH]", "IN:GET_RECIPES]"], "predicted_tokens": ["[IN:GET_INFO_RECIPES", "[SL:RECIPES_RATING", "@ptr3", "SL:RECIPES_RATING]", "IN:GET_INFO_RECIPES]"]}
{"loss": 2.3820762634277344, "class_log_probabilities": [-0.46744877099990845, -5.499446392059326, -6.101386070251465, -6.939647197723389], "predictions": [27, 113, 396, 114, 129, 398, 130, 30, 4], "target_tokens": ["[IN:GET_INFO_RECIPES", "[SL:RECIPES_INCLUDED_INGREDIENT", "@ptr3", "SL:RECIPES_INCLUDED_INGREDIENT]", "IN:GET_INFO_RECIPES]"], "predicted_tokens": ["[IN:GET_INFO_RECIPES", "[SL:RECIPES_COOKING_METHOD", "@ptr1", "SL:RECIPES_COOKING_METHOD]", "[SL:RECIPES_INCLUDED_INGREDIENT", "@ptr3", "SL:RECIPES_INCLUDED_INGREDIENT]", "IN:GET_INFO_RECIPES]"]}
{"loss": 3.798704147338867, "class_log_probabilities": [-1.8021420240402222, -2.797257423400879, -2.863358974456787, -2.9841949939727783], "predictions": [27, 52, 398, 53, 28, 401, 29, 30, 4], "target_tokens": ["[IN:GET_RECIPES", "[SL:RECIPES_ATTRIBUTE", "@ptr5", "@ptr6", "SL:RECIPES_ATTRIBUTE]", "[SL:RECIPES_DISH", "@ptr3", "SL:RECIPES_DISH]", "IN:GET_RECIPES]"], "predicted_tokens": ["[IN:GET_INFO_RECIPES", "[SL:RECIPES_DISH", "@ptr3", "SL:RECIPES_DISH]", "[SL:RECIPES_ATTRIBUTE", "@ptr6", "SL:RECIPES_ATTRIBUTE]", "IN:GET_INFO_RECIPES]"]}
{"loss": 1.0227028131484985, "class_log_probabilities": [-0.22675582766532898, -7.31129789352417, -7.698392391204834, -7.760851860046387], "predictions": [251, 64, 399, 65, 252, 4], "target_tokens": ["[IN:QUESTION_MUSIC", "[SL:MUSIC_TYPE", "@ptr4", "SL:MUSIC_TYPE]", "IN:QUESTION_MUSIC]"], "predicted_tokens": ["[IN:QUESTION_MUSIC", "[SL:MUSIC_TYPE", "@ptr4", "SL:MUSIC_TYPE]", "IN:QUESTION_MUSIC]"]}
{"loss": 2.0336453914642334, "class_log_probabilities": [-0.542387843132019, -5.600183010101318, -5.666304588317871, -5.814082622528076], "predictions": [63, 64, 397, 65, 68, 4, 4, 4, 4], "target_tokens": ["[IN:PLAY_MUSIC", "[SL:MUSIC_GENRE", "@ptr3", "SL:MUSIC_GENRE]", "[SL:MUSIC_TYPE", "@ptr2", "SL:MUSIC_TYPE]", "IN:PLAY_MUSIC]"], "predicted_tokens": ["[IN:PLAY_MUSIC", "[SL:MUSIC_TYPE", "@ptr2", "SL:MUSIC_TYPE]", "IN:PLAY_MUSIC]"]}
{"loss": 2.576815605163574, "class_log_probabilities": [-1.226718783378601, -1.4412511587142944, -3.5066165924072266, -5.285306453704834], "predictions": [63, 64, 398, 65, 68, 4, 4, 4, 4], "target_tokens": ["[IN:PLAY_MUSIC", "[SL:MUSIC_GENRE", "@ptr5", "SL:MUSIC_GENRE]", "[SL:MUSIC_TYPE", "@ptr3", "SL:MUSIC_TYPE]", "IN:PLAY_MUSIC]"], "predicted_tokens": ["[IN:PLAY_MUSIC", "[SL:MUSIC_TYPE", "@ptr3", "SL:MUSIC_TYPE]", "IN:PLAY_MUSIC]"]}
{"loss": 2.2036325931549072, "class_log_probabilities": [-2.253197431564331, -3.2664852142333984, -3.5164308547973633, -4.65744161605835], "predictions": [13, 79, 402, 80, 14, 404, 405, 15, 18, 4], "target_tokens": ["[IN:GET_WEATHER", "[SL:LOCATION", "@ptr10", "@ptr11", "@ptr12", "@ptr13", "SL:LOCATION]", "IN:GET_WEATHER]"], "predicted_tokens": ["[IN:GET_WEATHER", "[SL:WEATHER_ATTRIBUTE", "@ptr7", "SL:WEATHER_ATTRIBUTE]", "[SL:LOCATION", "@ptr9", "@ptr10", "SL:LOCATION]", "IN:GET_WEATHER]"]}
{"loss": 0.9671564698219299, "class_log_probabilities": [-0.18763042986392975, -7.060891628265381, -7.333706855773926, -10.204132080078125], "predictions": [115, 116, 4, 4, 4, 4], "target_tokens": ["[IN:GET_TIMER", "IN:GET_TIMER]"], "predicted_tokens": ["[IN:GET_TIMER", "IN:GET_TIMER]"]}
{"loss": 0.9690544009208679, "class_log_probabilities": [-0.32521212100982666, -6.1900482177734375, -7.660867214202881, -8.41751766204834], "predictions": [13, 14, 403, 15, 18, 4, 4, 4, 4], "target_tokens": ["[IN:GET_WEATHER", "[SL:LOCATION", "@ptr8", "SL:LOCATION]", "IN:GET_WEATHER]"], "predicted_tokens": ["[IN:GET_WEATHER", "[SL:LOCATION", "@ptr8", "SL:LOCATION]", "IN:GET_WEATHER]"]}
{"loss": 2.941412925720215, "class_log_probabilities": [-2.8390953540802, -4.416993141174316, -4.500446319580078, -4.845641136169434], "predictions": [119, 120, 397, 121, 16, 400, 17, 122, 4, 4, 4, 4], "target_tokens": ["[IN:DELETE_TIMER", "[SL:AMOUNT", "@ptr1", "SL:AMOUNT]", "IN:DELETE_TIMER]"], "predicted_tokens": ["[IN:DELETE_ALARM", "[SL:AMOUNT", "@ptr2", "SL:AMOUNT]", "[SL:DATE_TIME", "@ptr5", "SL:DATE_TIME]", "IN:DELETE_ALARM]"]}
{"loss": 1.6015866994857788, "class_log_probabilities": [-2.1702637672424316, -2.797454595565796, -3.2093868255615234, -3.3122332096099854], "predictions": [63, 64, 400, 65, 151, 404, 104, 68, 4, 4, 4, 4], "target_tokens": ["[IN:PLAY_MUSIC", "[SL:MUSIC_GENRE", "@ptr7", "SL:MUSIC_GENRE]", "[SL:MUSIC_TYPE", "@ptr5", "SL:MUSIC_TYPE]", "[SL:MUSIC_PROVIDER_NAME", "@ptr9", "SL:MUSIC_PROVIDER_NAME]", "IN:PLAY_MUSIC]"], "predicted_tokens": ["[IN:PLAY_MUSIC", "[SL:MUSIC_TYPE", "@ptr5", "SL:MUSIC_TYPE]", "[SL:MUSIC_GENRE", "@ptr9", "SL:MUSIC_PROVIDER_NAME]", "IN:PLAY_MUSIC]"]}
{"loss": 0.9598166346549988, "class_log_probabilities": [-0.1766165792942047, -8.430103302001953, -8.952143669128418, -9.15269947052002], "predictions": [13, 18, 4, 4, 4], "target_tokens": ["[IN:GET_WEATHER", "IN:GET_WEATHER]"], "predicted_tokens": ["[IN:GET_WEATHER", "IN:GET_WEATHER]"]}
{"loss": 3.0001590251922607, "class_log_probabilities": [-3.2895305156707764, -3.8423242568969727, -6.533684253692627, -8.164300918579102], "predictions": [205, 151, 402, 403, 404, 207, 208, 4, 4, 4, 4, 4], "target_tokens": ["[IN:START_SHUFFLE_MUSIC", "[SL:MUSIC_PLAYLIST_TITLE", "@ptr8", "SL:MUSIC_PLAYLIST_TITLE]", "[SL:MUSIC_TYPE", "@ptr7", "SL:MUSIC_TYPE]", "IN:START_SHUFFLE_MUSIC]"], "predicted_tokens": ["[IN:START_SHUFFLE_MUSIC", "[SL:MUSIC_GENRE", "@ptr7", "@ptr8", "@ptr9", "SL:MUSIC_ALBUM_TITLE]", "IN:START_SHUFFLE_MUSIC]"]}
{"loss": 2.834045171737671, "class_log_probabilities": [-0.72723788022995, -2.102315664291382, -5.04188346862793, -7.258474349975586], "predictions": [63, 151, 398, 399, 152, 68, 4, 4, 4, 4], "target_tokens": ["[IN:PLAY_MUSIC", "[SL:MUSIC_GENRE", "@ptr4", "@ptr5", "SL:MUSIC_GENRE]", "IN:PLAY_MUSIC]"], "predicted_tokens": ["[IN:PLAY_MUSIC", "[SL:MUSIC_GENRE", "@ptr3", "@ptr4", "SL:MUSIC_GENRE]", "IN:PLAY_MUSIC]"]}
{"loss": 1.2648603916168213, "class_log_probabilities": [-0.9104559421539307, -3.255432367324829, -3.5666821002960205, -6.048646450042725], "predictions": [63, 66, 402, 403, 404, 67, 64, 407, 65, 68, 4], "target_tokens": ["[IN:PLAY_MUSIC", "[SL:MUSIC_ARTIST_NAME", "@ptr8", "@ptr9", "SL:MUSIC_ARTIST_NAME]", "[SL:MUSIC_TYPE", "@ptr12", "SL:MUSIC_TYPE]", "IN:PLAY_MUSIC]"], "predicted_tokens": ["[IN:PLAY_MUSIC", "[SL:MUSIC_ARTIST_NAME", "@ptr7", "@ptr8", "@ptr9", "SL:MUSIC_ARTIST_NAME]", "[SL:MUSIC_TYPE", "@ptr12", "SL:MUSIC_TYPE]", "IN:PLAY_MUSIC]"]}
{"loss": 0.9815492630004883, "class_log_probabilities": [-0.8208423852920532, -2.719071388244629, -4.539409160614014, -6.445802211761475], "predictions": [45, 16, 398, 399, 400, 401, 17, 46, 4, 4], "target_tokens": ["[IN:CREATE_ALARM", "[SL:DATE_TIME", "@ptr3", "@ptr4", "@ptr5", "@ptr6", "SL:DATE_TIME]", "IN:CREATE_ALARM]"], "predicted_tokens": ["[IN:CREATE_ALARM", "[SL:DATE_TIME", "@ptr3", "@ptr4", "@ptr5", "@ptr6", "SL:DATE_TIME]", "IN:CREATE_ALARM]"]}
{"loss": 2.034923553466797, "class_log_probabilities": [-0.6850183606147766, -2.6431655883789062, -6.635732173919678, -6.7094316482543945], "predictions": [45, 16, 399, 400, 401, 402, 17, 46, 4, 4], "target_tokens": ["[IN:CREATE_ALARM", "[SL:DATE_TIME", "@ptr3", "@ptr4", "@ptr5", "@ptr6", "@ptr7", "SL:DATE_TIME]", "IN:CREATE_ALARM]"], "predicted_tokens": ["[IN:CREATE_ALARM", "[SL:DATE_TIME", "@ptr4", "@ptr5", "@ptr6", "@ptr7", "SL:DATE_TIME]", "IN:CREATE_ALARM]"]}
{"loss": 2.240631103515625, "class_log_probabilities": [-0.207891583442688, -6.570669651031494, -7.339018821716309, -8.439533233642578], "predictions": [89, 92, 4, 4, 4, 4], "target_tokens": ["[IN:CREATE_TIMER", "[SL:METHOD_TIMER", "@ptr3", "SL:METHOD_TIMER]", "IN:CREATE_TIMER]"], "predicted_tokens": ["[IN:CREATE_TIMER", "IN:CREATE_TIMER]"]}
{"loss": 0.958642840385437, "class_log_probabilities": [-0.41807809472084045, -7.495835304260254, -8.114096641540527, -8.332488059997559], "predictions": [13, 16, 400, 401, 17, 18, 4], "target_tokens": ["[IN:GET_WEATHER", "[SL:DATE_TIME", "@ptr5", "@ptr6", "SL:DATE_TIME]", "IN:GET_WEATHER]"], "predicted_tokens": ["[IN:GET_WEATHER", "[SL:DATE_TIME", "@ptr5", "@ptr6", "SL:DATE_TIME]", "IN:GET_WEATHER]"]}
{"loss": 1.523985743522644, "class_log_probabilities": [-2.109999179840088, -2.4126498699188232, -2.7310454845428467, -4.454394340515137], "predictions": [89, 167, 395, 168, 90, 397, 91, 92, 4, 4], "target_tokens": ["[IN:CREATE_TIMER", "[SL:METHOD_TIMER", "@ptr2", "SL:METHOD_TIMER]", "IN:CREATE_TIMER]"], "predicted_tokens": ["[IN:CREATE_TIMER", "[SL:TIMER_NAME", "@ptr0", "SL:TIMER_NAME]", "[SL:METHOD_TIMER", "@ptr2", "SL:METHOD_TIMER]", "IN:CREATE_TIMER]"]}
{"loss": 1.2061607837677002, "class_log_probabilities": [-2.0791687965393066, -2.2539021968841553, -3.4979522228240967, -3.64589786529541], "predictions": [13, 79, 400, 80, 16, 402, 403, 17, 18, 4, 4], "target_tokens": ["[IN:GET_WEATHER", "[SL:WEATHER_ATTRIBUTE", "@ptr5", "SL:WEATHER_ATTRIBUTE]", "[SL:DATE_TIME", "@ptr6", "@ptr7", "SL:DATE_TIME]", "IN:GET_WEATHER]"], "predicted_tokens": ["[IN:GET_WEATHER", "[SL:WEATHER_ATTRIBUTE", "@ptr5", "SL:WEATHER_ATTRIBUTE]", "[SL:DATE_TIME", "@ptr7", "@ptr8", "SL:DATE_TIME]", "IN:GET_WEATHER]"]}
{"loss": 2.2573413848876953, "class_log_probabilities": [-1.3018206357955933, -3.8994367122650146, -3.9649505615234375, -5.296145915985107], "predictions": [63, 64, 400, 65, 66, 402, 403, 67, 68, 4, 4, 4, 4], "target_tokens": ["[IN:PLAY_MUSIC", "[SL:MUSIC_ARTIST_NAME", "@ptr7", "@ptr8", "SL:MUSIC_ARTIST_NAME]", "[SL:MUSIC_TYPE", "@ptr5", "SL:MUSIC_TYPE]", "IN:PLAY_MUSIC]"], "predicted_tokens": ["[IN:PLAY_MUSIC", "[SL:MUSIC_TYPE", "@ptr5", "SL:MUSIC_TYPE]", "[SL:MUSIC_ARTIST_NAME", "@ptr7", "@ptr8", "SL:MUSIC_ARTIST_NAME]", "IN:PLAY_MUSIC]"]}
{"loss": 0.9768946766853333, "class_log_probabilities": [-0.3324939012527466, -6.018887042999268, -7.296533107757568, -7.542287826538086], "predictions": [287, 64, 397, 65, 288, 4], "target_tokens": ["[IN:REPLAY_MUSIC", "[SL:MUSIC_TYPE", "@ptr2", "SL:MUSIC_TYPE]", "IN:REPLAY_MUSIC]"], "predicted_tokens": ["[IN:REPLAY_MUSIC", "[SL:MUSIC_TYPE", "@ptr2", "SL:MUSIC_TYPE]", "IN:REPLAY_MUSIC]"]}
{"loss": 1.139377236366272, "class_log_probabilities": [-2.1214523315429688, -2.518582820892334, -4.027514934539795, -6.754177570343018], "predictions": [13, 16, 400, 401, 17, 18, 4, 4, 4, 4], "target_tokens": ["[IN:GET_WEATHER", "[SL:DATE_TIME", "@ptr5", "@ptr6", "SL:DATE_TIME]", "IN:GET_WEATHER]"], "predicted_tokens": ["[IN:GET_WEATHER", "[SL:DATE_TIME", "@ptr5", "@ptr6", "SL:DATE_TIME]", "IN:GET_WEATHER]"]}
{"loss": 1.0292637348175049, "class_log_probabilities": [-1.2632781267166138, -3.0381112098693848, -3.323631763458252, -4.876187324523926], "predictions": [169, 64, 400, 65, 66, 402, 403, 67, 170, 4, 4], "target_tokens": ["[IN:REMOVE_FROM_PLAYLIST_MUSIC", "[SL:MUSIC_TYPE", "@ptr5", "SL:MUSIC_TYPE]", "[SL:MUSIC_ARTIST_NAME", "@ptr7", "@ptr8", "SL:MUSIC_ARTIST_NAME]", "IN:REMOVE_FROM_PLAYLIST_MUSIC]"], "predicted_tokens": ["[IN:REMOVE_FROM_PLAYLIST_MUSIC", "[SL:MUSIC_TYPE", "@ptr5", "SL:MUSIC_TYPE]", "[SL:MUSIC_ARTIST_NAME", "@ptr7", "@ptr8", "SL:MUSIC_ARTIST_NAME]", "IN:REMOVE_FROM_PLAYLIST_MUSIC]"]}
{"loss": 0.9791414141654968, "class_log_probabilities": [-0.7979757785797119, -3.1255035400390625, -3.5943942070007324, -6.231724739074707], "predictions": [13, 79, 398, 80, 16, 402, 403, 404, 405, 17, 18, 4], "target_tokens": ["[IN:GET_WEATHER", "[SL:WEATHER_ATTRIBUTE", "@ptr3", "SL:WEATHER_ATTRIBUTE]", "[SL:DATE_TIME", "@ptr7", "@ptr8", "@ptr9", "@ptr10", "SL:DATE_TIME]", "IN:GET_WEATHER]"], "predicted_tokens": ["[IN:GET_WEATHER", "[SL:WEATHER_ATTRIBUTE", "@ptr3", "SL:WEATHER_ATTRIBUTE]", "[SL:DATE_TIME", "@ptr7", "@ptr8", "@ptr9", "@ptr10", "SL:DATE_TIME]", "IN:GET_WEATHER]"]}
{"loss": 0.9966714978218079, "class_log_probabilities": [-1.1789703369140625, -2.8373844623565674, -3.13594651222229, -4.689818859100342], "predictions": [13, 79, 403, 80, 16, 404, 405, 17, 18, 4, 4], "target_tokens": ["[IN:GET_WEATHER", "[SL:WEATHER_ATTRIBUTE", "@ptr8", "SL:WEATHER_ATTRIBUTE]", "[SL:DATE_TIME", "@ptr9", "@ptr10", "SL:DATE_TIME]", "IN:GET_WEATHER]"], "predicted_tokens": ["[IN:GET_WEATHER", "[SL:WEATHER_ATTRIBUTE", "@ptr8", "SL:WEATHER_ATTRIBUTE]", "[SL:DATE_TIME", "@ptr9", "@ptr10", "SL:DATE_TIME]", "IN:GET_WEATHER]"]}
{"loss": 3.649667263031006, "class_log_probabilities": [-0.5207740664482117, -3.535752296447754, -7.4068708419799805, -7.436722278594971], "predictions": [13, 79, 400, 80, 18, 4], "target_tokens": ["[IN:GET_WEATHER", "[SL:WEATHER_ATTRIBUTE", "@ptr3", "@ptr4", "@ptr5", "SL:WEATHER_ATTRIBUTE]", "IN:GET_WEATHER]"], "predicted_tokens": ["[IN:GET_WEATHER", "[SL:WEATHER_ATTRIBUTE", "@ptr5", "SL:WEATHER_ATTRIBUTE]", "IN:GET_WEATHER]"]}
{"loss": 2.273472309112549, "class_log_probabilities": [-2.038022518157959, -2.998723030090332, -4.224684715270996, -4.723333358764648], "predictions": [39, 131, 395, 132, 40, 396, 41, 42, 4, 4], "target_tokens": ["[IN:GET_STORIES_NEWS", "[SL:NEWS_TYPE", "@ptr0", "@ptr1", "@ptr2", "@ptr3", "SL:NEWS_TYPE]", "IN:GET_STORIES_NEWS]"], "predicted_tokens": ["[IN:GET_STORIES_NEWS", "[SL:NEWS_REFERENCE", "@ptr0", "SL:NEWS_REFERENCE]", "[SL:NEWS_TYPE", "@ptr1", "SL:NEWS_TYPE]", "IN:GET_STORIES_NEWS]"]}
{"loss": 1.009786605834961, "class_log_probabilities": [-0.6570985317230225, -4.198901653289795, -4.401266574859619, -4.512916564941406], "predictions": [169, 64, 399, 65, 170, 4], "target_tokens": ["[IN:REMOVE_FROM_PLAYLIST_MUSIC", "[SL:MUSIC_TYPE", "@ptr4", "SL:MUSIC_TYPE]", "IN:REMOVE_FROM_PLAYLIST_MUSIC]"], "predicted_tokens": ["[IN:REMOVE_FROM_PLAYLIST_MUSIC", "[SL:MUSIC_TYPE", "@ptr4", "SL:MUSIC_TYPE]", "IN:REMOVE_FROM_PLAYLIST_MUSIC]"]}
{"loss": 0.9620988965034485, "class_log_probabilities": [-0.3443962335586548, -7.882940292358398, -8.098145484924316, -8.181255340576172], "predictions": [13, 79, 398, 80, 18, 4, 4, 4], "target_tokens": ["[IN:GET_WEATHER", "[SL:WEATHER_ATTRIBUTE", "@ptr3", "SL:WEATHER_ATTRIBUTE]", "IN:GET_WEATHER]"], "predicted_tokens": ["[IN:GET_WEATHER", "[SL:WEATHER_ATTRIBUTE", "@ptr3", "SL:WEATHER_ATTRIBUTE]", "IN:GET_WEATHER]"]}
{"loss": 2.78493595123291, "class_log_probabilities": [-1.5408118963241577, -2.270636558532715, -5.0150275230407715, -6.1080474853515625], "predictions": [55, 56, 395, 57, 58, 4, 4, 4, 4], "target_tokens": ["[IN:GET_STORIES_NEWS", "[SL:NEWS_CATEGORY", "@ptr1", "SL:NEWS_CATEGORY]", "[SL:NEWS_TYPE", "@ptr0", "SL:NEWS_TYPE]", "IN:GET_STORIES_NEWS]"], "predicted_tokens": ["[IN:QUESTION_NEWS", "[SL:NEWS_TOPIC", "@ptr0", "SL:NEWS_TOPIC]", "IN:QUESTION_NEWS]"]}
{"loss": 0.9725712537765503, "class_log_probabilities": [-0.4863432049751282, -5.642511367797852, -6.855754852294922, -9.103279113769531], "predictions": [13, 79, 401, 80, 14, 403, 15, 18, 4, 4, 4, 4], "target_tokens": ["[IN:GET_WEATHER", "[SL:WEATHER_ATTRIBUTE", "@ptr6", "SL:WEATHER_ATTRIBUTE]", "[SL:LOCATION", "@ptr8", "SL:LOCATION]", "IN:GET_WEATHER]"], "predicted_tokens": ["[IN:GET_WEATHER", "[SL:WEATHER_ATTRIBUTE", "@ptr6", "SL:WEATHER_ATTRIBUTE]", "[SL:LOCATION", "@ptr8", "SL:LOCATION]", "IN:GET_WEATHER]"]}
{"loss": 2.6822240352630615, "class_log_probabilities": [-5.409160137176514, -5.410562992095947, -5.811473369598389, -6.028085231781006], "predictions": [63, 66, 395, 67, 101, 398, 399, 400, 102, 103, 401, 402, 104, 68, 4], "target_tokens": ["[IN:PLAY_MUSIC", "[SL:MUSIC_TRACK_TITLE", "@ptr1", "@ptr2", "@ptr3", "@ptr4", "@ptr5", "SL:MUSIC_TRACK_TITLE]", "[SL:MUSIC_ARTIST_NAME", "@ptr7", "SL:MUSIC_ARTIST_NAME]", "IN:PLAY_MUSIC]"], "predicted_tokens": ["[IN:PLAY_MUSIC", "[SL:MUSIC_ARTIST_NAME", "@ptr0", "SL:MUSIC_ARTIST_NAME]", "[SL:MUSIC_TRACK_TITLE", "@ptr3", "@ptr4", "@ptr5", "SL:MUSIC_TRACK_TITLE]", "[SL:MUSIC_PROVIDER_NAME", "@ptr6", "@ptr7", "SL:MUSIC_PROVIDER_NAME]", "IN:PLAY_MUSIC]"]}
{"loss": 1.7182272672653198, "class_log_probabilities": [-1.1875896453857422, -2.2161455154418945, -4.756524562835693, -4.817770481109619], "predictions": [13, 14, 395, 15, 79, 401, 80, 16, 402, 17, 18, 4, 4], "target_tokens": ["[IN:GET_WEATHER", "[SL:WEATHER_ATTRIBUTE", "@ptr6", "SL:WEATHER_ATTRIBUTE]", "[SL:DATE_TIME", "@ptr7", "SL:DATE_TIME]", "IN:GET_WEATHER]"], "predicted_tokens": ["[IN:GET_WEATHER", "[SL:LOCATION", "@ptr0", "SL:LOCATION]", "[SL:WEATHER_ATTRIBUTE", "@ptr6", "SL:WEATHER_ATTRIBUTE]", "[SL:DATE_TIME", "@ptr7", "SL:DATE_TIME]", "IN:GET_WEATHER]"]}
{"loss": 1.201779842376709, "class_log_probabilities": [-2.3550126552581787, -2.428689956665039, -3.748095989227295, -3.819490909576416], "predictions": [273, 90, 398, 91, 274, 4], "target_tokens": ["[IN:RESTART_TIMER", "[SL:METHOD_TIMER", "@ptr2", "SL:METHOD_TIMER]", "IN:RESTART_TIMER]"], "predicted_tokens": ["[IN:RESTART_TIMER", "[SL:METHOD_TIMER", "@ptr3", "SL:METHOD_TIMER]", "IN:RESTART_TIMER]"]}
{"loss": 0.9884581565856934, "class_log_probabilities": [-0.4066189229488373, -6.442409992218018, -6.7119059562683105, -6.748459815979004], "predictions": [217, 64, 402, 65, 218, 4, 4, 4, 4], "target_tokens": ["[IN:GET_TRACK_INFO_MUSIC", "[SL:MUSIC_TYPE", "@ptr7", "SL:MUSIC_TYPE]", "IN:GET_TRACK_INFO_MUSIC]"], "predicted_tokens": ["[IN:GET_TRACK_INFO_MUSIC", "[SL:MUSIC_TYPE", "@ptr7", "SL:MUSIC_TYPE]", "IN:GET_TRACK_INFO_MUSIC]"]}
{"loss": 1.234058141708374, "class_log_probabilities": [-2.7683699131011963, -3.30485200881958, -3.5515666007995605, -3.927990436553955], "predictions": [45, 16, 404, 405, 407, 17, 46, 4, 4, 4], "target_tokens": ["[IN:CREATE_ALARM", "[SL:DATE_TIME", "@ptr8", "@ptr9", "@ptr10", "@ptr11", "@ptr12", "SL:DATE_TIME]", "IN:CREATE_ALARM]"], "predicted_tokens": ["[IN:CREATE_ALARM", "[SL:DATE_TIME", "@ptr9", "@ptr10", "@ptr12", "SL:DATE_TIME]", "IN:CREATE_ALARM]"]}
{"loss": 2.273332357406616, "class_log_probabilities": [-0.9567925333976746, -4.816359043121338, -5.907116413116455, -6.310759544372559], "predictions": [55, 56, 397, 398, 399, 400, 57, 16, 401, 402, 17, 58, 4, 4], "target_tokens": ["[IN:QUESTION_NEWS", "[SL:NEWS_TOPIC", "@ptr2", "@ptr3", "@ptr4", "SL:NEWS_TOPIC]", "[SL:DATE_TIME", "@ptr5", "SL:DATE_TIME]", "IN:QUESTION_NEWS]"], "predicted_tokens": ["[IN:QUESTION_NEWS", "[SL:NEWS_TOPIC", "@ptr2", "@ptr3", "@ptr4", "@ptr5", "SL:NEWS_TOPIC]", "[SL:DATE_TIME", "@ptr6", "@ptr7", "SL:DATE_TIME]", "IN:QUESTION_NEWS]"]}
{"loss": 0.9735800623893738, "class_log_probabilities": [-0.8703433275222778, -6.087707996368408, -6.279538154602051, -6.533532619476318], "predictions": [45, 16, 399, 400, 401, 402, 17, 46, 4, 4], "target_tokens": ["[IN:CREATE_ALARM", "[SL:DATE_TIME", "@ptr4", "@ptr5", "@ptr6", "@ptr7", "SL:DATE_TIME]", "IN:CREATE_ALARM]"], "predicted_tokens": ["[IN:CREATE_ALARM", "[SL:DATE_TIME", "@ptr4", "@ptr5", "@ptr6", "@ptr7", "SL:DATE_TIME]", "IN:CREATE_ALARM]"]}
{"loss": 0.9611443877220154, "class_log_probabilities": [-0.3694607615470886, -5.570234775543213, -5.720086574554443, -6.737712383270264], "predictions": [13, 16, 403, 17, 18, 4, 4], "target_tokens": ["[IN:GET_WEATHER", "[SL:DATE_TIME", "@ptr8", "SL:DATE_TIME]", "IN:GET_WEATHER]"], "predicted_tokens": ["[IN:GET_WEATHER", "[SL:DATE_TIME", "@ptr8", "SL:DATE_TIME]", "IN:GET_WEATHER]"]}
{"loss": 2.2370009422302246, "class_log_probabilities": [-2.5839240550994873, -3.0689456462860107, -3.713191509246826, -4.900045871734619], "predictions": [63, 64, 399, 65, 68, 4, 4, 4, 4], "target_tokens": ["[IN:PLAY_MUSIC", "[SL:MUSIC_GENRE", "@ptr4", "SL:MUSIC_GENRE]", "IN:PLAY_MUSIC]"], "predicted_tokens": ["[IN:PLAY_MUSIC", "[SL:MUSIC_TYPE", "@ptr4", "SL:MUSIC_TYPE]", "IN:PLAY_MUSIC]"]}
{"loss": 1.9931960105895996, "class_log_probabilities": [-0.78973388671875, -4.8136677742004395, -4.919079303741455, -5.002455234527588], "predictions": [89, 90, 397, 91, 16, 399, 400, 17, 92, 4, 4], "target_tokens": ["[IN:CREATE_TIMER", "[SL:METHOD_TIMER", "@ptr2", "SL:METHOD_TIMER]", "[SL:DATE_TIME", "@ptr3", "@ptr4", "@ptr5", "SL:DATE_TIME]", "IN:CREATE_TIMER]"], "predicted_tokens": ["[IN:CREATE_TIMER", "[SL:METHOD_TIMER", "@ptr2", "SL:METHOD_TIMER]", "[SL:DATE_TIME", "@ptr4", "@ptr5", "SL:DATE_TIME]", "IN:CREATE_TIMER]"]}
{"loss": 1.0753108263015747, "class_log_probabilities": [-1.4529448747634888, -1.62666916847229, -3.629830837249756, -3.9116554260253906], "predictions": [63, 151, 400, 401, 152, 68, 4, 4], "target_tokens": ["[IN:PLAY_MUSIC", "[SL:MUSIC_GENRE", "@ptr5", "@ptr6", "SL:MUSIC_GENRE]", "IN:PLAY_MUSIC]"], "predicted_tokens": ["[IN:PLAY_MUSIC", "[SL:MUSIC_GENRE", "@ptr5", "@ptr6", "SL:MUSIC_GENRE]", "IN:PLAY_MUSIC]"]}
{"loss": 1.0695476531982422, "class_log_probabilities": [-1.235069990158081, -1.3628541231155396, -4.895755290985107, -5.429854869842529], "predictions": [119, 20, 397, 21, 122, 4], "target_tokens": ["[IN:DELETE_ALARM", "[SL:ORDINAL", "@ptr2", "SL:ORDINAL]", "IN:DELETE_ALARM]"], "predicted_tokens": ["[IN:DELETE_ALARM", "[SL:ORDINAL", "@ptr2", "SL:ORDINAL]", "IN:DELETE_ALARM]"]}
{"loss": 1.3551069498062134, "class_log_probabilities": [-0.5701741576194763, -3.4580740928649902, -4.448134899139404, -4.842994689941406], "predictions": [13, 79, 402, 80, 18, 4, 4, 4, 4], "target_tokens": ["[IN:GET_WEATHER", "[SL:WEATHER_ATTRIBUTE", "@ptr7", "SL:WEATHER_ATTRIBUTE]", "[SL:WEATHER_ATTRIBUTE", "@ptr14", "SL:WEATHER_ATTRIBUTE]", "IN:GET_WEATHER]"], "predicted_tokens": ["[IN:GET_WEATHER", "[SL:WEATHER_ATTRIBUTE", "@ptr7", "SL:WEATHER_ATTRIBUTE]", "IN:GET_WEATHER]"]}
{"loss": 0.9676936268806458, "class_log_probabilities": [-0.48451170325279236, -3.743898391723633, -5.130189418792725, -7.604463577270508], "predictions": [13, 79, 400, 80, 18, 4], "target_tokens": ["[IN:GET_WEATHER", "[SL:WEATHER_ATTRIBUTE", "@ptr5", "SL:WEATHER_ATTRIBUTE]", "IN:GET_WEATHER]"], "predicted_tokens": ["[IN:GET_WEATHER", "[SL:WEATHER_ATTRIBUTE", "@ptr5", "SL:WEATHER_ATTRIBUTE]", "IN:GET_WEATHER]"]}
{"loss": 2.2662980556488037, "class_log_probabilities": [-0.5256264805793762, -4.722697734832764, -4.801262378692627, -6.457949638366699], "predictions": [13, 16, 401, 402, 17, 18, 4, 4], "target_tokens": ["[IN:GET_WEATHER", "[SL:DATE_TIME", "@ptr5", "@ptr6", "@ptr7", "SL:DATE_TIME]", "IN:GET_WEATHER]"], "predicted_tokens": ["[IN:GET_WEATHER", "[SL:DATE_TIME", "@ptr6", "@ptr7", "SL:DATE_TIME]", "IN:GET_WEATHER]"]}
{"loss": 1.8871897459030151, "class_log_probabilities": [-0.49313443899154663, -4.765005111694336, -4.988504886627197, -8.555208206176758], "predictions": [39, 40, 402, 41, 16, 404, 17, 42, 4, 4, 4, 4], "target_tokens": ["[IN:GET_STORIES_NEWS", "[SL:NEWS_REFERENCE", "@ptr8", "SL:NEWS_REFERENCE]", "[SL:NEWS_TYPE", "@ptr7", "SL:NEWS_TYPE]", "[SL:DATE_TIME", "@ptr9", "SL:DATE_TIME]", "IN:GET_STORIES_NEWS]"], "predicted_tokens": ["[IN:GET_STORIES_NEWS", "[SL:NEWS_TYPE", "@ptr7", "SL:NEWS_TYPE]", "[SL:DATE_TIME", "@ptr9", "SL:DATE_TIME]", "IN:GET_STORIES_NEWS]"]}
{"loss": 2.623239517211914, "class_log_probabilities": [-0.8721947073936462, -3.2569305896759033, -6.107227802276611, -6.79365873336792], "predictions": [39, 133, 395, 396, 134, 131, 400, 132, 40, 401, 41, 42, 4], "target_tokens": ["[IN:GET_STORIES_NEWS", "[SL:NEWS_SOURCE", "@ptr0", "@ptr1", "SL:NEWS_SOURCE]", "[SL:NEWS_TYPE", "@ptr5", "@ptr6", "SL:NEWS_TYPE]", "[SL:DATE_TIME", "@ptr3", "SL:DATE_TIME]", "IN:GET_STORIES_NEWS]"], "predicted_tokens": ["[IN:GET_STORIES_NEWS", "[SL:NEWS_SOURCE", "@ptr0", "@ptr1", "SL:NEWS_SOURCE]", "[SL:NEWS_REFERENCE", "@ptr5", "SL:NEWS_REFERENCE]", "[SL:NEWS_TYPE", "@ptr6", "SL:NEWS_TYPE]", "IN:GET_STORIES_NEWS]"]}
{"loss": 0.9886011481285095, "class_log_probabilities": [-0.4656091332435608, -5.204079627990723, -5.829592227935791, -5.975224494934082], "predictions": [63, 64, 397, 65, 101, 399, 102, 68, 4, 4], "target_tokens": ["[IN:PLAY_MUSIC", "[SL:MUSIC_TYPE", "@ptr2", "SL:MUSIC_TYPE]", "[SL:MUSIC_TRACK_TITLE", "@ptr4", "SL:MUSIC_TRACK_TITLE]", "IN:PLAY_MUSIC]"], "predicted_tokens": ["[IN:PLAY_MUSIC", "[SL:MUSIC_TYPE", "@ptr2", "SL:MUSIC_TYPE]", "[SL:MUSIC_TRACK_TITLE", "@ptr4", "SL:MUSIC_TRACK_TITLE]", "IN:PLAY_MUSIC]"]}
{"loss": 0.9757649302482605, "class_log_probabilities": [-0.5391876101493835, -3.27335786819458, -6.128480434417725, -7.00372838973999], "predictions": [13, 79, 401, 80, 16, 402, 17, 18, 4, 4, 4, 4], "target_tokens": ["[IN:GET_WEATHER", "[SL:WEATHER_ATTRIBUTE", "@ptr6", "SL:WEATHER_ATTRIBUTE]", "[SL:DATE_TIME", "@ptr7", "SL:DATE_TIME]", "IN:GET_WEATHER]"], "predicted_tokens": ["[IN:GET_WEATHER", "[SL:WEATHER_ATTRIBUTE", "@ptr6", "SL:WEATHER_ATTRIBUTE]", "[SL:DATE_TIME", "@ptr7", "SL:DATE_TIME]", "IN:GET_WEATHER]"]}
{"loss": 1.0223392248153687, "class_log_probabilities": [-0.9009751677513123, -3.617220878601074, -3.636539936065674, -4.199516296386719], "predictions": [19, 20, 405, 21, 22, 4, 4, 4, 4], "target_tokens": ["[IN:GET_ALARM", "[SL:ORDINAL", "@ptr10", "SL:ORDINAL]", "IN:GET_ALARM]"], "predicted_tokens": ["[IN:GET_ALARM", "[SL:ORDINAL", "@ptr10", "SL:ORDINAL]", "IN:GET_ALARM]"]}
{"loss": 1.0410605669021606, "class_log_probabilities": [-1.1769554615020752, -2.7182021141052246, -3.8729679584503174, -4.756340026855469], "predictions": [273, 90, 399, 91, 274, 4], "target_tokens": ["[IN:RESTART_TIMER", "[SL:METHOD_TIMER", "@ptr4", "SL:METHOD_TIMER]", "IN:RESTART_TIMER]"], "predicted_tokens": ["[IN:RESTART_TIMER", "[SL:METHOD_TIMER", "@ptr4", "SL:METHOD_TIMER]", "IN:RESTART_TIMER]"]}
{"loss": 0.9588572382926941, "class_log_probabilities": [-0.3831278681755066, -7.435913562774658, -7.894297122955322, -9.075777053833008], "predictions": [13, 79, 402, 80, 18, 4, 4, 4], "target_tokens": ["[IN:GET_WEATHER", "[SL:WEATHER_ATTRIBUTE", "@ptr7", "SL:WEATHER_ATTRIBUTE]", "IN:GET_WEATHER]"], "predicted_tokens": ["[IN:GET_WEATHER", "[SL:WEATHER_ATTRIBUTE", "@ptr7", "SL:WEATHER_ATTRIBUTE]", "IN:GET_WEATHER]"]}
{"loss": 1.5096912384033203, "class_log_probabilities": [-0.679019570350647, -4.954569339752197, -5.4359450340271, -5.686812400817871], "predictions": [39, 40, 397, 41, 56, 399, 400, 401, 402, 403, 57, 42, 4], "target_tokens": ["[IN:GET_STORIES_NEWS", "[SL:NEWS_TYPE", "@ptr2", "SL:NEWS_TYPE]", "[SL:NEWS_TOPIC", "@ptr5", "@ptr6", "@ptr7", "@ptr8", "SL:NEWS_TOPIC]", "IN:GET_STORIES_NEWS]"], "predicted_tokens": ["[IN:GET_STORIES_NEWS", "[SL:NEWS_TYPE", "@ptr2", "SL:NEWS_TYPE]", "[SL:NEWS_TOPIC", "@ptr4", "@ptr5", "@ptr6", "@ptr7", "@ptr8", "SL:NEWS_TOPIC]", "IN:GET_STORIES_NEWS]"]}
{"loss": 2.3860223293304443, "class_log_probabilities": [-0.5206710696220398, -4.708683967590332, -5.569595813751221, -5.655796527862549], "predictions": [63, 66, 395, 396, 67, 206, 398, 207, 68, 4, 4], "target_tokens": ["[IN:PLAY_MUSIC", "[SL:MUSIC_ARTIST_NAME", "@ptr1", "SL:MUSIC_ARTIST_NAME]", "[SL:MUSIC_TRACK_TITLE", "@ptr3", "SL:MUSIC_TRACK_TITLE]", "IN:PLAY_MUSIC]"], "predicted_tokens": ["[IN:PLAY_MUSIC", "[SL:MUSIC_ARTIST_NAME", "@ptr0", "@ptr1", "SL:MUSIC_ARTIST_NAME]", "[SL:MUSIC_ALBUM_TITLE", "@ptr3", "SL:MUSIC_ALBUM_TITLE]", "IN:PLAY_MUSIC]"]}
{"loss": 2.5377726554870605, "class_log_probabilities": [-4.155012607574463, -4.799520015716553, -5.945359706878662, -6.318679332733154], "predictions": [39, 43, 398, 399, 400, 401, 44, 16, 402, 17, 42, 4, 4], "target_tokens": ["[IN:GET_STORIES_NEWS", "[SL:DATE_TIME", "@ptr7", "SL:DATE_TIME]", "[SL:NEWS_CATEGORY", "@ptr6", "SL:NEWS_CATEGORY]", "[SL:NEWS_TYPE", "@ptr4", "@ptr5", "SL:NEWS_TYPE]", "IN:GET_STORIES_NEWS]"], "predicted_tokens": ["[IN:GET_STORIES_NEWS", "[SL:NEWS_CATEGORY", "@ptr3", "@ptr4", "@ptr5", "@ptr6", "SL:NEWS_CATEGORY]", "[SL:DATE_TIME", "@ptr7", "SL:DATE_TIME]", "IN:GET_STORIES_NEWS]"]}
{"loss": 2.1769461631774902, "class_log_probabilities": [-0.7542638182640076, -4.743003845214844, -4.753539085388184, -5.3276567459106445], "predictions": [89, 90, 397, 91, 16, 400, 401, 402, 17, 92, 4], "target_tokens": ["[IN:CREATE_TIMER", "[SL:METHOD_TIMER", "@ptr2", "SL:METHOD_TIMER]", "[SL:DATE_TIME", "@ptr3", "@ptr4", "@ptr5", "@ptr6", "@ptr7", "SL:DATE_TIME]", "IN:CREATE_TIMER]"], "predicted_tokens": ["[IN:CREATE_TIMER", "[SL:METHOD_TIMER", "@ptr2", "SL:METHOD_TIMER]", "[SL:DATE_TIME", "@ptr5", "@ptr6", "@ptr7", "SL:DATE_TIME]", "IN:CREATE_TIMER]"]}
{"loss": 1.0138951539993286, "class_log_probabilities": [-1.2077103853225708, -1.4637784957885742, -5.6851372718811035, -6.268272399902344], "predictions": [13, 79, 400, 80, 14, 402, 403, 15, 18, 4], "target_tokens": ["[IN:GET_WEATHER", "[SL:WEATHER_ATTRIBUTE", "@ptr5", "SL:WEATHER_ATTRIBUTE]", "[SL:LOCATION", "@ptr7", "@ptr8", "SL:LOCATION]", "IN:GET_WEATHER]"], "predicted_tokens": ["[IN:GET_WEATHER", "[SL:WEATHER_ATTRIBUTE", "@ptr5", "SL:WEATHER_ATTRIBUTE]", "[SL:LOCATION", "@ptr7", "@ptr8", "SL:LOCATION]", "IN:GET_WEATHER]"]}
{"loss": 0.9751560091972351, "class_log_probabilities": [-0.3371620178222656, -6.1584696769714355, -7.017681121826172, -7.27806282043457], "predictions": [115, 90, 402, 91, 116, 4], "target_tokens": ["[IN:GET_TIMER", "[SL:METHOD_TIMER", "@ptr7", "SL:METHOD_TIMER]", "IN:GET_TIMER]"], "predicted_tokens": ["[IN:GET_TIMER", "[SL:METHOD_TIMER", "@ptr7", "SL:METHOD_TIMER]", "IN:GET_TIMER]"]}
{"loss": 0.9704577922821045, "class_log_probabilities": [-0.4866793751716614, -5.566284656524658, -6.16057014465332, -6.9243669509887695], "predictions": [13, 79, 401, 80, 16, 402, 17, 18, 4, 4, 4, 4], "target_tokens": ["[IN:GET_WEATHER", "[SL:WEATHER_ATTRIBUTE", "@ptr6", "SL:WEATHER_ATTRIBUTE]", "[SL:DATE_TIME", "@ptr7", "SL:DATE_TIME]", "IN:GET_WEATHER]"], "predicted_tokens": ["[IN:GET_WEATHER", "[SL:WEATHER_ATTRIBUTE", "@ptr6", "SL:WEATHER_ATTRIBUTE]", "[SL:DATE_TIME", "@ptr7", "SL:DATE_TIME]", "IN:GET_WEATHER]"]}
{"loss": 1.8915926218032837, "class_log_probabilities": [-0.5742937326431274, -5.857987880706787, -6.204469680786133, -6.519983768463135], "predictions": [13, 79, 400, 80, 14, 402, 15, 18, 4], "target_tokens": ["[IN:GET_WEATHER", "[SL:WEATHER_ATTRIBUTE", "@ptr3", "SL:WEATHER_ATTRIBUTE]", "[SL:LOCATION", "@ptr7", "SL:LOCATION]", "IN:GET_WEATHER]"], "predicted_tokens": ["[IN:GET_WEATHER", "[SL:WEATHER_ATTRIBUTE", "@ptr5", "SL:WEATHER_ATTRIBUTE]", "[SL:LOCATION", "@ptr7", "SL:LOCATION]", "IN:GET_WEATHER]"]}
{"loss": 2.188009262084961, "class_log_probabilities": [-0.3949486017227173, -7.349125385284424, -7.475773811340332, -7.814230442047119], "predictions": [63, 66, 395, 396, 67, 68, 4], "target_tokens": ["[IN:PLAY_MUSIC", "[SL:MUSIC_ARTIST_NAME", "@ptr1", "SL:MUSIC_ARTIST_NAME]", "IN:PLAY_MUSIC]"], "predicted_tokens": ["[IN:PLAY_MUSIC", "[SL:MUSIC_ARTIST_NAME", "@ptr0", "@ptr1", "SL:MUSIC_ARTIST_NAME]", "IN:PLAY_MUSIC]"]}
{"loss": 3.838940143585205, "class_log_probabilities": [-2.763824462890625, -4.198559284210205, -4.38246488571167, -5.1399970054626465], "predictions": [205, 208, 4], "target_tokens": ["[IN:REWIND_MUSIC", "[SL:ORDINAL", "@ptr2", "SL:ORDINAL]", "[SL:MUSIC_REWIND_TIME", "@ptr3", "SL:MUSIC_REWIND_TIME]", "IN:REWIND_MUSIC]"], "predicted_tokens": ["[IN:START_SHUFFLE_MUSIC", "IN:START_SHUFFLE_MUSIC]"]}
{"loss": 1.4795782566070557, "class_log_probabilities": [-0.5353271961212158, -5.9134979248046875, -6.496170520782471, -6.51685905456543], "predictions": [45, 16, 399, 400, 401, 402, 17, 46, 4, 4, 4, 4, 4], "target_tokens": ["[IN:CREATE_ALARM", "[SL:DATE_TIME", "@ptr3", "@ptr4", "@ptr5", "@ptr6", "@ptr7", "SL:DATE_TIME]", "IN:CREATE_ALARM]"], "predicted_tokens": ["[IN:CREATE_ALARM", "[SL:DATE_TIME", "@ptr4", "@ptr5", "@ptr6", "@ptr7", "SL:DATE_TIME]", "IN:CREATE_ALARM]"]}
{"loss": 0.982735812664032, "class_log_probabilities": [-0.3079320192337036, -6.379842281341553, -7.373309135437012, -7.406374454498291], "predictions": [217, 64, 400, 65, 218, 4], "target_tokens": ["[IN:GET_TRACK_INFO_MUSIC", "[SL:MUSIC_TYPE", "@ptr5", "SL:MUSIC_TYPE]", "IN:GET_TRACK_INFO_MUSIC]"], "predicted_tokens": ["[IN:GET_TRACK_INFO_MUSIC", "[SL:MUSIC_TYPE", "@ptr5", "SL:MUSIC_TYPE]", "IN:GET_TRACK_INFO_MUSIC]"]}
{"loss": 1.6509933471679688, "class_log_probabilities": [-4.6608757972717285, -4.950116157531738, -6.1772780418396, -8.864646911621094], "predictions": [13, 46, 4, 4, 4, 4, 4, 4, 4, 4, 4, 4, 4], "target_tokens": ["[IN:GET_WEATHER", "[SL:WEATHER_ATTRIBUTE", "@ptr5", "SL:WEATHER_ATTRIBUTE]", "IN:GET_WEATHER]"], "predicted_tokens": ["[IN:GET_WEATHER", "IN:CREATE_ALARM]"]}
{"loss": 0.9964826703071594, "class_log_probabilities": [-1.092930793762207, -1.7378567457199097, -6.464869976043701, -7.048257827758789], "predictions": [45, 16, 398, 399, 400, 401, 402, 17, 46, 4, 4], "target_tokens": ["[IN:CREATE_ALARM", "[SL:DATE_TIME", "@ptr3", "@ptr4", "@ptr5", "@ptr6", "@ptr7", "SL:DATE_TIME]", "IN:CREATE_ALARM]"], "predicted_tokens": ["[IN:CREATE_ALARM", "[SL:DATE_TIME", "@ptr3", "@ptr4", "@ptr5", "@ptr6", "@ptr7", "SL:DATE_TIME]", "IN:CREATE_ALARM]"]}
{"loss": 0.9678215384483337, "class_log_probabilities": [-0.4662397503852844, -8.029318809509277, -8.068757057189941, -9.11561393737793], "predictions": [13, 79, 400, 80, 16, 401, 17, 18, 4, 4, 4], "target_tokens": ["[IN:GET_WEATHER", "[SL:WEATHER_ATTRIBUTE", "@ptr5", "SL:WEATHER_ATTRIBUTE]", "[SL:DATE_TIME", "@ptr6", "SL:DATE_TIME]", "IN:GET_WEATHER]"], "predicted_tokens": ["[IN:GET_WEATHER", "[SL:WEATHER_ATTRIBUTE", "@ptr5", "SL:WEATHER_ATTRIBUTE]", "[SL:DATE_TIME", "@ptr6", "SL:DATE_TIME]", "IN:GET_WEATHER]"]}
{"loss": 1.5836976766586304, "class_log_probabilities": [-0.21132825314998627, -4.3209967613220215, -5.885981559753418, -6.131503105163574], "predictions": [169, 170, 4, 4, 4, 4], "target_tokens": ["[IN:REMOVE_FROM_PLAYLIST_MUSIC", "[SL:MUSIC_TYPE", "@ptr4", "SL:MUSIC_TYPE]", "IN:REMOVE_FROM_PLAYLIST_MUSIC]"], "predicted_tokens": ["[IN:REMOVE_FROM_PLAYLIST_MUSIC", "IN:REMOVE_FROM_PLAYLIST_MUSIC]"]}
{"loss": 1.58452570438385, "class_log_probabilities": [-1.585300326347351, -2.4834377765655518, -3.1826846599578857, -3.6929402351379395], "predictions": [13, 14, 401, 15, 16, 403, 404, 405, 17, 18, 4, 4], "target_tokens": ["[IN:GET_WEATHER", "[SL:LOCATION", "@ptr6", "SL:LOCATION]", "[SL:DATE_TIME", "@ptr7", "@ptr8", "@ptr9", "@ptr10", "SL:DATE_TIME]", "IN:GET_WEATHER]"], "predicted_tokens": ["[IN:GET_WEATHER", "[SL:LOCATION", "@ptr6", "SL:LOCATION]", "[SL:DATE_TIME", "@ptr8", "@ptr9", "@ptr10", "SL:DATE_TIME]", "IN:GET_WEATHER]"]}
{"loss": 1.0041639804840088, "class_log_probabilities": [-1.2656134366989136, -2.068852424621582, -4.572744369506836, -5.435122013092041], "predictions": [13, 79, 398, 399, 400, 80, 16, 401, 402, 17, 18, 4, 4], "target_tokens": ["[IN:GET_WEATHER", "[SL:WEATHER_ATTRIBUTE", "@ptr3", "@ptr4", "@ptr5", "SL:WEATHER_ATTRIBUTE]", "[SL:DATE_TIME", "@ptr6", "@ptr7", "SL:DATE_TIME]", "IN:GET_WEATHER]"], "predicted_tokens": ["[IN:GET_WEATHER", "[SL:WEATHER_ATTRIBUTE", "@ptr3", "@ptr4", "@ptr5", "SL:WEATHER_ATTRIBUTE]", "[SL:DATE_TIME", "@ptr6", "@ptr7", "SL:DATE_TIME]", "IN:GET_WEATHER]"]}
{"loss": 1.0293998718261719, "class_log_probabilities": [-0.9414386749267578, -2.4741194248199463, -5.189766883850098, -6.8216657638549805], "predictions": [63, 151, 398, 399, 400, 152, 68, 4, 4, 4, 4], "target_tokens": ["[IN:PLAY_MUSIC", "[SL:MUSIC_GENRE", "@ptr3", "@ptr4", "@ptr5", "SL:MUSIC_GENRE]", "IN:PLAY_MUSIC]"], "predicted_tokens": ["[IN:PLAY_MUSIC", "[SL:MUSIC_GENRE", "@ptr3", "@ptr4", "@ptr5", "SL:MUSIC_GENRE]", "IN:PLAY_MUSIC]"]}
{"loss": 2.6699090003967285, "class_log_probabilities": [-1.7171754837036133, -3.256690502166748, -3.8521833419799805, -4.235553741455078], "predictions": [63, 64, 400, 65, 66, 401, 67, 68, 4, 4, 4, 4], "target_tokens": ["[IN:PLAY_MUSIC", "[SL:MUSIC_ARTIST_NAME", "@ptr6", "SL:MUSIC_ARTIST_NAME]", "[SL:MUSIC_GENRE", "@ptr2", "@ptr3", "SL:MUSIC_GENRE]", "[SL:MUSIC_TYPE", "@ptr4", "SL:MUSIC_TYPE]", "IN:PLAY_MUSIC]"], "predicted_tokens": ["[IN:PLAY_MUSIC", "[SL:MUSIC_TYPE", "@ptr5", "SL:MUSIC_TYPE]", "[SL:MUSIC_ARTIST_NAME", "@ptr6", "SL:MUSIC_ARTIST_NAME]", "IN:PLAY_MUSIC]"]}
{"loss": 1.607122778892517, "class_log_probabilities": [-1.133084774017334, -3.7160744667053223, -4.00044059753418, -4.12313175201416], "predictions": [63, 101, 399, 400, 401, 402, 403, 404, 102, 103, 406, 104, 68, 4, 4, 4, 4], "target_tokens": ["[IN:PLAY_MUSIC", "[SL:MUSIC_TRACK_TITLE", "@ptr4", "@ptr5", "@ptr6", "SL:MUSIC_TRACK_TITLE]", "[SL:MUSIC_ARTIST_NAME", "@ptr8", "@ptr9", "SL:MUSIC_ARTIST_NAME]", "[SL:MUSIC_PROVIDER_NAME", "@ptr11", "SL:MUSIC_PROVIDER_NAME]", "IN:PLAY_MUSIC]"], "predicted_tokens": ["[IN:PLAY_MUSIC", "[SL:MUSIC_TRACK_TITLE", "@ptr4", "@ptr5", "@ptr6", "@ptr7", "@ptr8", "@ptr9", "SL:MUSIC_TRACK_TITLE]", "[SL:MUSIC_PROVIDER_NAME", "@ptr11", "SL:MUSIC_PROVIDER_NAME]", "IN:PLAY_MUSIC]"]}
{"loss": 1.4209556579589844, "class_log_probabilities": [-2.457472324371338, -2.5966663360595703, -4.80178689956665, -5.220829486846924], "predictions": [39, 40, 398, 41, 43, 401, 44, 42, 4, 4, 4, 4], "target_tokens": ["[IN:GET_STORIES_NEWS", "[SL:NEWS_REFERENCE", "@ptr3", "SL:NEWS_REFERENCE]", "[SL:NEWS_CATEGORY", "@ptr6", "SL:NEWS_CATEGORY]", "[SL:NEWS_TYPE", "@ptr5", "SL:NEWS_TYPE]", "IN:GET_STORIES_NEWS]"], "predicted_tokens": ["[IN:GET_STORIES_NEWS", "[SL:NEWS_TYPE", "@ptr3", "SL:NEWS_TYPE]", "[SL:NEWS_CATEGORY", "@ptr6", "SL:NEWS_CATEGORY]", "IN:GET_STORIES_NEWS]"]}
{"loss": 2.2528679370880127, "class_log_probabilities": [-0.9610293507575989, -2.8028130531311035, -4.845401763916016, -5.292305946350098], "predictions": [13, 16, 396, 397, 398, 399, 17, 14, 401, 402, 15, 18, 4, 4], "target_tokens": ["[IN:GET_WEATHER", "[SL:DATE_TIME", "@ptr1", "@ptr2", "@ptr3", "SL:DATE_TIME]", "[SL:LOCATION", "@ptr4", "@ptr5", "@ptr6", "@ptr7", "SL:LOCATION]", "IN:GET_WEATHER]"], "predicted_tokens": ["[IN:GET_WEATHER", "[SL:DATE_TIME", "@ptr1", "@ptr2", "@ptr3", "@ptr4", "SL:DATE_TIME]", "[SL:LOCATION", "@ptr6", "@ptr7", "SL:LOCATION]", "IN:GET_WEATHER]"]}
{"loss": 1.2813873291015625, "class_log_probabilities": [-2.0429389476776123, -3.0904693603515625, -3.5057618618011475, -4.624903202056885], "predictions": [13, 79, 403, 80, 14, 406, 15, 16, 407, 17, 18, 4, 4], "target_tokens": ["[IN:GET_WEATHER", "[SL:WEATHER_ATTRIBUTE", "@ptr9", "SL:WEATHER_ATTRIBUTE]", "[SL:LOCATION", "@ptr11", "SL:LOCATION]", "[SL:DATE_TIME", "@ptr12", "SL:DATE_TIME]", "IN:GET_WEATHER]"], "predicted_tokens": ["[IN:GET_WEATHER", "[SL:WEATHER_ATTRIBUTE", "@ptr8", "SL:WEATHER_ATTRIBUTE]", "[SL:LOCATION", "@ptr11", "SL:LOCATION]", "[SL:DATE_TIME", "@ptr12", "SL:DATE_TIME]", "IN:GET_WEATHER]"]}
{"loss": 0.9639118313789368, "class_log_probabilities": [-0.33675551414489746, -7.36420202255249, -9.031641960144043, -9.097994804382324], "predictions": [13, 79, 398, 80, 18, 4, 4, 4], "target_tokens": ["[IN:GET_WEATHER", "[SL:WEATHER_ATTRIBUTE", "@ptr3", "SL:WEATHER_ATTRIBUTE]", "IN:GET_WEATHER]"], "predicted_tokens": ["[IN:GET_WEATHER", "[SL:WEATHER_ATTRIBUTE", "@ptr3", "SL:WEATHER_ATTRIBUTE]", "IN:GET_WEATHER]"]}
{"loss": 0.973807692527771, "class_log_probabilities": [-0.5423991084098816, -5.971499919891357, -6.050503730773926, -6.445587635040283], "predictions": [13, 14, 403, 404, 15, 16, 405, 17, 18, 4, 4, 4, 4], "target_tokens": ["[IN:GET_WEATHER", "[SL:LOCATION", "@ptr8", "@ptr9", "SL:LOCATION]", "[SL:DATE_TIME", "@ptr10", "SL:DATE_TIME]", "IN:GET_WEATHER]"], "predicted_tokens": ["[IN:GET_WEATHER", "[SL:LOCATION", "@ptr8", "@ptr9", "SL:LOCATION]", "[SL:DATE_TIME", "@ptr10", "SL:DATE_TIME]", "IN:GET_WEATHER]"]}
{"loss": 2.9235002994537354, "class_log_probabilities": [-1.2347263097763062, -2.4197049140930176, -3.3684232234954834, -3.611358404159546], "predictions": [241, 20, 397, 21, 64, 398, 65, 242, 4], "target_tokens": ["[IN:SKIP_TRACK_MUSIC", "[SL:MUSIC_TYPE", "@ptr3", "SL:MUSIC_TYPE]", "[SL:MUSIC_TYPE", "@ptr6", "@ptr7", "@ptr8", "SL:MUSIC_TYPE]", "IN:SKIP_TRACK_MUSIC]"], "predicted_tokens": ["[IN:SKIP_TRACK_MUSIC", "[SL:ORDINAL", "@ptr2", "SL:ORDINAL]", "[SL:MUSIC_TYPE", "@ptr3", "SL:MUSIC_TYPE]", "IN:SKIP_TRACK_MUSIC]"]}
{"loss": 0.9690219759941101, "class_log_probabilities": [-0.34809815883636475, -5.986579895019531, -6.862486362457275, -8.150590896606445], "predictions": [13, 79, 404, 80, 18, 4, 4, 4], "target_tokens": ["[IN:GET_WEATHER", "[SL:WEATHER_ATTRIBUTE", "@ptr9", "SL:WEATHER_ATTRIBUTE]", "IN:GET_WEATHER]"], "predicted_tokens": ["[IN:GET_WEATHER", "[SL:WEATHER_ATTRIBUTE", "@ptr9", "SL:WEATHER_ATTRIBUTE]", "IN:GET_WEATHER]"]}
{"loss": 2.438793182373047, "class_log_probabilities": [-1.834703803062439, -3.931375026702881, -4.1466288566589355, -4.412925720214844], "predictions": [45, 141, 399, 400, 401, 402, 142, 16, 404, 17, 46, 4, 4, 4], "target_tokens": ["[IN:CREATE_ALARM", "[SL:PERIOD", "@ptr3", "@ptr4", "@ptr5", "@ptr6", "SL:PERIOD]", "[SL:DATE_TIME", "@ptr7", "@ptr8", "@ptr9", "SL:DATE_TIME]", "IN:CREATE_ALARM]"], "predicted_tokens": ["[IN:CREATE_ALARM", "[SL:PERIOD", "@ptr4", "@ptr5", "@ptr6", "@ptr7", "SL:PERIOD]", "[SL:DATE_TIME", "@ptr9", "SL:DATE_TIME]", "IN:CREATE_ALARM]"]}
{"loss": 1.5087008476257324, "class_log_probabilities": [-3.065645933151245, -3.598137378692627, -4.3302788734436035, -4.937098503112793], "predictions": [39, 40, 405, 41, 56, 406, 407, 57, 42, 4, 4, 4], "target_tokens": ["[IN:GET_STORIES_NEWS", "[SL:NEWS_TYPE", "@ptr9", "SL:NEWS_TYPE]", "[SL:NEWS_TOPIC", "@ptr12", "@ptr13", "@ptr14", "SL:NEWS_TOPIC]", "IN:GET_STORIES_NEWS]"], "predicted_tokens": ["[IN:GET_STORIES_NEWS", "[SL:NEWS_TYPE", "@ptr10", "SL:NEWS_TYPE]", "[SL:NEWS_TOPIC", "@ptr11", "@ptr12", "SL:NEWS_TOPIC]", "IN:GET_STORIES_NEWS]"]}
{"loss": 2.252077341079712, "class_log_probabilities": [-1.3959405422210693, -2.4081876277923584, -2.4256319999694824, -3.9381725788116455], "predictions": [89, 16, 400, 401, 17, 92, 4, 4, 4, 4, 4], "target_tokens": ["[IN:CREATE_TIMER", "[SL:METHOD_TIMER", "@ptr3", "SL:METHOD_TIMER]", "[SL:DATE_TIME", "@ptr4", "@ptr5", "@ptr6", "SL:DATE_TIME]", "IN:CREATE_TIMER]"], "predicted_tokens": ["[IN:CREATE_TIMER", "[SL:DATE_TIME", "@ptr5", "@ptr6", "SL:DATE_TIME]", "IN:CREATE_TIMER]"]}
{"loss": 1.2190403938293457, "class_log_probabilities": [-1.886898398399353, -3.7904067039489746, -4.704190731048584, -4.960897922515869], "predictions": [39, 40, 398, 41, 42, 4, 4, 4, 4], "target_tokens": ["[IN:GET_STORIES_NEWS", "[SL:NEWS_CATEGORY", "@ptr3", "SL:NEWS_CATEGORY]", "[SL:NEWS_TYPE", "@ptr4", "SL:NEWS_TYPE]", "IN:GET_STORIES_NEWS]"], "predicted_tokens": ["[IN:GET_STORIES_NEWS", "[SL:NEWS_TYPE", "@ptr3", "SL:NEWS_TYPE]", "IN:GET_STORIES_NEWS]"]}
{"loss": 0.9675866365432739, "class_log_probabilities": [-0.4652184844017029, -7.506917953491211, -7.773539066314697, -7.9682111740112305], "predictions": [13, 14, 401, 15, 16, 402, 17, 18, 4, 4, 4], "target_tokens": ["[IN:GET_WEATHER", "[SL:LOCATION", "@ptr6", "SL:LOCATION]", "[SL:DATE_TIME", "@ptr7", "SL:DATE_TIME]", "IN:GET_WEATHER]"], "predicted_tokens": ["[IN:GET_WEATHER", "[SL:LOCATION", "@ptr6", "SL:LOCATION]", "[SL:DATE_TIME", "@ptr7", "SL:DATE_TIME]", "IN:GET_WEATHER]"]}
{"loss": 2.0231964588165283, "class_log_probabilities": [-0.33842021226882935, -5.615096569061279, -6.116654872894287, -6.501003742218018], "predictions": [287, 64, 397, 65, 288, 4], "target_tokens": ["[IN:RESUME_MUSIC", "[SL:MUSIC_TYPE", "@ptr2", "SL:MUSIC_TYPE]", "IN:RESUME_MUSIC]"], "predicted_tokens": ["[IN:REPLAY_MUSIC", "[SL:MUSIC_TYPE", "@ptr2", "SL:MUSIC_TYPE]", "IN:REPLAY_MUSIC]"]}
{"loss": 0.9698825478553772, "class_log_probabilities": [-0.650137722492218, -5.707546710968018, -6.8191680908203125, -6.925612449645996], "predictions": [13, 14, 400, 401, 15, 18, 4], "target_tokens": ["[IN:GET_WEATHER", "[SL:LOCATION", "@ptr5", "@ptr6", "SL:LOCATION]", "IN:GET_WEATHER]"], "predicted_tokens": ["[IN:GET_WEATHER", "[SL:LOCATION", "@ptr5", "@ptr6", "SL:LOCATION]", "IN:GET_WEATHER]"]}
{"loss": 2.6823394298553467, "class_log_probabilities": [-2.7920124530792236, -4.097870826721191, -4.325307846069336, -6.6060872077941895], "predictions": [63, 64, 400, 65, 66, 405, 67, 68, 4, 4, 4, 4, 4, 4, 4], "target_tokens": ["[IN:PLAY_MUSIC", "[SL:MUSIC_ARTIST_NAME", "@ptr10", "@ptr11", "SL:MUSIC_ARTIST_NAME]", "[SL:MUSIC_TYPE", "@ptr5", "SL:MUSIC_TYPE]", "IN:PLAY_MUSIC]"], "predicted_tokens": ["[IN:PLAY_MUSIC", "[SL:MUSIC_TYPE", "@ptr5", "SL:MUSIC_TYPE]", "[SL:MUSIC_ARTIST_NAME", "@ptr10", "SL:MUSIC_ARTIST_NAME]", "IN:PLAY_MUSIC]"]}
{"loss": 1.9066505432128906, "class_log_probabilities": [-1.3007431030273438, -1.9166488647460938, -5.257658958435059, -5.330669403076172], "predictions": [89, 90, 398, 91, 16, 399, 400, 17, 92, 4], "target_tokens": ["[IN:CREATE_TIMER", "[SL:METHOD_TIMER", "@ptr2", "SL:METHOD_TIMER]", "[SL:DATE_TIME", "@ptr3", "@ptr4", "@ptr5", "SL:DATE_TIME]", "IN:CREATE_TIMER]"], "predicted_tokens": ["[IN:CREATE_TIMER", "[SL:METHOD_TIMER", "@ptr3", "SL:METHOD_TIMER]", "[SL:DATE_TIME", "@ptr4", "@ptr5", "SL:DATE_TIME]", "IN:CREATE_TIMER]"]}
{"loss": 1.192758321762085, "class_log_probabilities": [-1.4039442539215088, -4.019960403442383, -5.038458824157715, -5.226932525634766], "predictions": [55, 56, 397, 398, 399, 400, 401, 402, 403, 404, 405, 406, 57, 58, 4, 4, 4], "target_tokens": ["[IN:QUESTION_NEWS", "[SL:NEWS_TOPIC", "@ptr3", "@ptr4", "@ptr5", "@ptr6", "@ptr7", "@ptr8", "@ptr9", "@ptr10", "@ptr11", "SL:NEWS_TOPIC]", "IN:QUESTION_NEWS]"], "predicted_tokens": ["[IN:QUESTION_NEWS", "[SL:NEWS_TOPIC", "@ptr2", "@ptr3", "@ptr4", "@ptr5", "@ptr6", "@ptr7", "@ptr8", "@ptr9", "@ptr10", "@ptr11", "SL:NEWS_TOPIC]", "IN:QUESTION_NEWS]"]}
{"loss": 0.9634692072868347, "class_log_probabilities": [-0.5285481810569763, -6.133052825927734, -6.498795986175537, -7.330533027648926], "predictions": [13, 79, 397, 80, 16, 405, 17, 18, 4, 4], "target_tokens": ["[IN:GET_WEATHER", "[SL:WEATHER_ATTRIBUTE", "@ptr2", "SL:WEATHER_ATTRIBUTE]", "[SL:DATE_TIME", "@ptr10", "SL:DATE_TIME]", "IN:GET_WEATHER]"], "predicted_tokens": ["[IN:GET_WEATHER", "[SL:WEATHER_ATTRIBUTE", "@ptr2", "SL:WEATHER_ATTRIBUTE]", "[SL:DATE_TIME", "@ptr10", "SL:DATE_TIME]", "IN:GET_WEATHER]"]}
{"loss": 3.2397756576538086, "class_log_probabilities": [-3.4566996097564697, -3.9168739318847656, -4.313666820526123, -4.9010491371154785], "predictions": [63, 66, 395, 67, 206, 400, 401, 207, 68, 4, 4], "target_tokens": ["[IN:GET_WEATHER", "[SL:WEATHER_ATTRIBUTE", "@ptr5", "@ptr6", "@ptr7", "SL:WEATHER_ATTRIBUTE]", "IN:GET_WEATHER]"], "predicted_tokens": ["[IN:PLAY_MUSIC", "[SL:MUSIC_ARTIST_NAME", "@ptr0", "SL:MUSIC_ARTIST_NAME]", "[SL:MUSIC_ALBUM_TITLE", "@ptr5", "@ptr6", "SL:MUSIC_ALBUM_TITLE]", "IN:PLAY_MUSIC]"]}
{"loss": 1.0351957082748413, "class_log_probabilities": [-1.81634521484375, -2.9115262031555176, -3.641793966293335, -4.061625957489014], "predictions": [45, 141, 398, 399, 142, 16, 403, 404, 405, 17, 46, 4], "target_tokens": ["[IN:CREATE_ALARM", "[SL:PERIOD", "@ptr3", "@ptr4", "SL:PERIOD]", "[SL:DATE_TIME", "@ptr8", "@ptr9", "@ptr10", "SL:DATE_TIME]", "IN:CREATE_ALARM]"], "predicted_tokens": ["[IN:CREATE_ALARM", "[SL:PERIOD", "@ptr3", "@ptr4", "SL:PERIOD]", "[SL:DATE_TIME", "@ptr8", "@ptr9", "@ptr10", "SL:DATE_TIME]", "IN:CREATE_ALARM]"]}
{"loss": 0.9629048109054565, "class_log_probabilities": [-0.393604576587677, -7.115014553070068, -7.359886169433594, -8.653093338012695], "predictions": [13, 14, 397, 398, 15, 18, 4, 4], "target_tokens": ["[IN:GET_WEATHER", "[SL:LOCATION", "@ptr2", "@ptr3", "SL:LOCATION]", "IN:GET_WEATHER]"], "predicted_tokens": ["[IN:GET_WEATHER", "[SL:LOCATION", "@ptr2", "@ptr3", "SL:LOCATION]", "IN:GET_WEATHER]"]}
{"loss": 1.193055510520935, "class_log_probabilities": [-3.096378803253174, -4.631041526794434, -4.778250694274902, -5.180388927459717], "predictions": [13, 79, 400, 80, 16, 401, 17, 18, 4, 4, 4, 4], "target_tokens": ["[IN:GET_WEATHER", "[SL:WEATHER_ATTRIBUTE", "@ptr5", "SL:WEATHER_ATTRIBUTE]", "[SL:DATE_TIME", "@ptr6", "SL:DATE_TIME]", "IN:GET_WEATHER]"], "predicted_tokens": ["[IN:GET_WEATHER", "[SL:WEATHER_ATTRIBUTE", "@ptr5", "SL:WEATHER_ATTRIBUTE]", "[SL:DATE_TIME", "@ptr6", "SL:DATE_TIME]", "IN:GET_WEATHER]"]}
{"loss": 1.5938701629638672, "class_log_probabilities": [-1.6157864332199097, -1.967307448387146, -2.681119680404663, -2.9254813194274902], "predictions": [89, 16, 400, 401, 402, 17, 90, 410, 92, 4, 4], "target_tokens": ["[IN:CREATE_TIMER", "[SL:DATE_TIME", "@ptr5", "@ptr6", "@ptr7", "SL:DATE_TIME]", "[SL:METHOD_TIMER", "@ptr15", "SL:METHOD_TIMER]", "IN:CREATE_TIMER]"], "predicted_tokens": ["[IN:CREATE_TIMER", "[SL:DATE_TIME", "@ptr5", "@ptr6", "@ptr7", "SL:DATE_TIME]", "[SL:METHOD_TIMER", "@ptr15", "IN:CREATE_TIMER]"]}
{"loss": 0.9831674695014954, "class_log_probabilities": [-0.34038540720939636, -5.062700271606445, -5.695998191833496, -6.117551326751709], "predictions": [287, 64, 397, 65, 288, 4], "target_tokens": ["[IN:REPLAY_MUSIC", "[SL:MUSIC_TYPE", "@ptr2", "SL:MUSIC_TYPE]", "IN:REPLAY_MUSIC]"], "predicted_tokens": ["[IN:REPLAY_MUSIC", "[SL:MUSIC_TYPE", "@ptr2", "SL:MUSIC_TYPE]", "IN:REPLAY_MUSIC]"]}
{"loss": 1.0932883024215698, "class_log_probabilities": [-1.6726833581924438, -1.8180314302444458, -3.095545530319214, -4.657101154327393], "predictions": [85, 64, 401, 402, 65, 88, 4, 4], "target_tokens": ["[IN:CREATE_PLAYLIST_MUSIC", "[SL:MUSIC_TYPE", "@ptr6", "@ptr7", "@ptr8", "SL:MUSIC_TYPE]", "IN:CREATE_PLAYLIST_MUSIC]"], "predicted_tokens": ["[IN:CREATE_PLAYLIST_MUSIC", "[SL:MUSIC_TYPE", "@ptr6", "@ptr7", "SL:MUSIC_TYPE]", "IN:CREATE_PLAYLIST_MUSIC]"]}
{"loss": 1.412130355834961, "class_log_probabilities": [-1.015172004699707, -2.069018840789795, -4.595728874206543, -4.7434563636779785], "predictions": [225, 120, 397, 121, 90, 398, 91, 226, 4], "target_tokens": ["[IN:DELETE_TIMER", "[SL:AMOUNT", "@ptr1", "SL:AMOUNT]", "[SL:METHOD_TIMER", "@ptr3", "SL:METHOD_TIMER]", "IN:DELETE_TIMER]"], "predicted_tokens": ["[IN:DELETE_TIMER", "[SL:AMOUNT", "@ptr2", "SL:AMOUNT]", "[SL:METHOD_TIMER", "@ptr3", "SL:METHOD_TIMER]", "IN:DELETE_TIMER]"]}
{"loss": 1.4204810857772827, "class_log_probabilities": [-3.569025993347168, -3.6198666095733643, -4.168841361999512, -4.8017377853393555], "predictions": [39, 131, 398, 132, 40, 399, 41, 56, 401, 402, 403, 404, 405, 57, 42, 4, 4], "target_tokens": ["[IN:GET_STORIES_NEWS", "[SL:NEWS_REFERENCE", "@ptr3", "SL:NEWS_REFERENCE]", "[SL:NEWS_TYPE", "@ptr4", "SL:NEWS_TYPE]", "[SL:NEWS_TOPIC", "@ptr7", "@ptr8", "@ptr9", "@ptr10", "SL:NEWS_TOPIC]", "IN:GET_STORIES_NEWS]"], "predicted_tokens": ["[IN:GET_STORIES_NEWS", "[SL:NEWS_REFERENCE", "@ptr3", "SL:NEWS_REFERENCE]", "[SL:NEWS_TYPE", "@ptr4", "SL:NEWS_TYPE]", "[SL:NEWS_TOPIC", "@ptr6", "@ptr7", "@ptr8", "@ptr9", "@ptr10", "SL:NEWS_TOPIC]", "IN:GET_STORIES_NEWS]"]}
{"loss": 0.9901192784309387, "class_log_probabilities": [-1.2437496185302734, -4.365118026733398, -4.7352399826049805, -5.115781784057617], "predictions": [13, 79, 400, 401, 80, 18, 4, 4], "target_tokens": ["[IN:GET_WEATHER", "[SL:WEATHER_ATTRIBUTE", "@ptr5", "@ptr6", "SL:WEATHER_ATTRIBUTE]", "IN:GET_WEATHER]"], "predicted_tokens": ["[IN:GET_WEATHER", "[SL:WEATHER_ATTRIBUTE", "@ptr5", "@ptr6", "SL:WEATHER_ATTRIBUTE]", "IN:GET_WEATHER]"]}
{"loss": 0.9784681797027588, "class_log_probabilities": [-0.3851456940174103, -6.767608165740967, -6.771106719970703, -7.359007358551025], "predictions": [217, 64, 401, 65, 218, 4, 4, 4, 4], "target_tokens": ["[IN:GET_TRACK_INFO_MUSIC", "[SL:MUSIC_TYPE", "@ptr6", "SL:MUSIC_TYPE]", "IN:GET_TRACK_INFO_MUSIC]"], "predicted_tokens": ["[IN:GET_TRACK_INFO_MUSIC", "[SL:MUSIC_TYPE", "@ptr6", "SL:MUSIC_TYPE]", "IN:GET_TRACK_INFO_MUSIC]"]}
{"loss": 1.336740493774414, "class_log_probabilities": [-0.7462719678878784, -1.5855411291122437, -6.082333564758301, -6.143911361694336], "predictions": [213, 214, 4], "target_tokens": ["[IN:DELETE_ALARM", "IN:DELETE_ALARM]"], "predicted_tokens": ["[IN:SILENCE_ALARM", "IN:SILENCE_ALARM]"]}
{"loss": 1.8362841606140137, "class_log_probabilities": [-0.4369881749153137, -4.803141117095947, -5.2807207107543945, -5.675669193267822], "predictions": [255, 90, 397, 91, 256, 4], "target_tokens": ["[IN:DELETE_TIMER", "[SL:METHOD_TIMER", "@ptr2", "SL:METHOD_TIMER]", "IN:DELETE_TIMER]"], "predicted_tokens": ["[IN:PAUSE_TIMER", "[SL:METHOD_TIMER", "@ptr2", "SL:METHOD_TIMER]", "IN:PAUSE_TIMER]"]}
{"loss": 1.470108985900879, "class_log_probabilities": [-1.2484405040740967, -3.863693952560425, -6.029634475708008, -6.163036346435547], "predictions": [119, 120, 397, 121, 122, 4], "target_tokens": ["[IN:DELETE_ALARM", "[SL:AMOUNT", "@ptr1", "SL:AMOUNT]", "IN:DELETE_ALARM]"], "predicted_tokens": ["[IN:DELETE_ALARM", "[SL:AMOUNT", "@ptr2", "SL:AMOUNT]", "IN:DELETE_ALARM]"]}
{"loss": 3.405738353729248, "class_log_probabilities": [-1.5192537307739258, -3.5725831985473633, -3.6587717533111572, -3.9907066822052], "predictions": [169, 64, 400, 65, 66, 402, 403, 404, 67, 170, 4], "target_tokens": ["[IN:PLAY_MUSIC", "[SL:MUSIC_ARTIST_NAME", "@ptr7", "@ptr8", "@ptr9", "SL:MUSIC_ARTIST_NAME]", "[SL:MUSIC_TYPE", "@ptr5", "SL:MUSIC_TYPE]", "[SL:MUSIC_TRACK_TITLE", "@ptr3", "@ptr4", "SL:MUSIC_TRACK_TITLE]", "IN:PLAY_MUSIC]"], "predicted_tokens": ["[IN:REMOVE_FROM_PLAYLIST_MUSIC", "[SL:MUSIC_TYPE", "@ptr5", "SL:MUSIC_TYPE]", "[SL:MUSIC_ARTIST_NAME", "@ptr7", "@ptr8", "@ptr9", "SL:MUSIC_ARTIST_NAME]", "IN:REMOVE_FROM_PLAYLIST_MUSIC]"]}
{"loss": 2.1646604537963867, "class_log_probabilities": [-0.405174195766449, -3.3761727809906006, -6.082581520080566, -6.245152950286865], "predictions": [255, 90, 397, 91, 256, 4], "target_tokens": ["[IN:DELETE_TIMER", "[SL:METHOD_TIMER", "@ptr2", "SL:METHOD_TIMER]", "IN:DELETE_TIMER]"], "predicted_tokens": ["[IN:PAUSE_TIMER", "[SL:METHOD_TIMER", "@ptr2", "SL:METHOD_TIMER]", "IN:PAUSE_TIMER]"]}
{"loss": 2.2984445095062256, "class_log_probabilities": [-0.9865632653236389, -1.5964785814285278, -5.614553928375244, -6.455329418182373], "predictions": [241, 64, 399, 65, 242, 4, 4, 4, 4], "target_tokens": ["[IN:SKIP_TRACK_MUSIC", "[SL:ORDINAL", "@ptr5", "SL:ORDINAL]", "[SL:MUSIC_TYPE", "@ptr4", "SL:MUSIC_TYPE]", "IN:SKIP_TRACK_MUSIC]"], "predicted_tokens": ["[IN:SKIP_TRACK_MUSIC", "[SL:MUSIC_TYPE", "@ptr4", "SL:MUSIC_TYPE]", "IN:SKIP_TRACK_MUSIC]"]}
{"loss": 0.9894272685050964, "class_log_probabilities": [-0.8245289921760559, -5.28296422958374, -5.760156631469727, -5.983038902282715], "predictions": [63, 64, 395, 65, 151, 397, 398, 152, 68, 4], "target_tokens": ["[IN:PLAY_MUSIC", "[SL:MUSIC_TYPE", "@ptr0", "SL:MUSIC_TYPE]", "[SL:MUSIC_GENRE", "@ptr2", "@ptr3", "SL:MUSIC_GENRE]", "IN:PLAY_MUSIC]"], "predicted_tokens": ["[IN:PLAY_MUSIC", "[SL:MUSIC_TYPE", "@ptr0", "SL:MUSIC_TYPE]", "[SL:MUSIC_GENRE", "@ptr2", "@ptr3", "SL:MUSIC_GENRE]", "IN:PLAY_MUSIC]"]}
{"loss": 0.968828022480011, "class_log_probabilities": [-0.3200971782207489, -7.663832664489746, -7.849514484405518, -7.910419464111328], "predictions": [63, 64, 397, 65, 68, 4], "target_tokens": ["[IN:PLAY_MUSIC", "[SL:MUSIC_TYPE", "@ptr2", "SL:MUSIC_TYPE]", "IN:PLAY_MUSIC]"], "predicted_tokens": ["[IN:PLAY_MUSIC", "[SL:MUSIC_TYPE", "@ptr2", "SL:MUSIC_TYPE]", "IN:PLAY_MUSIC]"]}
{"loss": 2.2520742416381836, "class_log_probabilities": [-1.330688238143921, -3.2749972343444824, -4.551308631896973, -4.9084343910217285], "predictions": [89, 16, 398, 399, 400, 17, 92, 4, 4], "target_tokens": ["[IN:CREATE_TIMER", "[SL:METHOD_TIMER", "@ptr0", "SL:METHOD_TIMER]", "[SL:DATE_TIME", "@ptr2", "@ptr3", "@ptr4", "SL:DATE_TIME]", "IN:CREATE_TIMER]"], "predicted_tokens": ["[IN:CREATE_TIMER", "[SL:DATE_TIME", "@ptr3", "@ptr4", "@ptr5", "SL:DATE_TIME]", "IN:CREATE_TIMER]"]}
{"loss": 2.2362403869628906, "class_log_probabilities": [-0.6429886221885681, -6.252748489379883, -6.722382068634033, -7.369946479797363], "predictions": [13, 14, 400, 15, 16, 401, 402, 403, 404, 17, 18, 4, 4], "target_tokens": ["[IN:GET_WEATHER", "[SL:DATE_TIME", "@ptr6", "@ptr7", "@ptr8", "@ptr9", "SL:DATE_TIME]", "[SL:LOCATION", "@ptr5", "SL:LOCATION]", "IN:GET_WEATHER]"], "predicted_tokens": ["[IN:GET_WEATHER", "[SL:LOCATION", "@ptr5", "SL:LOCATION]", "[SL:DATE_TIME", "@ptr6", "@ptr7", "@ptr8", "@ptr9", "SL:DATE_TIME]", "IN:GET_WEATHER]"]}
{"loss": 1.7923967838287354, "class_log_probabilities": [-1.5472224950790405, -1.7555091381072998, -2.9825358390808105, -5.748879432678223], "predictions": [63, 64, 397, 65, 68, 4, 4, 4, 4], "target_tokens": ["[IN:PLAY_MUSIC", "[SL:MUSIC_GENRE", "@ptr3", "SL:MUSIC_GENRE]", "[SL:MUSIC_TYPE", "@ptr2", "SL:MUSIC_TYPE]", "IN:PLAY_MUSIC]"], "predicted_tokens": ["[IN:PLAY_MUSIC", "[SL:MUSIC_TYPE", "@ptr2", "SL:MUSIC_TYPE]", "IN:PLAY_MUSIC]"]}
{"loss": 2.480813503265381, "class_log_probabilities": [-3.2850818634033203, -3.7401998043060303, -4.261460304260254, -5.206811904907227], "predictions": [45, 249, 399, 400, 401, 402, 250, 46, 4, 4, 4, 4, 4, 4, 4], "target_tokens": ["[IN:CREATE_ALARM", "[SL:ALARM_NAME", "@ptr4", "@ptr5", "@ptr6", "@ptr7", "@ptr8", "@ptr9", "@ptr10", "SL:ALARM_NAME]", "[SL:PERIOD", "@ptr11", "@ptr12", "@ptr13", "SL:PERIOD]", "IN:CREATE_ALARM]"], "predicted_tokens": ["[IN:CREATE_ALARM", "[SL:ALARM_NAME", "@ptr4", "@ptr5", "@ptr6", "@ptr7", "SL:ALARM_NAME]", "IN:CREATE_ALARM]"]}
{"loss": 2.1673271656036377, "class_log_probabilities": [-1.1965411901474, -2.1989505290985107, -3.601088285446167, -4.5628767013549805], "predictions": [45, 16, 399, 400, 401, 402, 403, 17, 46, 4], "target_tokens": ["[IN:CREATE_ALARM", "[SL:DATE_TIME", "@ptr3", "@ptr4", "@ptr5", "@ptr6", "@ptr7", "SL:DATE_TIME]", "IN:CREATE_ALARM]"], "predicted_tokens": ["[IN:CREATE_ALARM", "[SL:DATE_TIME", "@ptr4", "@ptr5", "@ptr6", "@ptr7", "@ptr8", "SL:DATE_TIME]", "IN:CREATE_ALARM]"]}
{"loss": 0.9794149994850159, "class_log_probabilities": [-0.30256691575050354, -6.201534271240234, -7.313681125640869, -7.452391147613525], "predictions": [115, 90, 405, 91, 116, 4], "target_tokens": ["[IN:GET_TIMER", "[SL:METHOD_TIMER", "@ptr10", "SL:METHOD_TIMER]", "IN:GET_TIMER]"], "predicted_tokens": ["[IN:GET_TIMER", "[SL:METHOD_TIMER", "@ptr10", "SL:METHOD_TIMER]", "IN:GET_TIMER]"]}
{"loss": 0.9694175720214844, "class_log_probabilities": [-0.35409873723983765, -6.817533493041992, -8.610442161560059, -149.7412109375], "predictions": [63, 64, 397, 65, 68, 4, 4, 4, 4, 4, 4, 4, 4, 4, 4, 4, 4, 4, 4, 4, 4, 4, 4, 4, 4, 4, 4, 4, 4, 4, 4, 4, 4, 4, 4, 4, 4, 4, 4, 4, 4, 4, 4, 4, 4, 4, 4, 4, 4, 4, 4, 4, 4, 4, 4, 4, 4, 4, 4, 4, 4, 4, 4, 4, 4, 4, 4, 4, 4, 4, 4, 4, 4, 4, 4, 4, 4, 4, 4, 4, 4, 4, 4, 4, 4, 4, 4, 4, 4, 4, 4, 4, 4, 4, 4, 4, 4, 4, 4, 4], "target_tokens": ["[IN:PLAY_MUSIC", "[SL:MUSIC_TYPE", "@ptr2", "SL:MUSIC_TYPE]", "IN:PLAY_MUSIC]"], "predicted_tokens": ["[IN:PLAY_MUSIC", "[SL:MUSIC_TYPE", "@ptr2", "SL:MUSIC_TYPE]", "IN:PLAY_MUSIC]"]}
{"loss": 0.984984815120697, "class_log_probabilities": [-0.6717888712882996, -4.279572486877441, -5.119196891784668, -5.480974197387695], "predictions": [13, 79, 400, 80, 18, 4, 4, 4, 4], "target_tokens": ["[IN:GET_WEATHER", "[SL:WEATHER_ATTRIBUTE", "@ptr5", "SL:WEATHER_ATTRIBUTE]", "IN:GET_WEATHER]"], "predicted_tokens": ["[IN:GET_WEATHER", "[SL:WEATHER_ATTRIBUTE", "@ptr5", "SL:WEATHER_ATTRIBUTE]", "IN:GET_WEATHER]"]}
{"loss": 1.8294812440872192, "class_log_probabilities": [-0.6407174468040466, -4.1161885261535645, -5.785154819488525, -5.868902206420898], "predictions": [89, 90, 397, 91, 16, 399, 400, 17, 92, 4], "target_tokens": ["[IN:CREATE_TIMER", "[SL:METHOD_TIMER", "@ptr2", "SL:METHOD_TIMER]", "[SL:DATE_TIME", "@ptr3", "@ptr4", "@ptr5", "SL:DATE_TIME]", "IN:CREATE_TIMER]"], "predicted_tokens": ["[IN:CREATE_TIMER", "[SL:METHOD_TIMER", "@ptr2", "SL:METHOD_TIMER]", "[SL:DATE_TIME", "@ptr4", "@ptr5", "SL:DATE_TIME]", "IN:CREATE_TIMER]"]}
{"loss": 1.2100127935409546, "class_log_probabilities": [-1.6431711912155151, -2.2920336723327637, -4.01822566986084, -4.715001106262207], "predictions": [63, 64, 402, 65, 68, 4], "target_tokens": ["[IN:DISLIKE_MUSIC", "[SL:MUSIC_TYPE", "@ptr7", "SL:MUSIC_TYPE]", "IN:DISLIKE_MUSIC]"], "predicted_tokens": ["[IN:PLAY_MUSIC", "[SL:MUSIC_TYPE", "@ptr7", "SL:MUSIC_TYPE]", "IN:PLAY_MUSIC]"]}
{"loss": 0.9624870419502258, "class_log_probabilities": [-0.5618646144866943, -6.997052192687988, -7.594076156616211, -7.8837571144104], "predictions": [13, 16, 399, 400, 401, 402, 403, 17, 18, 4, 4], "target_tokens": ["[IN:GET_WEATHER", "[SL:DATE_TIME", "@ptr4", "@ptr5", "@ptr6", "@ptr7", "@ptr8", "SL:DATE_TIME]", "IN:GET_WEATHER]"], "predicted_tokens": ["[IN:GET_WEATHER", "[SL:DATE_TIME", "@ptr4", "@ptr5", "@ptr6", "@ptr7", "@ptr8", "SL:DATE_TIME]", "IN:GET_WEATHER]"]}
{"loss": 0.9787203669548035, "class_log_probabilities": [-0.6224470734596252, -4.199263095855713, -6.488130569458008, -6.626286029815674], "predictions": [183, 16, 396, 397, 17, 90, 400, 91, 184, 4, 4], "target_tokens": ["[IN:ADD_TIME_TIMER", "[SL:DATE_TIME", "@ptr1", "@ptr2", "SL:DATE_TIME]", "[SL:METHOD_TIMER", "@ptr5", "SL:METHOD_TIMER]", "IN:ADD_TIME_TIMER]"], "predicted_tokens": ["[IN:ADD_TIME_TIMER", "[SL:DATE_TIME", "@ptr1", "@ptr2", "SL:DATE_TIME]", "[SL:METHOD_TIMER", "@ptr5", "SL:METHOD_TIMER]", "IN:ADD_TIME_TIMER]"]}
{"loss": 2.7578256130218506, "class_log_probabilities": [-3.0112287998199463, -3.3103809356689453, -3.8197662830352783, -4.380463123321533], "predictions": [39, 131, 398, 132, 40, 400, 401, 41, 133, 404, 405, 134, 42, 4], "target_tokens": ["[IN:GET_STORIES_NEWS", "[SL:DATE_TIME", "@ptr5", "@ptr6", "SL:DATE_TIME]", "[SL:NEWS_TYPE", "@ptr3", "@ptr4", "SL:NEWS_TYPE]", "[SL:NEWS_SOURCE", "@ptr9", "@ptr10", "SL:NEWS_SOURCE]", "IN:GET_STORIES_NEWS]"], "predicted_tokens": ["[IN:GET_STORIES_NEWS", "[SL:NEWS_REFERENCE", "@ptr3", "SL:NEWS_REFERENCE]", "[SL:NEWS_TYPE", "@ptr5", "@ptr6", "SL:NEWS_TYPE]", "[SL:NEWS_SOURCE", "@ptr9", "@ptr10", "SL:NEWS_SOURCE]", "IN:GET_STORIES_NEWS]"]}
{"loss": 0.9644576907157898, "class_log_probabilities": [-0.34004729986190796, -7.587075233459473, -7.710026741027832, -7.758528709411621], "predictions": [63, 64, 399, 65, 68, 4], "target_tokens": ["[IN:PLAY_MUSIC", "[SL:MUSIC_TYPE", "@ptr4", "SL:MUSIC_TYPE]", "IN:PLAY_MUSIC]"], "predicted_tokens": ["[IN:PLAY_MUSIC", "[SL:MUSIC_TYPE", "@ptr4", "SL:MUSIC_TYPE]", "IN:PLAY_MUSIC]"]}
{"loss": 1.3594920635223389, "class_log_probabilities": [-0.6571886539459229, -5.55274772644043, -5.851771354675293, -6.385444164276123], "predictions": [259, 120, 396, 121, 16, 400, 401, 17, 260, 4, 4], "target_tokens": ["[IN:UPDATE_ALARM", "[SL:AMOUNT", "@ptr1", "SL:AMOUNT]", "[SL:DATE_TIME", "@ptr4", "@ptr5", "@ptr6", "SL:DATE_TIME]", "IN:UPDATE_ALARM]"], "predicted_tokens": ["[IN:UPDATE_ALARM", "[SL:AMOUNT", "@ptr1", "SL:AMOUNT]", "[SL:DATE_TIME", "@ptr5", "@ptr6", "SL:DATE_TIME]", "IN:UPDATE_ALARM]"]}
{"loss": 0.974482536315918, "class_log_probabilities": [-0.16258063912391663, -6.790408611297607, -7.505237579345703, -7.781728744506836], "predictions": [19, 22, 4], "target_tokens": ["[IN:GET_ALARM", "IN:GET_ALARM]"], "predicted_tokens": ["[IN:GET_ALARM", "IN:GET_ALARM]"]}
{"loss": 2.529606342315674, "class_log_probabilities": [-3.275691032409668, -3.6159157752990723, -5.801724910736084, -6.464858531951904], "predictions": [275, 276, 4, 4, 4, 4], "target_tokens": ["[IN:CREATE_TIMER", "[SL:METHOD_TIMER", "@ptr2", "SL:METHOD_TIMER]", "IN:CREATE_TIMER]"], "predicted_tokens": ["[IN:RESUME_TIMER", "IN:RESUME_TIMER]"]}
{"loss": 3.5526528358459473, "class_log_probabilities": [-0.9366075992584229, -3.413625478744507, -3.847140312194824, -5.15587043762207], "predictions": [63, 151, 397, 152, 151, 398, 152, 68, 4], "target_tokens": ["[IN:START_SHUFFLE_MUSIC", "[SL:MUSIC_GENRE", "@ptr3", "SL:MUSIC_GENRE]", "[SL:MUSIC_TYPE", "@ptr2", "SL:MUSIC_TYPE]", "IN:START_SHUFFLE_MUSIC]"], "predicted_tokens": ["[IN:PLAY_MUSIC", "[SL:MUSIC_GENRE", "@ptr2", "SL:MUSIC_GENRE]", "[SL:MUSIC_GENRE", "@ptr3", "SL:MUSIC_GENRE]", "IN:PLAY_MUSIC]"]}
{"loss": 1.170253038406372, "class_log_probabilities": [-0.6623110175132751, -1.7968878746032715, -5.245119094848633, -5.601215362548828], "predictions": [115, 116, 4, 4, 4, 4], "target_tokens": ["[IN:GET_TIMER", "[SL:METHOD_TIMER", "@ptr5", "SL:METHOD_TIMER]", "IN:GET_TIMER]"], "predicted_tokens": ["[IN:GET_TIMER", "IN:GET_TIMER]"]}
{"loss": 1.015487551689148, "class_log_probabilities": [-0.2541837692260742, -6.8349456787109375, -7.360467433929443, -7.572756290435791], "predictions": [169, 64, 400, 65, 170, 4], "target_tokens": ["[IN:REMOVE_FROM_PLAYLIST_MUSIC", "[SL:MUSIC_TYPE", "@ptr5", "SL:MUSIC_TYPE]", "IN:REMOVE_FROM_PLAYLIST_MUSIC]"], "predicted_tokens": ["[IN:REMOVE_FROM_PLAYLIST_MUSIC", "[SL:MUSIC_TYPE", "@ptr5", "SL:MUSIC_TYPE]", "IN:REMOVE_FROM_PLAYLIST_MUSIC]"]}
{"loss": 2.1410093307495117, "class_log_probabilities": [-0.9557643532752991, -3.39460825920105, -4.095459938049316, -9.485923767089844], "predictions": [63, 151, 398, 152, 151, 399, 152, 68, 4, 4, 4], "target_tokens": ["[IN:PLAY_MUSIC", "[SL:MUSIC_GENRE", "@ptr4", "SL:MUSIC_GENRE]", "[SL:MUSIC_TYPE", "@ptr3", "SL:MUSIC_TYPE]", "IN:PLAY_MUSIC]"], "predicted_tokens": ["[IN:PLAY_MUSIC", "[SL:MUSIC_GENRE", "@ptr3", "SL:MUSIC_GENRE]", "[SL:MUSIC_GENRE", "@ptr4", "SL:MUSIC_GENRE]", "IN:PLAY_MUSIC]"]}
{"loss": 1.3501936197280884, "class_log_probabilities": [-1.8099231719970703, -2.873422622680664, -4.33284854888916, -4.445228099822998], "predictions": [123, 66, 395, 67, 64, 397, 65, 124, 4], "target_tokens": ["[IN:PAUSE_MUSIC", "[SL:MUSIC_TYPE", "@ptr2", "SL:MUSIC_TYPE]", "IN:PAUSE_MUSIC]"], "predicted_tokens": ["[IN:PAUSE_MUSIC", "[SL:MUSIC_ARTIST_NAME", "@ptr0", "SL:MUSIC_ARTIST_NAME]", "[SL:MUSIC_TYPE", "@ptr2", "SL:MUSIC_TYPE]", "IN:PAUSE_MUSIC]"]}
{"loss": 1.9201451539993286, "class_log_probabilities": [-1.406312346458435, -2.413562297821045, -2.5188024044036865, -4.419902324676514], "predictions": [39, 40, 398, 41, 43, 401, 44, 42, 4, 4, 4], "target_tokens": ["[IN:GET_STORIES_NEWS", "[SL:NEWS_CATEGORY", "@ptr6", "SL:NEWS_CATEGORY]", "[SL:NEWS_TYPE", "@ptr3", "@ptr4", "@ptr5", "SL:NEWS_TYPE]", "IN:GET_STORIES_NEWS]"], "predicted_tokens": ["[IN:GET_STORIES_NEWS", "[SL:NEWS_TYPE", "@ptr3", "SL:NEWS_TYPE]", "[SL:NEWS_CATEGORY", "@ptr6", "SL:NEWS_CATEGORY]", "IN:GET_STORIES_NEWS]"]}
{"loss": 2.078719139099121, "class_log_probabilities": [-1.309364914894104, -1.4753334522247314, -6.755684852600098, -6.849822044372559], "predictions": [89, 90, 397, 91, 16, 399, 400, 17, 92, 4, 4], "target_tokens": ["[IN:CREATE_TIMER", "[SL:METHOD_TIMER", "@ptr2", "SL:METHOD_TIMER]", "[SL:DATE_TIME", "@ptr3", "@ptr4", "@ptr5", "SL:DATE_TIME]", "IN:CREATE_TIMER]"], "predicted_tokens": ["[IN:CREATE_TIMER", "[SL:METHOD_TIMER", "@ptr2", "SL:METHOD_TIMER]", "[SL:DATE_TIME", "@ptr4", "@ptr5", "SL:DATE_TIME]", "IN:CREATE_TIMER]"]}
{"loss": 0.9739470481872559, "class_log_probabilities": [-0.4106251001358032, -6.309916973114014, -6.52008056640625, -6.826904296875], "predictions": [255, 90, 399, 91, 256, 4], "target_tokens": ["[IN:PAUSE_TIMER", "[SL:METHOD_TIMER", "@ptr4", "SL:METHOD_TIMER]", "IN:PAUSE_TIMER]"], "predicted_tokens": ["[IN:PAUSE_TIMER", "[SL:METHOD_TIMER", "@ptr4", "SL:METHOD_TIMER]", "IN:PAUSE_TIMER]"]}
{"loss": 1.9460320472717285, "class_log_probabilities": [-0.9087795615196228, -4.416059970855713, -4.438911437988281, -4.492922306060791], "predictions": [63, 101, 398, 399, 400, 401, 402, 102, 68, 4], "target_tokens": ["[IN:PLAY_MUSIC", "[SL:MUSIC_TRACK_TITLE", "@ptr3", "SL:MUSIC_TRACK_TITLE]", "[SL:MUSIC_ARTIST_NAME", "@ptr5", "@ptr6", "@ptr7", "SL:MUSIC_ARTIST_NAME]", "IN:PLAY_MUSIC]"], "predicted_tokens": ["[IN:PLAY_MUSIC", "[SL:MUSIC_TRACK_TITLE", "@ptr3", "@ptr4", "@ptr5", "@ptr6", "@ptr7", "SL:MUSIC_TRACK_TITLE]", "IN:PLAY_MUSIC]"]}
{"loss": 0.9601454734802246, "class_log_probabilities": [-0.4799745976924896, -6.847055435180664, -7.233095169067383, -7.403134346008301], "predictions": [45, 16, 398, 399, 400, 17, 46, 4, 4], "target_tokens": ["[IN:CREATE_ALARM", "[SL:DATE_TIME", "@ptr3", "@ptr4", "@ptr5", "SL:DATE_TIME]", "IN:CREATE_ALARM]"], "predicted_tokens": ["[IN:CREATE_ALARM", "[SL:DATE_TIME", "@ptr3", "@ptr4", "@ptr5", "SL:DATE_TIME]", "IN:CREATE_ALARM]"]}
{"loss": 2.360656499862671, "class_log_probabilities": [-1.283225417137146, -2.2749998569488525, -5.553188323974609, -6.010089874267578], "predictions": [63, 151, 399, 152, 151, 400, 152, 68, 4], "target_tokens": ["[IN:PLAY_MUSIC", "[SL:MUSIC_GENRE", "@ptr5", "SL:MUSIC_GENRE]", "[SL:MUSIC_TYPE", "@ptr3", "SL:MUSIC_TYPE]", "IN:PLAY_MUSIC]"], "predicted_tokens": ["[IN:PLAY_MUSIC", "[SL:MUSIC_GENRE", "@ptr4", "SL:MUSIC_GENRE]", "[SL:MUSIC_GENRE", "@ptr5", "SL:MUSIC_GENRE]", "IN:PLAY_MUSIC]"]}
{"loss": 1.5701794624328613, "class_log_probabilities": [-0.6030476689338684, -6.418968200683594, -6.834812164306641, -7.310382843017578], "predictions": [89, 90, 397, 91, 16, 399, 400, 401, 402, 17, 92, 4], "target_tokens": ["[IN:CREATE_TIMER", "[SL:METHOD_TIMER", "@ptr2", "SL:METHOD_TIMER]", "[SL:DATE_TIME", "@ptr3", "@ptr4", "@ptr5", "@ptr6", "@ptr7", "SL:DATE_TIME]", "IN:CREATE_TIMER]"], "predicted_tokens": ["[IN:CREATE_TIMER", "[SL:METHOD_TIMER", "@ptr2", "SL:METHOD_TIMER]", "[SL:DATE_TIME", "@ptr4", "@ptr5", "@ptr6", "@ptr7", "SL:DATE_TIME]", "IN:CREATE_TIMER]"]}
{"loss": 4.387423992156982, "class_log_probabilities": [-0.9946058392524719, -1.9435064792633057, -2.803429126739502, -5.548401355743408], "predictions": [45, 16, 403, 405, 17, 46, 4, 4], "target_tokens": ["[IN:CREATE_TIMER", "[SL:METHOD_TIMER", "@ptr5", "SL:METHOD_TIMER]", "[SL:DATE_TIME", "@ptr8", "@ptr9", "SL:DATE_TIME]", "IN:CREATE_TIMER]"], "predicted_tokens": ["[IN:CREATE_ALARM", "[SL:DATE_TIME", "@ptr8", "@ptr10", "SL:DATE_TIME]", "IN:CREATE_ALARM]"]}
{"loss": 2.2834157943725586, "class_log_probabilities": [-0.6321642994880676, -2.723966121673584, -4.222461700439453, -5.462913513183594], "predictions": [63, 64, 399, 65, 103, 400, 104, 68, 4], "target_tokens": ["[IN:PLAY_MUSIC", "[SL:MUSIC_PROVIDER_NAME", "@ptr4", "SL:MUSIC_PROVIDER_NAME]", "[SL:MUSIC_TYPE", "@ptr5", "SL:MUSIC_TYPE]", "IN:PLAY_MUSIC]"], "predicted_tokens": ["[IN:PLAY_MUSIC", "[SL:MUSIC_TYPE", "@ptr4", "SL:MUSIC_TYPE]", "[SL:MUSIC_PROVIDER_NAME", "@ptr5", "SL:MUSIC_PROVIDER_NAME]", "IN:PLAY_MUSIC]"]}
{"loss": 0.9944251179695129, "class_log_probabilities": [-0.2801018953323364, -6.691309928894043, -6.7484283447265625, -6.751212120056152], "predictions": [255, 90, 397, 91, 256, 4], "target_tokens": ["[IN:PAUSE_TIMER", "[SL:METHOD_TIMER", "@ptr2", "SL:METHOD_TIMER]", "IN:PAUSE_TIMER]"], "predicted_tokens": ["[IN:PAUSE_TIMER", "[SL:METHOD_TIMER", "@ptr2", "SL:METHOD_TIMER]", "IN:PAUSE_TIMER]"]}
{"loss": 1.7877862453460693, "class_log_probabilities": [-0.4477366805076599, -4.929274559020996, -6.497135162353516, -6.805330276489258], "predictions": [39, 40, 399, 41, 42, 4, 4], "target_tokens": ["[IN:GET_STORIES_NEWS", "[SL:NEWS_TYPE", "@ptr4", "SL:NEWS_TYPE]", "[SL:NEWS_TOPIC", "@ptr12", "SL:NEWS_TOPIC]", "IN:GET_STORIES_NEWS]"], "predicted_tokens": ["[IN:GET_STORIES_NEWS", "[SL:NEWS_TYPE", "@ptr4", "SL:NEWS_TYPE]", "IN:GET_STORIES_NEWS]"]}
{"loss": 0.9935259819030762, "class_log_probabilities": [-0.5006540417671204, -2.7614643573760986, -4.953790664672852, -5.115688323974609], "predictions": [115, 90, 405, 91, 116, 4, 4, 4], "target_tokens": ["[IN:GET_TIMER", "[SL:METHOD_TIMER", "@ptr10", "SL:METHOD_TIMER]", "IN:GET_TIMER]"], "predicted_tokens": ["[IN:GET_TIMER", "[SL:METHOD_TIMER", "@ptr10", "SL:METHOD_TIMER]", "IN:GET_TIMER]"]}
{"loss": 2.5239720344543457, "class_log_probabilities": [-2.6289966106414795, -2.979433059692383, -3.286909341812134, -63.04567337036133], "predictions": [27, 279, 403, 280, 129, 406, 407, 30, 4, 4, 4, 4, 4, 4, 4, 4, 4, 4, 4, 4, 4, 4, 4, 4, 4, 4, 4, 4, 4, 4, 4, 4, 4, 4, 4, 4, 4, 4, 4, 4, 4, 4, 4, 4, 4, 4, 4, 4, 4, 4, 4, 4, 4, 4, 4, 4, 4, 4, 4, 4, 4, 4, 4, 4, 4, 4, 4, 4, 4, 4, 4, 4, 4, 4, 4, 4, 4, 4, 4, 4, 4, 4, 4, 4, 4, 4, 4, 4, 4, 4, 4, 4, 4, 4, 4, 4, 4, 4, 4, 4], "target_tokens": ["[IN:IS_TRUE_RECIPES", "[SL:RECIPES_TYPE_NUTRITION", "@ptr8", "SL:RECIPES_TYPE_NUTRITION]", "[SL:RECIPES_INCLUDED_INGREDIENT", "@ptr11", "SL:RECIPES_INCLUDED_INGREDIENT]", "IN:IS_TRUE_RECIPES]"], "predicted_tokens": ["[IN:GET_INFO_RECIPES", "[SL:RECIPES_TYPE_NUTRITION", "@ptr8", "SL:RECIPES_TYPE_NUTRITION]", "[SL:RECIPES_INCLUDED_INGREDIENT", "@ptr11", "@ptr12", "IN:GET_INFO_RECIPES]"]}
{"loss": 1.0626306533813477, "class_log_probabilities": [-1.4634565114974976, -2.7993152141571045, -3.4923250675201416, -3.593761682510376], "predictions": [51, 52, 399, 400, 401, 53, 54, 4, 4, 4, 4], "target_tokens": ["[IN:GET_RECIPES", "[SL:RECIPES_DISH", "@ptr4", "@ptr5", "@ptr6", "SL:RECIPES_DISH]", "IN:GET_RECIPES]"], "predicted_tokens": ["[IN:GET_RECIPES", "[SL:RECIPES_DISH", "@ptr4", "@ptr5", "@ptr6", "SL:RECIPES_DISH]", "IN:GET_RECIPES]"]}
{"loss": 0.9705824255943298, "class_log_probabilities": [-0.779710590839386, -4.837872505187988, -5.170742511749268, -6.007655620574951], "predictions": [27, 28, 398, 29, 52, 401, 402, 403, 53, 30, 4, 4], "target_tokens": ["[IN:GET_INFO_RECIPES", "[SL:RECIPES_ATTRIBUTE", "@ptr3", "SL:RECIPES_ATTRIBUTE]", "[SL:RECIPES_DISH", "@ptr6", "@ptr7", "@ptr8", "SL:RECIPES_DISH]", "IN:GET_INFO_RECIPES]"], "predicted_tokens": ["[IN:GET_INFO_RECIPES", "[SL:RECIPES_ATTRIBUTE", "@ptr3", "SL:RECIPES_ATTRIBUTE]", "[SL:RECIPES_DISH", "@ptr6", "@ptr7", "@ptr8", "SL:RECIPES_DISH]", "IN:GET_INFO_RECIPES]"]}
{"loss": 0.965604841709137, "class_log_probabilities": [-0.4670875668525696, -4.5141706466674805, -7.1297430992126465, -7.632238388061523], "predictions": [51, 52, 401, 53, 54, 4, 4, 4, 4], "target_tokens": ["[IN:GET_RECIPES", "[SL:RECIPES_DISH", "@ptr6", "SL:RECIPES_DISH]", "IN:GET_RECIPES]"], "predicted_tokens": ["[IN:GET_RECIPES", "[SL:RECIPES_DISH", "@ptr6", "SL:RECIPES_DISH]", "IN:GET_RECIPES]"]}
{"loss": 3.49043345451355, "class_log_probabilities": [-1.3094652891159058, -2.5050196647644043, -2.6807610988616943, -4.4797468185424805], "predictions": [27, 28, 395, 396, 397, 29, 52, 400, 53, 30, 4, 4, 4, 4], "target_tokens": ["[IN:GET_INFO_RECIPES", "[SL:RECIPES_DISH", "@ptr5", "SL:RECIPES_DISH]", "IN:GET_INFO_RECIPES]"], "predicted_tokens": ["[IN:GET_INFO_RECIPES", "[SL:RECIPES_ATTRIBUTE", "@ptr0", "@ptr1", "@ptr2", "SL:RECIPES_ATTRIBUTE]", "[SL:RECIPES_DISH", "@ptr5", "SL:RECIPES_DISH]", "IN:GET_INFO_RECIPES]"]}
{"loss": 1.4478987455368042, "class_log_probabilities": [-1.2390048503875732, -3.3438539505004883, -4.3560404777526855, -5.207333087921143], "predictions": [27, 28, 397, 29, 113, 402, 114, 52, 404, 53, 30, 4, 4, 4, 4], "target_tokens": ["[IN:GET_INFO_RECIPES", "[SL:RECIPES_ATTRIBUTE", "@ptr2", "SL:RECIPES_ATTRIBUTE]", "[SL:RECIPES_DISH", "@ptr9", "SL:RECIPES_DISH]", "IN:GET_INFO_RECIPES]"], "predicted_tokens": ["[IN:GET_INFO_RECIPES", "[SL:RECIPES_ATTRIBUTE", "@ptr2", "SL:RECIPES_ATTRIBUTE]", "[SL:RECIPES_COOKING_METHOD", "@ptr7", "SL:RECIPES_COOKING_METHOD]", "[SL:RECIPES_DISH", "@ptr9", "SL:RECIPES_DISH]", "IN:GET_INFO_RECIPES]"]}
{"loss": 2.641388177871704, "class_log_probabilities": [-3.02282452583313, -3.180295944213867, -3.9229297637939453, -4.161819934844971], "predictions": [27, 28, 395, 396, 397, 398, 29, 113, 402, 114, 30, 4, 4, 4, 4], "target_tokens": ["[IN:GET_INFO_RECIPES", "[SL:RECIPES_ATTRIBUTE", "@ptr1", "@ptr2", "@ptr3", "SL:RECIPES_ATTRIBUTE]", "[SL:RECIPES_DISH", "@ptr8", "@ptr9", "@ptr10", "SL:RECIPES_DISH]", "IN:GET_INFO_RECIPES]"], "predicted_tokens": ["[IN:GET_INFO_RECIPES", "[SL:RECIPES_ATTRIBUTE", "@ptr0", "@ptr1", "@ptr2", "@ptr3", "SL:RECIPES_ATTRIBUTE]", "[SL:RECIPES_COOKING_METHOD", "@ptr7", "SL:RECIPES_COOKING_METHOD]", "IN:GET_INFO_RECIPES]"]}
{"loss": 1.9465556144714355, "class_log_probabilities": [-1.9644559621810913, -4.334066867828369, -4.846737861633301, -5.738815784454346], "predictions": [51, 129, 403, 130, 54, 4], "target_tokens": ["[IN:GET_RECIPES", "[SL:RECIPES_DISH", "@ptr8", "SL:RECIPES_DISH]", "IN:GET_RECIPES]"], "predicted_tokens": ["[IN:GET_RECIPES", "[SL:RECIPES_INCLUDED_INGREDIENT", "@ptr8", "SL:RECIPES_INCLUDED_INGREDIENT]", "IN:GET_RECIPES]"]}
{"loss": 1.6100192070007324, "class_log_probabilities": [-0.5553898811340332, -5.967068672180176, -6.2631001472473145, -7.315934658050537], "predictions": [51, 52, 396, 397, 398, 399, 53, 54, 4, 4], "target_tokens": ["[IN:GET_RECIPES", "[SL:RECIPES_DISH", "@ptr2", "@ptr3", "@ptr4", "SL:RECIPES_DISH]", "IN:GET_RECIPES]"], "predicted_tokens": ["[IN:GET_RECIPES", "[SL:RECIPES_DISH", "@ptr1", "@ptr2", "@ptr3", "@ptr4", "SL:RECIPES_DISH]", "IN:GET_RECIPES]"]}
{"loss": 3.9113683700561523, "class_log_probabilities": [-2.5939078330993652, -3.031170606613159, -3.9597175121307373, -46.23714065551758], "predictions": [51, 285, 399, 286, 129, 401, 402, 403, 404, 130, 54, 4, 4, 4, 4, 4, 4, 4, 4, 4, 4, 4, 4, 4, 4, 4, 4, 4, 4, 4, 4, 4, 4, 4, 4, 4, 4, 4, 4, 4, 4, 4, 4, 4, 4, 4, 4, 4, 4, 4, 4, 4, 4, 4, 4, 4, 4, 4, 4, 4, 4, 4, 4, 4, 4, 4, 4, 4, 4, 4, 4, 4, 4, 4, 4, 4, 4, 4, 4, 4, 4, 4, 4, 4, 4, 4, 4, 4, 4, 4, 4, 4, 4, 4, 4, 4, 4, 4, 4, 4], "target_tokens": ["[IN:GET_RECIPES", "[SL:RECIPES_INCLUDED_INGREDIENT", "@ptr6", "@ptr7", "@ptr8", "SL:RECIPES_INCLUDED_INGREDIENT]", "[SL:RECIPES_MEAL", "@ptr3", "SL:RECIPES_MEAL]", "IN:GET_RECIPES]"], "predicted_tokens": ["[IN:GET_RECIPES", "[SL:RECIPES_MEAL", "@ptr4", "SL:RECIPES_MEAL]", "[SL:RECIPES_INCLUDED_INGREDIENT", "@ptr6", "@ptr7", "@ptr8", "@ptr9", "SL:RECIPES_INCLUDED_INGREDIENT]", "IN:GET_RECIPES]"]}
{"loss": 0.9715328216552734, "class_log_probabilities": [-0.3331919312477112, -7.193777561187744, -7.298376083374023, -7.946398735046387], "predictions": [27, 28, 397, 29, 30, 4, 4, 4], "target_tokens": ["[IN:GET_INFO_RECIPES", "[SL:RECIPES_ATTRIBUTE", "@ptr2", "SL:RECIPES_ATTRIBUTE]", "IN:GET_INFO_RECIPES]"], "predicted_tokens": ["[IN:GET_INFO_RECIPES", "[SL:RECIPES_ATTRIBUTE", "@ptr2", "SL:RECIPES_ATTRIBUTE]", "IN:GET_INFO_RECIPES]"]}
{"loss": 2.5827763080596924, "class_log_probabilities": [-3.556164503097534, -4.121206760406494, -4.151778221130371, -91.67118072509766], "predictions": [51, 54, 4, 4, 4, 4, 4, 4, 4, 4, 4, 4, 4, 4, 4, 4, 4, 4, 4, 4, 4, 4, 4, 4, 4, 4, 4, 4, 4, 4, 4, 4, 4, 4, 4, 4, 4, 4, 4, 4, 4, 4, 4, 4, 4, 4, 4, 4, 4, 4, 4, 4, 4, 4, 4, 4, 4, 4, 4, 4, 4, 4, 4, 4, 4, 4, 4, 4, 4, 4, 4, 4, 4, 4, 4, 4, 4, 4, 4, 4, 4, 4, 4, 4, 4, 4, 4, 4, 4, 4, 4, 4, 4, 4, 4, 4, 4, 4, 4, 4], "target_tokens": ["[IN:GET_RECIPES", "[SL:RECIPES_DISH", "@ptr7", "@ptr8", "@ptr9", "@ptr10", "@ptr11", "SL:RECIPES_DISH]", "IN:GET_RECIPES]"], "predicted_tokens": ["[IN:GET_RECIPES", "IN:GET_RECIPES]"]}
{"loss": 1.0068031549453735, "class_log_probabilities": [-1.3153822422027588, -3.1537044048309326, -3.208491563796997, -4.15542459487915], "predictions": [27, 28, 398, 29, 52, 400, 401, 402, 53, 30, 4], "target_tokens": ["[IN:GET_INFO_RECIPES", "[SL:RECIPES_ATTRIBUTE", "@ptr3", "SL:RECIPES_ATTRIBUTE]", "[SL:RECIPES_DISH", "@ptr5", "@ptr6", "@ptr7", "SL:RECIPES_DISH]", "IN:GET_INFO_RECIPES]"], "predicted_tokens": ["[IN:GET_INFO_RECIPES", "[SL:RECIPES_ATTRIBUTE", "@ptr3", "SL:RECIPES_ATTRIBUTE]", "[SL:RECIPES_DISH", "@ptr5", "@ptr6", "@ptr7", "SL:RECIPES_DISH]", "IN:GET_INFO_RECIPES]"]}
{"loss": 1.0294833183288574, "class_log_probabilities": [-1.3786331415176392, -3.118407726287842, -3.5040745735168457, -3.751472234725952], "predictions": [27, 28, 395, 29, 52, 398, 399, 400, 401, 402, 53, 30, 4], "target_tokens": ["[IN:GET_INFO_RECIPES", "[SL:RECIPES_ATTRIBUTE", "@ptr0", "SL:RECIPES_ATTRIBUTE]", "[SL:RECIPES_DISH", "@ptr3", "@ptr4", "@ptr5", "@ptr6", "@ptr7", "SL:RECIPES_DISH]", "IN:GET_INFO_RECIPES]"], "predicted_tokens": ["[IN:GET_INFO_RECIPES", "[SL:RECIPES_ATTRIBUTE", "@ptr0", "SL:RECIPES_ATTRIBUTE]", "[SL:RECIPES_DISH", "@ptr3", "@ptr4", "@ptr5", "@ptr6", "@ptr7", "SL:RECIPES_DISH]", "IN:GET_INFO_RECIPES]"]}
{"loss": 1.04579496383667, "class_log_probabilities": [-0.9273349046707153, -3.1706106662750244, -4.2659735679626465, -5.079619407653809], "predictions": [51, 145, 400, 146, 54, 4], "target_tokens": ["[IN:GET_RECIPES", "[SL:RECIPES_TYPE", "@ptr5", "SL:RECIPES_TYPE]", "IN:GET_RECIPES]"], "predicted_tokens": ["[IN:GET_RECIPES", "[SL:RECIPES_TYPE", "@ptr5", "SL:RECIPES_TYPE]", "IN:GET_RECIPES]"]}
{"loss": 2.143763780593872, "class_log_probabilities": [-0.5747535228729248, -3.7160298824310303, -4.562924861907959, -4.691497802734375], "predictions": [23, 269, 400, 401, 402, 270, 26, 4], "target_tokens": ["[IN:SEND_MESSAGE", "[SL:GROUP", "@ptr7", "SL:GROUP]", "IN:SEND_MESSAGE]"], "predicted_tokens": ["[IN:SEND_MESSAGE", "[SL:GROUP", "@ptr5", "@ptr6", "@ptr7", "SL:GROUP]", "IN:SEND_MESSAGE]"]}
{"loss": 1.9520649909973145, "class_log_probabilities": [-1.9529764652252197, -3.5365967750549316, -3.8024861812591553, -6.3837890625], "predictions": [23, 269, 405, 270, 26, 4, 4, 4, 4, 4], "target_tokens": ["[IN:SEND_MESSAGE", "[SL:GROUP", "@ptr11", "@ptr12", "@ptr13", "SL:GROUP]", "IN:SEND_MESSAGE]"], "predicted_tokens": ["[IN:SEND_MESSAGE", "[SL:GROUP", "@ptr10", "SL:GROUP]", "IN:SEND_MESSAGE]"]}
{"loss": 1.3543596267700195, "class_log_probabilities": [-1.4562166929244995, -4.196329116821289, -4.948545932769775, -6.333866119384766], "predictions": [5, 8, 400, 9, 10, 402, 11, 12, 4, 4, 4, 4], "target_tokens": ["[IN:GET_MESSAGE", "[SL:TYPE_CONTENT", "@ptr5", "SL:TYPE_CONTENT]", "[SL:SENDER", "@ptr7", "SL:SENDER]", "IN:GET_MESSAGE]"], "predicted_tokens": ["[IN:GET_MESSAGE", "[SL:TYPE_CONTENT", "@ptr5", "SL:TYPE_CONTENT]", "[SL:RECIPIENT", "@ptr7", "SL:RECIPIENT]", "IN:GET_MESSAGE]"]}
{"loss": 1.0790600776672363, "class_log_probabilities": [-1.416544795036316, -2.0902528762817383, -4.405143737792969, -4.632131576538086], "predictions": [5, 59, 70, 71, 401, 72, 6, 403, 7, 73, 60, 12, 4, 4], "target_tokens": ["[IN:GET_MESSAGE", "[SL:SENDER", "[IN:GET_CONTACT", "[SL:TYPE_RELATION", "@ptr7", "SL:TYPE_RELATION]", "[SL:CONTACT", "@ptr8", "SL:CONTACT]", "IN:GET_CONTACT]", "SL:SENDER]", "IN:GET_MESSAGE]"], "predicted_tokens": ["[IN:GET_MESSAGE", "[SL:SENDER", "[IN:GET_CONTACT", "[SL:TYPE_RELATION", "@ptr6", "SL:TYPE_RELATION]", "[SL:CONTACT", "@ptr8", "SL:CONTACT]", "IN:GET_CONTACT]", "SL:SENDER]", "IN:GET_MESSAGE]"]}
{"loss": 1.9915472269058228, "class_log_probabilities": [-5.02658748626709, -5.7433295249938965, -6.285930633544922, -7.383681297302246], "predictions": [23, 10, 405, 11, 10, 405, 11, 76, 407, 77, 26, 4, 4, 4, 4, 4], "target_tokens": ["[IN:SEND_MESSAGE", "[SL:RECIPIENT", "@ptr9", "@ptr10", "SL:RECIPIENT]", "[SL:NAME_APP", "@ptr12", "SL:NAME_APP]", "IN:SEND_MESSAGE]"], "predicted_tokens": ["[IN:SEND_MESSAGE", "[SL:RECIPIENT", "@ptr10", "SL:RECIPIENT]", "[SL:RECIPIENT", "@ptr10", "SL:RECIPIENT]", "[SL:NAME_APP", "@ptr12", "SL:NAME_APP]", "IN:SEND_MESSAGE]"]}
{"loss": 5.403133392333984, "class_log_probabilities": [-1.5948221683502197, -3.498798131942749, -4.621913433074951, -69.8816146850586], "predictions": [5, 10, 400, 11, 12, 4, 4, 4, 4, 4, 4, 4, 4, 4, 4, 4, 4, 4, 4, 4, 4, 4, 4, 4, 4, 4, 4, 4, 4, 4, 4, 4, 4, 4, 4, 4, 4, 4, 4, 4, 4, 4, 4, 4, 4, 4, 4, 4, 4, 4, 4, 4, 4, 4, 4, 4, 4, 4, 4, 4, 4, 4, 4, 4, 4, 4, 4, 4, 4, 4, 4, 4, 4, 4, 4, 4, 4, 4, 4, 4, 4, 4, 4, 4, 4, 4, 4, 4, 4, 4, 4, 4, 4, 4, 4, 4, 4, 4, 4, 4], "target_tokens": ["[IN:GET_MESSAGE_CONTACT", "[SL:NAME_APP", "@ptr11", "SL:NAME_APP]", "IN:GET_MESSAGE_CONTACT]"], "predicted_tokens": ["[IN:GET_MESSAGE", "[SL:RECIPIENT", "@ptr5", "SL:RECIPIENT]", "IN:GET_MESSAGE]"]}
{"loss": 1.2209477424621582, "class_log_probabilities": [-1.073570728302002, -3.1266558170318604, -3.2074155807495117, -5.719138145446777], "predictions": [23, 10, 400, 11, 76, 401, 77, 26, 4, 4, 4, 4], "target_tokens": ["[IN:SEND_MESSAGE", "[SL:RECIPIENT", "@ptr4", "SL:RECIPIENT]", "[SL:NAME_APP", "@ptr6", "SL:NAME_APP]", "IN:SEND_MESSAGE]"], "predicted_tokens": ["[IN:SEND_MESSAGE", "[SL:RECIPIENT", "@ptr5", "SL:RECIPIENT]", "[SL:NAME_APP", "@ptr6", "SL:NAME_APP]", "IN:SEND_MESSAGE]"]}
{"loss": 1.1909713745117188, "class_log_probabilities": [-1.1697897911071777, -2.888526201248169, -3.2941036224365234, -4.723924160003662], "predictions": [23, 10, 400, 11, 76, 401, 77, 26, 4], "target_tokens": ["[IN:SEND_MESSAGE", "[SL:RECIPIENT", "@ptr4", "SL:RECIPIENT]", "[SL:NAME_APP", "@ptr6", "SL:NAME_APP]", "IN:SEND_MESSAGE]"], "predicted_tokens": ["[IN:SEND_MESSAGE", "[SL:RECIPIENT", "@ptr5", "SL:RECIPIENT]", "[SL:NAME_APP", "@ptr6", "SL:NAME_APP]", "IN:SEND_MESSAGE]"]}
{"loss": 1.4681869745254517, "class_log_probabilities": [-1.693986415863037, -4.158478736877441, -4.883249759674072, -4.965749740600586], "predictions": [23, 8, 401, 9, 10, 403, 11, 76, 405, 77, 26, 4, 4], "target_tokens": ["[IN:SEND_MESSAGE", "[SL:RECIPIENT", "@ptr8", "SL:RECIPIENT]", "[SL:TYPE_CONTENT", "@ptr6", "SL:TYPE_CONTENT]", "[SL:NAME_APP", "@ptr10", "SL:NAME_APP]", "IN:SEND_MESSAGE]"], "predicted_tokens": ["[IN:SEND_MESSAGE", "[SL:TYPE_CONTENT", "@ptr6", "SL:TYPE_CONTENT]", "[SL:RECIPIENT", "@ptr8", "SL:RECIPIENT]", "[SL:NAME_APP", "@ptr10", "SL:NAME_APP]", "IN:SEND_MESSAGE]"]}
{"loss": 2.628075122833252, "class_log_probabilities": [-0.8782059550285339, -2.5722694396972656, -7.206329345703125, -7.885489463806152], "predictions": [75, 6, 397, 7, 78, 4, 4, 4, 4], "target_tokens": ["[IN:CREATE_CALL", "[SL:CONTACT", "@ptr1", "@ptr2", "SL:CONTACT]", "IN:CREATE_CALL]"], "predicted_tokens": ["[IN:CREATE_CALL", "[SL:CONTACT", "@ptr2", "SL:CONTACT]", "IN:CREATE_CALL]"]}
{"loss": 1.0201115608215332, "class_log_probabilities": [-0.7019487023353577, -4.282259941101074, -5.183218002319336, -5.978434085845947], "predictions": [75, 231, 397, 398, 399, 400, 232, 78, 4], "target_tokens": ["[IN:CREATE_CALL", "[SL:PHONE_NUMBER", "@ptr2", "@ptr3", "@ptr4", "@ptr5", "SL:PHONE_NUMBER]", "IN:CREATE_CALL]"], "predicted_tokens": ["[IN:CREATE_CALL", "[SL:PHONE_NUMBER", "@ptr2", "@ptr3", "@ptr4", "@ptr5", "SL:PHONE_NUMBER]", "IN:CREATE_CALL]"]}
{"loss": 2.545321226119995, "class_log_probabilities": [-0.9816139340400696, -3.4087328910827637, -5.228768825531006, -6.466719627380371], "predictions": [75, 6, 397, 398, 7, 6, 399, 7, 78, 4, 4, 4], "target_tokens": ["[IN:CREATE_CALL", "[SL:CONTACT", "@ptr1", "@ptr2", "SL:CONTACT]", "[SL:CONTACT", "@ptr4", "SL:CONTACT]", "IN:CREATE_CALL]"], "predicted_tokens": ["[IN:CREATE_CALL", "[SL:CONTACT", "@ptr2", "@ptr3", "SL:CONTACT]", "[SL:CONTACT", "@ptr4", "SL:CONTACT]", "IN:CREATE_CALL]"]}
{"loss": 1.5610194206237793, "class_log_probabilities": [-2.85526442527771, -2.9247853755950928, -3.493077278137207, -3.4990463256835938], "predictions": [75, 6, 395, 7, 6, 400, 7, 6, 402, 403, 7, 76, 405, 77, 78, 4], "target_tokens": ["[IN:CREATE_CALL", "[SL:CONTACT", "@ptr5", "SL:CONTACT]", "[SL:CONTACT", "@ptr7", "@ptr8", "SL:CONTACT]", "[SL:NAME_APP", "@ptr10", "SL:NAME_APP]", "IN:CREATE_CALL]"], "predicted_tokens": ["[IN:CREATE_CALL", "[SL:CONTACT", "@ptr0", "SL:CONTACT]", "[SL:CONTACT", "@ptr5", "SL:CONTACT]", "[SL:CONTACT", "@ptr7", "@ptr8", "SL:CONTACT]", "[SL:NAME_APP", "@ptr10", "SL:NAME_APP]", "IN:CREATE_CALL]"]}
{"loss": 1.7785958051681519, "class_log_probabilities": [-0.5684241056442261, -4.127378463745117, -4.484396457672119, -6.401037693023682], "predictions": [75, 6, 403, 7, 6, 405, 7, 78, 4], "target_tokens": ["[IN:CREATE_CALL", "[SL:CONTACT", "@ptr7", "SL:CONTACT]", "[SL:CONTACT", "@ptr9", "SL:CONTACT]", "IN:CREATE_CALL]"], "predicted_tokens": ["[IN:CREATE_CALL", "[SL:CONTACT", "@ptr8", "SL:CONTACT]", "[SL:CONTACT", "@ptr10", "SL:CONTACT]", "IN:CREATE_CALL]"]}
{"loss": 1.0146172046661377, "class_log_probabilities": [-0.3739311695098877, -4.6148834228515625, -6.196985721588135, -6.287359237670898], "predictions": [321, 156, 402, 157, 322, 4], "target_tokens": ["[IN:SET_RSVP_NO", "[SL:TITLE_EVENT", "@ptr7", "SL:TITLE_EVENT]", "IN:SET_RSVP_NO]"], "predicted_tokens": ["[IN:SET_RSVP_NO", "[SL:TITLE_EVENT", "@ptr7", "SL:TITLE_EVENT]", "IN:SET_RSVP_NO]"]}
{"loss": 1.31291925907135, "class_log_probabilities": [-1.2295185327529907, -3.4342923164367676, -4.043331146240234, -4.861643314361572], "predictions": [321, 156, 399, 400, 401, 402, 403, 404, 157, 322, 4], "target_tokens": ["[IN:SET_RSVP_NO", "[SL:TITLE_EVENT", "@ptr5", "@ptr6", "@ptr7", "@ptr8", "@ptr9", "SL:TITLE_EVENT]", "IN:SET_RSVP_NO]"], "predicted_tokens": ["[IN:SET_RSVP_NO", "[SL:TITLE_EVENT", "@ptr4", "@ptr5", "@ptr6", "@ptr7", "@ptr8", "@ptr9", "SL:TITLE_EVENT]", "IN:SET_RSVP_NO]"]}
{"loss": 2.82723069190979, "class_log_probabilities": [-2.4424943923950195, -3.907668352127075, -4.611411094665527, -4.648987293243408], "predictions": [247, 248, 4], "target_tokens": ["[IN:SET_RSVP_INTERESTED", "[SL:TITLE_EVENT", "@ptr11", "@ptr12", "@ptr13", "@ptr14", "@ptr15", "@ptr16", "@ptr17", "@ptr18", "SL:TITLE_EVENT]", "IN:SET_RSVP_INTERESTED]"], "predicted_tokens": ["[IN:SET_RSVP_INTERESTED", "IN:SET_RSVP_INTERESTED]"]}
{"loss": 2.0152084827423096, "class_log_probabilities": [-1.4954575300216675, -3.8833673000335693, -3.9044148921966553, -4.9171648025512695], "predictions": [155, 156, 400, 401, 402, 403, 404, 405, 406, 408, 157, 158, 4, 4], "target_tokens": ["[IN:SET_RSVP_YES", "[SL:TITLE_EVENT", "@ptr7", "@ptr8", "@ptr9", "@ptr10", "@ptr11", "@ptr12", "@ptr13", "SL:TITLE_EVENT]", "IN:SET_RSVP_YES]"], "predicted_tokens": ["[IN:SET_RSVP_YES", "[SL:TITLE_EVENT", "@ptr5", "@ptr6", "@ptr7", "@ptr8", "@ptr9", "@ptr10", "@ptr11", "@ptr13", "SL:TITLE_EVENT]", "IN:SET_RSVP_YES]"]}
{"loss": 3.049048900604248, "class_log_probabilities": [-1.7446357011795044, -2.076453924179077, -2.8510518074035645, -3.6775338649749756], "predictions": [23, 10, 400, 401, 11, 26, 4, 4], "target_tokens": ["[IN:CREATE_CALL", "[SL:CONTACT", "@ptr4", "@ptr5", "SL:CONTACT]", "IN:CREATE_CALL]"], "predicted_tokens": ["[IN:SEND_MESSAGE", "[SL:RECIPIENT", "@ptr5", "@ptr6", "SL:RECIPIENT]", "IN:SEND_MESSAGE]"]}
{"loss": 4.421292304992676, "class_log_probabilities": [-1.549944281578064, -1.7275761365890503, -2.7185182571411133, -4.776467800140381], "predictions": [89, 90, 400, 91, 92, 4, 4], "target_tokens": ["[IN:SUBTRACT_TIME_TIMER", "[SL:TIMER_NAME", "@ptr7", "SL:TIMER_NAME]", "[SL:METHOD_TIMER", "@ptr5", "SL:METHOD_TIMER]", "IN:SUBTRACT_TIME_TIMER]"], "predicted_tokens": ["[IN:CREATE_TIMER", "[SL:METHOD_TIMER", "@ptr5", "SL:METHOD_TIMER]", "IN:CREATE_TIMER]"]}
{"loss": 1.6966748237609863, "class_log_probabilities": [-1.2076637744903564, -2.518186569213867, -3.6025304794311523, -5.108251571655273], "predictions": [75, 6, 70, 71, 399, 72, 6, 401, 7, 73, 7, 78, 4, 4, 4], "target_tokens": ["[IN:CREATE_CALL", "[SL:CONTACT", "[IN:GET_CONTACT", "[SL:CONTACT_RELATED", "@ptr6", "SL:CONTACT_RELATED]", "[SL:TYPE_RELATION", "@ptr4", "SL:TYPE_RELATION]", "IN:GET_CONTACT]", "SL:CONTACT]", "IN:CREATE_CALL]"], "predicted_tokens": ["[IN:CREATE_CALL", "[SL:CONTACT", "[IN:GET_CONTACT", "[SL:TYPE_RELATION", "@ptr4", "SL:TYPE_RELATION]", "[SL:CONTACT", "@ptr6", "SL:CONTACT]", "IN:GET_CONTACT]", "SL:CONTACT]", "IN:CREATE_CALL]"]}
{"loss": 1.7310011386871338, "class_log_probabilities": [-1.3801839351654053, -2.3960447311401367, -4.8330864906311035, -5.072579860687256], "predictions": [75, 6, 70, 71, 397, 398, 399, 400, 72, 6, 402, 7, 73, 7, 78, 4, 4, 4], "target_tokens": ["[IN:CREATE_CALL", "[SL:CONTACT", "[IN:GET_CONTACT", "[SL:TYPE_RELATION", "@ptr2", "@ptr3", "@ptr4", "SL:TYPE_RELATION]", "[SL:CONTACT_RELATED", "@ptr6", "@ptr7", "SL:CONTACT_RELATED]", "IN:GET_CONTACT]", "SL:CONTACT]", "IN:CREATE_CALL]"], "predicted_tokens": ["[IN:CREATE_CALL", "[SL:CONTACT", "[IN:GET_CONTACT", "[SL:TYPE_RELATION", "@ptr2", "@ptr3", "@ptr4", "@ptr5", "SL:TYPE_RELATION]", "[SL:CONTACT", "@ptr7", "SL:CONTACT]", "IN:GET_CONTACT]", "SL:CONTACT]", "IN:CREATE_CALL]"]}
{"loss": 1.8505494594573975, "class_log_probabilities": [-0.6863160729408264, -3.6705403327941895, -3.7404682636260986, -5.512498378753662], "predictions": [75, 6, 397, 7, 76, 400, 77, 78, 4], "target_tokens": ["[IN:CREATE_CALL", "[SL:CONTACT", "@ptr1", "SL:CONTACT]", "[SL:NAME_APP", "@ptr5", "SL:NAME_APP]", "IN:CREATE_CALL]"], "predicted_tokens": ["[IN:CREATE_CALL", "[SL:CONTACT", "@ptr2", "SL:CONTACT]", "[SL:NAME_APP", "@ptr5", "SL:NAME_APP]", "IN:CREATE_CALL]"]}
{"loss": 1.4812086820602417, "class_log_probabilities": [-0.7163906693458557, -3.1987714767456055, -6.712289333343506, -7.07542610168457], "predictions": [45, 16, 399, 400, 401, 402, 403, 404, 17, 46, 4, 4, 4, 4], "target_tokens": ["[IN:CREATE_ALARM", "[SL:DATE_TIME", "@ptr3", "@ptr4", "@ptr5", "@ptr6", "@ptr7", "@ptr8", "@ptr9", "SL:DATE_TIME]", "IN:CREATE_ALARM]"], "predicted_tokens": ["[IN:CREATE_ALARM", "[SL:DATE_TIME", "@ptr4", "@ptr5", "@ptr6", "@ptr7", "@ptr8", "@ptr9", "SL:DATE_TIME]", "IN:CREATE_ALARM]"]}
{"loss": 1.4042999744415283, "class_log_probabilities": [-4.589156627655029, -4.810491561889648, -6.060168743133545, -6.791568279266357], "predictions": [331, 332, 4, 4, 4, 4, 4, 4, 4, 4, 4], "target_tokens": ["[IN:UPDATE_TIMER", "[SL:METHOD_TIMER", "@ptr2", "SL:METHOD_TIMER]", "[SL:TIMER_NAME", "@ptr7", "@ptr8", "SL:TIMER_NAME]", "IN:UPDATE_TIMER]"], "predicted_tokens": ["[IN:UPDATE_REMINDER", "IN:UPDATE_REMINDER]"]}
{"loss": 2.786724090576172, "class_log_probabilities": [-0.5160765647888184, -6.567359924316406, -6.673633098602295, -6.932001113891602], "predictions": [63, 64, 397, 65, 66, 399, 67, 68, 4], "target_tokens": ["[IN:PLAY_MUSIC", "[SL:MUSIC_ARTIST_NAME", "@ptr4", "SL:MUSIC_ARTIST_NAME]", "IN:PLAY_MUSIC]"], "predicted_tokens": ["[IN:PLAY_MUSIC", "[SL:MUSIC_TYPE", "@ptr2", "SL:MUSIC_TYPE]", "[SL:MUSIC_ARTIST_NAME", "@ptr4", "SL:MUSIC_ARTIST_NAME]", "IN:PLAY_MUSIC]"]}
{"loss": 1.6619874238967896, "class_log_probabilities": [-0.8198246955871582, -3.915316581726074, -5.695849895477295, -5.736319541931152], "predictions": [63, 66, 395, 396, 397, 67, 103, 399, 400, 401, 104, 68, 4], "target_tokens": ["[IN:PLAY_MUSIC", "[SL:MUSIC_ARTIST_NAME", "@ptr1", "@ptr2", "SL:MUSIC_ARTIST_NAME]", "[SL:MUSIC_PROVIDER_NAME", "@ptr4", "@ptr5", "@ptr6", "SL:MUSIC_PROVIDER_NAME]", "IN:PLAY_MUSIC]"], "predicted_tokens": ["[IN:PLAY_MUSIC", "[SL:MUSIC_ARTIST_NAME", "@ptr0", "@ptr1", "@ptr2", "SL:MUSIC_ARTIST_NAME]", "[SL:MUSIC_PROVIDER_NAME", "@ptr4", "@ptr5", "@ptr6", "SL:MUSIC_PROVIDER_NAME]", "IN:PLAY_MUSIC]"]}
{"loss": 1.1218427419662476, "class_log_probabilities": [-1.200924277305603, -2.547199249267578, -4.868366241455078, -5.596313953399658], "predictions": [63, 66, 396, 397, 398, 67, 103, 400, 401, 104, 68, 4], "target_tokens": ["[IN:PLAY_MUSIC", "[SL:MUSIC_ALBUM_TITLE", "@ptr1", "@ptr2", "@ptr3", "SL:MUSIC_ALBUM_TITLE]", "[SL:MUSIC_PROVIDER_NAME", "@ptr5", "@ptr6", "SL:MUSIC_PROVIDER_NAME]", "IN:PLAY_MUSIC]"], "predicted_tokens": ["[IN:PLAY_MUSIC", "[SL:MUSIC_ARTIST_NAME", "@ptr1", "@ptr2", "@ptr3", "SL:MUSIC_ARTIST_NAME]", "[SL:MUSIC_PROVIDER_NAME", "@ptr5", "@ptr6", "SL:MUSIC_PROVIDER_NAME]", "IN:PLAY_MUSIC]"]}
{"loss": 1.003764271736145, "class_log_probabilities": [-0.6594136953353882, -4.261976718902588, -4.680947303771973, -4.907327651977539], "predictions": [235, 103, 396, 397, 398, 104, 236, 4], "target_tokens": ["[IN:SET_DEFAULT_PROVIDER_MUSIC", "[SL:MUSIC_PROVIDER_NAME", "@ptr1", "@ptr2", "@ptr3", "SL:MUSIC_PROVIDER_NAME]", "IN:SET_DEFAULT_PROVIDER_MUSIC]"], "predicted_tokens": ["[IN:SET_DEFAULT_PROVIDER_MUSIC", "[SL:MUSIC_PROVIDER_NAME", "@ptr1", "@ptr2", "@ptr3", "SL:MUSIC_PROVIDER_NAME]", "IN:SET_DEFAULT_PROVIDER_MUSIC]"]}
{"loss": 1.0203927755355835, "class_log_probabilities": [-0.21956440806388855, -7.402100563049316, -7.73051643371582, -8.941032409667969], "predictions": [235, 103, 402, 104, 236, 4, 4, 4, 4], "target_tokens": ["[IN:SET_DEFAULT_PROVIDER_MUSIC", "[SL:MUSIC_PROVIDER_NAME", "@ptr7", "SL:MUSIC_PROVIDER_NAME]", "IN:SET_DEFAULT_PROVIDER_MUSIC]"], "predicted_tokens": ["[IN:SET_DEFAULT_PROVIDER_MUSIC", "[SL:MUSIC_PROVIDER_NAME", "@ptr7", "SL:MUSIC_PROVIDER_NAME]", "IN:SET_DEFAULT_PROVIDER_MUSIC]"]}
{"loss": 1.030417561531067, "class_log_probabilities": [-0.5857020020484924, -3.8639168739318848, -4.7846903800964355, -4.860302925109863], "predictions": [235, 103, 400, 104, 236, 4, 4, 4, 4], "target_tokens": ["[IN:SET_DEFAULT_PROVIDER_MUSIC", "[SL:MUSIC_PROVIDER_NAME", "@ptr5", "SL:MUSIC_PROVIDER_NAME]", "IN:SET_DEFAULT_PROVIDER_MUSIC]"], "predicted_tokens": ["[IN:SET_DEFAULT_PROVIDER_MUSIC", "[SL:MUSIC_PROVIDER_NAME", "@ptr5", "SL:MUSIC_PROVIDER_NAME]", "IN:SET_DEFAULT_PROVIDER_MUSIC]"]}
{"loss": 1.0155898332595825, "class_log_probabilities": [-0.23467373847961426, -6.974491119384766, -7.860949516296387, -8.160773277282715], "predictions": [235, 103, 397, 104, 236, 4], "target_tokens": ["[IN:SET_DEFAULT_PROVIDER_MUSIC", "[SL:MUSIC_PROVIDER_NAME", "@ptr2", "SL:MUSIC_PROVIDER_NAME]", "IN:SET_DEFAULT_PROVIDER_MUSIC]"], "predicted_tokens": ["[IN:SET_DEFAULT_PROVIDER_MUSIC", "[SL:MUSIC_PROVIDER_NAME", "@ptr2", "SL:MUSIC_PROVIDER_NAME]", "IN:SET_DEFAULT_PROVIDER_MUSIC]"]}
{"loss": 3.8026392459869385, "class_log_probabilities": [-3.3334267139434814, -3.825427532196045, -3.983368396759033, -4.760857105255127], "predictions": [27, 30, 4, 4, 4, 4, 4, 4, 4, 4, 4, 4, 4], "target_tokens": ["[IN:CREATE_TIMER", "[SL:TIMER_NAME", "@ptr5", "@ptr6", "@ptr7", "SL:TIMER_NAME]", "[SL:METHOD_TIMER", "@ptr2", "SL:METHOD_TIMER]", "IN:CREATE_TIMER]"], "predicted_tokens": ["[IN:GET_INFO_RECIPES", "IN:GET_INFO_RECIPES]"]}
{"loss": 2.231870412826538, "class_log_probabilities": [-1.0763928890228271, -1.7430381774902344, -5.983494281768799, -6.4708051681518555], "predictions": [183, 16, 396, 397, 17, 184, 4, 4, 4, 4], "target_tokens": ["[IN:ADD_TIME_TIMER", "[SL:DATE_TIME", "@ptr1", "@ptr2", "SL:DATE_TIME]", "[SL:TIMER_NAME", "@ptr8", "SL:TIMER_NAME]", "[SL:METHOD_TIMER", "@ptr7", "SL:METHOD_TIMER]", "IN:ADD_TIME_TIMER]"], "predicted_tokens": ["[IN:ADD_TIME_TIMER", "[SL:DATE_TIME", "@ptr1", "@ptr2", "SL:DATE_TIME]", "IN:ADD_TIME_TIMER]"]}
{"loss": 1.893471598625183, "class_log_probabilities": [-0.5134226083755493, -6.31613302230835, -6.781421661376953, -7.225977420806885], "predictions": [75, 6, 397, 7, 76, 398, 77, 78, 4], "target_tokens": ["[IN:CREATE_CALL", "[SL:CONTACT", "@ptr1", "SL:CONTACT]", "[SL:NAME_APP", "@ptr3", "SL:NAME_APP]", "IN:CREATE_CALL]"], "predicted_tokens": ["[IN:CREATE_CALL", "[SL:CONTACT", "@ptr2", "SL:CONTACT]", "[SL:NAME_APP", "@ptr3", "SL:NAME_APP]", "IN:CREATE_CALL]"]}
{"loss": 2.243096113204956, "class_log_probabilities": [-1.2862863540649414, -1.3021055459976196, -6.152897357940674, -6.19810152053833], "predictions": [75, 6, 399, 400, 7, 76, 402, 77, 78, 4], "target_tokens": ["[IN:CREATE_CALL", "[SL:CONTACT", "@ptr3", "@ptr4", "SL:CONTACT]", "[SL:NAME_APP", "@ptr6", "SL:NAME_APP]", "IN:CREATE_CALL]"], "predicted_tokens": ["[IN:CREATE_CALL", "[SL:CONTACT", "@ptr4", "@ptr5", "SL:CONTACT]", "[SL:NAME_APP", "@ptr7", "SL:NAME_APP]", "IN:CREATE_CALL]"]}
{"loss": 1.7204850912094116, "class_log_probabilities": [-0.6873407959938049, -4.510385990142822, -5.347521781921387, -5.637075901031494], "predictions": [23, 8, 400, 9, 10, 402, 11, 26, 4, 4, 4, 4], "target_tokens": ["[IN:SEND_MESSAGE", "[SL:RECIPIENT", "@ptr7", "SL:RECIPIENT]", "[SL:TYPE_CONTENT", "@ptr5", "SL:TYPE_CONTENT]", "IN:SEND_MESSAGE]"], "predicted_tokens": ["[IN:SEND_MESSAGE", "[SL:TYPE_CONTENT", "@ptr5", "SL:TYPE_CONTENT]", "[SL:RECIPIENT", "@ptr7", "SL:RECIPIENT]", "IN:SEND_MESSAGE]"]}
{"loss": 0.9708441495895386, "class_log_probabilities": [-0.6708230376243591, -5.958292007446289, -6.148731231689453, -6.283088207244873], "predictions": [23, 8, 400, 9, 10, 402, 11, 26, 4, 4, 4, 4], "target_tokens": ["[IN:SEND_MESSAGE", "[SL:TYPE_CONTENT", "@ptr5", "SL:TYPE_CONTENT]", "[SL:RECIPIENT", "@ptr7", "SL:RECIPIENT]", "IN:SEND_MESSAGE]"], "predicted_tokens": ["[IN:SEND_MESSAGE", "[SL:TYPE_CONTENT", "@ptr5", "SL:TYPE_CONTENT]", "[SL:RECIPIENT", "@ptr7", "SL:RECIPIENT]", "IN:SEND_MESSAGE]"]}
{"loss": 1.3781477212905884, "class_log_probabilities": [-0.8468362092971802, -5.517375469207764, -5.8105149269104, -6.419451713562012], "predictions": [23, 8, 398, 9, 10, 70, 93, 400, 94, 71, 401, 72, 73, 11, 26, 4, 4, 4, 4, 4, 4], "target_tokens": ["[IN:SEND_MESSAGE", "[SL:TYPE_CONTENT", "@ptr3", "SL:TYPE_CONTENT]", "[SL:RECIPIENT", "[IN:GET_CONTACT", "[SL:TYPE_RELATION", "@ptr6", "SL:TYPE_RELATION]", "IN:GET_CONTACT]", "SL:RECIPIENT]", "IN:SEND_MESSAGE]"], "predicted_tokens": ["[IN:SEND_MESSAGE", "[SL:TYPE_CONTENT", "@ptr3", "SL:TYPE_CONTENT]", "[SL:RECIPIENT", "[IN:GET_CONTACT", "[SL:CONTACT_RELATED", "@ptr5", "SL:CONTACT_RELATED]", "[SL:TYPE_RELATION", "@ptr6", "SL:TYPE_RELATION]", "IN:GET_CONTACT]", "SL:RECIPIENT]", "IN:SEND_MESSAGE]"]}
{"loss": 1.4916956424713135, "class_log_probabilities": [-2.9463884830474854, -4.809006690979004, -7.405577659606934, -10.473865509033203], "predictions": [23, 8, 402, 9, 10, 70, 93, 404, 94, 71, 406, 72, 73, 11, 26, 4, 4, 4, 4, 4, 4, 4, 4, 4], "target_tokens": ["[IN:SEND_MESSAGE", "[SL:TYPE_CONTENT", "@ptr7", "SL:TYPE_CONTENT]", "[SL:RECIPIENT", "[IN:GET_CONTACT", "[SL:CONTACT_RELATED", "@ptr9", "SL:CONTACT_RELATED]", "[SL:TYPE_RELATION", "@ptr10", "SL:TYPE_RELATION]", "[SL:CONTACT", "@ptr11", "SL:CONTACT]", "IN:GET_CONTACT]", "SL:RECIPIENT]", "IN:SEND_MESSAGE]"], "predicted_tokens": ["[IN:SEND_MESSAGE", "[SL:TYPE_CONTENT", "@ptr7", "SL:TYPE_CONTENT]", "[SL:RECIPIENT", "[IN:GET_CONTACT", "[SL:CONTACT_RELATED", "@ptr9", "SL:CONTACT_RELATED]", "[SL:TYPE_RELATION", "@ptr11", "SL:TYPE_RELATION]", "IN:GET_CONTACT]", "SL:RECIPIENT]", "IN:SEND_MESSAGE]"]}
{"loss": 0.9901934266090393, "class_log_probabilities": [-0.8468484282493591, -4.278970718383789, -5.576866626739502, -6.122914791107178], "predictions": [23, 8, 398, 9, 10, 70, 71, 400, 72, 73, 11, 26, 4], "target_tokens": ["[IN:SEND_MESSAGE", "[SL:TYPE_CONTENT", "@ptr3", "SL:TYPE_CONTENT]", "[SL:RECIPIENT", "[IN:GET_CONTACT", "[SL:TYPE_RELATION", "@ptr5", "SL:TYPE_RELATION]", "IN:GET_CONTACT]", "SL:RECIPIENT]", "IN:SEND_MESSAGE]"], "predicted_tokens": ["[IN:SEND_MESSAGE", "[SL:TYPE_CONTENT", "@ptr3", "SL:TYPE_CONTENT]", "[SL:RECIPIENT", "[IN:GET_CONTACT", "[SL:TYPE_RELATION", "@ptr5", "SL:TYPE_RELATION]", "IN:GET_CONTACT]", "SL:RECIPIENT]", "IN:SEND_MESSAGE]"]}
{"loss": 1.7893526554107666, "class_log_probabilities": [-2.0997416973114014, -2.161336898803711, -2.2945048809051514, -4.465267658233643], "predictions": [23, 8, 403, 9, 10, 406, 11, 26, 4, 4, 4], "target_tokens": ["[IN:SEND_MESSAGE", "[SL:TYPE_CONTENT", "@ptr7", "SL:TYPE_CONTENT]", "[SL:RECIPIENT", "@ptr9", "SL:RECIPIENT]", "IN:SEND_MESSAGE]"], "predicted_tokens": ["[IN:SEND_MESSAGE", "[SL:TYPE_CONTENT", "@ptr8", "SL:TYPE_CONTENT]", "[SL:RECIPIENT", "@ptr11", "SL:RECIPIENT]", "IN:SEND_MESSAGE]"]}
{"loss": 0.9676362872123718, "class_log_probabilities": [-0.8890892267227173, -4.515692234039307, -4.7024641036987305, -6.068814754486084], "predictions": [13, 14, 398, 399, 400, 401, 402, 15, 18, 4], "target_tokens": ["[IN:GET_WEATHER", "[SL:LOCATION", "@ptr3", "@ptr4", "@ptr5", "@ptr6", "@ptr7", "SL:LOCATION]", "IN:GET_WEATHER]"], "predicted_tokens": ["[IN:GET_WEATHER", "[SL:LOCATION", "@ptr3", "@ptr4", "@ptr5", "@ptr6", "@ptr7", "SL:LOCATION]", "IN:GET_WEATHER]"]}
{"loss": 2.262878656387329, "class_log_probabilities": [-0.5434607863426208, -5.572219371795654, -6.153077602386475, -6.871971607208252], "predictions": [75, 6, 397, 7, 6, 399, 7, 78, 4, 4, 4, 4], "target_tokens": ["[IN:CREATE_CALL", "[SL:CONTACT", "@ptr1", "SL:CONTACT]", "[SL:CONTACT", "@ptr3", "SL:CONTACT]", "IN:CREATE_CALL]"], "predicted_tokens": ["[IN:CREATE_CALL", "[SL:CONTACT", "@ptr2", "SL:CONTACT]", "[SL:CONTACT", "@ptr4", "SL:CONTACT]", "IN:CREATE_CALL]"]}
{"loss": 0.9576388001441956, "class_log_probabilities": [-0.5501079559326172, -6.272682189941406, -6.455235481262207, -6.646859645843506], "predictions": [45, 16, 399, 400, 401, 17, 46, 4, 4], "target_tokens": ["[IN:CREATE_ALARM", "[SL:DATE_TIME", "@ptr4", "@ptr5", "@ptr6", "SL:DATE_TIME]", "IN:CREATE_ALARM]"], "predicted_tokens": ["[IN:CREATE_ALARM", "[SL:DATE_TIME", "@ptr4", "@ptr5", "@ptr6", "SL:DATE_TIME]", "IN:CREATE_ALARM]"]}
{"loss": 0.9650400876998901, "class_log_probabilities": [-0.6161873936653137, -6.894872665405273, -6.921618461608887, -7.257556915283203], "predictions": [70, 93, 398, 94, 71, 399, 72, 73, 4], "target_tokens": ["[IN:GET_CONTACT", "[SL:CONTACT_RELATED", "@ptr3", "SL:CONTACT_RELATED]", "[SL:TYPE_RELATION", "@ptr4", "SL:TYPE_RELATION]", "IN:GET_CONTACT]"], "predicted_tokens": ["[IN:GET_CONTACT", "[SL:CONTACT_RELATED", "@ptr3", "SL:CONTACT_RELATED]", "[SL:TYPE_RELATION", "@ptr4", "SL:TYPE_RELATION]", "IN:GET_CONTACT]"]}
{"loss": 0.9595091938972473, "class_log_probabilities": [-0.5187928676605225, -5.177472114562988, -6.287318229675293, -6.676266193389893], "predictions": [75, 6, 399, 400, 7, 78, 4], "target_tokens": ["[IN:CREATE_CALL", "[SL:CONTACT", "@ptr4", "@ptr5", "SL:CONTACT]", "IN:CREATE_CALL]"], "predicted_tokens": ["[IN:CREATE_CALL", "[SL:CONTACT", "@ptr4", "@ptr5", "SL:CONTACT]", "IN:CREATE_CALL]"]}
{"loss": 1.2074471712112427, "class_log_probabilities": [-1.3999433517456055, -2.3853018283843994, -3.5579793453216553, -4.875519752502441], "predictions": [75, 6, 404, 7, 78, 4, 4, 4, 4], "target_tokens": ["[IN:CREATE_CALL", "[SL:CONTACT", "@ptr9", "@ptr10", "SL:CONTACT]", "IN:CREATE_CALL]"], "predicted_tokens": ["[IN:CREATE_CALL", "[SL:CONTACT", "@ptr9", "SL:CONTACT]", "IN:CREATE_CALL]"]}
{"loss": 1.4150986671447754, "class_log_probabilities": [-1.495956540107727, -3.1197142601013184, -3.4866747856140137, -3.9725499153137207], "predictions": [75, 20, 398, 21, 6, 399, 7, 78, 4], "target_tokens": ["[IN:CREATE_CALL", "[SL:ORDINAL", "@ptr2", "SL:ORDINAL]", "[SL:CONTACT", "@ptr3", "SL:CONTACT]", "IN:CREATE_CALL]"], "predicted_tokens": ["[IN:CREATE_CALL", "[SL:ORDINAL", "@ptr3", "SL:ORDINAL]", "[SL:CONTACT", "@ptr4", "SL:CONTACT]", "IN:CREATE_CALL]"]}
{"loss": 0.9903832674026489, "class_log_probabilities": [-0.44093212485313416, -5.585369110107422, -6.251019477844238, -6.45044469833374], "predictions": [61, 83, 399, 400, 401, 84, 62, 4, 4], "target_tokens": ["[IN:GET_EVENT", "[SL:CATEGORY_EVENT", "@ptr4", "@ptr5", "@ptr6", "SL:CATEGORY_EVENT]", "IN:GET_EVENT]"], "predicted_tokens": ["[IN:GET_EVENT", "[SL:CATEGORY_EVENT", "@ptr4", "@ptr5", "@ptr6", "SL:CATEGORY_EVENT]", "IN:GET_EVENT]"]}
{"loss": 0.9889421463012695, "class_log_probabilities": [-0.3518494665622711, -4.89826774597168, -5.724371433258057, -6.304651260375977], "predictions": [295, 20, 400, 21, 296, 4], "target_tokens": ["[IN:GET_DATE_TIME_EVENT", "[SL:ORDINAL", "@ptr5", "SL:ORDINAL]", "IN:GET_DATE_TIME_EVENT]"], "predicted_tokens": ["[IN:GET_DATE_TIME_EVENT", "[SL:ORDINAL", "@ptr5", "SL:ORDINAL]", "IN:GET_DATE_TIME_EVENT]"]}
{"loss": 4.127521991729736, "class_log_probabilities": [-1.0975340604782104, -4.795563220977783, -6.431407451629639, -6.815454483032227], "predictions": [75, 6, 395, 396, 7, 76, 398, 77, 78, 4], "target_tokens": ["[IN:CREATE_CALL", "[SL:NAME_APP", "@ptr3", "SL:NAME_APP]", "[SL:CONTACT", "@ptr1", "SL:CONTACT]", "IN:CREATE_CALL]"], "predicted_tokens": ["[IN:CREATE_CALL", "[SL:CONTACT", "@ptr0", "@ptr1", "SL:CONTACT]", "[SL:NAME_APP", "@ptr3", "SL:NAME_APP]", "IN:CREATE_CALL]"]}
{"loss": 1.4310582876205444, "class_log_probabilities": [-0.5034323930740356, -3.4925191402435303, -5.597099304199219, -5.742423057556152], "predictions": [23, 8, 403, 9, 26, 4], "target_tokens": ["[IN:SEND_MESSAGE", "[SL:TYPE_CONTENT", "@ptr7", "SL:TYPE_CONTENT]", "IN:SEND_MESSAGE]"], "predicted_tokens": ["[IN:SEND_MESSAGE", "[SL:TYPE_CONTENT", "@ptr8", "SL:TYPE_CONTENT]", "IN:SEND_MESSAGE]"]}
{"loss": 1.072894811630249, "class_log_probabilities": [-1.414746880531311, -1.5479031801223755, -2.806196451187134, -3.7344894409179688], "predictions": [23, 8, 398, 9, 10, 401, 11, 26, 4], "target_tokens": ["[IN:SEND_MESSAGE", "[SL:TYPE_CONTENT", "@ptr3", "SL:TYPE_CONTENT]", "[SL:RECIPIENT", "@ptr5", "SL:RECIPIENT]", "IN:SEND_MESSAGE]"], "predicted_tokens": ["[IN:SEND_MESSAGE", "[SL:TYPE_CONTENT", "@ptr3", "SL:TYPE_CONTENT]", "[SL:RECIPIENT", "@ptr6", "SL:RECIPIENT]", "IN:SEND_MESSAGE]"]}
{"loss": 2.8352482318878174, "class_log_probabilities": [-0.5554808378219604, -5.8036932945251465, -5.809298515319824, -6.759233474731445], "predictions": [23, 10, 397, 11, 8, 400, 9, 26, 4], "target_tokens": ["[IN:SEND_MESSAGE", "[SL:RECIPIENT", "@ptr2", "SL:RECIPIENT]", "[SL:TYPE_CONTENT", "@ptr4", "@ptr5", "SL:TYPE_CONTENT]", "IN:SEND_MESSAGE]"], "predicted_tokens": ["[IN:SEND_MESSAGE", "[SL:RECIPIENT", "@ptr2", "SL:RECIPIENT]", "[SL:TYPE_CONTENT", "@ptr5", "SL:TYPE_CONTENT]", "IN:SEND_MESSAGE]"]}
{"loss": 1.2792409658432007, "class_log_probabilities": [-1.127889633178711, -2.8072509765625, -2.833620309829712, -3.6970698833465576], "predictions": [23, 8, 398, 9, 10, 400, 11, 26, 4], "target_tokens": ["[IN:SEND_MESSAGE", "[SL:TYPE_CONTENT", "@ptr2", "SL:TYPE_CONTENT]", "[SL:RECIPIENT", "@ptr4", "SL:RECIPIENT]", "IN:SEND_MESSAGE]"], "predicted_tokens": ["[IN:SEND_MESSAGE", "[SL:TYPE_CONTENT", "@ptr3", "SL:TYPE_CONTENT]", "[SL:RECIPIENT", "@ptr5", "SL:RECIPIENT]", "IN:SEND_MESSAGE]"]}
{"loss": 0.9756295084953308, "class_log_probabilities": [-0.3662533462047577, -6.5152177810668945, -6.949995994567871, -7.269336700439453], "predictions": [23, 8, 401, 9, 26, 4], "target_tokens": ["[IN:SEND_MESSAGE", "[SL:TYPE_CONTENT", "@ptr6", "SL:TYPE_CONTENT]", "IN:SEND_MESSAGE]"], "predicted_tokens": ["[IN:SEND_MESSAGE", "[SL:TYPE_CONTENT", "@ptr6", "SL:TYPE_CONTENT]", "IN:SEND_MESSAGE]"]}
{"loss": 0.9965224266052246, "class_log_probabilities": [-0.5058963894844055, -2.8294951915740967, -6.070428848266602, -6.17249870300293], "predictions": [23, 8, 403, 9, 26, 4, 4, 4], "target_tokens": ["[IN:SEND_MESSAGE", "[SL:TYPE_CONTENT", "@ptr8", "SL:TYPE_CONTENT]", "IN:SEND_MESSAGE]"], "predicted_tokens": ["[IN:SEND_MESSAGE", "[SL:TYPE_CONTENT", "@ptr8", "SL:TYPE_CONTENT]", "IN:SEND_MESSAGE]"]}
{"loss": 0.9858238697052002, "class_log_probabilities": [-0.3883363902568817, -4.761351108551025, -5.283255100250244, -5.419466972351074], "predictions": [221, 16, 405, 17, 222, 4], "target_tokens": ["[IN:GET_SUNSET", "[SL:DATE_TIME", "@ptr10", "SL:DATE_TIME]", "IN:GET_SUNSET]"], "predicted_tokens": ["[IN:GET_SUNSET", "[SL:DATE_TIME", "@ptr10", "SL:DATE_TIME]", "IN:GET_SUNSET]"]}
{"loss": 3.5052995681762695, "class_log_probabilities": [-0.5800597071647644, -4.6695451736450195, -5.400101661682129, -5.739887237548828], "predictions": [153, 154, 4, 4, 4, 4], "target_tokens": ["[IN:HOLD_CALL", "[SL:CONTACT", "@ptr6", "SL:CONTACT]", "IN:HOLD_CALL]"], "predicted_tokens": ["[IN:ANSWER_CALL", "IN:ANSWER_CALL]"]}
{"loss": 0.9868836998939514, "class_log_probabilities": [-0.37453746795654297, -6.066984176635742, -6.192261695861816, -6.812205791473389], "predictions": [69, 6, 409, 7, 74, 4, 4, 4, 4], "target_tokens": ["[IN:GET_CALL_TIME", "[SL:CONTACT", "@ptr14", "SL:CONTACT]", "IN:GET_CALL_TIME]"], "predicted_tokens": ["[IN:GET_CALL_TIME", "[SL:CONTACT", "@ptr14", "SL:CONTACT]", "IN:GET_CALL_TIME]"]}
{"loss": 0.970947802066803, "class_log_probabilities": [-0.6755509376525879, -7.473361492156982, -7.627588748931885, -7.758103370666504], "predictions": [75, 6, 70, 93, 396, 94, 71, 397, 72, 73, 7, 78, 4, 4, 4, 4], "target_tokens": ["[IN:CREATE_CALL", "[SL:CONTACT", "[IN:GET_CONTACT", "[SL:CONTACT_RELATED", "@ptr1", "SL:CONTACT_RELATED]", "[SL:TYPE_RELATION", "@ptr2", "SL:TYPE_RELATION]", "IN:GET_CONTACT]", "SL:CONTACT]", "IN:CREATE_CALL]"], "predicted_tokens": ["[IN:CREATE_CALL", "[SL:CONTACT", "[IN:GET_CONTACT", "[SL:CONTACT_RELATED", "@ptr1", "SL:CONTACT_RELATED]", "[SL:TYPE_RELATION", "@ptr2", "SL:TYPE_RELATION]", "IN:GET_CONTACT]", "SL:CONTACT]", "IN:CREATE_CALL]"]}
{"loss": 1.5605847835540771, "class_log_probabilities": [-0.7288554906845093, -4.74314546585083, -5.465423107147217, -5.470029354095459], "predictions": [75, 6, 70, 93, 400, 94, 71, 401, 72, 73, 7, 78, 4, 4], "target_tokens": ["[IN:CREATE_CALL", "[SL:CONTACT", "[IN:GET_CONTACT", "[SL:TYPE_RELATION", "@ptr6", "SL:TYPE_RELATION]", "IN:GET_CONTACT]", "SL:CONTACT]", "IN:CREATE_CALL]"], "predicted_tokens": ["[IN:CREATE_CALL", "[SL:CONTACT", "[IN:GET_CONTACT", "[SL:CONTACT_RELATED", "@ptr5", "SL:CONTACT_RELATED]", "[SL:TYPE_RELATION", "@ptr6", "SL:TYPE_RELATION]", "IN:GET_CONTACT]", "SL:CONTACT]", "IN:CREATE_CALL]"]}
{"loss": 2.9554526805877686, "class_log_probabilities": [-1.2230597734451294, -3.3253982067108154, -4.936159133911133, -5.901253700256348], "predictions": [63, 66, 395, 396, 67, 68, 4], "target_tokens": ["[IN:CREATE_CALL", "[SL:CONTACT", "@ptr1", "SL:CONTACT]", "IN:CREATE_CALL]"], "predicted_tokens": ["[IN:PLAY_MUSIC", "[SL:MUSIC_ARTIST_NAME", "@ptr0", "@ptr1", "SL:MUSIC_ARTIST_NAME]", "IN:PLAY_MUSIC]"]}
{"loss": 3.9425809383392334, "class_log_probabilities": [-2.0386745929718018, -2.1109063625335693, -4.7636213302612305, -5.489792823791504], "predictions": [63, 66, 395, 396, 67, 206, 397, 207, 68, 4], "target_tokens": ["[IN:START_SHUFFLE_MUSIC", "[SL:MUSIC_ALBUM_TITLE", "@ptr2", "SL:MUSIC_ALBUM_TITLE]", "IN:START_SHUFFLE_MUSIC]"], "predicted_tokens": ["[IN:PLAY_MUSIC", "[SL:MUSIC_ARTIST_NAME", "@ptr0", "@ptr1", "SL:MUSIC_ARTIST_NAME]", "[SL:MUSIC_ALBUM_TITLE", "@ptr2", "SL:MUSIC_ALBUM_TITLE]", "IN:PLAY_MUSIC]"]}
{"loss": 1.3888051509857178, "class_log_probabilities": [-2.0249578952789307, -4.152326583862305, -4.725092887878418, -4.742183208465576], "predictions": [63, 206, 395, 396, 207, 66, 398, 399, 400, 67, 68, 4, 4], "target_tokens": ["[IN:PLAY_MUSIC", "[SL:MUSIC_ALBUM_TITLE", "@ptr1", "SL:MUSIC_ALBUM_TITLE]", "[SL:MUSIC_ARTIST_NAME", "@ptr3", "@ptr4", "@ptr5", "SL:MUSIC_ARTIST_NAME]", "IN:PLAY_MUSIC]"], "predicted_tokens": ["[IN:PLAY_MUSIC", "[SL:MUSIC_ALBUM_TITLE", "@ptr0", "@ptr1", "SL:MUSIC_ALBUM_TITLE]", "[SL:MUSIC_ARTIST_NAME", "@ptr3", "@ptr4", "@ptr5", "SL:MUSIC_ARTIST_NAME]", "IN:PLAY_MUSIC]"]}
{"loss": 0.976148247718811, "class_log_probabilities": [-0.6832159161567688, -3.0778141021728516, -6.201191425323486, -6.991435527801514], "predictions": [13, 79, 400, 80, 16, 401, 402, 403, 17, 18, 4, 4], "target_tokens": ["[IN:GET_WEATHER", "[SL:WEATHER_ATTRIBUTE", "@ptr5", "SL:WEATHER_ATTRIBUTE]", "[SL:DATE_TIME", "@ptr6", "@ptr7", "@ptr8", "SL:DATE_TIME]", "IN:GET_WEATHER]"], "predicted_tokens": ["[IN:GET_WEATHER", "[SL:WEATHER_ATTRIBUTE", "@ptr5", "SL:WEATHER_ATTRIBUTE]", "[SL:DATE_TIME", "@ptr6", "@ptr7", "@ptr8", "SL:DATE_TIME]", "IN:GET_WEATHER]"]}
{"loss": 0.9586561322212219, "class_log_probabilities": [-0.18118861317634583, -8.286011695861816, -8.308562278747559, -9.62632942199707], "predictions": [13, 18, 4, 4, 4], "target_tokens": ["[IN:GET_WEATHER", "IN:GET_WEATHER]"], "predicted_tokens": ["[IN:GET_WEATHER", "IN:GET_WEATHER]"]}
{"loss": 2.799295663833618, "class_log_probabilities": [-0.5473395586013794, -5.47525691986084, -7.658900737762451, -8.555562973022461], "predictions": [13, 16, 400, 401, 402, 403, 17, 18, 4, 4], "target_tokens": ["[IN:GET_WEATHER", "[SL:DATE_TIME", "@ptr5", "@ptr6", "SL:DATE_TIME]", "[SL:DATE_TIME", "@ptr7", "@ptr8", "SL:DATE_TIME]", "IN:GET_WEATHER]"], "predicted_tokens": ["[IN:GET_WEATHER", "[SL:DATE_TIME", "@ptr5", "@ptr6", "@ptr7", "@ptr8", "SL:DATE_TIME]", "IN:GET_WEATHER]"]}
{"loss": 1.0901371240615845, "class_log_probabilities": [-2.2969157695770264, -2.3003463745117188, -3.206045389175415, -3.460782051086426], "predictions": [13, 14, 400, 15, 16, 402, 403, 404, 405, 17, 18, 4, 4], "target_tokens": ["[IN:GET_WEATHER", "[SL:LOCATION", "@ptr6", "SL:LOCATION]", "[SL:DATE_TIME", "@ptr7", "@ptr8", "@ptr9", "@ptr10", "SL:DATE_TIME]", "IN:GET_WEATHER]"], "predicted_tokens": ["[IN:GET_WEATHER", "[SL:LOCATION", "@ptr5", "SL:LOCATION]", "[SL:DATE_TIME", "@ptr7", "@ptr8", "@ptr9", "@ptr10", "SL:DATE_TIME]", "IN:GET_WEATHER]"]}
{"loss": 1.6806113719940186, "class_log_probabilities": [-2.5346083641052246, -2.6703500747680664, -3.2357139587402344, -3.360553741455078], "predictions": [13, 14, 403, 15, 16, 404, 405, 407, 409, 17, 18, 4], "target_tokens": ["[IN:GET_WEATHER", "[SL:LOCATION", "@ptr8", "SL:LOCATION]", "[SL:DATE_TIME", "@ptr10", "@ptr11", "@ptr12", "@ptr13", "@ptr14", "SL:DATE_TIME]", "IN:GET_WEATHER]"], "predicted_tokens": ["[IN:GET_WEATHER", "[SL:LOCATION", "@ptr8", "SL:LOCATION]", "[SL:DATE_TIME", "@ptr9", "@ptr10", "@ptr12", "@ptr14", "SL:DATE_TIME]", "IN:GET_WEATHER]"]}
{"loss": 1.4602806568145752, "class_log_probabilities": [-0.5687690377235413, -5.928231239318848, -6.454336643218994, -7.402609348297119], "predictions": [13, 14, 398, 399, 400, 401, 402, 403, 15, 18, 4, 4, 4, 4, 4, 4], "target_tokens": ["[IN:GET_WEATHER", "[SL:LOCATION", "@ptr4", "@ptr5", "@ptr6", "@ptr7", "@ptr8", "SL:LOCATION]", "IN:GET_WEATHER]"], "predicted_tokens": ["[IN:GET_WEATHER", "[SL:LOCATION", "@ptr3", "@ptr4", "@ptr5", "@ptr6", "@ptr7", "@ptr8", "SL:LOCATION]", "IN:GET_WEATHER]"]}
{"loss": 2.5271921157836914, "class_log_probabilities": [-1.6492433547973633, -2.3900208473205566, -3.335318088531494, -3.718810558319092], "predictions": [13, 18, 4, 4, 4, 4, 4], "target_tokens": ["[IN:GET_WEATHER", "[SL:DATE_TIME", "@ptr7", "@ptr8", "@ptr9", "SL:DATE_TIME]", "IN:GET_WEATHER]"], "predicted_tokens": ["[IN:GET_WEATHER", "IN:GET_WEATHER]"]}
{"loss": 1.614527940750122, "class_log_probabilities": [-0.7059959173202515, -2.2935502529144287, -2.7743570804595947, -4.356531143188477], "predictions": [13, 16, 400, 17, 18, 4, 4], "target_tokens": ["[IN:GET_WEATHER", "[SL:DATE_TIME", "@ptr4", "@ptr5", "SL:DATE_TIME]", "IN:GET_WEATHER]"], "predicted_tokens": ["[IN:GET_WEATHER", "[SL:DATE_TIME", "@ptr5", "SL:DATE_TIME]", "IN:GET_WEATHER]"]}
{"loss": 1.0402908325195312, "class_log_probabilities": [-1.256953239440918, -1.8872387409210205, -2.6369972229003906, -7.046602249145508], "predictions": [13, 14, 401, 402, 403, 15, 18, 4, 4], "target_tokens": ["[IN:GET_WEATHER", "[SL:LOCATION", "@ptr6", "@ptr7", "@ptr8", "SL:LOCATION]", "IN:GET_WEATHER]"], "predicted_tokens": ["[IN:GET_WEATHER", "[SL:LOCATION", "@ptr6", "@ptr7", "@ptr8", "SL:LOCATION]", "IN:GET_WEATHER]"]}
{"loss": 0.9618627429008484, "class_log_probabilities": [-0.3497377038002014, -7.580944061279297, -7.877725124359131, -7.9535346031188965], "predictions": [13, 14, 401, 15, 18, 4], "target_tokens": ["[IN:GET_WEATHER", "[SL:LOCATION", "@ptr6", "SL:LOCATION]", "IN:GET_WEATHER]"], "predicted_tokens": ["[IN:GET_WEATHER", "[SL:LOCATION", "@ptr6", "SL:LOCATION]", "IN:GET_WEATHER]"]}
{"loss": 0.9641647338867188, "class_log_probabilities": [-0.36811578273773193, -4.567331790924072, -7.916870594024658, -8.202739715576172], "predictions": [13, 14, 402, 15, 18, 4], "target_tokens": ["[IN:GET_WEATHER", "[SL:LOCATION", "@ptr7", "SL:LOCATION]", "IN:GET_WEATHER]"], "predicted_tokens": ["[IN:GET_WEATHER", "[SL:LOCATION", "@ptr7", "SL:LOCATION]", "IN:GET_WEATHER]"]}
{"loss": 4.626180648803711, "class_log_probabilities": [-0.20696566998958588, -6.219827175140381, -6.56528902053833, -7.177368640899658], "predictions": [45, 46, 4], "target_tokens": ["[IN:SNOOZE_ALARM", "IN:SNOOZE_ALARM]"], "predicted_tokens": ["[IN:CREATE_ALARM", "IN:CREATE_ALARM]"]}
{"loss": 0.9556939005851746, "class_log_probabilities": [-0.20054620504379272, -7.585200309753418, -7.695573806762695, -7.867599010467529], "predictions": [45, 46, 4], "target_tokens": ["[IN:CREATE_ALARM", "IN:CREATE_ALARM]"], "predicted_tokens": ["[IN:CREATE_ALARM", "IN:CREATE_ALARM]"]}
{"loss": 0.9910500645637512, "class_log_probabilities": [-1.1501593589782715, -2.043405294418335, -5.302146911621094, -5.309143543243408], "predictions": [45, 16, 398, 399, 400, 401, 402, 403, 404, 405, 17, 46, 4, 4], "target_tokens": ["[IN:CREATE_ALARM", "[SL:DATE_TIME", "@ptr3", "@ptr4", "@ptr5", "@ptr6", "@ptr7", "@ptr8", "@ptr9", "@ptr10", "SL:DATE_TIME]", "IN:CREATE_ALARM]"], "predicted_tokens": ["[IN:CREATE_ALARM", "[SL:DATE_TIME", "@ptr3", "@ptr4", "@ptr5", "@ptr6", "@ptr7", "@ptr8", "@ptr9", "@ptr10", "SL:DATE_TIME]", "IN:CREATE_ALARM]"]}
{"loss": 0.9714759588241577, "class_log_probabilities": [-0.5475820899009705, -6.331449508666992, -8.122527122497559, -8.403488159179688], "predictions": [45, 16, 398, 399, 400, 401, 402, 403, 17, 46, 4, 4, 4, 4, 4, 4], "target_tokens": ["[IN:CREATE_ALARM", "[SL:DATE_TIME", "@ptr3", "@ptr4", "@ptr5", "@ptr6", "@ptr7", "@ptr8", "SL:DATE_TIME]", "IN:CREATE_ALARM]"], "predicted_tokens": ["[IN:CREATE_ALARM", "[SL:DATE_TIME", "@ptr3", "@ptr4", "@ptr5", "@ptr6", "@ptr7", "@ptr8", "SL:DATE_TIME]", "IN:CREATE_ALARM]"]}
{"loss": 1.4079588651657104, "class_log_probabilities": [-1.031164526939392, -2.0197830200195312, -6.004086971282959, -6.899214744567871], "predictions": [45, 16, 398, 399, 400, 401, 402, 403, 404, 17, 46, 4], "target_tokens": ["[IN:CREATE_ALARM", "[SL:DATE_TIME", "@ptr3", "@ptr4", "@ptr5", "@ptr6", "@ptr7", "@ptr8", "SL:DATE_TIME]", "IN:CREATE_ALARM]"], "predicted_tokens": ["[IN:CREATE_ALARM", "[SL:DATE_TIME", "@ptr3", "@ptr4", "@ptr5", "@ptr6", "@ptr7", "@ptr8", "@ptr9", "SL:DATE_TIME]", "IN:CREATE_ALARM]"]}
{"loss": 1.445895791053772, "class_log_probabilities": [-0.7002066969871521, -5.277549743652344, -5.4075541496276855, -5.959955215454102], "predictions": [259, 249, 398, 399, 250, 16, 400, 401, 402, 17, 260, 4], "target_tokens": ["[IN:UPDATE_ALARM", "[SL:ALARM_NAME", "@ptr4", "SL:ALARM_NAME]", "[SL:DATE_TIME", "@ptr5", "@ptr6", "@ptr7", "SL:DATE_TIME]", "IN:UPDATE_ALARM]"], "predicted_tokens": ["[IN:UPDATE_ALARM", "[SL:ALARM_NAME", "@ptr3", "@ptr4", "SL:ALARM_NAME]", "[SL:DATE_TIME", "@ptr5", "@ptr6", "@ptr7", "SL:DATE_TIME]", "IN:UPDATE_ALARM]"]}
{"loss": 1.291245937347412, "class_log_probabilities": [-1.002150297164917, -2.8322935104370117, -4.952209949493408, -5.656680583953857], "predictions": [75, 6, 399, 7, 78, 4], "target_tokens": ["[IN:CREATE_CALL", "[SL:CONTACT", "@ptr3", "SL:CONTACT]", "IN:CREATE_CALL]"], "predicted_tokens": ["[IN:CREATE_CALL", "[SL:CONTACT", "@ptr4", "SL:CONTACT]", "IN:CREATE_CALL]"]}
{"loss": 1.1952481269836426, "class_log_probabilities": [-1.0309277772903442, -3.002965211868286, -3.86419939994812, -4.4537177085876465], "predictions": [23, 10, 400, 11, 24, 404, 25, 26, 4, 4], "target_tokens": ["[IN:SEND_MESSAGE", "[SL:RECIPIENT", "@ptr4", "SL:RECIPIENT]", "[SL:CONTENT_EXACT", "@ptr9", "SL:CONTENT_EXACT]", "IN:SEND_MESSAGE]"], "predicted_tokens": ["[IN:SEND_MESSAGE", "[SL:RECIPIENT", "@ptr5", "SL:RECIPIENT]", "[SL:CONTENT_EXACT", "@ptr9", "SL:CONTENT_EXACT]", "IN:SEND_MESSAGE]"]}
{"loss": 2.4326865673065186, "class_log_probabilities": [-0.6350527405738831, -2.1453542709350586, -7.023642539978027, -7.171990394592285], "predictions": [45, 16, 400, 401, 17, 46, 4, 4], "target_tokens": ["[IN:CREATE_ALARM", "[SL:DATE_TIME", "@ptr4", "@ptr5", "@ptr6", "SL:DATE_TIME]", "IN:CREATE_ALARM]"], "predicted_tokens": ["[IN:CREATE_ALARM", "[SL:DATE_TIME", "@ptr5", "@ptr6", "SL:DATE_TIME]", "IN:CREATE_ALARM]"]}
{"loss": 1.8448759317398071, "class_log_probabilities": [-0.957836389541626, -3.1693153381347656, -4.016878604888916, -4.989323139190674], "predictions": [205, 103, 397, 104, 206, 400, 401, 402, 403, 404, 405, 406, 207, 208, 4], "target_tokens": ["[IN:START_SHUFFLE_MUSIC", "[SL:MUSIC_PROVIDER_NAME", "@ptr1", "SL:MUSIC_PROVIDER_NAME]", "[SL:MUSIC_ALBUM_TITLE", "@ptr5", "@ptr6", "@ptr8", "@ptr9", "@ptr10", "@ptr11", "SL:MUSIC_ALBUM_TITLE]", "IN:START_SHUFFLE_MUSIC]"], "predicted_tokens": ["[IN:START_SHUFFLE_MUSIC", "[SL:MUSIC_PROVIDER_NAME", "@ptr2", "SL:MUSIC_PROVIDER_NAME]", "[SL:MUSIC_ALBUM_TITLE", "@ptr5", "@ptr6", "@ptr7", "@ptr8", "@ptr9", "@ptr10", "@ptr11", "SL:MUSIC_ALBUM_TITLE]", "IN:START_SHUFFLE_MUSIC]"]}
{"loss": 1.7750706672668457, "class_log_probabilities": [-1.9305088520050049, -3.1187751293182373, -3.6400558948516846, -4.334591388702393], "predictions": [63, 103, 397, 104, 206, 399, 400, 401, 402, 403, 404, 405, 406, 407, 408, 207, 68, 4, 4, 4], "target_tokens": ["[IN:PLAY_MUSIC", "[SL:MUSIC_PROVIDER_NAME", "@ptr1", "SL:MUSIC_PROVIDER_NAME]", "[SL:MUSIC_ALBUM_TITLE", "@ptr4", "@ptr5", "@ptr6", "@ptr7", "@ptr8", "@ptr9", "@ptr10", "@ptr11", "@ptr12", "SL:MUSIC_ALBUM_TITLE]", "IN:PLAY_MUSIC]"], "predicted_tokens": ["[IN:PLAY_MUSIC", "[SL:MUSIC_PROVIDER_NAME", "@ptr2", "SL:MUSIC_PROVIDER_NAME]", "[SL:MUSIC_ALBUM_TITLE", "@ptr4", "@ptr5", "@ptr6", "@ptr7", "@ptr8", "@ptr9", "@ptr10", "@ptr11", "@ptr12", "@ptr13", "SL:MUSIC_ALBUM_TITLE]", "IN:PLAY_MUSIC]"]}
{"loss": 1.3353724479675293, "class_log_probabilities": [-0.6295939087867737, -5.191740989685059, -5.330070495605469, -5.522221565246582], "predictions": [63, 66, 396, 397, 398, 399, 67, 103, 401, 104, 68, 4], "target_tokens": ["[IN:PLAY_MUSIC", "[SL:MUSIC_ALBUM_TITLE", "@ptr1", "@ptr2", "@ptr3", "@ptr4", "SL:MUSIC_ALBUM_TITLE]", "[SL:MUSIC_PROVIDER_NAME", "@ptr6", "SL:MUSIC_PROVIDER_NAME]", "IN:PLAY_MUSIC]"], "predicted_tokens": ["[IN:PLAY_MUSIC", "[SL:MUSIC_ARTIST_NAME", "@ptr1", "@ptr2", "@ptr3", "@ptr4", "SL:MUSIC_ARTIST_NAME]", "[SL:MUSIC_PROVIDER_NAME", "@ptr6", "SL:MUSIC_PROVIDER_NAME]", "IN:PLAY_MUSIC]"]}
{"loss": 3.1636252403259277, "class_log_probabilities": [-1.5636969804763794, -1.6241061687469482, -3.795397996902466, -4.7479352951049805], "predictions": [63, 103, 397, 104, 101, 400, 401, 102, 68, 4, 4], "target_tokens": ["[IN:START_SHUFFLE_MUSIC", "[SL:MUSIC_PROVIDER_NAME", "@ptr1", "SL:MUSIC_PROVIDER_NAME]", "[SL:MUSIC_ALBUM_TITLE", "@ptr4", "@ptr5", "SL:MUSIC_ALBUM_TITLE]", "IN:START_SHUFFLE_MUSIC]"], "predicted_tokens": ["[IN:PLAY_MUSIC", "[SL:MUSIC_PROVIDER_NAME", "@ptr2", "SL:MUSIC_PROVIDER_NAME]", "[SL:MUSIC_TRACK_TITLE", "@ptr5", "@ptr6", "SL:MUSIC_TRACK_TITLE]", "IN:PLAY_MUSIC]"]}
{"loss": 1.0842723846435547, "class_log_probabilities": [-1.6391303539276123, -2.1090686321258545, -3.2354023456573486, -3.7903072834014893], "predictions": [45, 16, 404, 405, 17, 46, 4], "target_tokens": ["[IN:CREATE_ALARM", "[SL:DATE_TIME", "@ptr9", "@ptr10", "SL:DATE_TIME]", "IN:CREATE_ALARM]"], "predicted_tokens": ["[IN:CREATE_ALARM", "[SL:DATE_TIME", "@ptr9", "@ptr10", "SL:DATE_TIME]", "IN:CREATE_ALARM]"]}
{"loss": 3.012720823287964, "class_log_probabilities": [-23.57686996459961, -24.51048469543457, -25.440595626831055, -58.408447265625], "predictions": [49, 36, 143, 16, 407, 408, 409, 411, 17, 36, 415, 417, 426, 412, 427, 412, 427, 412, 427, 37, 144, 37, 50, 4, 4, 4, 4, 4, 4, 4, 4, 4, 4, 4, 4, 4, 4, 4, 4, 4, 4, 4, 4, 4, 4, 4, 4, 4, 4, 4, 4, 4, 4, 4, 4, 4, 4, 4, 4, 4, 4, 4, 4, 4, 4, 4, 4, 4, 4, 4, 4, 4, 4, 4, 4, 4, 4, 4, 4, 4, 4, 4, 4, 4, 4, 4, 4, 4, 4, 4, 4, 4, 4, 4, 4, 4, 4, 4, 4, 4], "target_tokens": ["[IN:CREATE_ALARM", "[SL:DATE_TIME", "@ptr12", "@ptr13", "@ptr14", "@ptr15", "@ptr16", "@ptr17", "SL:DATE_TIME]", "[SL:ALARM_NAME", "@ptr21", "@ptr22", "@ptr23", "@ptr24", "@ptr25", "@ptr26", "SL:ALARM_NAME]", "IN:CREATE_ALARM]"], "predicted_tokens": ["[IN:CREATE_REMINDER", "[SL:TODO", "[IN:GET_TODO", "[SL:DATE_TIME", "@ptr12", "@ptr13", "@ptr14", "@ptr16", "SL:DATE_TIME]", "[SL:TODO", "@ptr20", "@ptr22", "@ptr31", "@ptr17", "@ptr32", "@ptr17", "@ptr32", "@ptr17", "@ptr32", "SL:TODO]", "IN:GET_TODO]", "SL:TODO]", "IN:CREATE_REMINDER]"]}
{"loss": 2.21323561668396, "class_log_probabilities": [-3.508147716522217, -3.8073649406433105, -4.334364891052246, -5.854434013366699], "predictions": [45, 16, 401, 402, 403, 404, 17, 46, 4, 4], "target_tokens": ["[IN:SNOOZE_ALARM", "[SL:DATE_TIME", "@ptr6", "@ptr7", "@ptr8", "@ptr9", "SL:DATE_TIME]", "IN:SNOOZE_ALARM]"], "predicted_tokens": ["[IN:CREATE_ALARM", "[SL:DATE_TIME", "@ptr6", "@ptr7", "@ptr8", "@ptr9", "SL:DATE_TIME]", "IN:CREATE_ALARM]"]}
{"loss": 1.2671468257904053, "class_log_probabilities": [-0.7811915874481201, -4.368353843688965, -7.161948204040527, -7.490236282348633], "predictions": [45, 16, 399, 400, 401, 402, 403, 17, 46, 4, 4], "target_tokens": ["[IN:CREATE_ALARM", "[SL:DATE_TIME", "@ptr3", "@ptr4", "@ptr5", "@ptr6", "@ptr7", "@ptr8", "SL:DATE_TIME]", "IN:CREATE_ALARM]"], "predicted_tokens": ["[IN:CREATE_ALARM", "[SL:DATE_TIME", "@ptr4", "@ptr5", "@ptr6", "@ptr7", "@ptr8", "SL:DATE_TIME]", "IN:CREATE_ALARM]"]}
{"loss": 0.9819554090499878, "class_log_probabilities": [-0.7365365028381348, -3.6111347675323486, -6.752304553985596, -6.779379844665527], "predictions": [259, 16, 398, 399, 400, 17, 260, 4], "target_tokens": ["[IN:UPDATE_ALARM", "[SL:DATE_TIME", "@ptr3", "@ptr4", "@ptr5", "SL:DATE_TIME]", "IN:UPDATE_ALARM]"], "predicted_tokens": ["[IN:UPDATE_ALARM", "[SL:DATE_TIME", "@ptr3", "@ptr4", "@ptr5", "SL:DATE_TIME]", "IN:UPDATE_ALARM]"]}
{"loss": 2.5964338779449463, "class_log_probabilities": [-0.6841325759887695, -4.653052806854248, -4.876923084259033, -6.64735221862793], "predictions": [47, 48, 4, 4, 4, 4], "target_tokens": ["[IN:GET_ALARM", "IN:GET_ALARM]"], "predicted_tokens": ["[IN:GET_REMINDER", "IN:GET_REMINDER]"]}
{"loss": 0.9759179949760437, "class_log_probabilities": [-0.15810444951057434, -7.59471321105957, -7.737914085388184, -7.817224502563477], "predictions": [19, 22, 4], "target_tokens": ["[IN:GET_ALARM", "IN:GET_ALARM]"], "predicted_tokens": ["[IN:GET_ALARM", "IN:GET_ALARM]"]}
{"loss": 0.9935603141784668, "class_log_probabilities": [-0.9051997065544128, -2.7676122188568115, -5.256502628326416, -6.396826267242432], "predictions": [13, 16, 400, 401, 402, 403, 404, 405, 406, 17, 18, 4, 4], "target_tokens": ["[IN:GET_WEATHER", "[SL:DATE_TIME", "@ptr5", "@ptr6", "@ptr7", "@ptr8", "@ptr9", "@ptr10", "@ptr11", "SL:DATE_TIME]", "IN:GET_WEATHER]"], "predicted_tokens": ["[IN:GET_WEATHER", "[SL:DATE_TIME", "@ptr5", "@ptr6", "@ptr7", "@ptr8", "@ptr9", "@ptr10", "@ptr11", "SL:DATE_TIME]", "IN:GET_WEATHER]"]}
{"loss": 1.5551238059997559, "class_log_probabilities": [-0.7628783583641052, -2.3654134273529053, -4.438701629638672, -5.640717506408691], "predictions": [75, 6, 403, 7, 78, 4, 4, 4], "target_tokens": ["[IN:CREATE_CALL", "[SL:CONTACT", "@ptr6", "SL:CONTACT]", "IN:CREATE_CALL]"], "predicted_tokens": ["[IN:CREATE_CALL", "[SL:CONTACT", "@ptr8", "SL:CONTACT]", "IN:CREATE_CALL]"]}
{"loss": 0.9584248661994934, "class_log_probabilities": [-0.18122652173042297, -8.350830078125, -8.9437255859375, -8.989377975463867], "predictions": [13, 18, 4, 4], "target_tokens": ["[IN:GET_WEATHER", "IN:GET_WEATHER]"], "predicted_tokens": ["[IN:GET_WEATHER", "IN:GET_WEATHER]"]}
{"loss": 1.1997425556182861, "class_log_probabilities": [-2.4109082221984863, -2.455441951751709, -2.8641865253448486, -3.5068788528442383], "predictions": [13, 79, 406, 80, 16, 407, 17, 18, 4, 4], "target_tokens": ["[IN:GET_WEATHER", "[SL:WEATHER_ATTRIBUTE", "@ptr10", "SL:WEATHER_ATTRIBUTE]", "[SL:DATE_TIME", "@ptr11", "SL:DATE_TIME]", "IN:GET_WEATHER]"], "predicted_tokens": ["[IN:GET_WEATHER", "[SL:WEATHER_ATTRIBUTE", "@ptr11", "SL:WEATHER_ATTRIBUTE]", "[SL:DATE_TIME", "@ptr12", "SL:DATE_TIME]", "IN:GET_WEATHER]"]}
{"loss": 1.4270350933074951, "class_log_probabilities": [-2.5405466556549072, -3.7534430027008057, -4.0887627601623535, -49.99251174926758], "predictions": [13, 16, 402, 403, 404, 405, 406, 408, 409, 17, 14, 411, 15, 18, 4, 4, 4, 4, 4, 4, 4, 4, 4, 4, 4, 4, 4, 4, 4, 4, 4, 4, 4, 4, 4, 4, 4, 4, 4, 4, 4, 4, 4, 4, 4, 4, 4, 4, 4, 4, 4, 4, 4, 4, 4, 4, 4, 4, 4, 4, 4, 4, 4, 4, 4, 4, 4, 4, 4, 4, 4, 4, 4, 4, 4, 4, 4, 4, 4, 4, 4, 4, 4, 4, 4, 4, 4, 4, 4, 4, 4, 4, 4], "target_tokens": ["[IN:GET_WEATHER", "[SL:DATE_TIME", "@ptr7", "@ptr8", "@ptr9", "@ptr10", "@ptr11", "@ptr12", "@ptr13", "@ptr14", "SL:DATE_TIME]", "[SL:LOCATION", "@ptr16", "SL:LOCATION]", "IN:GET_WEATHER]"], "predicted_tokens": ["[IN:GET_WEATHER", "[SL:DATE_TIME", "@ptr7", "@ptr8", "@ptr9", "@ptr10", "@ptr11", "@ptr13", "@ptr14", "SL:DATE_TIME]", "[SL:LOCATION", "@ptr16", "SL:LOCATION]", "IN:GET_WEATHER]"]}
{"loss": 1.437287449836731, "class_log_probabilities": [-2.4659109115600586, -2.941466808319092, -4.209018707275391, -4.5330047607421875], "predictions": [13, 14, 403, 15, 14, 403, 15, 16, 404, 405, 406, 17, 18, 4], "target_tokens": ["[IN:GET_WEATHER", "[SL:LOCATION", "@ptr8", "SL:LOCATION]", "[SL:DATE_TIME", "@ptr9", "@ptr10", "@ptr11", "@ptr12", "SL:DATE_TIME]", "IN:GET_WEATHER]"], "predicted_tokens": ["[IN:GET_WEATHER", "[SL:LOCATION", "@ptr8", "SL:LOCATION]", "[SL:LOCATION", "@ptr8", "SL:LOCATION]", "[SL:DATE_TIME", "@ptr9", "@ptr10", "@ptr11", "SL:DATE_TIME]", "IN:GET_WEATHER]"]}
{"loss": 1.4150526523590088, "class_log_probabilities": [-1.965067744255066, -3.451032876968384, -3.557811737060547, -3.7972288131713867], "predictions": [13, 79, 401, 80, 14, 404, 15, 16, 404, 17, 18, 4, 4], "target_tokens": ["[IN:GET_WEATHER", "[SL:WEATHER_ATTRIBUTE", "@ptr6", "SL:WEATHER_ATTRIBUTE]", "[SL:LOCATION", "@ptr8", "SL:LOCATION]", "[SL:DATE_TIME", "@ptr9", "@ptr10", "SL:DATE_TIME]", "IN:GET_WEATHER]"], "predicted_tokens": ["[IN:GET_WEATHER", "[SL:WEATHER_ATTRIBUTE", "@ptr6", "SL:WEATHER_ATTRIBUTE]", "[SL:LOCATION", "@ptr9", "SL:LOCATION]", "[SL:DATE_TIME", "@ptr9", "SL:DATE_TIME]", "IN:GET_WEATHER]"]}
{"loss": 1.8893769979476929, "class_log_probabilities": [-0.6357629299163818, -6.002456188201904, -6.430807113647461, -7.582328796386719], "predictions": [13, 16, 398, 399, 400, 401, 17, 18, 4], "target_tokens": ["[IN:GET_WEATHER", "[SL:DATE_TIME", "@ptr2", "@ptr3", "@ptr4", "@ptr5", "@ptr6", "SL:DATE_TIME]", "IN:GET_WEATHER]"], "predicted_tokens": ["[IN:GET_WEATHER", "[SL:DATE_TIME", "@ptr3", "@ptr4", "@ptr5", "@ptr6", "SL:DATE_TIME]", "IN:GET_WEATHER]"]}
{"loss": 1.3683390617370605, "class_log_probabilities": [-1.0668081045150757, -2.4425442218780518, -4.270241737365723, -4.674585342407227], "predictions": [13, 79, 402, 80, 16, 403, 405, 17, 18, 4, 4], "target_tokens": ["[IN:GET_WEATHER", "[SL:WEATHER_ATTRIBUTE", "@ptr7", "SL:WEATHER_ATTRIBUTE]", "[SL:DATE_TIME", "@ptr8", "@ptr9", "@ptr10", "@ptr11", "SL:DATE_TIME]", "IN:GET_WEATHER]"], "predicted_tokens": ["[IN:GET_WEATHER", "[SL:WEATHER_ATTRIBUTE", "@ptr7", "SL:WEATHER_ATTRIBUTE]", "[SL:DATE_TIME", "@ptr8", "@ptr10", "SL:DATE_TIME]", "IN:GET_WEATHER]"]}
{"loss": 1.321382761001587, "class_log_probabilities": [-2.0933918952941895, -3.615170955657959, -4.478932857513428, -4.758297443389893], "predictions": [13, 18, 4, 4, 4, 4, 4, 4, 4, 4, 4], "target_tokens": ["[IN:GET_WEATHER", "[SL:DATE_TIME", "@ptr6", "@ptr7", "@ptr8", "SL:DATE_TIME]", "IN:GET_WEATHER]"], "predicted_tokens": ["[IN:GET_WEATHER", "IN:GET_WEATHER]"]}
{"loss": 1.2471656799316406, "class_log_probabilities": [-2.187084913253784, -2.5208652019500732, -3.5084829330444336, -5.149645805358887], "predictions": [13, 79, 402, 80, 79, 403, 80, 14, 405, 15, 18, 4], "target_tokens": ["[IN:GET_WEATHER", "[SL:WEATHER_ATTRIBUTE", "@ptr8", "SL:WEATHER_ATTRIBUTE]", "[SL:LOCATION", "@ptr10", "SL:LOCATION]", "IN:GET_WEATHER]"], "predicted_tokens": ["[IN:GET_WEATHER", "[SL:WEATHER_ATTRIBUTE", "@ptr7", "SL:WEATHER_ATTRIBUTE]", "[SL:WEATHER_ATTRIBUTE", "@ptr8", "SL:WEATHER_ATTRIBUTE]", "[SL:LOCATION", "@ptr10", "SL:LOCATION]", "IN:GET_WEATHER]"]}
{"loss": 1.3889825344085693, "class_log_probabilities": [-1.842926025390625, -2.882463216781616, -4.216780662536621, -5.38800573348999], "predictions": [13, 16, 403, 17, 14, 405, 15, 18, 4, 4, 4, 4], "target_tokens": ["[IN:GET_WEATHER", "[SL:DATE_TIME", "@ptr7", "SL:DATE_TIME]", "[SL:LOCATION", "@ptr9", "SL:LOCATION]", "IN:GET_WEATHER]"], "predicted_tokens": ["[IN:GET_WEATHER", "[SL:DATE_TIME", "@ptr8", "SL:DATE_TIME]", "[SL:LOCATION", "@ptr10", "SL:LOCATION]", "IN:GET_WEATHER]"]}
{"loss": 0.9803195595741272, "class_log_probabilities": [-0.1649751216173172, -6.808557510375977, -8.932685852050781, -8.935504913330078], "predictions": [213, 214, 4, 4], "target_tokens": ["[IN:SILENCE_ALARM", "IN:SILENCE_ALARM]"], "predicted_tokens": ["[IN:SILENCE_ALARM", "IN:SILENCE_ALARM]"]}
{"loss": 6.605277061462402, "class_log_probabilities": [-0.18106815218925476, -5.590038299560547, -6.250126361846924, -6.5391316413879395], "predictions": [221, 222, 4], "target_tokens": ["[IN:CREATE_ALARM", "[SL:DATE_TIME", "@ptr1", "@ptr2", "SL:DATE_TIME]", "IN:CREATE_ALARM]"], "predicted_tokens": ["[IN:GET_SUNSET", "IN:GET_SUNSET]"]}
{"loss": 1.4899243116378784, "class_log_probabilities": [-2.153735876083374, -2.7344589233398438, -3.346194267272949, -3.987058639526367], "predictions": [213, 16, 399, 17, 214, 4, 4], "target_tokens": ["[IN:CREATE_ALARM", "[SL:DATE_TIME", "@ptr3", "@ptr4", "SL:DATE_TIME]", "IN:CREATE_ALARM]"], "predicted_tokens": ["[IN:SILENCE_ALARM", "[SL:DATE_TIME", "@ptr4", "SL:DATE_TIME]", "IN:SILENCE_ALARM]"]}
{"loss": 1.2811726331710815, "class_log_probabilities": [-1.2146035432815552, -2.905017375946045, -3.869586706161499, -5.270483493804932], "predictions": [45, 249, 395, 250, 16, 400, 401, 402, 403, 17, 46, 4], "target_tokens": ["[IN:CREATE_ALARM", "[SL:DATE_TIME", "@ptr5", "@ptr6", "@ptr7", "@ptr8", "SL:DATE_TIME]", "IN:CREATE_ALARM]"], "predicted_tokens": ["[IN:CREATE_ALARM", "[SL:ALARM_NAME", "@ptr0", "SL:ALARM_NAME]", "[SL:DATE_TIME", "@ptr5", "@ptr6", "@ptr7", "@ptr8", "SL:DATE_TIME]", "IN:CREATE_ALARM]"]}
{"loss": 1.3431607484817505, "class_log_probabilities": [-1.6946206092834473, -2.093554973602295, -4.485012531280518, -5.03661584854126], "predictions": [45, 16, 403, 404, 405, 17, 46, 4, 4], "target_tokens": ["[IN:CREATE_ALARM", "[SL:DATE_TIME", "@ptr7", "@ptr8", "@ptr9", "@ptr10", "SL:DATE_TIME]", "IN:CREATE_ALARM]"], "predicted_tokens": ["[IN:CREATE_ALARM", "[SL:DATE_TIME", "@ptr8", "@ptr9", "@ptr10", "SL:DATE_TIME]", "IN:CREATE_ALARM]"]}
{"loss": 1.568904161453247, "class_log_probabilities": [-0.9313423037528992, -3.456181526184082, -4.3844475746154785, -4.675301551818848], "predictions": [45, 16, 399, 400, 401, 402, 403, 404, 405, 406, 407, 17, 46, 4, 4], "target_tokens": ["[IN:CREATE_ALARM", "[SL:DATE_TIME", "@ptr3", "@ptr4", "@ptr5", "@ptr6", "@ptr7", "@ptr8", "@ptr9", "@ptr10", "@ptr11", "@ptr12", "SL:DATE_TIME]", "IN:CREATE_ALARM]"], "predicted_tokens": ["[IN:CREATE_ALARM", "[SL:DATE_TIME", "@ptr4", "@ptr5", "@ptr6", "@ptr7", "@ptr8", "@ptr9", "@ptr10", "@ptr11", "@ptr12", "SL:DATE_TIME]", "IN:CREATE_ALARM]"]}
{"loss": 1.4375842809677124, "class_log_probabilities": [-0.6074213981628418, -4.386012554168701, -6.233051776885986, -6.4313578605651855], "predictions": [45, 16, 399, 400, 401, 402, 403, 404, 17, 46, 4, 4], "target_tokens": ["[IN:CREATE_ALARM", "[SL:DATE_TIME", "@ptr3", "@ptr4", "@ptr5", "@ptr6", "@ptr7", "@ptr8", "@ptr9", "SL:DATE_TIME]", "IN:CREATE_ALARM]"], "predicted_tokens": ["[IN:CREATE_ALARM", "[SL:DATE_TIME", "@ptr4", "@ptr5", "@ptr6", "@ptr7", "@ptr8", "@ptr9", "SL:DATE_TIME]", "IN:CREATE_ALARM]"]}
{"loss": 2.3239927291870117, "class_log_probabilities": [-1.4529165029525757, -1.5153720378875732, -2.044311285018921, -7.265866756439209], "predictions": [45, 16, 402, 17, 46, 4, 4, 4, 4, 4], "target_tokens": ["[IN:CREATE_ALARM", "[SL:ALARM_NAME", "@ptr4", "SL:ALARM_NAME]", "[SL:DATE_TIME", "@ptr5", "@ptr6", "@ptr7", "SL:DATE_TIME]", "IN:CREATE_ALARM]"], "predicted_tokens": ["[IN:CREATE_ALARM", "[SL:DATE_TIME", "@ptr7", "SL:DATE_TIME]", "IN:CREATE_ALARM]"]}
{"loss": 1.5826386213302612, "class_log_probabilities": [-2.213196277618408, -3.253927230834961, -4.2326226234436035, -5.301299095153809], "predictions": [45, 249, 399, 400, 401, 402, 403, 404, 405, 250, 46, 4, 4, 4], "target_tokens": ["[IN:CREATE_ALARM", "[SL:ALARM_NAME", "@ptr5", "SL:ALARM_NAME]", "[SL:DATE_TIME", "@ptr6", "@ptr7", "@ptr8", "@ptr9", "@ptr10", "SL:DATE_TIME]", "IN:CREATE_ALARM]"], "predicted_tokens": ["[IN:CREATE_ALARM", "[SL:ALARM_NAME", "@ptr4", "@ptr5", "@ptr6", "@ptr7", "@ptr8", "@ptr9", "@ptr10", "SL:ALARM_NAME]", "IN:CREATE_ALARM]"]}
{"loss": 2.231645107269287, "class_log_probabilities": [-1.2675508260726929, -2.017158269882202, -5.744780540466309, -6.075618267059326], "predictions": [45, 16, 401, 402, 403, 404, 17, 46, 4, 4], "target_tokens": ["[IN:CREATE_ALARM", "[SL:ALARM_NAME", "@ptr4", "SL:ALARM_NAME]", "[SL:DATE_TIME", "@ptr5", "@ptr6", "@ptr7", "@ptr8", "@ptr9", "SL:DATE_TIME]", "IN:CREATE_ALARM]"], "predicted_tokens": ["[IN:CREATE_ALARM", "[SL:DATE_TIME", "@ptr6", "@ptr7", "@ptr8", "@ptr9", "SL:DATE_TIME]", "IN:CREATE_ALARM]"]}
{"loss": 0.9793233871459961, "class_log_probabilities": [-0.3405773639678955, -5.067905426025391, -6.957639217376709, -7.027398109436035], "predictions": [19, 120, 398, 121, 22, 4], "target_tokens": ["[IN:GET_ALARM", "[SL:AMOUNT", "@ptr3", "SL:AMOUNT]", "IN:GET_ALARM]"], "predicted_tokens": ["[IN:GET_ALARM", "[SL:AMOUNT", "@ptr3", "SL:AMOUNT]", "IN:GET_ALARM]"]}
{"loss": 2.447889804840088, "class_log_probabilities": [-0.6577883362770081, -2.66107177734375, -6.142733573913574, -7.23123836517334], "predictions": [45, 16, 399, 400, 401, 17, 46, 4], "target_tokens": ["[IN:CREATE_ALARM", "[SL:DATE_TIME", "@ptr3", "@ptr4", "@ptr5", "SL:DATE_TIME]", "IN:CREATE_ALARM]"], "predicted_tokens": ["[IN:CREATE_ALARM", "[SL:DATE_TIME", "@ptr4", "@ptr5", "@ptr6", "SL:DATE_TIME]", "IN:CREATE_ALARM]"]}
{"loss": 0.9578905701637268, "class_log_probabilities": [-0.18979474902153015, -7.660009860992432, -7.80863094329834, -7.901760578155518], "predictions": [45, 46, 4], "target_tokens": ["[IN:CREATE_ALARM", "IN:CREATE_ALARM]"], "predicted_tokens": ["[IN:CREATE_ALARM", "IN:CREATE_ALARM]"]}
{"loss": 4.8659844398498535, "class_log_probabilities": [-0.37811264395713806, -5.666559219360352, -5.668532371520996, -5.7095184326171875], "predictions": [153, 154, 4], "target_tokens": ["[IN:END_CALL", "IN:END_CALL]"], "predicted_tokens": ["[IN:ANSWER_CALL", "IN:ANSWER_CALL]"]}
{"loss": 0.9895615577697754, "class_log_probabilities": [-0.13713905215263367, -8.097049713134766, -8.2516450881958, -8.295403480529785], "predictions": [245, 246, 4], "target_tokens": ["[IN:UPDATE_METHOD_CALL", "IN:UPDATE_METHOD_CALL]"], "predicted_tokens": ["[IN:UPDATE_METHOD_CALL", "IN:UPDATE_METHOD_CALL]"]}
{"loss": 0.9701244235038757, "class_log_probabilities": [-0.16339844465255737, -7.539427280426025, -7.81561803817749, -8.101526260375977], "predictions": [81, 82, 4], "target_tokens": ["[IN:END_CALL", "IN:END_CALL]"], "predicted_tokens": ["[IN:END_CALL", "IN:END_CALL]"]}
{"loss": 0.9668985605239868, "class_log_probabilities": [-0.5407567024230957, -7.881531238555908, -8.196198463439941, -8.870410919189453], "predictions": [75, 6, 70, 71, 396, 72, 73, 7, 78, 4, 4, 4, 4, 4, 4], "target_tokens": ["[IN:CREATE_CALL", "[SL:CONTACT", "[IN:GET_CONTACT", "[SL:TYPE_RELATION", "@ptr1", "SL:TYPE_RELATION]", "IN:GET_CONTACT]", "SL:CONTACT]", "IN:CREATE_CALL]"], "predicted_tokens": ["[IN:CREATE_CALL", "[SL:CONTACT", "[IN:GET_CONTACT", "[SL:TYPE_RELATION", "@ptr1", "SL:TYPE_RELATION]", "IN:GET_CONTACT]", "SL:CONTACT]", "IN:CREATE_CALL]"]}
{"loss": 0.9780779480934143, "class_log_probabilities": [-0.9762779474258423, -3.6083335876464844, -4.087719917297363, -5.405238628387451], "predictions": [75, 6, 70, 93, 399, 94, 71, 400, 72, 73, 7, 78, 4], "target_tokens": ["[IN:CREATE_CALL", "[SL:CONTACT", "[IN:GET_CONTACT", "[SL:CONTACT_RELATED", "@ptr4", "SL:CONTACT_RELATED]", "[SL:TYPE_RELATION", "@ptr5", "SL:TYPE_RELATION]", "IN:GET_CONTACT]", "SL:CONTACT]", "IN:CREATE_CALL]"], "predicted_tokens": ["[IN:CREATE_CALL", "[SL:CONTACT", "[IN:GET_CONTACT", "[SL:CONTACT_RELATED", "@ptr4", "SL:CONTACT_RELATED]", "[SL:TYPE_RELATION", "@ptr5", "SL:TYPE_RELATION]", "IN:GET_CONTACT]", "SL:CONTACT]", "IN:CREATE_CALL]"]}
{"loss": 1.001268744468689, "class_log_probabilities": [-0.4561045169830322, -6.670748710632324, -6.91157341003418, -6.941562175750732], "predictions": [63, 66, 397, 398, 67, 103, 400, 104, 68, 4], "target_tokens": ["[IN:PLAY_MUSIC", "[SL:MUSIC_ARTIST_NAME", "@ptr2", "@ptr3", "SL:MUSIC_ARTIST_NAME]", "[SL:MUSIC_PROVIDER_NAME", "@ptr5", "SL:MUSIC_PROVIDER_NAME]", "IN:PLAY_MUSIC]"], "predicted_tokens": ["[IN:PLAY_MUSIC", "[SL:MUSIC_ARTIST_NAME", "@ptr2", "@ptr3", "SL:MUSIC_ARTIST_NAME]", "[SL:MUSIC_PROVIDER_NAME", "@ptr5", "SL:MUSIC_PROVIDER_NAME]", "IN:PLAY_MUSIC]"]}
{"loss": 0.996302604675293, "class_log_probabilities": [-0.45413944125175476, -5.851178169250488, -6.9233222007751465, -7.1729044914245605], "predictions": [63, 66, 396, 67, 103, 398, 104, 68, 4, 4, 4, 4], "target_tokens": ["[IN:PLAY_MUSIC", "[SL:MUSIC_ARTIST_NAME", "@ptr1", "SL:MUSIC_ARTIST_NAME]", "[SL:MUSIC_PROVIDER_NAME", "@ptr3", "SL:MUSIC_PROVIDER_NAME]", "IN:PLAY_MUSIC]"], "predicted_tokens": ["[IN:PLAY_MUSIC", "[SL:MUSIC_ARTIST_NAME", "@ptr1", "SL:MUSIC_ARTIST_NAME]", "[SL:MUSIC_PROVIDER_NAME", "@ptr3", "SL:MUSIC_PROVIDER_NAME]", "IN:PLAY_MUSIC]"]}
{"loss": 1.7040150165557861, "class_log_probabilities": [-0.7897620797157288, -4.708704948425293, -5.115678787231445, -5.339080810546875], "predictions": [75, 6, 70, 71, 397, 72, 6, 399, 7, 73, 7, 78, 4, 4, 4], "target_tokens": ["[IN:CREATE_CALL", "[SL:CONTACT", "[IN:GET_CONTACT", "[SL:CONTACT_RELATED", "@ptr4", "SL:CONTACT_RELATED]", "[SL:TYPE_RELATION", "@ptr2", "SL:TYPE_RELATION]", "IN:GET_CONTACT]", "SL:CONTACT]", "IN:CREATE_CALL]"], "predicted_tokens": ["[IN:CREATE_CALL", "[SL:CONTACT", "[IN:GET_CONTACT", "[SL:TYPE_RELATION", "@ptr2", "SL:TYPE_RELATION]", "[SL:CONTACT", "@ptr4", "SL:CONTACT]", "IN:GET_CONTACT]", "SL:CONTACT]", "IN:CREATE_CALL]"]}
{"loss": 1.6127177476882935, "class_log_probabilities": [-2.336580276489258, -2.9885671138763428, -3.355611562728882, -3.6137919425964355], "predictions": [61, 83, 401, 402, 403, 404, 84, 16, 406, 17, 62, 4, 4], "target_tokens": ["[IN:GET_EVENT", "[SL:CATEGORY_EVENT", "@ptr7", "@ptr8", "@ptr9", "SL:CATEGORY_EVENT]", "[SL:DATE_TIME", "@ptr11", "@ptr12", "SL:DATE_TIME]", "IN:GET_EVENT]"], "predicted_tokens": ["[IN:GET_EVENT", "[SL:CATEGORY_EVENT", "@ptr6", "@ptr7", "@ptr8", "@ptr9", "SL:CATEGORY_EVENT]", "[SL:DATE_TIME", "@ptr11", "SL:DATE_TIME]", "IN:GET_EVENT]"]}
{"loss": 2.508708953857422, "class_log_probabilities": [-2.055464506149292, -3.6578075885772705, -4.715732574462891, -4.97578239440918], "predictions": [23, 10, 402, 11, 24, 407, 25, 26, 4, 4, 4, 4, 4], "target_tokens": ["[IN:SEND_MESSAGE", "[SL:RECIPIENT", "@ptr6", "SL:RECIPIENT]", "[SL:CONTENT_EXACT", "@ptr11", "@ptr12", "@ptr13", "@ptr14", "@ptr15", "@ptr16", "SL:CONTENT_EXACT]", "IN:SEND_MESSAGE]"], "predicted_tokens": ["[IN:SEND_MESSAGE", "[SL:RECIPIENT", "@ptr7", "SL:RECIPIENT]", "[SL:CONTENT_EXACT", "@ptr12", "SL:CONTENT_EXACT]", "IN:SEND_MESSAGE]"]}
{"loss": 1.4818501472473145, "class_log_probabilities": [-2.7099485397338867, -3.8773560523986816, -4.767544746398926, -7.614023208618164], "predictions": [75, 6, 70, 93, 401, 94, 71, 402, 72, 6, 403, 7, 73, 7, 78, 4, 4, 4, 4, 4, 4, 4, 4, 4, 4], "target_tokens": ["[IN:CREATE_CALL", "[SL:CONTACT", "[IN:GET_CONTACT", "[SL:CONTACT_RELATED", "@ptr5", "SL:CONTACT_RELATED]", "[SL:TYPE_RELATION", "@ptr6", "SL:TYPE_RELATION]", "[SL:CONTACT", "@ptr7", "SL:CONTACT]", "IN:GET_CONTACT]", "SL:CONTACT]", "IN:CREATE_CALL]"], "predicted_tokens": ["[IN:CREATE_CALL", "[SL:CONTACT", "[IN:GET_CONTACT", "[SL:CONTACT_RELATED", "@ptr6", "SL:CONTACT_RELATED]", "[SL:TYPE_RELATION", "@ptr7", "SL:TYPE_RELATION]", "[SL:CONTACT", "@ptr8", "SL:CONTACT]", "IN:GET_CONTACT]", "SL:CONTACT]", "IN:CREATE_CALL]"]}
{"loss": 1.0896862745285034, "class_log_probabilities": [-1.2013999223709106, -1.2966071367263794, -7.097304821014404, -7.216036796569824], "predictions": [153, 6, 401, 7, 154, 4, 4, 4], "target_tokens": ["[IN:ANSWER_CALL", "[SL:CONTACT", "@ptr5", "SL:CONTACT]", "IN:ANSWER_CALL]"], "predicted_tokens": ["[IN:ANSWER_CALL", "[SL:CONTACT", "@ptr6", "SL:CONTACT]", "IN:ANSWER_CALL]"]}
{"loss": 2.7454030513763428, "class_log_probabilities": [-1.635482907295227, -3.55562424659729, -3.872828483581543, -4.843788146972656], "predictions": [63, 66, 395, 396, 67, 68, 4], "target_tokens": ["[IN:CREATE_CALL", "[SL:CONTACT", "@ptr1", "SL:CONTACT]", "IN:CREATE_CALL]"], "predicted_tokens": ["[IN:PLAY_MUSIC", "[SL:MUSIC_ARTIST_NAME", "@ptr0", "@ptr1", "SL:MUSIC_ARTIST_NAME]", "IN:PLAY_MUSIC]"]}
{"loss": 2.1013755798339844, "class_log_probabilities": [-1.3739609718322754, -2.390939950942993, -3.32059645652771, -4.218339443206787], "predictions": [75, 6, 395, 396, 7, 6, 401, 7, 78, 4], "target_tokens": ["[IN:CREATE_CALL", "[SL:CONTACT", "@ptr7", "SL:CONTACT]", "IN:CREATE_CALL]"], "predicted_tokens": ["[IN:CREATE_CALL", "[SL:CONTACT", "@ptr0", "@ptr1", "SL:CONTACT]", "[SL:CONTACT", "@ptr6", "SL:CONTACT]", "IN:CREATE_CALL]"]}
{"loss": 0.958001434803009, "class_log_probabilities": [-0.1951705813407898, -7.4115376472473145, -8.099059104919434, -8.202764511108398], "predictions": [171, 172, 4], "target_tokens": ["[IN:GET_AVAILABILITY", "IN:GET_AVAILABILITY]"], "predicted_tokens": ["[IN:GET_AVAILABILITY", "IN:GET_AVAILABILITY]"]}
{"loss": 0.9863283634185791, "class_log_probabilities": [-0.1550689935684204, -7.013242721557617, -7.1019487380981445, -7.512905597686768], "predictions": [95, 96, 4], "target_tokens": ["[IN:IGNORE_CALL", "IN:IGNORE_CALL]"], "predicted_tokens": ["[IN:IGNORE_CALL", "IN:IGNORE_CALL]"]}
{"loss": 0.9736366271972656, "class_log_probabilities": [-0.1644592583179474, -7.006466388702393, -7.804985046386719, -8.824440956115723], "predictions": [107, 110, 4, 4, 4], "target_tokens": ["[IN:UPDATE_CALL", "IN:UPDATE_CALL]"], "predicted_tokens": ["[IN:UPDATE_CALL", "IN:UPDATE_CALL]"]}
{"loss": 0.958014965057373, "class_log_probabilities": [-0.1926741600036621, -7.56883430480957, -8.040666580200195, -8.260246276855469], "predictions": [171, 172, 4], "target_tokens": ["[IN:GET_AVAILABILITY", "IN:GET_AVAILABILITY]"], "predicted_tokens": ["[IN:GET_AVAILABILITY", "IN:GET_AVAILABILITY]"]}
{"loss": 0.9623046517372131, "class_log_probabilities": [-0.3585265874862671, -7.311862945556641, -7.697432518005371, -7.976329803466797], "predictions": [171, 6, 399, 7, 172, 4, 4, 4], "target_tokens": ["[IN:GET_AVAILABILITY", "[SL:CONTACT", "@ptr4", "SL:CONTACT]", "IN:GET_AVAILABILITY]"], "predicted_tokens": ["[IN:GET_AVAILABILITY", "[SL:CONTACT", "@ptr4", "SL:CONTACT]", "IN:GET_AVAILABILITY]"]}
{"loss": 0.9599067568778992, "class_log_probabilities": [-0.1860451102256775, -7.693421363830566, -8.018390655517578, -9.006861686706543], "predictions": [171, 172, 4, 4, 4], "target_tokens": ["[IN:GET_AVAILABILITY", "IN:GET_AVAILABILITY]"], "predicted_tokens": ["[IN:GET_AVAILABILITY", "IN:GET_AVAILABILITY]"]}
{"loss": 0.9833869934082031, "class_log_probabilities": [-0.15137776732444763, -7.546463489532471, -7.977202892303467, -8.829306602478027], "predictions": [215, 216, 4, 4], "target_tokens": ["[IN:SWITCH_CALL", "IN:SWITCH_CALL]"], "predicted_tokens": ["[IN:SWITCH_CALL", "IN:SWITCH_CALL]"]}
{"loss": 0.9616696238517761, "class_log_probabilities": [-0.17777974903583527, -7.845302581787109, -8.25343132019043, -8.999679565429688], "predictions": [171, 172, 4, 4, 4], "target_tokens": ["[IN:GET_AVAILABILITY", "IN:GET_AVAILABILITY]"], "predicted_tokens": ["[IN:GET_AVAILABILITY", "IN:GET_AVAILABILITY]"]}
{"loss": 0.9824491739273071, "class_log_probabilities": [-0.7514607906341553, -2.9799211025238037, -6.113861083984375, -8.871858596801758], "predictions": [75, 6, 70, 71, 400, 72, 73, 7, 78, 4, 4, 4, 4], "target_tokens": ["[IN:CREATE_CALL", "[SL:CONTACT", "[IN:GET_CONTACT", "[SL:TYPE_RELATION", "@ptr5", "SL:TYPE_RELATION]", "IN:GET_CONTACT]", "SL:CONTACT]", "IN:CREATE_CALL]"], "predicted_tokens": ["[IN:CREATE_CALL", "[SL:CONTACT", "[IN:GET_CONTACT", "[SL:TYPE_RELATION", "@ptr5", "SL:TYPE_RELATION]", "IN:GET_CONTACT]", "SL:CONTACT]", "IN:CREATE_CALL]"]}
{"loss": 0.9919988512992859, "class_log_probabilities": [-0.2613343596458435, -4.5093512535095215, -4.850282192230225, -5.757376194000244], "predictions": [215, 216, 4], "target_tokens": ["[IN:SWITCH_CALL", "IN:SWITCH_CALL]"], "predicted_tokens": ["[IN:SWITCH_CALL", "IN:SWITCH_CALL]"]}
{"loss": 1.180927038192749, "class_log_probabilities": [-1.2514533996582031, -2.9854187965393066, -5.054473400115967, -5.057596206665039], "predictions": [81, 82, 4], "target_tokens": ["[IN:END_CALL", "IN:END_CALL]"], "predicted_tokens": ["[IN:END_CALL", "IN:END_CALL]"]}
{"loss": 0.9575884938240051, "class_log_probabilities": [-0.19388514757156372, -7.588642597198486, -8.121265411376953, -8.128108978271484], "predictions": [171, 172, 4], "target_tokens": ["[IN:GET_AVAILABILITY", "IN:GET_AVAILABILITY]"], "predicted_tokens": ["[IN:GET_AVAILABILITY", "IN:GET_AVAILABILITY]"]}
{"loss": 0.9816483855247498, "class_log_probabilities": [-0.33589813113212585, -3.5647130012512207, -6.291701316833496, -6.706970691680908], "predictions": [31, 32, 4], "target_tokens": ["[IN:SET_UNAVAILABLE", "IN:SET_UNAVAILABLE]"], "predicted_tokens": ["[IN:SET_UNAVAILABLE", "IN:SET_UNAVAILABLE]"]}
{"loss": 0.975899875164032, "class_log_probabilities": [-0.15936902165412903, -7.282444953918457, -7.296840667724609, -7.670779705047607], "predictions": [189, 190, 4], "target_tokens": ["[IN:SET_AVAILABLE", "IN:SET_AVAILABLE]"], "predicted_tokens": ["[IN:SET_AVAILABLE", "IN:SET_AVAILABLE]"]}
{"loss": 0.9605884552001953, "class_log_probabilities": [-0.1827714443206787, -7.826440811157227, -8.137127876281738, -8.944491386413574], "predictions": [171, 172, 4, 4], "target_tokens": ["[IN:GET_AVAILABILITY", "IN:GET_AVAILABILITY]"], "predicted_tokens": ["[IN:GET_AVAILABILITY", "IN:GET_AVAILABILITY]"]}
{"loss": 0.9608740210533142, "class_log_probabilities": [-0.18231463432312012, -7.6589741706848145, -8.137857437133789, -8.201823234558105], "predictions": [171, 172, 4], "target_tokens": ["[IN:GET_AVAILABILITY", "IN:GET_AVAILABILITY]"], "predicted_tokens": ["[IN:GET_AVAILABILITY", "IN:GET_AVAILABILITY]"]}
{"loss": 0.9752144813537598, "class_log_probabilities": [-0.18033424019813538, -6.793299198150635, -7.358216285705566, -7.602538108825684], "predictions": [215, 216, 4], "target_tokens": ["[IN:SWITCH_CALL", "IN:SWITCH_CALL]"], "predicted_tokens": ["[IN:SWITCH_CALL", "IN:SWITCH_CALL]"]}
{"loss": 0.9707867503166199, "class_log_probabilities": [-0.17381533980369568, -6.739903926849365, -7.638129711151123, -8.911155700683594], "predictions": [189, 190, 4, 4, 4], "target_tokens": ["[IN:SET_AVAILABLE", "IN:SET_AVAILABLE]"], "predicted_tokens": ["[IN:SET_AVAILABLE", "IN:SET_AVAILABLE]"]}
{"loss": 0.9755871295928955, "class_log_probabilities": [-0.15726587176322937, -7.61269998550415, -7.821335792541504, -7.982090950012207], "predictions": [189, 190, 4], "target_tokens": ["[IN:SET_AVAILABLE", "IN:SET_AVAILABLE]"], "predicted_tokens": ["[IN:SET_AVAILABLE", "IN:SET_AVAILABLE]"]}
{"loss": 0.9739733338356018, "class_log_probabilities": [-0.1809847354888916, -5.83547306060791, -6.652276039123535, -7.140246391296387], "predictions": [215, 216, 4], "target_tokens": ["[IN:SWITCH_CALL", "IN:SWITCH_CALL]"], "predicted_tokens": ["[IN:SWITCH_CALL", "IN:SWITCH_CALL]"]}
{"loss": 5.118957042694092, "class_log_probabilities": [-0.2885606288909912, -6.394901275634766, -6.685316562652588, -7.137275695800781], "predictions": [107, 110, 4, 4, 4], "target_tokens": ["[IN:END_CALL", "IN:END_CALL]"], "predicted_tokens": ["[IN:UPDATE_CALL", "IN:UPDATE_CALL]"]}
{"loss": 0.9522862434387207, "class_log_probabilities": [-0.269108384847641, -6.462109088897705, -7.406870365142822, -7.662329196929932], "predictions": [171, 172, 4], "target_tokens": ["[IN:GET_AVAILABILITY", "IN:GET_AVAILABILITY]"], "predicted_tokens": ["[IN:GET_AVAILABILITY", "IN:GET_AVAILABILITY]"]}
{"loss": 0.9762754440307617, "class_log_probabilities": [-0.17215511202812195, -7.378457069396973, -7.487560749053955, -8.050995826721191], "predictions": [189, 190, 4], "target_tokens": ["[IN:SET_AVAILABLE", "IN:SET_AVAILABLE]"], "predicted_tokens": ["[IN:SET_AVAILABLE", "IN:SET_AVAILABLE]"]}
{"loss": 1.1407307386398315, "class_log_probabilities": [-0.9205946922302246, -1.2542423009872437, -5.017197132110596, -5.807221412658691], "predictions": [215, 216, 4], "target_tokens": ["[IN:SWITCH_CALL", "IN:SWITCH_CALL]"], "predicted_tokens": ["[IN:SWITCH_CALL", "IN:SWITCH_CALL]"]}
{"loss": 1.1858901977539062, "class_log_probabilities": [-0.7214463353157043, -3.0295612812042236, -6.010729789733887, -7.334331035614014], "predictions": [75, 6, 70, 71, 399, 72, 73, 7, 78, 4], "target_tokens": ["[IN:CREATE_CALL", "[SL:CONTACT", "[IN:GET_CONTACT", "[SL:TYPE_RELATION", "@ptr3", "SL:TYPE_RELATION]", "IN:GET_CONTACT]", "SL:CONTACT]", "IN:CREATE_CALL]"], "predicted_tokens": ["[IN:CREATE_CALL", "[SL:CONTACT", "[IN:GET_CONTACT", "[SL:TYPE_RELATION", "@ptr4", "SL:TYPE_RELATION]", "IN:GET_CONTACT]", "SL:CONTACT]", "IN:CREATE_CALL]"]}
{"loss": 3.7498362064361572, "class_log_probabilities": [-0.4358903467655182, -6.927972316741943, -7.282523155212402, -7.451395034790039], "predictions": [63, 66, 395, 396, 67, 68, 4], "target_tokens": ["[IN:CREATE_CALL", "[SL:CONTACT", "@ptr1", "SL:CONTACT]", "IN:CREATE_CALL]"], "predicted_tokens": ["[IN:PLAY_MUSIC", "[SL:MUSIC_ARTIST_NAME", "@ptr0", "@ptr1", "SL:MUSIC_ARTIST_NAME]", "IN:PLAY_MUSIC]"]}
{"loss": 1.4971758127212524, "class_log_probabilities": [-0.9792289137840271, -4.682783126831055, -4.917470932006836, -6.45111083984375], "predictions": [75, 6, 70, 93, 396, 94, 71, 397, 398, 399, 72, 73, 7, 78, 4], "target_tokens": ["[IN:CREATE_CALL", "[SL:CONTACT", "[IN:GET_CONTACT", "[SL:TYPE_RELATION", "@ptr2", "@ptr3", "@ptr4", "SL:TYPE_RELATION]", "IN:GET_CONTACT]", "SL:CONTACT]", "IN:CREATE_CALL]"], "predicted_tokens": ["[IN:CREATE_CALL", "[SL:CONTACT", "[IN:GET_CONTACT", "[SL:CONTACT_RELATED", "@ptr1", "SL:CONTACT_RELATED]", "[SL:TYPE_RELATION", "@ptr2", "@ptr3", "@ptr4", "SL:TYPE_RELATION]", "IN:GET_CONTACT]", "SL:CONTACT]", "IN:CREATE_CALL]"]}
{"loss": 0.9748186469078064, "class_log_probabilities": [-0.7377134561538696, -6.861135482788086, -6.9278883934021, -7.111901760101318], "predictions": [107, 108, 70, 93, 396, 94, 71, 397, 72, 73, 109, 110, 4], "target_tokens": ["[IN:UPDATE_CALL", "[SL:CONTACT_ADDED", "[IN:GET_CONTACT", "[SL:CONTACT_RELATED", "@ptr1", "SL:CONTACT_RELATED]", "[SL:TYPE_RELATION", "@ptr2", "SL:TYPE_RELATION]", "IN:GET_CONTACT]", "SL:CONTACT_ADDED]", "IN:UPDATE_CALL]"], "predicted_tokens": ["[IN:UPDATE_CALL", "[SL:CONTACT_ADDED", "[IN:GET_CONTACT", "[SL:CONTACT_RELATED", "@ptr1", "SL:CONTACT_RELATED]", "[SL:TYPE_RELATION", "@ptr2", "SL:TYPE_RELATION]", "IN:GET_CONTACT]", "SL:CONTACT_ADDED]", "IN:UPDATE_CALL]"]}
{"loss": 0.9698430299758911, "class_log_probabilities": [-0.7096688151359558, -6.938309192657471, -7.263541221618652, -8.162524223327637], "predictions": [75, 6, 70, 93, 396, 94, 71, 397, 72, 73, 7, 78, 4, 4, 4, 4], "target_tokens": ["[IN:CREATE_CALL", "[SL:CONTACT", "[IN:GET_CONTACT", "[SL:CONTACT_RELATED", "@ptr1", "SL:CONTACT_RELATED]", "[SL:TYPE_RELATION", "@ptr2", "SL:TYPE_RELATION]", "IN:GET_CONTACT]", "SL:CONTACT]", "IN:CREATE_CALL]"], "predicted_tokens": ["[IN:CREATE_CALL", "[SL:CONTACT", "[IN:GET_CONTACT", "[SL:CONTACT_RELATED", "@ptr1", "SL:CONTACT_RELATED]", "[SL:TYPE_RELATION", "@ptr2", "SL:TYPE_RELATION]", "IN:GET_CONTACT]", "SL:CONTACT]", "IN:CREATE_CALL]"]}
{"loss": 0.9960573315620422, "class_log_probabilities": [-1.0871689319610596, -2.1419858932495117, -5.440301418304443, -7.3023681640625], "predictions": [75, 6, 70, 71, 399, 72, 73, 7, 78, 4, 4, 4, 4], "target_tokens": ["[IN:CREATE_CALL", "[SL:CONTACT", "[IN:GET_CONTACT", "[SL:TYPE_RELATION", "@ptr4", "SL:TYPE_RELATION]", "IN:GET_CONTACT]", "SL:CONTACT]", "IN:CREATE_CALL]"], "predicted_tokens": ["[IN:CREATE_CALL", "[SL:CONTACT", "[IN:GET_CONTACT", "[SL:TYPE_RELATION", "@ptr4", "SL:TYPE_RELATION]", "IN:GET_CONTACT]", "SL:CONTACT]", "IN:CREATE_CALL]"]}
{"loss": 0.9856225848197937, "class_log_probabilities": [-0.9983773231506348, -4.6045098304748535, -5.055078029632568, -5.3829216957092285], "predictions": [107, 108, 70, 71, 397, 72, 73, 109, 110, 4, 4, 4, 4], "target_tokens": ["[IN:UPDATE_CALL", "[SL:CONTACT_ADDED", "[IN:GET_CONTACT", "[SL:TYPE_RELATION", "@ptr2", "SL:TYPE_RELATION]", "IN:GET_CONTACT]", "SL:CONTACT_ADDED]", "IN:UPDATE_CALL]"], "predicted_tokens": ["[IN:UPDATE_CALL", "[SL:CONTACT_ADDED", "[IN:GET_CONTACT", "[SL:TYPE_RELATION", "@ptr2", "SL:TYPE_RELATION]", "IN:GET_CONTACT]", "SL:CONTACT_ADDED]", "IN:UPDATE_CALL]"]}
{"loss": 0.9782501459121704, "class_log_probabilities": [-0.5428851842880249, -5.519195556640625, -5.889566898345947, -6.097660064697266], "predictions": [107, 108, 70, 71, 398, 72, 73, 109, 110, 4], "target_tokens": ["[IN:UPDATE_CALL", "[SL:CONTACT_ADDED", "[IN:GET_CONTACT", "[SL:TYPE_RELATION", "@ptr3", "SL:TYPE_RELATION]", "IN:GET_CONTACT]", "SL:CONTACT_ADDED]", "IN:UPDATE_CALL]"], "predicted_tokens": ["[IN:UPDATE_CALL", "[SL:CONTACT_ADDED", "[IN:GET_CONTACT", "[SL:TYPE_RELATION", "@ptr3", "SL:TYPE_RELATION]", "IN:GET_CONTACT]", "SL:CONTACT_ADDED]", "IN:UPDATE_CALL]"]}
{"loss": 1.1317014694213867, "class_log_probabilities": [-1.4576714038848877, -3.024746894836426, -3.5500881671905518, -4.124423980712891], "predictions": [23, 10, 399, 11, 24, 404, 405, 406, 407, 408, 25, 26, 4, 4, 4], "target_tokens": ["[IN:SEND_MESSAGE", "[SL:RECIPIENT", "@ptr4", "SL:RECIPIENT]", "[SL:CONTENT_EXACT", "@ptr9", "@ptr10", "@ptr11", "@ptr12", "@ptr13", "@ptr14", "SL:CONTENT_EXACT]", "IN:SEND_MESSAGE]"], "predicted_tokens": ["[IN:SEND_MESSAGE", "[SL:RECIPIENT", "@ptr4", "SL:RECIPIENT]", "[SL:CONTENT_EXACT", "@ptr9", "@ptr10", "@ptr11", "@ptr12", "@ptr13", "SL:CONTENT_EXACT]", "IN:SEND_MESSAGE]"]}
{"loss": 1.4965455532073975, "class_log_probabilities": [-53.014427185058594, -53.01571273803711, -53.62933349609375, -54.19730758666992], "predictions": [23, 10, 70, 93, 397, 94, 71, 398, 72, 73, 11, 24, 400, 401, 402, 403, 404, 405, 406, 407, 408, 409, 410, 411, 412, 413, 415, 417, 410, 411, 412, 413, 415, 417, 411, 412, 413, 415, 417, 411, 412, 413, 415, 417, 411, 412, 413, 415, 417, 410, 411, 412, 413, 415, 417, 411, 412, 413, 415, 417, 411, 412, 413, 415, 417, 411, 412, 413, 415, 417, 411, 412, 413, 415, 417, 410, 411, 412, 413, 415, 417, 411, 412, 413, 415, 417, 411, 412, 413, 415, 417, 411, 412, 413, 415, 417, 410, 411, 412, 413], "target_tokens": ["[IN:SEND_MESSAGE", "[SL:RECIPIENT", "[IN:GET_CONTACT", "[SL:CONTACT_RELATED", "@ptr2", "SL:CONTACT_RELATED]", "[SL:TYPE_RELATION", "@ptr3", "SL:TYPE_RELATION]", "IN:GET_CONTACT]", "SL:RECIPIENT]", "[SL:CONTENT_EXACT", "@ptr5", "@ptr6", "@ptr7", "@ptr8", "@ptr9", "@ptr10", "@ptr11", "@ptr12", "@ptr13", "@ptr14", "@ptr15", "@ptr16", "@ptr17", "@ptr18", "@ptr19", "@ptr20", "@ptr21", "@ptr22", "@ptr23", "@ptr24", "@ptr25", "@ptr26", "SL:CONTENT_EXACT]", "IN:SEND_MESSAGE]"], "predicted_tokens": ["[IN:SEND_MESSAGE", "[SL:RECIPIENT", "[IN:GET_CONTACT", "[SL:CONTACT_RELATED", "@ptr2", "SL:CONTACT_RELATED]", "[SL:TYPE_RELATION", "@ptr3", "SL:TYPE_RELATION]", "IN:GET_CONTACT]", "SL:RECIPIENT]", "[SL:CONTENT_EXACT", "@ptr5", "@ptr6", "@ptr7", "@ptr8", "@ptr9", "@ptr10", "@ptr11", "@ptr12", "@ptr13", "@ptr14", "@ptr15", "@ptr16", "@ptr17", "@ptr18", "@ptr20", "@ptr22", "@ptr15", "@ptr16", "@ptr17", "@ptr18", "@ptr20", "@ptr22", "@ptr16", "@ptr17", "@ptr18", "@ptr20", "@ptr22", "@ptr16", "@ptr17", "@ptr18", "@ptr20", "@ptr22", "@ptr16", "@ptr17", "@ptr18", "@ptr20", "@ptr22", "@ptr15", "@ptr16", "@ptr17", "@ptr18", "@ptr20", "@ptr22", "@ptr16", "@ptr17", "@ptr18", "@ptr20", "@ptr22", "@ptr16", "@ptr17", "@ptr18", "@ptr20", "@ptr22", "@ptr16", "@ptr17", "@ptr18", "@ptr20", "@ptr22", "@ptr16", "@ptr17", "@ptr18", "@ptr20", "@ptr22", "@ptr15", "@ptr16", "@ptr17", "@ptr18", "@ptr20", "@ptr22", "@ptr16", "@ptr17", "@ptr18", "@ptr20", "@ptr22", "@ptr16", "@ptr17", "@ptr18", "@ptr20", "@ptr22", "@ptr16", "@ptr17", "@ptr18", "@ptr20", "@ptr22", "@ptr15", "@ptr16", "@ptr17", "@ptr18"]}
{"loss": 1.4072550535202026, "class_log_probabilities": [-3.3746461868286133, -3.666848659515381, -5.626008987426758, -5.633997917175293], "predictions": [23, 10, 399, 400, 401, 402, 11, 24, 407, 25, 26, 4, 4, 4, 4], "target_tokens": ["[IN:SEND_MESSAGE", "[SL:RECIPIENT", "@ptr4", "@ptr5", "@ptr6", "@ptr7", "SL:RECIPIENT]", "[SL:CONTENT_EXACT", "@ptr12", "@ptr13", "@ptr14", "@ptr15", "@ptr16", "@ptr17", "SL:CONTENT_EXACT]", "IN:SEND_MESSAGE]"], "predicted_tokens": ["[IN:SEND_MESSAGE", "[SL:RECIPIENT", "@ptr4", "@ptr5", "@ptr6", "@ptr7", "SL:RECIPIENT]", "[SL:CONTENT_EXACT", "@ptr12", "SL:CONTENT_EXACT]", "IN:SEND_MESSAGE]"]}
{"loss": 1.3656996488571167, "class_log_probabilities": [-2.6770455837249756, -2.6988565921783447, -3.2710201740264893, -3.7421133518218994], "predictions": [23, 10, 70, 71, 399, 72, 73, 11, 24, 403, 404, 405, 406, 407, 408, 25, 26, 4], "target_tokens": ["[IN:SEND_MESSAGE", "[SL:RECIPIENT", "[IN:GET_CONTACT", "[SL:TYPE_RELATION", "@ptr4", "SL:TYPE_RELATION]", "IN:GET_CONTACT]", "SL:RECIPIENT]", "[SL:CONTENT_EXACT", "@ptr10", "@ptr11", "@ptr12", "SL:CONTENT_EXACT]", "IN:SEND_MESSAGE]"], "predicted_tokens": ["[IN:SEND_MESSAGE", "[SL:RECIPIENT", "[IN:GET_CONTACT", "[SL:TYPE_RELATION", "@ptr4", "SL:TYPE_RELATION]", "IN:GET_CONTACT]", "SL:RECIPIENT]", "[SL:CONTENT_EXACT", "@ptr8", "@ptr9", "@ptr10", "@ptr11", "@ptr12", "@ptr13", "SL:CONTENT_EXACT]", "IN:SEND_MESSAGE]"]}
{"loss": 1.6926517486572266, "class_log_probabilities": [-2.521857500076294, -6.967647552490234, -11.750044822692871, -13.243184089660645], "predictions": [23, 10, 70, 93, 399, 94, 71, 401, 402, 72, 73, 11, 26, 4, 4, 4, 4, 4, 4, 4, 4, 4, 4, 4, 4, 4, 4], "target_tokens": ["[IN:SEND_MESSAGE", "[SL:RECIPIENT", "[IN:GET_CONTACT", "[SL:CONTACT_RELATED", "@ptr4", "SL:CONTACT_RELATED]", "[SL:TYPE_RELATION", "@ptr5", "@ptr6", "@ptr7", "SL:TYPE_RELATION]", "IN:GET_CONTACT]", "SL:RECIPIENT]", "[SL:CONTENT_EXACT", "@ptr13", "@ptr14", "@ptr15", "@ptr16", "@ptr17", "@ptr18", "@ptr19", "@ptr20", "@ptr21", "@ptr22", "@ptr23", "SL:CONTENT_EXACT]", "IN:SEND_MESSAGE]"], "predicted_tokens": ["[IN:SEND_MESSAGE", "[SL:RECIPIENT", "[IN:GET_CONTACT", "[SL:CONTACT_RELATED", "@ptr4", "SL:CONTACT_RELATED]", "[SL:TYPE_RELATION", "@ptr6", "@ptr7", "SL:TYPE_RELATION]", "IN:GET_CONTACT]", "SL:RECIPIENT]", "IN:SEND_MESSAGE]"]}
{"loss": 2.0974063873291016, "class_log_probabilities": [-4.303497314453125, -5.011297702789307, -9.247011184692383, -10.208171844482422], "predictions": [45, 249, 397, 250, 46, 4, 4, 4, 4, 4, 4, 4], "target_tokens": ["[IN:SEND_MESSAGE", "[SL:RECIPIENT", "@ptr2", "SL:RECIPIENT]", "[SL:CONTENT_EXACT", "@ptr4", "@ptr5", "@ptr6", "@ptr7", "SL:CONTENT_EXACT]", "IN:SEND_MESSAGE]"], "predicted_tokens": ["[IN:CREATE_ALARM", "[SL:ALARM_NAME", "@ptr2", "SL:ALARM_NAME]", "IN:CREATE_ALARM]"]}
{"loss": 0.9924284219741821, "class_log_probabilities": [-1.316951870918274, -2.778179407119751, -4.791604042053223, -5.825626373291016], "predictions": [23, 10, 397, 11, 24, 399, 400, 401, 402, 403, 404, 405, 406, 25, 26, 4], "target_tokens": ["[IN:SEND_MESSAGE", "[SL:RECIPIENT", "@ptr2", "SL:RECIPIENT]", "[SL:CONTENT_EXACT", "@ptr4", "@ptr5", "@ptr6", "@ptr7", "@ptr8", "@ptr9", "@ptr10", "@ptr11", "SL:CONTENT_EXACT]", "IN:SEND_MESSAGE]"], "predicted_tokens": ["[IN:SEND_MESSAGE", "[SL:RECIPIENT", "@ptr2", "SL:RECIPIENT]", "[SL:CONTENT_EXACT", "@ptr4", "@ptr5", "@ptr6", "@ptr7", "@ptr8", "@ptr9", "@ptr10", "@ptr11", "SL:CONTENT_EXACT]", "IN:SEND_MESSAGE]"]}
{"loss": 1.4643168449401855, "class_log_probabilities": [-26.342199325561523, -38.07909393310547, -39.89133071899414, -40.695438385009766], "predictions": [23, 10, 399, 11, 24, 406, 406, 406, 406, 406, 406, 406, 406, 406, 406, 406, 406, 406, 406, 406, 406, 406, 406, 406, 406, 406, 406, 406, 406, 406, 406, 406, 406, 406, 406, 406, 406, 406, 406, 406, 406, 406, 406, 406, 406, 406, 406, 406, 406, 406, 406, 406, 406, 406, 406, 406, 406, 406, 406, 407, 415, 25, 26, 4, 4, 4, 4, 4, 4, 4, 4, 4, 4, 4, 4, 4, 4, 4, 4, 4, 4, 4, 4, 4, 4, 4, 4, 4, 4, 4, 4, 4, 4, 4, 4, 4, 4, 4, 4, 4], "target_tokens": ["[IN:SEND_MESSAGE", "[SL:RECIPIENT", "@ptr4", "SL:RECIPIENT]", "[SL:CONTENT_EXACT", "@ptr10", "@ptr11", "@ptr12", "@ptr13", "@ptr14", "@ptr15", "@ptr16", "@ptr17", "@ptr18", "@ptr19", "SL:CONTENT_EXACT]", "IN:SEND_MESSAGE]"], "predicted_tokens": ["[IN:SEND_MESSAGE", "[SL:RECIPIENT", "@ptr4", "SL:RECIPIENT]", "[SL:CONTENT_EXACT", "@ptr11", "@ptr11", "@ptr11", "@ptr11", "@ptr11", "@ptr11", "@ptr11", "@ptr11", "@ptr11", "@ptr11", "@ptr11", "@ptr11", "@ptr11", "@ptr11", "@ptr11", "@ptr11", "@ptr11", "@ptr11", "@ptr11", "@ptr11", "@ptr11", "@ptr11", "@ptr11", "@ptr11", "@ptr11", "@ptr11", "@ptr11", "@ptr11", "@ptr11", "@ptr11", "@ptr11", "@ptr11", "@ptr11", "@ptr11", "@ptr11", "@ptr11", "@ptr11", "@ptr11", "@ptr11", "@ptr11", "@ptr11", "@ptr11", "@ptr11", "@ptr11", "@ptr11", "@ptr11", "@ptr11", "@ptr11", "@ptr11", "@ptr11", "@ptr11", "@ptr11", "@ptr11", "@ptr11", "@ptr12", "@ptr20", "SL:CONTENT_EXACT]", "IN:SEND_MESSAGE]"]}
{"loss": 1.3594026565551758, "class_log_probabilities": [-7.757052898406982, -7.977872371673584, -11.040444374084473, -48.447715759277344], "predictions": [23, 10, 70, 71, 399, 72, 73, 11, 24, 405, 406, 407, 408, 409, 410, 411, 412, 413, 415, 417, 25, 26, 4, 4, 4, 4, 4, 4, 4, 4, 4, 4, 4, 4, 4, 4, 4, 4, 4, 4, 4, 4, 4, 4, 4, 4, 4, 4, 4, 4, 4, 4, 4, 4, 4, 4, 4, 4, 4, 4, 4, 4, 4, 4, 4, 4, 4, 4, 4, 4, 4, 4, 4, 4, 4, 4, 4, 4, 4, 4, 4, 4, 4, 4, 4, 4, 4, 4, 4, 4, 4, 4, 4, 4, 4, 4, 4, 4, 4, 4], "target_tokens": ["[IN:SEND_MESSAGE", "[SL:RECIPIENT", "[IN:GET_CONTACT", "[SL:TYPE_RELATION", "@ptr4", "SL:TYPE_RELATION]", "IN:GET_CONTACT]", "SL:RECIPIENT]", "[SL:CONTENT_EXACT", "@ptr10", "@ptr11", "@ptr12", "@ptr13", "@ptr14", "@ptr15", "@ptr16", "@ptr17", "@ptr18", "@ptr19", "@ptr20", "@ptr21", "SL:CONTENT_EXACT]", "IN:SEND_MESSAGE]"], "predicted_tokens": ["[IN:SEND_MESSAGE", "[SL:RECIPIENT", "[IN:GET_CONTACT", "[SL:TYPE_RELATION", "@ptr4", "SL:TYPE_RELATION]", "IN:GET_CONTACT]", "SL:RECIPIENT]", "[SL:CONTENT_EXACT", "@ptr10", "@ptr11", "@ptr12", "@ptr13", "@ptr14", "@ptr15", "@ptr16", "@ptr17", "@ptr18", "@ptr20", "@ptr22", "SL:CONTENT_EXACT]", "IN:SEND_MESSAGE]"]}
{"loss": 1.4736541509628296, "class_log_probabilities": [-4.158359050750732, -4.855538845062256, -4.990577697753906, -5.284801006317139], "predictions": [49, 34, 397, 35, 36, 143, 16, 404, 405, 406, 407, 408, 17, 50, 4, 4, 4, 4, 4], "target_tokens": ["[IN:CREATE_REMINDER", "[SL:PERSON_REMINDED", "@ptr2", "SL:PERSON_REMINDED]", "[SL:TODO", "@ptr3", "@ptr4", "@ptr5", "@ptr6", "@ptr7", "SL:TODO]", "[SL:DATE_TIME", "@ptr8", "@ptr9", "@ptr10", "@ptr11", "@ptr12", "@ptr13", "SL:DATE_TIME]", "IN:CREATE_REMINDER]"], "predicted_tokens": ["[IN:CREATE_REMINDER", "[SL:PERSON_REMINDED", "@ptr2", "SL:PERSON_REMINDED]", "[SL:TODO", "[IN:GET_TODO", "[SL:DATE_TIME", "@ptr9", "@ptr10", "@ptr11", "@ptr12", "@ptr13", "SL:DATE_TIME]", "IN:CREATE_REMINDER]"]}
{"loss": 1.1447710990905762, "class_log_probabilities": [-3.172435760498047, -3.599978446960449, -3.6281983852386475, -3.9973771572113037], "predictions": [49, 34, 397, 35, 36, 399, 400, 37, 36, 401, 402, 403, 404, 37, 16, 405, 406, 17, 50, 4, 4, 4], "target_tokens": ["[IN:CREATE_REMINDER", "[SL:PERSON_REMINDED", "@ptr2", "SL:PERSON_REMINDED]", "[SL:TODO", "@ptr6", "@ptr7", "@ptr8", "@ptr9", "SL:TODO]", "[SL:DATE_TIME", "@ptr10", "@ptr11", "SL:DATE_TIME]", "IN:CREATE_REMINDER]"], "predicted_tokens": ["[IN:CREATE_REMINDER", "[SL:PERSON_REMINDED", "@ptr2", "SL:PERSON_REMINDED]", "[SL:TODO", "@ptr4", "@ptr5", "SL:TODO]", "[SL:TODO", "@ptr6", "@ptr7", "@ptr8", "@ptr9", "SL:TODO]", "[SL:DATE_TIME", "@ptr10", "@ptr11", "SL:DATE_TIME]", "IN:CREATE_REMINDER]"]}
{"loss": 1.3591786623001099, "class_log_probabilities": [-0.829152524471283, -5.085386276245117, -5.416853427886963, -6.276487827301025], "predictions": [49, 34, 395, 35, 16, 401, 402, 403, 404, 17, 50, 4], "target_tokens": ["[IN:CREATE_REMINDER", "[SL:PERSON_REMINDED", "@ptr0", "SL:PERSON_REMINDED]", "[SL:DATE_TIME", "@ptr6", "@ptr7", "@ptr8", "SL:DATE_TIME]", "IN:CREATE_REMINDER]"], "predicted_tokens": ["[IN:CREATE_REMINDER", "[SL:PERSON_REMINDED", "@ptr0", "SL:PERSON_REMINDED]", "[SL:DATE_TIME", "@ptr6", "@ptr7", "@ptr8", "@ptr9", "SL:DATE_TIME]", "IN:CREATE_REMINDER]"]}
{"loss": 1.5707298517227173, "class_log_probabilities": [-1.356874942779541, -2.772475481033325, -4.015959739685059, -4.460334777832031], "predictions": [33, 34, 396, 35, 120, 397, 121, 16, 400, 401, 402, 17, 38, 4], "target_tokens": ["[IN:DELETE_REMINDER", "[SL:AMOUNT", "@ptr1", "SL:AMOUNT]", "[SL:PERSON_REMINDED", "@ptr2", "SL:PERSON_REMINDED]", "[SL:DATE_TIME", "@ptr4", "@ptr5", "@ptr6", "@ptr7", "SL:DATE_TIME]", "IN:DELETE_REMINDER]"], "predicted_tokens": ["[IN:DELETE_REMINDER", "[SL:PERSON_REMINDED", "@ptr1", "SL:PERSON_REMINDED]", "[SL:AMOUNT", "@ptr2", "SL:AMOUNT]", "[SL:DATE_TIME", "@ptr5", "@ptr6", "@ptr7", "SL:DATE_TIME]", "IN:DELETE_REMINDER]"]}
{"loss": 1.8641419410705566, "class_log_probabilities": [-2.8661506175994873, -2.9549453258514404, -4.15593957901001, -26.183595657348633], "predictions": [49, 34, 397, 35, 36, 399, 400, 401, 402, 37, 16, 404, 17, 50, 4, 4, 4, 4, 4, 4, 4, 4, 4, 4, 4, 4, 4, 4, 4, 4, 4, 4, 4, 4, 4, 4, 4, 4, 4, 4, 4, 4, 4, 4, 4, 4, 4, 4, 4, 4, 4, 4, 4, 4, 4, 4, 4, 4, 4, 4, 4, 4, 4, 4, 4, 4, 4, 4, 4, 4, 4, 4, 4, 4, 4, 4, 4, 4, 4, 4, 4, 4, 4, 4, 4, 4, 4, 4, 4, 4, 4, 4, 4, 4, 4, 4, 4, 4, 4, 4], "target_tokens": ["[IN:CREATE_REMINDER", "[SL:PERSON_REMINDED", "@ptr2", "SL:PERSON_REMINDED]", "[SL:TODO", "[IN:GET_TODO", "[SL:TODO", "@ptr4", "@ptr5", "@ptr6", "@ptr7", "SL:TODO]", "[SL:ATTENDEE", "@ptr9", "SL:ATTENDEE]", "IN:GET_TODO]", "SL:TODO]", "[SL:DATE_TIME", "@ptr10", "SL:DATE_TIME]", "IN:CREATE_REMINDER]"], "predicted_tokens": ["[IN:CREATE_REMINDER", "[SL:PERSON_REMINDED", "@ptr2", "SL:PERSON_REMINDED]", "[SL:TODO", "@ptr4", "@ptr5", "@ptr6", "@ptr7", "SL:TODO]", "[SL:DATE_TIME", "@ptr9", "SL:DATE_TIME]", "IN:CREATE_REMINDER]"]}
{"loss": 0.9836847186088562, "class_log_probabilities": [-0.5696613192558289, -5.604910373687744, -6.907516002655029, -7.289148807525635], "predictions": [33, 34, 396, 35, 36, 399, 400, 401, 402, 37, 38, 4], "target_tokens": ["[IN:DELETE_REMINDER", "[SL:PERSON_REMINDED", "@ptr1", "SL:PERSON_REMINDED]", "[SL:TODO", "@ptr4", "@ptr5", "@ptr6", "@ptr7", "SL:TODO]", "IN:DELETE_REMINDER]"], "predicted_tokens": ["[IN:DELETE_REMINDER", "[SL:PERSON_REMINDED", "@ptr1", "SL:PERSON_REMINDED]", "[SL:TODO", "@ptr4", "@ptr5", "@ptr6", "@ptr7", "SL:TODO]", "IN:DELETE_REMINDER]"]}
{"loss": 1.0530641078948975, "class_log_probabilities": [-1.658512830734253, -2.0846428871154785, -3.6713054180145264, -4.506858825683594], "predictions": [49, 34, 397, 35, 36, 399, 400, 401, 402, 37, 50, 4, 4], "target_tokens": ["[IN:CREATE_REMINDER", "[SL:PERSON_REMINDED", "@ptr2", "SL:PERSON_REMINDED]", "[SL:TODO", "@ptr4", "@ptr5", "@ptr6", "@ptr7", "@ptr8", "SL:TODO]", "IN:CREATE_REMINDER]"], "predicted_tokens": ["[IN:CREATE_REMINDER", "[SL:PERSON_REMINDED", "@ptr2", "SL:PERSON_REMINDED]", "[SL:TODO", "@ptr4", "@ptr5", "@ptr6", "@ptr7", "SL:TODO]", "IN:CREATE_REMINDER]"]}
{"loss": 3.120903730392456, "class_log_probabilities": [-0.3977007567882538, -6.423282623291016, -6.465588569641113, -10.022826194763184], "predictions": [49, 34, 395, 35, 50, 4, 4], "target_tokens": ["[IN:CREATE_REMINDER", "IN:CREATE_REMINDER]"], "predicted_tokens": ["[IN:CREATE_REMINDER", "[SL:PERSON_REMINDED", "@ptr0", "SL:PERSON_REMINDED]", "IN:CREATE_REMINDER]"]}
{"loss": 1.7032233476638794, "class_log_probabilities": [-2.5112125873565674, -3.2735531330108643, -3.3690173625946045, -3.55013370513916], "predictions": [49, 36, 143, 36, 399, 37, 16, 401, 402, 403, 404, 17, 50, 4, 4], "target_tokens": ["[IN:CREATE_REMINDER", "[SL:TODO", "@ptr5", "SL:TODO]", "[SL:DATE_TIME", "@ptr6", "@ptr7", "@ptr8", "@ptr9", "SL:DATE_TIME]", "IN:CREATE_REMINDER]"], "predicted_tokens": ["[IN:CREATE_REMINDER", "[SL:TODO", "[IN:GET_TODO", "[SL:TODO", "@ptr4", "SL:TODO]", "[SL:DATE_TIME", "@ptr6", "@ptr7", "@ptr8", "@ptr9", "SL:DATE_TIME]", "IN:CREATE_REMINDER]"]}
{"loss": 3.6176679134368896, "class_log_probabilities": [-3.755098819732666, -4.394698143005371, -4.919933319091797, -5.007831573486328], "predictions": [23, 10, 397, 11, 24, 400, 401, 402, 403, 404, 25, 26, 4, 4], "target_tokens": ["[IN:HELP_REMINDER", "IN:HELP_REMINDER]"], "predicted_tokens": ["[IN:SEND_MESSAGE", "[SL:RECIPIENT", "@ptr2", "SL:RECIPIENT]", "[SL:CONTENT_EXACT", "@ptr5", "@ptr6", "@ptr7", "@ptr8", "@ptr9", "SL:CONTENT_EXACT]", "IN:SEND_MESSAGE]"]}
{"loss": 1.2498443126678467, "class_log_probabilities": [-5.822320938110352, -6.283687114715576, -6.369527339935303, -9.374604225158691], "predictions": [49, 34, 397, 35, 36, 398, 399, 400, 401, 402, 37, 16, 403, 404, 405, 406, 407, 408, 17, 50, 4, 4, 4, 4, 4, 4], "target_tokens": ["[IN:CREATE_REMINDER", "[SL:PERSON_REMINDED", "@ptr2", "SL:PERSON_REMINDED]", "[SL:TODO", "@ptr4", "@ptr5", "@ptr6", "@ptr7", "SL:TODO]", "[SL:DATE_TIME", "@ptr8", "@ptr9", "@ptr10", "@ptr11", "@ptr12", "@ptr13", "SL:DATE_TIME]", "IN:CREATE_REMINDER]"], "predicted_tokens": ["[IN:CREATE_REMINDER", "[SL:PERSON_REMINDED", "@ptr2", "SL:PERSON_REMINDED]", "[SL:TODO", "@ptr3", "@ptr4", "@ptr5", "@ptr6", "@ptr7", "SL:TODO]", "[SL:DATE_TIME", "@ptr8", "@ptr9", "@ptr10", "@ptr11", "@ptr12", "@ptr13", "SL:DATE_TIME]", "IN:CREATE_REMINDER]"]}
{"loss": 1.3009638786315918, "class_log_probabilities": [-2.760084629058838, -2.7687580585479736, -4.102324485778809, -4.366867542266846], "predictions": [49, 34, 397, 35, 36, 399, 400, 401, 402, 403, 37, 16, 404, 405, 17, 50, 4, 4, 4], "target_tokens": ["[IN:CREATE_REMINDER", "[SL:PERSON_REMINDED", "@ptr2", "SL:PERSON_REMINDED]", "[SL:TODO", "@ptr4", "@ptr5", "@ptr6", "@ptr7", "SL:TODO]", "[SL:DATE_TIME", "@ptr8", "@ptr9", "@ptr10", "SL:DATE_TIME]", "IN:CREATE_REMINDER]"], "predicted_tokens": ["[IN:CREATE_REMINDER", "[SL:PERSON_REMINDED", "@ptr2", "SL:PERSON_REMINDED]", "[SL:TODO", "@ptr4", "@ptr5", "@ptr6", "@ptr7", "@ptr8", "SL:TODO]", "[SL:DATE_TIME", "@ptr9", "@ptr10", "SL:DATE_TIME]", "IN:CREATE_REMINDER]"]}
{"loss": 2.007199287414551, "class_log_probabilities": [-4.192363739013672, -5.960391044616699, -16.191322326660156, -16.19835090637207], "predictions": [33, 34, 396, 35, 36, 399, 400, 401, 402, 37, 16, 403, 17, 34, 405, 35, 38, 4, 4, 4, 4, 4, 4, 4, 4, 4, 4, 4, 4, 4, 4, 4, 4, 4, 4, 4, 4, 4, 4, 4, 4, 4, 4, 4, 4, 4, 4, 4, 4, 4, 4, 4, 4, 4, 4, 4, 4, 4, 4, 4, 4, 4, 4, 4, 4, 4, 4, 4, 4, 4, 4, 4, 4, 4, 4, 4, 4, 4, 4, 4, 4, 4, 4, 4, 4, 4, 4, 4, 4, 4, 4, 4, 4, 4, 4, 4, 4, 4, 4, 4], "target_tokens": ["[IN:DELETE_REMINDER", "[SL:PERSON_REMINDED", "@ptr1", "SL:PERSON_REMINDED]", "[SL:TODO", "[IN:GET_TODO", "[SL:DATE_TIME", "@ptr8", "SL:DATE_TIME]", "[SL:TODO", "@ptr5", "@ptr6", "@ptr7", "SL:TODO]", "[SL:ATTENDEE", "@ptr10", "SL:ATTENDEE]", "IN:GET_TODO]", "SL:TODO]", "IN:DELETE_REMINDER]"], "predicted_tokens": ["[IN:DELETE_REMINDER", "[SL:PERSON_REMINDED", "@ptr1", "SL:PERSON_REMINDED]", "[SL:TODO", "@ptr4", "@ptr5", "@ptr6", "@ptr7", "SL:TODO]", "[SL:DATE_TIME", "@ptr8", "SL:DATE_TIME]", "[SL:PERSON_REMINDED", "@ptr10", "SL:PERSON_REMINDED]", "IN:DELETE_REMINDER]"]}
{"loss": 1.2265814542770386, "class_log_probabilities": [-1.4935059547424316, -1.5199168920516968, -4.467586994171143, -4.570412635803223], "predictions": [49, 34, 397, 35, 36, 399, 400, 37, 16, 402, 403, 17, 50, 4, 4, 4], "target_tokens": ["[IN:CREATE_REMINDER", "[SL:PERSON_REMINDED", "@ptr2", "SL:PERSON_REMINDED]", "[SL:TODO", "@ptr4", "@ptr5", "@ptr6", "SL:TODO]", "[SL:DATE_TIME", "@ptr7", "@ptr8", "@ptr9", "SL:DATE_TIME]", "IN:CREATE_REMINDER]"], "predicted_tokens": ["[IN:CREATE_REMINDER", "[SL:PERSON_REMINDED", "@ptr2", "SL:PERSON_REMINDED]", "[SL:TODO", "@ptr4", "@ptr5", "SL:TODO]", "[SL:DATE_TIME", "@ptr7", "@ptr8", "SL:DATE_TIME]", "IN:CREATE_REMINDER]"]}
{"loss": 1.5035550594329834, "class_log_probabilities": [-3.1985552310943604, -3.415520429611206, -4.0305376052856445, -5.177785873413086], "predictions": [47, 34, 397, 35, 120, 398, 121, 34, 399, 35, 16, 401, 402, 403, 404, 405, 17, 48, 4, 4], "target_tokens": ["[IN:GET_REMINDER", "[SL:AMOUNT", "@ptr3", "SL:AMOUNT]", "[SL:PERSON_REMINDED", "@ptr4", "SL:PERSON_REMINDED]", "[SL:DATE_TIME", "@ptr6", "@ptr7", "@ptr8", "@ptr9", "@ptr10", "SL:DATE_TIME]", "IN:GET_REMINDER]"], "predicted_tokens": ["[IN:GET_REMINDER", "[SL:PERSON_REMINDED", "@ptr2", "SL:PERSON_REMINDED]", "[SL:AMOUNT", "@ptr3", "SL:AMOUNT]", "[SL:PERSON_REMINDED", "@ptr4", "SL:PERSON_REMINDED]", "[SL:DATE_TIME", "@ptr6", "@ptr7", "@ptr8", "@ptr9", "@ptr10", "SL:DATE_TIME]", "IN:GET_REMINDER]"]}
{"loss": 0.9687000513076782, "class_log_probabilities": [-0.5411888360977173, -4.255967140197754, -5.234646320343018, -6.748741149902344], "predictions": [33, 16, 398, 399, 400, 17, 38, 4], "target_tokens": ["[IN:DELETE_REMINDER", "[SL:DATE_TIME", "@ptr3", "@ptr4", "@ptr5", "SL:DATE_TIME]", "IN:DELETE_REMINDER]"], "predicted_tokens": ["[IN:DELETE_REMINDER", "[SL:DATE_TIME", "@ptr3", "@ptr4", "@ptr5", "SL:DATE_TIME]", "IN:DELETE_REMINDER]"]}
{"loss": 2.090238094329834, "class_log_probabilities": [-1.465464472770691, -3.1005351543426514, -4.316874980926514, -4.468441963195801], "predictions": [33, 34, 396, 35, 36, 399, 400, 401, 402, 403, 404, 405, 37, 16, 406, 17, 38, 4, 4, 4], "target_tokens": ["[IN:DELETE_REMINDER", "[SL:TODO", "@ptr5", "@ptr6", "@ptr7", "@ptr8", "@ptr9", "@ptr10", "SL:TODO]", "[SL:DATE_TIME", "@ptr11", "SL:DATE_TIME]", "IN:DELETE_REMINDER]"], "predicted_tokens": ["[IN:DELETE_REMINDER", "[SL:PERSON_REMINDED", "@ptr1", "SL:PERSON_REMINDED]", "[SL:TODO", "@ptr4", "@ptr5", "@ptr6", "@ptr7", "@ptr8", "@ptr9", "@ptr10", "SL:TODO]", "[SL:DATE_TIME", "@ptr11", "SL:DATE_TIME]", "IN:DELETE_REMINDER]"]}
{"loss": 1.5597383975982666, "class_log_probabilities": [-2.451575517654419, -2.9828338623046875, -3.0460870265960693, -3.073972225189209], "predictions": [111, 36, 399, 400, 401, 402, 403, 37, 16, 405, 17, 112, 4, 4], "target_tokens": ["[IN:UPDATE_REMINDER_DATE_TIME", "[SL:TODO", "@ptr4", "@ptr5", "@ptr6", "@ptr7", "@ptr8", "SL:TODO]", "[SL:DATE_TIME", "@ptr9", "@ptr10", "@ptr11", "SL:DATE_TIME]", "IN:UPDATE_REMINDER_DATE_TIME]"], "predicted_tokens": ["[IN:UPDATE_REMINDER_DATE_TIME", "[SL:TODO", "@ptr4", "@ptr5", "@ptr6", "@ptr7", "@ptr8", "SL:TODO]", "[SL:DATE_TIME", "@ptr10", "SL:DATE_TIME]", "IN:UPDATE_REMINDER_DATE_TIME]"]}
{"loss": 1.3149381875991821, "class_log_probabilities": [-2.5743000507354736, -3.1751017570495605, -24.513954162597656, -46.02384948730469], "predictions": [33, 34, 396, 35, 36, 399, 400, 401, 402, 403, 404, 37, 16, 406, 17, 38, 4, 4, 4, 4, 4, 4, 4, 4, 4, 4, 4, 4, 4, 4, 4, 4, 4, 4, 4, 4, 4, 4, 4, 4, 4, 4, 4, 4, 4, 4, 4, 4, 4, 4, 4, 4, 4, 4, 4, 4, 4, 4, 4, 4, 4, 4, 4, 4, 4, 4, 4, 4, 4, 4, 4, 4, 4, 4, 4, 4, 4, 4, 4, 4, 4, 4, 4, 4, 4, 4, 4, 4, 4, 4, 4, 4, 4, 4, 4, 4, 4, 4, 4, 4], "target_tokens": ["[IN:DELETE_REMINDER", "[SL:PERSON_REMINDED", "@ptr1", "SL:PERSON_REMINDED]", "[SL:TODO", "@ptr4", "@ptr5", "@ptr6", "@ptr7", "@ptr8", "@ptr9", "SL:TODO]", "[SL:DATE_TIME", "@ptr10", "@ptr11", "SL:DATE_TIME]", "IN:DELETE_REMINDER]"], "predicted_tokens": ["[IN:DELETE_REMINDER", "[SL:PERSON_REMINDED", "@ptr1", "SL:PERSON_REMINDED]", "[SL:TODO", "@ptr4", "@ptr5", "@ptr6", "@ptr7", "@ptr8", "@ptr9", "SL:TODO]", "[SL:DATE_TIME", "@ptr11", "SL:DATE_TIME]", "IN:DELETE_REMINDER]"]}
{"loss": 1.4069969654083252, "class_log_probabilities": [-1.348528504371643, -2.5381052494049072, -4.17832088470459, -4.54213809967041], "predictions": [47, 36, 399, 400, 401, 37, 16, 407, 408, 17, 48, 4, 4, 4], "target_tokens": ["[IN:GET_REMINDER", "[SL:TODO", "@ptr4", "@ptr5", "@ptr6", "SL:TODO]", "[SL:DATE_TIME", "@ptr11", "@ptr12", "@ptr13", "SL:DATE_TIME]", "IN:GET_REMINDER]"], "predicted_tokens": ["[IN:GET_REMINDER", "[SL:TODO", "@ptr4", "@ptr5", "@ptr6", "SL:TODO]", "[SL:DATE_TIME", "@ptr12", "@ptr13", "SL:DATE_TIME]", "IN:GET_REMINDER]"]}
{"loss": 2.0175130367279053, "class_log_probabilities": [-0.4907178580760956, -4.303991317749023, -6.040855884552002, -6.2303009033203125], "predictions": [33, 16, 399, 400, 17, 38, 4, 4], "target_tokens": ["[IN:DELETE_REMINDER", "[SL:DATE_TIME", "@ptr4", "SL:DATE_TIME]", "IN:DELETE_REMINDER]"], "predicted_tokens": ["[IN:DELETE_REMINDER", "[SL:DATE_TIME", "@ptr4", "@ptr5", "SL:DATE_TIME]", "IN:DELETE_REMINDER]"]}
{"loss": 2.11342453956604, "class_log_probabilities": [-2.3427345752716064, -3.9338572025299072, -4.029738903045654, -4.171711444854736], "predictions": [49, 34, 395, 396, 35, 20, 399, 21, 50, 4], "target_tokens": ["[IN:GET_REMINDER", "[SL:METHOD_RETRIEVAL_REMINDER", "@ptr0", "SL:METHOD_RETRIEVAL_REMINDER]", "[SL:PERSON_REMINDED", "@ptr2", "SL:PERSON_REMINDED]", "[SL:ORDINAL", "@ptr4", "SL:ORDINAL]", "IN:GET_REMINDER]"], "predicted_tokens": ["[IN:CREATE_REMINDER", "[SL:PERSON_REMINDED", "@ptr0", "@ptr1", "SL:PERSON_REMINDED]", "[SL:ORDINAL", "@ptr4", "SL:ORDINAL]", "IN:CREATE_REMINDER]"]}
{"loss": 1.8115094900131226, "class_log_probabilities": [-2.446438789367676, -2.615978717803955, -3.0847971439361572, -3.494481086730957], "predictions": [47, 34, 397, 35, 36, 400, 401, 402, 403, 37, 16, 406, 17, 48, 4, 4], "target_tokens": ["[IN:GET_REMINDER", "[SL:PERSON_REMINDED", "@ptr2", "SL:PERSON_REMINDED]", "[SL:TODO", "@ptr6", "@ptr7", "@ptr8", "SL:TODO]", "[SL:DATE_TIME", "@ptr9", "@ptr10", "SL:DATE_TIME]", "IN:GET_REMINDER]"], "predicted_tokens": ["[IN:GET_REMINDER", "[SL:PERSON_REMINDED", "@ptr2", "SL:PERSON_REMINDED]", "[SL:TODO", "@ptr5", "@ptr6", "@ptr7", "@ptr8", "SL:TODO]", "[SL:DATE_TIME", "@ptr11", "SL:DATE_TIME]", "IN:GET_REMINDER]"]}
{"loss": 1.614892601966858, "class_log_probabilities": [-2.1637651920318604, -3.701422691345215, -3.8518457412719727, -34.64647674560547], "predictions": [33, 120, 396, 121, 36, 400, 401, 402, 403, 404, 37, 16, 406, 17, 38, 4, 4, 4, 4, 4, 4, 4, 4, 4, 4, 4, 4, 4, 4, 4, 4, 4, 4, 4, 4, 4, 4, 4, 4, 4, 4, 4, 4, 4, 4, 4, 4, 4, 4, 4, 4, 4, 4, 4, 4, 4, 4, 4, 4, 4, 4, 4, 4, 4, 4, 4, 4, 4, 4, 4, 4, 4, 4, 4, 4, 4, 4, 4, 4, 4, 4, 4, 4, 4, 4, 4, 4, 4, 4, 4, 4, 4, 4, 4, 4, 4, 4, 4, 4, 4], "target_tokens": ["[IN:DELETE_REMINDER", "[SL:AMOUNT", "@ptr1", "SL:AMOUNT]", "[SL:PERSON_REMINDED", "@ptr5", "SL:PERSON_REMINDED]", "[SL:TODO", "@ptr6", "@ptr7", "@ptr8", "@ptr9", "SL:TODO]", "[SL:DATE_TIME", "@ptr11", "@ptr12", "SL:DATE_TIME]", "IN:DELETE_REMINDER]"], "predicted_tokens": ["[IN:DELETE_REMINDER", "[SL:AMOUNT", "@ptr1", "SL:AMOUNT]", "[SL:TODO", "@ptr5", "@ptr6", "@ptr7", "@ptr8", "@ptr9", "SL:TODO]", "[SL:DATE_TIME", "@ptr11", "SL:DATE_TIME]", "IN:DELETE_REMINDER]"]}
{"loss": 3.0943217277526855, "class_log_probabilities": [-3.593376398086548, -3.941453456878662, -4.1055097579956055, -57.52416229248047], "predictions": [47, 34, 395, 35, 36, 403, 404, 405, 37, 16, 406, 17, 48, 4, 4, 4, 4, 4, 4, 4, 4, 4, 4, 4, 4, 4, 4, 4, 4, 4, 4, 4, 4, 4, 4, 4, 4, 4, 4, 4, 4, 4, 4, 4, 4, 4, 4, 4, 4, 4, 4, 4, 4, 4, 4, 4, 4, 4, 4, 4, 4, 4, 4, 4, 4, 4, 4, 4, 4, 4, 4, 4, 4, 4, 4, 4, 4, 4, 4, 4, 4, 4, 4, 4, 4, 4, 4, 4, 4, 4, 4, 4, 4, 4, 4, 4, 4, 4, 4, 4], "target_tokens": ["[IN:GET_REMINDER", "[SL:TODO", "@ptr10", "SL:TODO]", "[SL:DATE_TIME", "@ptr11", "@ptr12", "SL:DATE_TIME]", "IN:GET_REMINDER]"], "predicted_tokens": ["[IN:GET_REMINDER", "[SL:PERSON_REMINDED", "@ptr0", "SL:PERSON_REMINDED]", "[SL:TODO", "@ptr8", "@ptr9", "@ptr10", "SL:TODO]", "[SL:DATE_TIME", "@ptr11", "SL:DATE_TIME]", "IN:GET_REMINDER]"]}
{"loss": 2.3993873596191406, "class_log_probabilities": [-51.11766052246094, -52.1578254699707, -52.24442672729492, -52.37413024902344], "predictions": [117, 34, 400, 35, 36, 143, 34, 400, 35, 36, 406, 407, 36, 406, 407, 36, 406, 407, 36, 406, 407, 36, 406, 407, 36, 406, 407, 36, 406, 407, 36, 406, 407, 36, 406, 407, 36, 406, 407, 36, 406, 407, 36, 406, 407, 36, 406, 407, 36, 406, 407, 36, 406, 407, 36, 406, 407, 36, 406, 407, 36, 406, 407, 36, 406, 407, 36, 406, 407, 36, 406, 407, 36, 406, 407, 36, 406, 407, 36, 406, 407, 36, 406, 407, 36, 406, 407, 36, 406, 407, 36, 406, 407, 36, 406, 407, 36, 406, 407, 36], "target_tokens": ["[IN:GET_REMINDER_DATE_TIME", "[SL:PERSON_REMINDED", "@ptr5", "SL:PERSON_REMINDED]", "[SL:TODO", "@ptr11", "@ptr12", "@ptr13", "@ptr14", "@ptr15", "@ptr16", "@ptr17", "SL:TODO]", "IN:GET_REMINDER_DATE_TIME]"], "predicted_tokens": ["[IN:GET_REMINDER_DATE_TIME", "[SL:PERSON_REMINDED", "@ptr5", "SL:PERSON_REMINDED]", "[SL:TODO", "[IN:GET_TODO", "[SL:PERSON_REMINDED", "@ptr5", "SL:PERSON_REMINDED]", "[SL:TODO", "@ptr11", "@ptr12", "[SL:TODO", "@ptr11", "@ptr12", "[SL:TODO", "@ptr11", "@ptr12", "[SL:TODO", "@ptr11", "@ptr12", "[SL:TODO", "@ptr11", "@ptr12", "[SL:TODO", "@ptr11", "@ptr12", "[SL:TODO", "@ptr11", "@ptr12", "[SL:TODO", "@ptr11", "@ptr12", "[SL:TODO", "@ptr11", "@ptr12", "[SL:TODO", "@ptr11", "@ptr12", "[SL:TODO", "@ptr11", "@ptr12", "[SL:TODO", "@ptr11", "@ptr12", "[SL:TODO", "@ptr11", "@ptr12", "[SL:TODO", "@ptr11", "@ptr12", "[SL:TODO", "@ptr11", "@ptr12", "[SL:TODO", "@ptr11", "@ptr12", "[SL:TODO", "@ptr11", "@ptr12", "[SL:TODO", "@ptr11", "@ptr12", "[SL:TODO", "@ptr11", "@ptr12", "[SL:TODO", "@ptr11", "@ptr12", "[SL:TODO", "@ptr11", "@ptr12", "[SL:TODO", "@ptr11", "@ptr12", "[SL:TODO", "@ptr11", "@ptr12", "[SL:TODO", "@ptr11", "@ptr12", "[SL:TODO", "@ptr11", "@ptr12", "[SL:TODO", "@ptr11", "@ptr12", "[SL:TODO", "@ptr11", "@ptr12", "[SL:TODO", "@ptr11", "@ptr12", "[SL:TODO", "@ptr11", "@ptr12", "[SL:TODO", "@ptr11", "@ptr12", "[SL:TODO"]}
{"loss": 2.2591142654418945, "class_log_probabilities": [-3.706704616546631, -4.808540344238281, -5.278082847595215, -5.611292362213135], "predictions": [117, 36, 143, 36, 403, 405, 37, 118, 4], "target_tokens": ["[IN:GET_REMINDER_DATE_TIME", "[SL:TODO", "@ptr9", "@ptr10", "@ptr11", "SL:TODO]", "IN:GET_REMINDER_DATE_TIME]"], "predicted_tokens": ["[IN:GET_REMINDER_DATE_TIME", "[SL:TODO", "[IN:GET_TODO", "[SL:TODO", "@ptr8", "@ptr10", "SL:TODO]", "IN:GET_REMINDER_DATE_TIME]"]}
{"loss": 2.28253436088562, "class_log_probabilities": [-2.598623037338257, -2.8058712482452393, -4.602155685424805, -6.890790939331055], "predictions": [47, 34, 401, 35, 16, 407, 408, 17, 48, 4, 4, 4, 4, 4, 4, 4, 4, 4], "target_tokens": ["[IN:GET_REMINDER", "[SL:PERSON_REMINDED", "@ptr5", "SL:PERSON_REMINDED]", "[SL:DATE_TIME", "@ptr10", "@ptr11", "@ptr12", "@ptr13", "@ptr14", "SL:DATE_TIME]", "IN:GET_REMINDER]"], "predicted_tokens": ["[IN:GET_REMINDER", "[SL:PERSON_REMINDED", "@ptr6", "SL:PERSON_REMINDED]", "[SL:DATE_TIME", "@ptr12", "@ptr13", "SL:DATE_TIME]", "IN:GET_REMINDER]"]}
{"loss": 1.847611904144287, "class_log_probabilities": [-0.8813585042953491, -5.5862226486206055, -5.811707496643066, -6.819415092468262], "predictions": [47, 120, 396, 121, 36, 400, 401, 402, 403, 404, 37, 48, 4, 4, 4], "target_tokens": ["[IN:GET_REMINDER", "[SL:METHOD_RETRIEVAL_REMINDER", "@ptr0", "SL:METHOD_RETRIEVAL_REMINDER]", "[SL:AMOUNT", "@ptr1", "SL:AMOUNT]", "[SL:TODO", "@ptr5", "@ptr6", "@ptr7", "@ptr8", "@ptr9", "SL:TODO]", "IN:GET_REMINDER]"], "predicted_tokens": ["[IN:GET_REMINDER", "[SL:AMOUNT", "@ptr1", "SL:AMOUNT]", "[SL:TODO", "@ptr5", "@ptr6", "@ptr7", "@ptr8", "@ptr9", "SL:TODO]", "IN:GET_REMINDER]"]}
{"loss": 2.6507840156555176, "class_log_probabilities": [-7.278122425079346, -8.232291221618652, -77.2379150390625, -77.5165786743164], "predictions": [47, 120, 398, 121, 120, 398, 121, 199, 409, 411, 200, 48, 4, 4, 4, 4, 4, 4, 4, 4, 4, 4, 4, 4, 4, 4, 4, 4, 4, 4, 4, 4, 4, 4, 4, 4, 4, 4, 4, 4, 4, 4, 4, 4, 4, 4, 4, 4, 4, 4, 4, 4, 4, 4, 4, 4, 4, 4, 4, 4, 4, 4, 4, 4, 4, 4, 4, 4, 4, 4, 4, 4, 4, 4, 4, 4, 4, 4, 4, 4, 4, 4, 4, 4, 4, 4, 4, 4, 4, 4, 4, 4, 4, 4, 4, 4, 4, 4, 4, 4], "target_tokens": ["[IN:GET_REMINDER", "[SL:METHOD_RETRIEVAL_REMINDER", "@ptr0", "SL:METHOD_RETRIEVAL_REMINDER]", "[SL:AMOUNT", "@ptr3", "SL:AMOUNT]", "[SL:PERSON_REMINDED", "@ptr8", "SL:PERSON_REMINDED]", "[SL:DATE_TIME", "@ptr10", "@ptr11", "@ptr12", "@ptr13", "@ptr14", "SL:DATE_TIME]", "IN:GET_REMINDER]"], "predicted_tokens": ["[IN:GET_REMINDER", "[SL:AMOUNT", "@ptr3", "SL:AMOUNT]", "[SL:AMOUNT", "@ptr3", "SL:AMOUNT]", "[SL:METHOD_RETRIEVAL_REMINDER", "@ptr14", "@ptr16", "SL:METHOD_RETRIEVAL_REMINDER]", "IN:GET_REMINDER]"]}
{"loss": 2.7387466430664062, "class_log_probabilities": [-2.4003305435180664, -3.037898540496826, -3.4054243564605713, -4.145318031311035], "predictions": [293, 36, 399, 400, 37, 16, 404, 406, 17, 294, 4, 4], "target_tokens": ["[IN:GET_REMINDER_AMOUNT", "[SL:TODO", "@ptr5", "SL:TODO]", "[SL:DATE_TIME", "@ptr8", "@ptr9", "@ptr10", "@ptr11", "SL:DATE_TIME]", "IN:GET_REMINDER_AMOUNT]"], "predicted_tokens": ["[IN:GET_REMINDER_AMOUNT", "[SL:TODO", "@ptr4", "@ptr5", "SL:TODO]", "[SL:DATE_TIME", "@ptr9", "@ptr11", "SL:DATE_TIME]", "IN:GET_REMINDER_AMOUNT]"]}
{"loss": 1.6371172666549683, "class_log_probabilities": [-6.046516418457031, -6.478335857391357, -6.677761554718018, -6.971850395202637], "predictions": [49, 34, 397, 35, 36, 143, 243, 399, 244, 36, 400, 401, 37, 16, 404, 405, 17, 50, 4, 4, 4], "target_tokens": ["[IN:CREATE_REMINDER", "[SL:PERSON_REMINDED", "@ptr2", "SL:PERSON_REMINDED]", "[SL:PERSON_REMINDED", "@ptr4", "SL:PERSON_REMINDED]", "[SL:TODO", "[IN:GET_TODO", "[SL:TODO", "@ptr5", "@ptr6", "SL:TODO]", "[SL:DATE_TIME", "@ptr7", "@ptr8", "SL:DATE_TIME]", "IN:GET_TODO]", "SL:TODO]", "[SL:DATE_TIME", "@ptr9", "@ptr10", "@ptr11", "@ptr12", "@ptr13", "@ptr14", "@ptr15", "SL:DATE_TIME]", "IN:CREATE_REMINDER]"], "predicted_tokens": ["[IN:CREATE_REMINDER", "[SL:PERSON_REMINDED", "@ptr2", "SL:PERSON_REMINDED]", "[SL:TODO", "[IN:GET_TODO", "[SL:ATTENDEE", "@ptr4", "SL:ATTENDEE]", "[SL:TODO", "@ptr5", "@ptr6", "SL:TODO]", "[SL:DATE_TIME", "@ptr9", "@ptr10", "SL:DATE_TIME]", "IN:CREATE_REMINDER]"]}
{"loss": 3.1625702381134033, "class_log_probabilities": [-2.210186719894409, -4.083446502685547, -4.986893177032471, -5.0166096687316895], "predictions": [47, 34, 397, 35, 120, 398, 121, 36, 402, 403, 404, 405, 37, 48, 4, 4, 4], "target_tokens": ["[IN:GET_REMINDER", "[SL:METHOD_RETRIEVAL_REMINDER", "@ptr0", "SL:METHOD_RETRIEVAL_REMINDER]", "[SL:AMOUNT", "@ptr3", "SL:AMOUNT]", "[SL:PERSON_REMINDED", "@ptr7", "SL:PERSON_REMINDED]", "[SL:TODO", "@ptr8", "@ptr9", "@ptr10", "SL:TODO]", "IN:GET_REMINDER]"], "predicted_tokens": ["[IN:GET_REMINDER", "[SL:PERSON_REMINDED", "@ptr2", "SL:PERSON_REMINDED]", "[SL:AMOUNT", "@ptr3", "SL:AMOUNT]", "[SL:TODO", "@ptr7", "@ptr8", "@ptr9", "@ptr10", "SL:TODO]", "IN:GET_REMINDER]"]}
{"loss": 0.9916183948516846, "class_log_probabilities": [-0.8454287648200989, -3.6338796615600586, -4.624218940734863, -5.686850547790527], "predictions": [47, 34, 397, 35, 16, 405, 17, 48, 4, 4, 4, 4, 4, 4, 4], "target_tokens": ["[IN:GET_REMINDER", "[SL:PERSON_REMINDED", "@ptr2", "SL:PERSON_REMINDED]", "[SL:DATE_TIME", "@ptr10", "SL:DATE_TIME]", "IN:GET_REMINDER]"], "predicted_tokens": ["[IN:GET_REMINDER", "[SL:PERSON_REMINDED", "@ptr2", "SL:PERSON_REMINDED]", "[SL:DATE_TIME", "@ptr10", "SL:DATE_TIME]", "IN:GET_REMINDER]"]}
{"loss": 2.775390625, "class_log_probabilities": [-13.731954574584961, -16.693134307861328, -17.616113662719727, -19.16484832763672], "predictions": [33, 36, 143, 36, 399, 400, 401, 402, 37, 16, 404, 17, 144, 37, 144, 37, 144, 37, 144, 37, 144, 37, 144, 37, 144, 37, 144, 37, 144, 37, 144, 37, 144, 37, 144, 37, 144, 37, 144, 37, 144, 37, 144, 37, 144, 37, 144, 37, 144, 37, 144, 37, 144, 37, 144, 37, 144, 37, 144, 37, 144, 37, 38, 4, 4, 4, 4, 4, 4, 4, 4, 4, 4, 4, 4, 4, 4, 4, 4, 4, 4, 4, 4, 4, 4, 4, 4, 4, 4, 4, 4, 4, 4, 4, 4, 4, 4, 4, 4, 4], "target_tokens": ["[IN:DELETE_REMINDER", "[SL:TODO", "[IN:GET_TODO", "[SL:DATE_TIME", "@ptr8", "@ptr9", "SL:DATE_TIME]", "[SL:TODO", "@ptr5", "@ptr6", "@ptr7", "@ptr10", "@ptr11", "@ptr12", "SL:TODO]", "IN:GET_TODO]", "SL:TODO]", "IN:DELETE_REMINDER]"], "predicted_tokens": ["[IN:DELETE_REMINDER", "[SL:TODO", "[IN:GET_TODO", "[SL:TODO", "@ptr4", "@ptr5", "@ptr6", "@ptr7", "SL:TODO]", "[SL:DATE_TIME", "@ptr9", "SL:DATE_TIME]", "IN:GET_TODO]", "SL:TODO]", "IN:GET_TODO]", "SL:TODO]", "IN:GET_TODO]", "SL:TODO]", "IN:GET_TODO]", "SL:TODO]", "IN:GET_TODO]", "SL:TODO]", "IN:GET_TODO]", "SL:TODO]", "IN:GET_TODO]", "SL:TODO]", "IN:GET_TODO]", "SL:TODO]", "IN:GET_TODO]", "SL:TODO]", "IN:GET_TODO]", "SL:TODO]", "IN:GET_TODO]", "SL:TODO]", "IN:GET_TODO]", "SL:TODO]", "IN:GET_TODO]", "SL:TODO]", "IN:GET_TODO]", "SL:TODO]", "IN:GET_TODO]", "SL:TODO]", "IN:GET_TODO]", "SL:TODO]", "IN:GET_TODO]", "SL:TODO]", "IN:GET_TODO]", "SL:TODO]", "IN:GET_TODO]", "SL:TODO]", "IN:GET_TODO]", "SL:TODO]", "IN:GET_TODO]", "SL:TODO]", "IN:GET_TODO]", "SL:TODO]", "IN:GET_TODO]", "SL:TODO]", "IN:GET_TODO]", "SL:TODO]", "IN:GET_TODO]", "SL:TODO]", "IN:DELETE_REMINDER]"]}
{"loss": 2.7149240970611572, "class_log_probabilities": [-1.904770851135254, -3.7051825523376465, -4.208510398864746, -75.46249389648438], "predictions": [23, 10, 397, 11, 24, 399, 400, 401, 402, 403, 404, 405, 406, 407, 25, 26, 4, 4, 4, 4, 4, 4, 4, 4, 4, 4, 4, 4, 4, 4, 4, 4, 4, 4, 4, 4, 4, 4, 4, 4, 4, 4, 4, 4, 4, 4, 4, 4, 4, 4, 4, 4, 4, 4, 4, 4, 4, 4, 4, 4, 4, 4, 4, 4, 4, 4, 4, 4, 4, 4, 4, 4, 4, 4, 4, 4, 4, 4, 4, 4, 4, 4, 4, 4, 4, 4, 4, 4, 4, 4, 4, 4, 4, 4, 4, 4, 4, 4, 4, 4], "target_tokens": ["[IN:CREATE_REMINDER", "[SL:PERSON_REMINDED", "@ptr2", "SL:PERSON_REMINDED]", "[SL:TODO", "@ptr7", "@ptr8", "@ptr9", "SL:TODO]", "[SL:DATE_TIME", "@ptr10", "@ptr11", "@ptr12", "@ptr13", "SL:DATE_TIME]", "IN:CREATE_REMINDER]"], "predicted_tokens": ["[IN:SEND_MESSAGE", "[SL:RECIPIENT", "@ptr2", "SL:RECIPIENT]", "[SL:CONTENT_EXACT", "@ptr4", "@ptr5", "@ptr6", "@ptr7", "@ptr8", "@ptr9", "@ptr10", "@ptr11", "@ptr12", "SL:CONTENT_EXACT]", "IN:SEND_MESSAGE]"]}
{"loss": 1.1344915628433228, "class_log_probabilities": [-1.6193615198135376, -2.1265172958374023, -3.0886428356170654, -3.2274491786956787], "predictions": [49, 34, 397, 35, 36, 399, 400, 401, 402, 403, 404, 405, 406, 407, 408, 409, 37, 50, 4, 4], "target_tokens": ["[IN:CREATE_REMINDER", "[SL:PERSON_REMINDED", "@ptr2", "SL:PERSON_REMINDED]", "[SL:TODO", "@ptr4", "@ptr5", "@ptr6", "@ptr7", "@ptr8", "@ptr9", "@ptr10", "@ptr11", "@ptr12", "@ptr13", "@ptr14", "@ptr15", "SL:TODO]", "IN:CREATE_REMINDER]"], "predicted_tokens": ["[IN:CREATE_REMINDER", "[SL:PERSON_REMINDED", "@ptr2", "SL:PERSON_REMINDED]", "[SL:TODO", "@ptr4", "@ptr5", "@ptr6", "@ptr7", "@ptr8", "@ptr9", "@ptr10", "@ptr11", "@ptr12", "@ptr13", "@ptr14", "SL:TODO]", "IN:CREATE_REMINDER]"]}
{"loss": 1.3050217628479004, "class_log_probabilities": [-3.5282435417175293, -3.817819595336914, -4.240006446838379, -4.4690656661987305], "predictions": [49, 34, 397, 35, 36, 398, 399, 400, 401, 402, 403, 404, 405, 37, 50, 4, 4], "target_tokens": ["[IN:CREATE_REMINDER", "[SL:PERSON_REMINDED", "@ptr1", "@ptr2", "SL:PERSON_REMINDED]", "[SL:TODO", "@ptr4", "@ptr5", "@ptr6", "@ptr7", "@ptr8", "@ptr9", "@ptr10", "SL:TODO]", "IN:CREATE_REMINDER]"], "predicted_tokens": ["[IN:CREATE_REMINDER", "[SL:PERSON_REMINDED", "@ptr2", "SL:PERSON_REMINDED]", "[SL:TODO", "@ptr3", "@ptr4", "@ptr5", "@ptr6", "@ptr7", "@ptr8", "@ptr9", "@ptr10", "SL:TODO]", "IN:CREATE_REMINDER]"]}
{"loss": 1.2596979141235352, "class_log_probabilities": [-3.397552967071533, -4.075801849365234, -4.655849933624268, -6.961979389190674], "predictions": [49, 34, 397, 35, 36, 399, 400, 401, 402, 403, 404, 405, 406, 407, 408, 409, 411, 37, 50, 4, 4, 4, 4, 4, 4, 4, 4, 4, 4, 4], "target_tokens": ["[IN:CREATE_REMINDER", "[SL:PERSON_REMINDED", "@ptr2", "SL:PERSON_REMINDED]", "[SL:TODO", "@ptr4", "@ptr5", "@ptr6", "@ptr7", "@ptr8", "@ptr9", "@ptr10", "@ptr11", "@ptr12", "@ptr13", "@ptr14", "@ptr15", "@ptr16", "SL:TODO]", "IN:CREATE_REMINDER]"], "predicted_tokens": ["[IN:CREATE_REMINDER", "[SL:PERSON_REMINDED", "@ptr2", "SL:PERSON_REMINDED]", "[SL:TODO", "@ptr4", "@ptr5", "@ptr6", "@ptr7", "@ptr8", "@ptr9", "@ptr10", "@ptr11", "@ptr12", "@ptr13", "@ptr14", "@ptr16", "SL:TODO]", "IN:CREATE_REMINDER]"]}
{"loss": 1.406853199005127, "class_log_probabilities": [-4.8193793296813965, -5.004487037658691, -5.662263870239258, -6.526387691497803], "predictions": [49, 34, 396, 35, 36, 398, 399, 400, 401, 402, 403, 404, 405, 406, 407, 408, 409, 37, 16, 410, 17, 50, 4, 4, 4], "target_tokens": ["[IN:CREATE_REMINDER", "[SL:PERSON_REMINDED", "@ptr2", "SL:PERSON_REMINDED]", "[SL:TODO", "@ptr4", "@ptr5", "@ptr6", "@ptr7", "@ptr8", "@ptr9", "@ptr10", "@ptr11", "@ptr12", "@ptr13", "@ptr14", "SL:TODO]", "[SL:DATE_TIME", "@ptr15", "@ptr16", "SL:DATE_TIME]", "IN:CREATE_REMINDER]"], "predicted_tokens": ["[IN:CREATE_REMINDER", "[SL:PERSON_REMINDED", "@ptr1", "SL:PERSON_REMINDED]", "[SL:TODO", "@ptr3", "@ptr4", "@ptr5", "@ptr6", "@ptr7", "@ptr8", "@ptr9", "@ptr10", "@ptr11", "@ptr12", "@ptr13", "@ptr14", "SL:TODO]", "[SL:DATE_TIME", "@ptr15", "SL:DATE_TIME]", "IN:CREATE_REMINDER]"]}
{"loss": 2.042916774749756, "class_log_probabilities": [-7.144912242889404, -7.351334095001221, -7.40657377243042, -40.89225769042969], "predictions": [49, 34, 397, 35, 36, 399, 37, 36, 399, 400, 401, 402, 403, 404, 405, 406, 407, 408, 410, 17, 50, 4, 4, 4, 4, 4, 4, 4, 4, 4, 4, 4, 4, 4, 4, 4, 4, 4, 4, 4, 4, 4, 4, 4, 4, 4, 4, 4, 4, 4, 4, 4, 4, 4, 4, 4, 4, 4, 4, 4, 4, 4, 4, 4, 4, 4, 4, 4, 4, 4, 4, 4, 4, 4, 4, 4, 4, 4, 4, 4, 4, 4, 4, 4, 4, 4, 4, 4, 4, 4, 4, 4, 4, 4, 4, 4, 4, 4, 4, 4], "target_tokens": ["[IN:CREATE_REMINDER", "[SL:PERSON_REMINDED", "@ptr2", "SL:PERSON_REMINDED]", "[SL:TODO", "[IN:GET_TODO", "[SL:TODO", "@ptr4", "@ptr5", "@ptr6", "@ptr7", "@ptr8", "@ptr9", "@ptr10", "SL:TODO]", "[SL:DATE_TIME", "@ptr11", "@ptr12", "SL:DATE_TIME]", "[SL:TODO", "@ptr13", "@ptr14", "@ptr15", "@ptr16", "@ptr17", "@ptr18", "SL:TODO]", "IN:GET_TODO]", "SL:TODO]", "IN:CREATE_REMINDER]"], "predicted_tokens": ["[IN:CREATE_REMINDER", "[SL:PERSON_REMINDED", "@ptr2", "SL:PERSON_REMINDED]", "[SL:TODO", "@ptr4", "SL:TODO]", "[SL:TODO", "@ptr4", "@ptr5", "@ptr6", "@ptr7", "@ptr8", "@ptr9", "@ptr10", "@ptr11", "@ptr12", "@ptr13", "@ptr15", "SL:DATE_TIME]", "IN:CREATE_REMINDER]"]}
{"loss": 1.0713095664978027, "class_log_probabilities": [-1.3723934888839722, -2.0014986991882324, -2.6097097396850586, -3.040422201156616], "predictions": [49, 34, 397, 35, 36, 399, 400, 37, 16, 402, 403, 404, 17, 50, 4, 4], "target_tokens": ["[IN:CREATE_REMINDER", "[SL:PERSON_REMINDED", "@ptr2", "SL:PERSON_REMINDED]", "[SL:TODO", "@ptr4", "@ptr5", "@ptr6", "SL:TODO]", "[SL:DATE_TIME", "@ptr7", "@ptr8", "@ptr9", "SL:DATE_TIME]", "IN:CREATE_REMINDER]"], "predicted_tokens": ["[IN:CREATE_REMINDER", "[SL:PERSON_REMINDED", "@ptr2", "SL:PERSON_REMINDED]", "[SL:TODO", "@ptr4", "@ptr5", "SL:TODO]", "[SL:DATE_TIME", "@ptr7", "@ptr8", "@ptr9", "SL:DATE_TIME]", "IN:CREATE_REMINDER]"]}
{"loss": 1.8251192569732666, "class_log_probabilities": [-3.520475149154663, -3.5582916736602783, -4.145470142364502, -5.7738518714904785], "predictions": [49, 34, 397, 35, 36, 399, 400, 401, 402, 403, 404, 405, 37, 16, 407, 409, 17, 50, 4, 4, 4], "target_tokens": ["[IN:CREATE_REMINDER", "[SL:TODO", "@ptr4", "@ptr5", "@ptr6", "@ptr7", "@ptr8", "@ptr9", "@ptr10", "SL:TODO]", "[SL:DATE_TIME", "@ptr11", "@ptr12", "@ptr13", "@ptr14", "@ptr15", "SL:DATE_TIME]", "IN:CREATE_REMINDER]"], "predicted_tokens": ["[IN:CREATE_REMINDER", "[SL:PERSON_REMINDED", "@ptr2", "SL:PERSON_REMINDED]", "[SL:TODO", "@ptr4", "@ptr5", "@ptr6", "@ptr7", "@ptr8", "@ptr9", "@ptr10", "SL:TODO]", "[SL:DATE_TIME", "@ptr12", "@ptr14", "SL:DATE_TIME]", "IN:CREATE_REMINDER]"]}
{"loss": 1.0946204662322998, "class_log_probabilities": [-1.8619234561920166, -2.6474812030792236, -4.198050022125244, -4.431707859039307], "predictions": [49, 36, 75, 6, 399, 7, 78, 37, 16, 401, 402, 17, 50, 4, 4], "target_tokens": ["[IN:CREATE_REMINDER", "[SL:TODO", "[IN:CREATE_CALL", "[SL:CONTACT", "@ptr5", "SL:CONTACT]", "IN:CREATE_CALL]", "SL:TODO]", "[SL:DATE_TIME", "@ptr6", "@ptr7", "SL:DATE_TIME]", "IN:CREATE_REMINDER]"], "predicted_tokens": ["[IN:CREATE_REMINDER", "[SL:TODO", "[IN:CREATE_CALL", "[SL:CONTACT", "@ptr4", "SL:CONTACT]", "IN:CREATE_CALL]", "SL:TODO]", "[SL:DATE_TIME", "@ptr6", "@ptr7", "SL:DATE_TIME]", "IN:CREATE_REMINDER]"]}
{"loss": 0.9958449006080627, "class_log_probabilities": [-0.9046103358268738, -3.9695687294006348, -4.387974739074707, -4.496480464935303], "predictions": [47, 34, 397, 35, 16, 401, 402, 403, 404, 17, 48, 4], "target_tokens": ["[IN:GET_REMINDER", "[SL:PERSON_REMINDED", "@ptr2", "SL:PERSON_REMINDED]", "[SL:DATE_TIME", "@ptr6", "@ptr7", "@ptr8", "@ptr9", "SL:DATE_TIME]", "IN:GET_REMINDER]"], "predicted_tokens": ["[IN:GET_REMINDER", "[SL:PERSON_REMINDED", "@ptr2", "SL:PERSON_REMINDED]", "[SL:DATE_TIME", "@ptr6", "@ptr7", "@ptr8", "@ptr9", "SL:DATE_TIME]", "IN:GET_REMINDER]"]}
{"loss": 1.0951818227767944, "class_log_probabilities": [-1.7345898151397705, -1.818979263305664, -2.25329327583313, -3.845705509185791], "predictions": [49, 34, 397, 35, 36, 399, 400, 401, 37, 16, 403, 17, 50, 4, 4], "target_tokens": ["[IN:CREATE_REMINDER", "[SL:PERSON_REMINDED", "@ptr2", "SL:PERSON_REMINDED]", "[SL:TODO", "@ptr4", "@ptr5", "@ptr6", "SL:TODO]", "[SL:DATE_TIME", "@ptr7", "@ptr8", "SL:DATE_TIME]", "IN:CREATE_REMINDER]"], "predicted_tokens": ["[IN:CREATE_REMINDER", "[SL:PERSON_REMINDED", "@ptr2", "SL:PERSON_REMINDED]", "[SL:TODO", "@ptr4", "@ptr5", "@ptr6", "SL:TODO]", "[SL:DATE_TIME", "@ptr8", "SL:DATE_TIME]", "IN:CREATE_REMINDER]"]}
{"loss": 1.081816554069519, "class_log_probabilities": [-1.5020909309387207, -1.8081071376800537, -3.2495064735412598, -3.8563177585601807], "predictions": [49, 34, 397, 35, 36, 398, 399, 400, 401, 37, 50, 4], "target_tokens": ["[IN:CREATE_REMINDER", "[SL:PERSON_REMINDED", "@ptr2", "SL:PERSON_REMINDED]", "[SL:TODO", "@ptr4", "@ptr5", "@ptr6", "SL:TODO]", "IN:CREATE_REMINDER]"], "predicted_tokens": ["[IN:CREATE_REMINDER", "[SL:PERSON_REMINDED", "@ptr2", "SL:PERSON_REMINDED]", "[SL:TODO", "@ptr3", "@ptr4", "@ptr5", "@ptr6", "SL:TODO]", "IN:CREATE_REMINDER]"]}
{"loss": 1.449891448020935, "class_log_probabilities": [-3.2225265502929688, -3.5751888751983643, -3.793348550796509, -3.8352913856506348], "predictions": [49, 34, 397, 35, 36, 75, 6, 400, 7, 78, 37, 16, 401, 17, 50, 4, 4], "target_tokens": ["[IN:CREATE_REMINDER", "[SL:PERSON_REMINDED", "@ptr2", "SL:PERSON_REMINDED]", "[SL:TODO", "[IN:CREATE_CALL", "[SL:CONTACT", "[IN:GET_CONTACT", "[SL:TYPE_RELATION", "@ptr5", "SL:TYPE_RELATION]", "IN:GET_CONTACT]", "SL:CONTACT]", "IN:CREATE_CALL]", "SL:TODO]", "[SL:DATE_TIME", "@ptr6", "@ptr7", "SL:DATE_TIME]", "IN:CREATE_REMINDER]"], "predicted_tokens": ["[IN:CREATE_REMINDER", "[SL:PERSON_REMINDED", "@ptr2", "SL:PERSON_REMINDED]", "[SL:TODO", "[IN:CREATE_CALL", "[SL:CONTACT", "@ptr5", "SL:CONTACT]", "IN:CREATE_CALL]", "SL:TODO]", "[SL:DATE_TIME", "@ptr6", "SL:DATE_TIME]", "IN:CREATE_REMINDER]"]}
{"loss": 1.3128430843353271, "class_log_probabilities": [-2.7592499256134033, -3.759922504425049, -4.035186290740967, -4.612946033477783], "predictions": [49, 34, 398, 35, 36, 401, 402, 403, 404, 37, 16, 406, 17, 50, 4, 4, 4], "target_tokens": ["[IN:CREATE_REMINDER", "[SL:PERSON_REMINDED", "@ptr3", "SL:PERSON_REMINDED]", "[SL:TODO", "@ptr6", "@ptr7", "@ptr8", "SL:TODO]", "[SL:DATE_TIME", "@ptr9", "@ptr10", "@ptr11", "SL:DATE_TIME]", "IN:CREATE_REMINDER]"], "predicted_tokens": ["[IN:CREATE_REMINDER", "[SL:PERSON_REMINDED", "@ptr3", "SL:PERSON_REMINDED]", "[SL:TODO", "@ptr6", "@ptr7", "@ptr8", "@ptr9", "SL:TODO]", "[SL:DATE_TIME", "@ptr11", "SL:DATE_TIME]", "IN:CREATE_REMINDER]"]}
{"loss": 1.7813981771469116, "class_log_probabilities": [-2.235895872116089, -2.3651773929595947, -2.7594518661499023, -3.2129387855529785], "predictions": [49, 34, 397, 35, 36, 399, 400, 401, 402, 403, 404, 405, 37, 16, 407, 17, 50, 4, 4, 4], "target_tokens": ["[IN:CREATE_REMINDER", "[SL:PERSON_REMINDED", "@ptr2", "SL:PERSON_REMINDED]", "[SL:TODO", "@ptr5", "@ptr6", "@ptr7", "@ptr8", "@ptr9", "@ptr10", "SL:TODO]", "[SL:DATE_TIME", "@ptr11", "@ptr12", "SL:DATE_TIME]", "IN:CREATE_REMINDER]"], "predicted_tokens": ["[IN:CREATE_REMINDER", "[SL:PERSON_REMINDED", "@ptr2", "SL:PERSON_REMINDED]", "[SL:TODO", "@ptr4", "@ptr5", "@ptr6", "@ptr7", "@ptr8", "@ptr9", "@ptr10", "SL:TODO]", "[SL:DATE_TIME", "@ptr12", "SL:DATE_TIME]", "IN:CREATE_REMINDER]"]}
{"loss": 1.5862267017364502, "class_log_probabilities": [-1.9115588665008545, -1.9624850749969482, -3.2199079990386963, -4.4769134521484375], "predictions": [49, 34, 397, 35, 36, 399, 400, 401, 402, 403, 404, 405, 37, 16, 406, 17, 50, 4, 4, 4], "target_tokens": ["[IN:CREATE_REMINDER", "[SL:PERSON_REMINDED", "@ptr2", "SL:PERSON_REMINDED]", "[SL:TODO", "@ptr4", "@ptr5", "@ptr6", "@ptr7", "@ptr8", "@ptr9", "SL:TODO]", "[SL:DATE_TIME", "@ptr10", "@ptr11", "SL:DATE_TIME]", "IN:CREATE_REMINDER]"], "predicted_tokens": ["[IN:CREATE_REMINDER", "[SL:PERSON_REMINDED", "@ptr2", "SL:PERSON_REMINDED]", "[SL:TODO", "@ptr4", "@ptr5", "@ptr6", "@ptr7", "@ptr8", "@ptr9", "@ptr10", "SL:TODO]", "[SL:DATE_TIME", "@ptr11", "SL:DATE_TIME]", "IN:CREATE_REMINDER]"]}
{"loss": 1.119583010673523, "class_log_probabilities": [-0.8287657499313354, -2.534879207611084, -4.49008321762085, -6.051558971405029], "predictions": [47, 34, 397, 35, 16, 400, 401, 17, 48, 4, 4, 4], "target_tokens": ["[IN:GET_REMINDER", "[SL:PERSON_REMINDED", "@ptr2", "SL:PERSON_REMINDED]", "[SL:DATE_TIME", "@ptr4", "@ptr5", "@ptr6", "SL:DATE_TIME]", "IN:GET_REMINDER]"], "predicted_tokens": ["[IN:GET_REMINDER", "[SL:PERSON_REMINDED", "@ptr2", "SL:PERSON_REMINDED]", "[SL:DATE_TIME", "@ptr5", "@ptr6", "SL:DATE_TIME]", "IN:GET_REMINDER]"]}
{"loss": 1.5619372129440308, "class_log_probabilities": [-2.281827926635742, -2.885242462158203, -3.653262138366699, -5.4651923179626465], "predictions": [49, 34, 397, 35, 36, 399, 400, 401, 402, 403, 404, 405, 406, 407, 408, 409, 410, 37, 50, 4, 4, 4, 4], "target_tokens": ["[IN:CREATE_REMINDER", "[SL:PERSON_REMINDED", "@ptr2", "SL:PERSON_REMINDED]", "[SL:TODO", "@ptr4", "@ptr5", "@ptr6", "@ptr7", "@ptr8", "@ptr9", "@ptr10", "@ptr11", "@ptr12", "@ptr13", "@ptr14", "@ptr15", "@ptr16", "SL:TODO]", "IN:CREATE_REMINDER]"], "predicted_tokens": ["[IN:CREATE_REMINDER", "[SL:PERSON_REMINDED", "@ptr2", "SL:PERSON_REMINDED]", "[SL:TODO", "@ptr4", "@ptr5", "@ptr6", "@ptr7", "@ptr8", "@ptr9", "@ptr10", "@ptr11", "@ptr12", "@ptr13", "@ptr14", "@ptr15", "SL:TODO]", "IN:CREATE_REMINDER]"]}
{"loss": 1.7741987705230713, "class_log_probabilities": [-4.731626987457275, -5.689076900482178, -5.884267807006836, -5.887695789337158], "predictions": [49, 36, 143, 36, 399, 400, 37, 36, 75, 6, 402, 7, 144, 37, 16, 403, 404, 405, 406, 407, 408, 17, 50, 4], "target_tokens": ["[IN:CREATE_REMINDER", "[SL:TODO", "[IN:GET_TODO", "[SL:TODO", "@ptr5", "SL:TODO]", "[SL:ATTENDEE", "@ptr7", "SL:ATTENDEE]", "IN:GET_TODO]", "SL:TODO]", "[SL:DATE_TIME", "@ptr8", "@ptr9", "@ptr10", "@ptr11", "@ptr12", "@ptr13", "SL:DATE_TIME]", "IN:CREATE_REMINDER]"], "predicted_tokens": ["[IN:CREATE_REMINDER", "[SL:TODO", "[IN:GET_TODO", "[SL:TODO", "@ptr4", "@ptr5", "SL:TODO]", "[SL:TODO", "[IN:CREATE_CALL", "[SL:CONTACT", "@ptr7", "SL:CONTACT]", "IN:GET_TODO]", "SL:TODO]", "[SL:DATE_TIME", "@ptr8", "@ptr9", "@ptr10", "@ptr11", "@ptr12", "@ptr13", "SL:DATE_TIME]", "IN:CREATE_REMINDER]"]}
{"loss": 1.1624901294708252, "class_log_probabilities": [-2.2051098346710205, -2.4746224880218506, -3.9006099700927734, -4.010605812072754], "predictions": [49, 34, 397, 35, 36, 399, 400, 401, 402, 37, 16, 402, 17, 50, 4, 4], "target_tokens": ["[IN:CREATE_REMINDER", "[SL:PERSON_REMINDED", "@ptr2", "SL:PERSON_REMINDED]", "[SL:TODO", "@ptr4", "@ptr5", "@ptr6", "SL:TODO]", "[SL:DATE_TIME", "@ptr7", "@ptr8", "SL:DATE_TIME]", "IN:CREATE_REMINDER]"], "predicted_tokens": ["[IN:CREATE_REMINDER", "[SL:PERSON_REMINDED", "@ptr2", "SL:PERSON_REMINDED]", "[SL:TODO", "@ptr4", "@ptr5", "@ptr6", "@ptr7", "SL:TODO]", "[SL:DATE_TIME", "@ptr7", "SL:DATE_TIME]", "IN:CREATE_REMINDER]"]}
{"loss": 1.7897614240646362, "class_log_probabilities": [-3.2487714290618896, -3.7113332748413086, -4.586942195892334, -5.14286470413208], "predictions": [49, 34, 397, 35, 16, 398, 399, 400, 17, 36, 402, 403, 404, 405, 406, 407, 37, 50, 4, 4, 4, 4], "target_tokens": ["[IN:CREATE_REMINDER", "[SL:PERSON_REMINDED", "@ptr2", "SL:PERSON_REMINDED]", "[SL:DATE_TIME", "@ptr3", "@ptr4", "@ptr5", "SL:DATE_TIME]", "[SL:TODO", "[IN:GET_TODO", "[SL:TODO", "@ptr7", "@ptr8", "@ptr9", "@ptr10", "@ptr11", "@ptr12", "@ptr13", "SL:TODO]", "[SL:DATE_TIME", "@ptr14", "@ptr15", "@ptr16", "@ptr17", "@ptr18", "SL:DATE_TIME]", "IN:GET_TODO]", "SL:TODO]", "IN:CREATE_REMINDER]"], "predicted_tokens": ["[IN:CREATE_REMINDER", "[SL:PERSON_REMINDED", "@ptr2", "SL:PERSON_REMINDED]", "[SL:DATE_TIME", "@ptr3", "@ptr4", "@ptr5", "SL:DATE_TIME]", "[SL:TODO", "@ptr7", "@ptr8", "@ptr9", "@ptr10", "@ptr11", "@ptr12", "SL:TODO]", "IN:CREATE_REMINDER]"]}
{"loss": 1.9036619663238525, "class_log_probabilities": [-1.2717044353485107, -4.237584114074707, -4.550175666809082, -48.118675231933594], "predictions": [49, 16, 398, 399, 400, 17, 36, 401, 402, 37, 16, 404, 17, 50, 4, 4, 4, 4, 4, 4, 4, 4, 4, 4, 4, 4, 4, 4, 4, 4, 4, 4, 4, 4, 4, 4, 4, 4, 4, 4, 4, 4, 4, 4, 4, 4, 4, 4, 4, 4, 4, 4, 4, 4, 4, 4, 4, 4, 4, 4, 4, 4, 4, 4, 4, 4, 4, 4, 4, 4, 4, 4, 4, 4, 4, 4, 4, 4, 4, 4, 4, 4, 4, 4, 4, 4, 4, 4, 4, 4, 4, 4, 4, 4, 4, 4, 4, 4, 4, 4], "target_tokens": ["[IN:CREATE_REMINDER", "[SL:DATE_TIME", "@ptr3", "@ptr4", "@ptr5", "SL:DATE_TIME]", "[SL:TODO", "[IN:GET_TODO", "[SL:TODO", "@ptr6", "@ptr7", "SL:TODO]", "[SL:DATE_TIME", "@ptr8", "@ptr9", "SL:DATE_TIME]", "IN:GET_TODO]", "SL:TODO]", "IN:CREATE_REMINDER]"], "predicted_tokens": ["[IN:CREATE_REMINDER", "[SL:DATE_TIME", "@ptr3", "@ptr4", "@ptr5", "SL:DATE_TIME]", "[SL:TODO", "@ptr6", "@ptr7", "SL:TODO]", "[SL:DATE_TIME", "@ptr9", "SL:DATE_TIME]", "IN:CREATE_REMINDER]"]}
{"loss": 2.0994861125946045, "class_log_probabilities": [-2.8395886421203613, -3.5105347633361816, -3.844587802886963, -4.693470478057861], "predictions": [297, 103, 397, 104, 206, 400, 401, 402, 403, 207, 298, 4], "target_tokens": ["[IN:PLAY_MUSIC", "[SL:MUSIC_PROVIDER_NAME", "@ptr2", "SL:MUSIC_PROVIDER_NAME]", "[SL:MUSIC_TRACK_TITLE", "@ptr5", "@ptr6", "@ptr7", "@ptr8", "SL:MUSIC_TRACK_TITLE]", "IN:PLAY_MUSIC]"], "predicted_tokens": ["[IN:STOP_MUSIC", "[SL:MUSIC_PROVIDER_NAME", "@ptr2", "SL:MUSIC_PROVIDER_NAME]", "[SL:MUSIC_ALBUM_TITLE", "@ptr5", "@ptr6", "@ptr7", "@ptr8", "SL:MUSIC_ALBUM_TITLE]", "IN:STOP_MUSIC]"]}
{"loss": 1.7883096933364868, "class_log_probabilities": [-3.556166172027588, -3.9985311031341553, -4.105386734008789, -4.159862518310547], "predictions": [75, 6, 70, 71, 400, 72, 6, 403, 7, 6, 406, 7, 73, 7, 78, 4], "target_tokens": ["[IN:CREATE_CALL", "[SL:CONTACT", "[IN:GET_CONTACT", "[SL:TYPE_RELATION", "@ptr5", "SL:TYPE_RELATION]", "IN:GET_CONTACT]", "SL:CONTACT]", "[SL:CONTACT", "@ptr7", "SL:CONTACT]", "[SL:CONTACT", "@ptr9", "SL:CONTACT]", "IN:CREATE_CALL]"], "predicted_tokens": ["[IN:CREATE_CALL", "[SL:CONTACT", "[IN:GET_CONTACT", "[SL:TYPE_RELATION", "@ptr5", "SL:TYPE_RELATION]", "[SL:CONTACT", "@ptr8", "SL:CONTACT]", "[SL:CONTACT", "@ptr11", "SL:CONTACT]", "IN:GET_CONTACT]", "SL:CONTACT]", "IN:CREATE_CALL]"]}
{"loss": 0.9997361302375793, "class_log_probabilities": [-0.1256776750087738, -7.462603569030762, -8.109689712524414, -8.245835304260254], "predictions": [245, 246, 4], "target_tokens": ["[IN:UPDATE_METHOD_CALL", "IN:UPDATE_METHOD_CALL]"], "predicted_tokens": ["[IN:UPDATE_METHOD_CALL", "IN:UPDATE_METHOD_CALL]"]}
{"loss": 4.452247142791748, "class_log_probabilities": [-0.1544514298439026, -7.720693588256836, -7.784003734588623, -11.328594207763672], "predictions": [95, 96, 4, 4, 4, 4], "target_tokens": ["[IN:END_CALL", "IN:END_CALL]"], "predicted_tokens": ["[IN:IGNORE_CALL", "IN:IGNORE_CALL]"]}
{"loss": 0.970947802066803, "class_log_probabilities": [-0.6755509376525879, -7.473361492156982, -7.627588748931885, -7.758103370666504], "predictions": [75, 6, 70, 93, 396, 94, 71, 397, 72, 73, 7, 78, 4, 4, 4, 4], "target_tokens": ["[IN:CREATE_CALL", "[SL:CONTACT", "[IN:GET_CONTACT", "[SL:CONTACT_RELATED", "@ptr1", "SL:CONTACT_RELATED]", "[SL:TYPE_RELATION", "@ptr2", "SL:TYPE_RELATION]", "IN:GET_CONTACT]", "SL:CONTACT]", "IN:CREATE_CALL]"], "predicted_tokens": ["[IN:CREATE_CALL", "[SL:CONTACT", "[IN:GET_CONTACT", "[SL:CONTACT_RELATED", "@ptr1", "SL:CONTACT_RELATED]", "[SL:TYPE_RELATION", "@ptr2", "SL:TYPE_RELATION]", "IN:GET_CONTACT]", "SL:CONTACT]", "IN:CREATE_CALL]"]}
{"loss": 1.0055758953094482, "class_log_probabilities": [-0.428474485874176, -4.381442070007324, -5.063146114349365, -5.350815296173096], "predictions": [95, 96, 4], "target_tokens": ["[IN:IGNORE_CALL", "IN:IGNORE_CALL]"], "predicted_tokens": ["[IN:IGNORE_CALL", "IN:IGNORE_CALL]"]}
{"loss": 1.477195382118225, "class_log_probabilities": [-0.717484712600708, -5.489232540130615, -5.595791339874268, -5.908497333526611], "predictions": [95, 16, 400, 401, 402, 403, 17, 96, 4, 4], "target_tokens": ["[IN:IGNORE_CALL", "[SL:DATE_TIME", "@ptr4", "@ptr5", "@ptr6", "@ptr7", "@ptr8", "SL:DATE_TIME]", "IN:IGNORE_CALL]"], "predicted_tokens": ["[IN:IGNORE_CALL", "[SL:DATE_TIME", "@ptr5", "@ptr6", "@ptr7", "@ptr8", "SL:DATE_TIME]", "IN:IGNORE_CALL]"]}
{"loss": 3.1389076709747314, "class_log_probabilities": [-1.643607258796692, -4.8934197425842285, -4.981030464172363, -6.555222988128662], "predictions": [49, 34, 396, 35, 36, 399, 400, 401, 37, 50, 4, 4, 4], "target_tokens": ["[IN:CREATE_CALL", "[SL:CONTACT", "@ptr1", "SL:CONTACT]", "IN:CREATE_CALL]"], "predicted_tokens": ["[IN:CREATE_REMINDER", "[SL:PERSON_REMINDED", "@ptr1", "SL:PERSON_REMINDED]", "[SL:TODO", "@ptr4", "@ptr5", "@ptr6", "SL:TODO]", "IN:CREATE_REMINDER]"]}
{"loss": 1.417298674583435, "class_log_probabilities": [-0.45611587166786194, -3.290374755859375, -5.856295108795166, -6.309467315673828], "predictions": [95, 16, 399, 17, 96, 4], "target_tokens": ["[IN:IGNORE_CALL", "[SL:DATE_TIME", "@ptr3", "SL:DATE_TIME]", "IN:IGNORE_CALL]"], "predicted_tokens": ["[IN:IGNORE_CALL", "[SL:DATE_TIME", "@ptr4", "SL:DATE_TIME]", "IN:IGNORE_CALL]"]}
{"loss": 1.9367563724517822, "class_log_probabilities": [-0.8187249302864075, -3.2863614559173584, -3.4173595905303955, -3.4186370372772217], "predictions": [107, 108, 396, 109, 108, 402, 109, 110, 4], "target_tokens": ["[IN:UPDATE_CALL", "[SL:CONTACT_ADDED", "@ptr1", "SL:CONTACT_ADDED]", "[SL:CONTACT", "@ptr6", "SL:CONTACT]", "IN:UPDATE_CALL]"], "predicted_tokens": ["[IN:UPDATE_CALL", "[SL:CONTACT_ADDED", "@ptr1", "SL:CONTACT_ADDED]", "[SL:CONTACT_ADDED", "@ptr7", "SL:CONTACT_ADDED]", "IN:UPDATE_CALL]"]}
{"loss": 0.9879080653190613, "class_log_probabilities": [-0.7358128428459167, -4.660004615783691, -4.883550643920898, -6.400094985961914], "predictions": [75, 6, 396, 7, 78, 4, 4, 4], "target_tokens": ["[IN:CREATE_CALL", "[SL:CONTACT", "@ptr1", "SL:CONTACT]", "IN:CREATE_CALL]"], "predicted_tokens": ["[IN:CREATE_CALL", "[SL:CONTACT", "@ptr1", "SL:CONTACT]", "IN:CREATE_CALL]"]}
{"loss": 1.3274644613265991, "class_log_probabilities": [-3.2405881881713867, -3.494810104370117, -4.477205276489258, -4.549319267272949], "predictions": [367, 64, 403, 65, 368, 4, 4, 4, 4], "target_tokens": ["[IN:GET_LYRICS_MUSIC", "[SL:MUSIC_TYPE", "@ptr8", "SL:MUSIC_TYPE]", "IN:GET_LYRICS_MUSIC]"], "predicted_tokens": ["[IN:GET_LYRICS_MUSIC", "[SL:MUSIC_TYPE", "@ptr8", "SL:MUSIC_TYPE]", "IN:GET_LYRICS_MUSIC]"]}
{"loss": 1.9496732950210571, "class_log_probabilities": [-2.25030517578125, -3.343693256378174, -3.805204391479492, -5.023871898651123], "predictions": [217, 103, 407, 218, 4, 4, 4, 4, 4], "target_tokens": ["[IN:GET_TRACK_INFO_MUSIC", "[SL:MUSIC_PROVIDER_NAME", "@ptr11", "SL:MUSIC_PROVIDER_NAME]", "IN:GET_TRACK_INFO_MUSIC]"], "predicted_tokens": ["[IN:GET_TRACK_INFO_MUSIC", "[SL:MUSIC_PROVIDER_NAME", "@ptr12", "IN:GET_TRACK_INFO_MUSIC]"]}
{"loss": 1.0735355615615845, "class_log_probabilities": [-2.2701385021209717, -3.1179752349853516, -4.145596981048584, -4.725799083709717], "predictions": [61, 83, 399, 84, 14, 401, 15, 16, 402, 17, 62, 4, 4, 4, 4], "target_tokens": ["[IN:GET_EVENT", "[SL:CATEGORY_EVENT", "@ptr4", "SL:CATEGORY_EVENT]", "[SL:LOCATION", "@ptr6", "SL:LOCATION]", "[SL:DATE_TIME", "@ptr7", "SL:DATE_TIME]", "IN:GET_EVENT]"], "predicted_tokens": ["[IN:GET_EVENT", "[SL:CATEGORY_EVENT", "@ptr4", "SL:CATEGORY_EVENT]", "[SL:LOCATION", "@ptr6", "SL:LOCATION]", "[SL:DATE_TIME", "@ptr7", "SL:DATE_TIME]", "IN:GET_EVENT]"]}
{"loss": 1.690613865852356, "class_log_probabilities": [-3.8540070056915283, -3.9365885257720947, -5.652419090270996, -5.703531742095947], "predictions": [61, 83, 402, 84, 16, 404, 406, 17, 14, 408, 15, 62, 4, 4], "target_tokens": ["[IN:GET_EVENT", "[SL:CATEGORY_EVENT", "@ptr8", "SL:CATEGORY_EVENT]", "[SL:DATE_TIME", "@ptr9", "@ptr10", "@ptr11", "@ptr12", "SL:DATE_TIME]", "[SL:LOCATION", "@ptr14", "SL:LOCATION]", "IN:GET_EVENT]"], "predicted_tokens": ["[IN:GET_EVENT", "[SL:CATEGORY_EVENT", "@ptr7", "SL:CATEGORY_EVENT]", "[SL:DATE_TIME", "@ptr9", "@ptr11", "SL:DATE_TIME]", "[SL:LOCATION", "@ptr13", "SL:LOCATION]", "IN:GET_EVENT]"]}
{"loss": 1.9013968706130981, "class_log_probabilities": [-2.202688455581665, -3.055687427520752, -3.7956457138061523, -8.34658145904541], "predictions": [61, 14, 408, 15, 16, 409, 17, 62, 4, 4, 4, 4, 4, 4, 4, 4, 4, 4], "target_tokens": ["[IN:GET_EVENT", "[SL:LOCATION", "@ptr12", "SL:LOCATION]", "[SL:DATE_TIME", "@ptr13", "SL:DATE_TIME]", "IN:GET_EVENT]"], "predicted_tokens": ["[IN:GET_EVENT", "[SL:LOCATION", "@ptr13", "SL:LOCATION]", "[SL:DATE_TIME", "@ptr14", "SL:DATE_TIME]", "IN:GET_EVENT]"]}
{"loss": 2.0164554119110107, "class_log_probabilities": [-5.132201671600342, -5.977776050567627, -23.022178649902344, -24.855934143066406], "predictions": [61, 83, 402, 403, 84, 16, 405, 407, 17, 14, 409, 15, 62, 4, 4, 4, 4, 4, 4, 4, 4, 4, 4, 4, 4, 4, 4, 4, 4, 4, 4, 4, 4, 4, 4, 4, 4, 4, 4, 4, 4, 4, 4, 4, 4, 4, 4, 4, 4, 4, 4, 4, 4, 4, 4, 4, 4, 4, 4, 4, 4, 4, 4, 4, 4, 4, 4, 4, 4, 4, 4, 4, 4, 4, 4, 4, 4, 4, 4, 4, 4, 4, 4, 4, 4, 4, 4, 4, 4, 4, 4, 4, 4, 4, 4, 4, 4, 4, 4, 4], "target_tokens": ["[IN:GET_EVENT", "[SL:CATEGORY_EVENT", "@ptr8", "@ptr9", "SL:CATEGORY_EVENT]", "[SL:LOCATION", "@ptr13", "SL:LOCATION]", "[SL:DATE_TIME", "@ptr10", "@ptr11", "SL:DATE_TIME]", "IN:GET_EVENT]"], "predicted_tokens": ["[IN:GET_EVENT", "[SL:CATEGORY_EVENT", "@ptr7", "@ptr8", "SL:CATEGORY_EVENT]", "[SL:DATE_TIME", "@ptr10", "@ptr12", "SL:DATE_TIME]", "[SL:LOCATION", "@ptr14", "SL:LOCATION]", "IN:GET_EVENT]"]}
{"loss": 1.0128952264785767, "class_log_probabilities": [-1.2850068807601929, -1.8657227754592896, -3.4389045238494873, -3.7446227073669434], "predictions": [61, 14, 401, 402, 15, 16, 403, 404, 17, 62, 4], "target_tokens": ["[IN:GET_EVENT", "[SL:LOCATION", "@ptr6", "@ptr7", "SL:LOCATION]", "[SL:DATE_TIME", "@ptr8", "@ptr9", "SL:DATE_TIME]", "IN:GET_EVENT]"], "predicted_tokens": ["[IN:GET_EVENT", "[SL:LOCATION", "@ptr6", "@ptr7", "SL:LOCATION]", "[SL:DATE_TIME", "@ptr8", "@ptr9", "SL:DATE_TIME]", "IN:GET_EVENT]"]}
{"loss": 1.1300880908966064, "class_log_probabilities": [-1.3136416673660278, -1.7170979976654053, -2.4835262298583984, -3.88169264793396], "predictions": [61, 14, 403, 15, 16, 404, 405, 406, 17, 62, 4, 4], "target_tokens": ["[IN:GET_EVENT", "[SL:LOCATION", "@ptr8", "SL:LOCATION]", "[SL:DATE_TIME", "@ptr9", "@ptr10", "@ptr11", "@ptr12", "SL:DATE_TIME]", "IN:GET_EVENT]"], "predicted_tokens": ["[IN:GET_EVENT", "[SL:LOCATION", "@ptr8", "SL:LOCATION]", "[SL:DATE_TIME", "@ptr9", "@ptr10", "@ptr11", "SL:DATE_TIME]", "IN:GET_EVENT]"]}
{"loss": 0.9637402296066284, "class_log_probabilities": [-0.7052084803581238, -7.179895877838135, -7.245554447174072, -7.40451192855835], "predictions": [61, 83, 395, 84, 16, 397, 398, 17, 62, 4, 4, 4], "target_tokens": ["[IN:GET_EVENT", "[SL:CATEGORY_EVENT", "@ptr0", "SL:CATEGORY_EVENT]", "[SL:DATE_TIME", "@ptr2", "@ptr3", "SL:DATE_TIME]", "IN:GET_EVENT]"], "predicted_tokens": ["[IN:GET_EVENT", "[SL:CATEGORY_EVENT", "@ptr0", "SL:CATEGORY_EVENT]", "[SL:DATE_TIME", "@ptr2", "@ptr3", "SL:DATE_TIME]", "IN:GET_EVENT]"]}
{"loss": 1.4249918460845947, "class_log_probabilities": [-2.2226483821868896, -3.130410671234131, -3.743558168411255, -73.95401000976562], "predictions": [61, 16, 405, 17, 62, 4, 4, 4, 4, 4, 4, 4, 4, 4, 4, 4, 4, 4, 4, 4, 4, 4, 4, 4, 4, 4, 4, 4, 4, 4, 4, 4, 4, 4, 4, 4, 4, 4, 4, 4, 4, 4, 4, 4, 4, 4, 4, 4, 4, 4, 4, 4, 4, 4, 4, 4, 4, 4, 4, 4, 4, 4, 4, 4, 4, 4, 4, 4, 4, 4, 4, 4, 4, 4, 4, 4, 4, 4, 4, 4, 4, 4, 4, 4, 4, 4, 4, 4, 4, 4, 4, 4, 4, 4, 4, 4, 4, 4, 4, 4], "target_tokens": ["[IN:GET_EVENT", "[SL:DATE_TIME", "@ptr11", "@ptr12", "SL:DATE_TIME]", "IN:GET_EVENT]"], "predicted_tokens": ["[IN:GET_EVENT", "[SL:DATE_TIME", "@ptr10", "SL:DATE_TIME]", "IN:GET_EVENT]"]}
{"loss": 0.9664887189865112, "class_log_probabilities": [-0.4995674788951874, -4.639211177825928, -5.872978210449219, -7.320635795593262], "predictions": [61, 16, 402, 403, 17, 62, 4, 4], "target_tokens": ["[IN:GET_EVENT", "[SL:DATE_TIME", "@ptr7", "@ptr8", "SL:DATE_TIME]", "IN:GET_EVENT]"], "predicted_tokens": ["[IN:GET_EVENT", "[SL:DATE_TIME", "@ptr7", "@ptr8", "SL:DATE_TIME]", "IN:GET_EVENT]"]}
{"loss": 1.851533055305481, "class_log_probabilities": [-2.75701904296875, -2.9443697929382324, -5.467312812805176, -56.885047912597656], "predictions": [61, 16, 405, 407, 17, 14, 409, 15, 62, 4, 4, 4, 4, 4, 4, 4, 4, 4, 4, 4, 4, 4, 4, 4, 4, 4, 4, 4, 4, 4, 4, 4, 4, 4, 4, 4, 4, 4, 4, 4, 4, 4, 4, 4, 4, 4, 4, 4, 4, 4, 4, 4, 4, 4, 4, 4, 4, 4, 4, 4, 4, 4, 4, 4, 4, 4, 4, 4, 4, 4, 4, 4, 4, 4, 4, 4, 4, 4, 4, 4, 4, 4, 4, 4, 4, 4, 4, 4, 4, 4, 4, 4, 4, 4, 4, 4, 4, 4, 4, 4], "target_tokens": ["[IN:GET_EVENT", "[SL:DATE_TIME", "@ptr10", "@ptr11", "SL:DATE_TIME]", "[SL:LOCATION", "@ptr13", "@ptr14", "SL:LOCATION]", "IN:GET_EVENT]"], "predicted_tokens": ["[IN:GET_EVENT", "[SL:DATE_TIME", "@ptr10", "@ptr12", "SL:DATE_TIME]", "[SL:LOCATION", "@ptr14", "SL:LOCATION]", "IN:GET_EVENT]"]}
{"loss": 1.2451239824295044, "class_log_probabilities": [-1.9948797225952148, -2.6407856941223145, -3.41721773147583, -3.819732427597046], "predictions": [61, 83, 403, 84, 16, 404, 405, 406, 407, 17, 62, 4, 4], "target_tokens": ["[IN:GET_EVENT", "[SL:CATEGORY_EVENT", "@ptr8", "SL:CATEGORY_EVENT]", "[SL:DATE_TIME", "@ptr9", "@ptr10", "@ptr11", "@ptr12", "@ptr13", "@ptr14", "SL:DATE_TIME]", "IN:GET_EVENT]"], "predicted_tokens": ["[IN:GET_EVENT", "[SL:CATEGORY_EVENT", "@ptr8", "SL:CATEGORY_EVENT]", "[SL:DATE_TIME", "@ptr9", "@ptr10", "@ptr11", "@ptr12", "SL:DATE_TIME]", "IN:GET_EVENT]"]}
{"loss": 2.128021240234375, "class_log_probabilities": [-0.9809520840644836, -2.395148754119873, -4.677464008331299, -5.780171871185303], "predictions": [61, 14, 397, 398, 399, 15, 16, 400, 401, 402, 17, 62, 4], "target_tokens": ["[IN:GET_EVENT", "[SL:LOCATION", "@ptr2", "@ptr3", "SL:LOCATION]", "[SL:DATE_TIME", "@ptr4", "@ptr5", "@ptr6", "@ptr7", "SL:DATE_TIME]", "IN:GET_EVENT]"], "predicted_tokens": ["[IN:GET_EVENT", "[SL:LOCATION", "@ptr2", "@ptr3", "@ptr4", "SL:LOCATION]", "[SL:DATE_TIME", "@ptr5", "@ptr6", "@ptr7", "SL:DATE_TIME]", "IN:GET_EVENT]"]}
{"loss": 0.9616498947143555, "class_log_probabilities": [-0.42806684970855713, -5.621286869049072, -6.880778789520264, -7.15983247756958], "predictions": [61, 16, 398, 399, 17, 62, 4], "target_tokens": ["[IN:GET_EVENT", "[SL:DATE_TIME", "@ptr3", "@ptr4", "SL:DATE_TIME]", "IN:GET_EVENT]"], "predicted_tokens": ["[IN:GET_EVENT", "[SL:DATE_TIME", "@ptr3", "@ptr4", "SL:DATE_TIME]", "IN:GET_EVENT]"]}
{"loss": 2.4318528175354004, "class_log_probabilities": [-0.8482943773269653, -4.63766622543335, -5.310674667358398, -5.503713130950928], "predictions": [70, 71, 398, 72, 6, 400, 401, 402, 7, 73, 4], "target_tokens": ["[IN:GET_CONTACT", "[SL:CONTACT", "@ptr5", "@ptr6", "@ptr7", "SL:CONTACT]", "[SL:TYPE_RELATION", "@ptr3", "SL:TYPE_RELATION]", "IN:GET_CONTACT]"], "predicted_tokens": ["[IN:GET_CONTACT", "[SL:TYPE_RELATION", "@ptr3", "SL:TYPE_RELATION]", "[SL:CONTACT", "@ptr5", "@ptr6", "@ptr7", "SL:CONTACT]", "IN:GET_CONTACT]"]}
{"loss": 2.6381423473358154, "class_log_probabilities": [-0.7816362380981445, -4.611921310424805, -5.025842666625977, -5.7761406898498535], "predictions": [63, 64, 397, 65, 103, 400, 104, 68, 4], "target_tokens": ["[IN:PLAY_MUSIC", "[SL:MUSIC_RADIO_ID", "@ptr3", "SL:MUSIC_RADIO_ID]", "[SL:MUSIC_TYPE", "@ptr2", "SL:MUSIC_TYPE]", "[SL:MUSIC_PROVIDER_NAME", "@ptr5", "SL:MUSIC_PROVIDER_NAME]", "IN:PLAY_MUSIC]"], "predicted_tokens": ["[IN:PLAY_MUSIC", "[SL:MUSIC_TYPE", "@ptr2", "SL:MUSIC_TYPE]", "[SL:MUSIC_PROVIDER_NAME", "@ptr5", "SL:MUSIC_PROVIDER_NAME]", "IN:PLAY_MUSIC]"]}
{"loss": 1.2636774778366089, "class_log_probabilities": [-0.7013835906982422, -4.439684867858887, -5.701755046844482, -5.843569755554199], "predictions": [89, 90, 398, 91, 16, 400, 401, 17, 92, 4, 4], "target_tokens": ["[IN:CREATE_TIMER", "[SL:METHOD_TIMER", "@ptr3", "SL:METHOD_TIMER]", "[SL:DATE_TIME", "@ptr4", "@ptr5", "@ptr6", "SL:DATE_TIME]", "IN:CREATE_TIMER]"], "predicted_tokens": ["[IN:CREATE_TIMER", "[SL:METHOD_TIMER", "@ptr3", "SL:METHOD_TIMER]", "[SL:DATE_TIME", "@ptr5", "@ptr6", "SL:DATE_TIME]", "IN:CREATE_TIMER]"]}
{"loss": 1.9039568901062012, "class_log_probabilities": [-0.8266075849533081, -3.430389881134033, -4.26002836227417, -4.290050506591797], "predictions": [193, 6, 400, 7, 138, 405, 139, 196, 4, 4, 4, 4], "target_tokens": ["[IN:GET_EMPLOYMENT_TIME", "[SL:CONTACT", "@ptr5", "SL:CONTACT]", "[SL:EMPLOYER", "@ptr11", "SL:EMPLOYER]", "IN:GET_EMPLOYMENT_TIME]"], "predicted_tokens": ["[IN:GET_EMPLOYMENT_TIME", "[SL:CONTACT", "@ptr5", "SL:CONTACT]", "[SL:EMPLOYER", "@ptr10", "SL:EMPLOYER]", "IN:GET_EMPLOYMENT_TIME]"]}
{"loss": 1.772394061088562, "class_log_probabilities": [-2.065837860107422, -3.0481960773468018, -3.42619252204895, -35.26142883300781], "predictions": [193, 6, 396, 7, 138, 405, 139, 196, 4, 4, 4, 4, 4, 4, 4, 4, 4, 4, 4, 4, 4, 4, 4, 4, 4, 4, 4, 4, 4, 4, 4, 4, 4, 4, 4, 4, 4, 4, 4, 4, 4, 4, 4, 4, 4, 4, 4, 4, 4, 4, 4, 4, 4, 4, 4, 4, 4, 4, 4, 4, 4, 4, 4, 4, 4, 4, 4, 4, 4, 4, 4, 4, 4, 4, 4, 4, 4, 4, 4, 4, 4, 4, 4, 4, 4, 4, 4, 4, 4, 4, 4, 4, 4, 4, 4, 4, 4, 4, 4, 4], "target_tokens": ["[IN:GET_EMPLOYMENT_TIME", "[SL:CONTACT", "@ptr1", "SL:CONTACT]", "[SL:EMPLOYER", "@ptr11", "SL:EMPLOYER]", "IN:GET_EMPLOYMENT_TIME]"], "predicted_tokens": ["[IN:GET_EMPLOYMENT_TIME", "[SL:CONTACT", "@ptr1", "SL:CONTACT]", "[SL:EMPLOYER", "@ptr10", "SL:EMPLOYER]", "IN:GET_EMPLOYMENT_TIME]"]}
{"loss": 1.0560429096221924, "class_log_probabilities": [-1.1476291418075562, -1.7275270223617554, -2.8298659324645996, -3.9531044960021973], "predictions": [193, 6, 400, 7, 138, 404, 405, 139, 196, 4, 4], "target_tokens": ["[IN:GET_EMPLOYMENT_TIME", "[SL:CONTACT", "@ptr5", "SL:CONTACT]", "[SL:EMPLOYER", "@ptr9", "@ptr10", "SL:EMPLOYER]", "IN:GET_EMPLOYMENT_TIME]"], "predicted_tokens": ["[IN:GET_EMPLOYMENT_TIME", "[SL:CONTACT", "@ptr5", "SL:CONTACT]", "[SL:EMPLOYER", "@ptr9", "@ptr10", "SL:EMPLOYER]", "IN:GET_EMPLOYMENT_TIME]"]}
{"loss": 0.969675600528717, "class_log_probabilities": [-0.5906835198402405, -4.138917446136475, -6.078230857849121, -6.899244785308838], "predictions": [211, 6, 395, 7, 14, 402, 15, 212, 4], "target_tokens": ["[IN:GET_LOCATION", "[SL:CONTACT", "@ptr0", "SL:CONTACT]", "[SL:LOCATION", "@ptr7", "SL:LOCATION]", "IN:GET_LOCATION]"], "predicted_tokens": ["[IN:GET_LOCATION", "[SL:CONTACT", "@ptr0", "SL:CONTACT]", "[SL:LOCATION", "@ptr7", "SL:LOCATION]", "IN:GET_LOCATION]"]}
{"loss": 1.0084247589111328, "class_log_probabilities": [-0.83837890625, -2.7950048446655273, -4.191842555999756, -4.51497220993042], "predictions": [193, 6, 401, 7, 138, 405, 139, 196, 4, 4, 4, 4], "target_tokens": ["[IN:GET_EMPLOYMENT_TIME", "[SL:CONTACT", "@ptr6", "SL:CONTACT]", "[SL:EMPLOYER", "@ptr10", "SL:EMPLOYER]", "IN:GET_EMPLOYMENT_TIME]"], "predicted_tokens": ["[IN:GET_EMPLOYMENT_TIME", "[SL:CONTACT", "@ptr6", "SL:CONTACT]", "[SL:EMPLOYER", "@ptr10", "SL:EMPLOYER]", "IN:GET_EMPLOYMENT_TIME]"]}
{"loss": 1.1459324359893799, "class_log_probabilities": [-3.2083728313446045, -3.3664050102233887, -4.432030200958252, -8.836955070495605], "predictions": [193, 93, 396, 94, 71, 397, 398, 399, 72, 196, 4, 4, 4, 4, 4], "target_tokens": ["[IN:GET_EMPLOYMENT_TIME", "[SL:CONTACT_RELATED", "@ptr1", "SL:CONTACT_RELATED]", "[SL:TYPE_RELATION", "@ptr2", "@ptr3", "@ptr4", "SL:TYPE_RELATION]", "IN:GET_EMPLOYMENT_TIME]"], "predicted_tokens": ["[IN:GET_EMPLOYMENT_TIME", "[SL:CONTACT_RELATED", "@ptr1", "SL:CONTACT_RELATED]", "[SL:TYPE_RELATION", "@ptr2", "@ptr3", "@ptr4", "SL:TYPE_RELATION]", "IN:GET_EMPLOYMENT_TIME]"]}
{"loss": 1.8480839729309082, "class_log_probabilities": [-1.5253546237945557, -1.584700345993042, -3.5981898307800293, -5.12334680557251], "predictions": [147, 6, 398, 7, 257, 407, 258, 150, 4, 4, 4, 4], "target_tokens": ["[IN:GET_EDUCATION_TIME", "[SL:CONTACT", "@ptr3", "SL:CONTACT]", "[SL:SCHOOL", "@ptr13", "SL:SCHOOL]", "IN:GET_EDUCATION_TIME]"], "predicted_tokens": ["[IN:GET_EDUCATION_TIME", "[SL:CONTACT", "@ptr3", "SL:CONTACT]", "[SL:SCHOOL", "@ptr12", "SL:SCHOOL]", "IN:GET_EDUCATION_TIME]"]}
{"loss": 1.0672097206115723, "class_log_probabilities": [-1.01611328125, -1.262408971786499, -3.62011981010437, -5.967073440551758], "predictions": [147, 6, 400, 7, 257, 404, 258, 150, 4, 4], "target_tokens": ["[IN:GET_EDUCATION_TIME", "[SL:CONTACT", "@ptr5", "SL:CONTACT]", "[SL:SCHOOL", "@ptr9", "SL:SCHOOL]", "IN:GET_EDUCATION_TIME]"], "predicted_tokens": ["[IN:GET_EDUCATION_TIME", "[SL:CONTACT", "@ptr5", "SL:CONTACT]", "[SL:SCHOOL", "@ptr9", "SL:SCHOOL]", "IN:GET_EDUCATION_TIME]"]}
{"loss": 0.9821560978889465, "class_log_probabilities": [-0.3506377637386322, -6.798383712768555, -7.123115539550781, -7.162534713745117], "predictions": [125, 6, 398, 7, 126, 4], "target_tokens": ["[IN:GET_AGE", "[SL:CONTACT", "@ptr3", "SL:CONTACT]", "IN:GET_AGE]"], "predicted_tokens": ["[IN:GET_AGE", "[SL:CONTACT", "@ptr3", "SL:CONTACT]", "IN:GET_AGE]"]}
{"loss": 0.9798023104667664, "class_log_probabilities": [-0.372177392244339, -6.297450065612793, -7.102375030517578, -7.109131336212158], "predictions": [125, 6, 398, 7, 126, 4], "target_tokens": ["[IN:GET_AGE", "[SL:CONTACT", "@ptr3", "SL:CONTACT]", "IN:GET_AGE]"], "predicted_tokens": ["[IN:GET_AGE", "[SL:CONTACT", "@ptr3", "SL:CONTACT]", "IN:GET_AGE]"]}
{"loss": 1.4985345602035522, "class_log_probabilities": [-5.153889179229736, -5.731785297393799, -5.770270824432373, -6.7587080001831055], "predictions": [125, 6, 399, 7, 311, 402, 403, 312, 16, 407, 17, 126, 4, 4, 4], "target_tokens": ["[IN:GET_AGE", "[SL:CONTACT", "@ptr4", "SL:CONTACT]", "[SL:AGE", "@ptr7", "SL:AGE]", "[SL:DATE_TIME", "@ptr12", "@ptr13", "SL:DATE_TIME]", "IN:GET_AGE]"], "predicted_tokens": ["[IN:GET_AGE", "[SL:CONTACT", "@ptr4", "SL:CONTACT]", "[SL:AGE", "@ptr7", "@ptr8", "SL:AGE]", "[SL:DATE_TIME", "@ptr12", "SL:DATE_TIME]", "IN:GET_AGE]"]}
{"loss": 0.9837290644645691, "class_log_probabilities": [-0.4293486773967743, -5.514606475830078, -6.567781925201416, -7.0961456298828125], "predictions": [125, 6, 398, 7, 126, 4, 4], "target_tokens": ["[IN:GET_AGE", "[SL:CONTACT", "@ptr3", "SL:CONTACT]", "IN:GET_AGE]"], "predicted_tokens": ["[IN:GET_AGE", "[SL:CONTACT", "@ptr3", "SL:CONTACT]", "IN:GET_AGE]"]}
{"loss": 1.019749402999878, "class_log_probabilities": [-0.8193391561508179, -1.8414015769958496, -7.1711039543151855, -7.194761753082275], "predictions": [211, 6, 397, 7, 212, 4, 4, 4], "target_tokens": ["[IN:GET_LOCATION", "[SL:CONTACT", "@ptr2", "SL:CONTACT]", "IN:GET_LOCATION]"], "predicted_tokens": ["[IN:GET_LOCATION", "[SL:CONTACT", "@ptr2", "SL:CONTACT]", "IN:GET_LOCATION]"]}
{"loss": 0.978062629699707, "class_log_probabilities": [-0.44006624817848206, -6.5479559898376465, -6.54900598526001, -7.314916133880615], "predictions": [211, 6, 399, 7, 14, 402, 15, 212, 4, 4, 4], "target_tokens": ["[IN:GET_LOCATION", "[SL:CONTACT", "@ptr4", "SL:CONTACT]", "[SL:LOCATION", "@ptr7", "SL:LOCATION]", "IN:GET_LOCATION]"], "predicted_tokens": ["[IN:GET_LOCATION", "[SL:CONTACT", "@ptr4", "SL:CONTACT]", "[SL:LOCATION", "@ptr7", "SL:LOCATION]", "IN:GET_LOCATION]"]}
{"loss": 2.0085246562957764, "class_log_probabilities": [-2.232671022415161, -2.506826162338257, -3.1540768146514893, -3.409407138824463], "predictions": [137, 6, 399, 7, 138, 402, 139, 140, 4, 4, 4], "target_tokens": ["[IN:GET_LOCATION", "[SL:CONTACT", "@ptr4", "SL:CONTACT]", "[SL:LOCATION", "@ptr7", "@ptr8", "SL:LOCATION]", "IN:GET_LOCATION]"], "predicted_tokens": ["[IN:GET_EMPLOYER", "[SL:CONTACT", "@ptr4", "SL:CONTACT]", "[SL:EMPLOYER", "@ptr7", "SL:EMPLOYER]", "IN:GET_EMPLOYER]"]}
{"loss": 1.008944034576416, "class_log_probabilities": [-1.037211537361145, -2.8550353050231934, -2.90891170501709, -4.017963886260986], "predictions": [211, 6, 399, 7, 14, 402, 15, 212, 4], "target_tokens": ["[IN:GET_LOCATION", "[SL:CONTACT", "@ptr4", "SL:CONTACT]", "[SL:LOCATION", "@ptr7", "SL:LOCATION]", "IN:GET_LOCATION]"], "predicted_tokens": ["[IN:GET_LOCATION", "[SL:CONTACT", "@ptr4", "SL:CONTACT]", "[SL:LOCATION", "@ptr7", "SL:LOCATION]", "IN:GET_LOCATION]"]}
{"loss": 1.5353705883026123, "class_log_probabilities": [-3.3948676586151123, -3.463289737701416, -4.358656883239746, -5.2896504402160645], "predictions": [211, 93, 399, 94, 71, 400, 72, 14, 404, 405, 15, 212, 4, 4, 4, 4, 4, 4, 4], "target_tokens": ["[IN:GET_LOCATION", "[SL:CONTACT_RELATED", "@ptr4", "SL:CONTACT_RELATED]", "[SL:TYPE_RELATION", "@ptr5", "SL:TYPE_RELATION]", "[SL:CONTACT", "@ptr6", "SL:CONTACT]", "[SL:LOCATION", "@ptr10", "@ptr11", "SL:LOCATION]", "IN:GET_LOCATION]"], "predicted_tokens": ["[IN:GET_LOCATION", "[SL:CONTACT_RELATED", "@ptr4", "SL:CONTACT_RELATED]", "[SL:TYPE_RELATION", "@ptr5", "SL:TYPE_RELATION]", "[SL:LOCATION", "@ptr9", "@ptr10", "SL:LOCATION]", "IN:GET_LOCATION]"]}
{"loss": 4.671006202697754, "class_log_probabilities": [-0.9321664571762085, -1.6829001903533936, -3.8681387901306152, -5.604203224182129], "predictions": [211, 6, 398, 7, 14, 403, 15, 212, 4, 4, 4, 4], "target_tokens": ["[IN:GET_LOCATION", "[SL:LOCATION", "@ptr7", "@ptr8", "SL:LOCATION]", "[SL:CONTACT", "@ptr3", "SL:CONTACT]", "IN:GET_LOCATION]"], "predicted_tokens": ["[IN:GET_LOCATION", "[SL:CONTACT", "@ptr3", "SL:CONTACT]", "[SL:LOCATION", "@ptr8", "SL:LOCATION]", "IN:GET_LOCATION]"]}
{"loss": 0.97339928150177, "class_log_probabilities": [-0.41489219665527344, -6.930548191070557, -7.086216926574707, -7.125247478485107], "predictions": [70, 138, 398, 399, 400, 139, 73, 4, 4], "target_tokens": ["[IN:GET_CONTACT", "[SL:EMPLOYER", "@ptr3", "@ptr4", "@ptr5", "SL:EMPLOYER]", "IN:GET_CONTACT]"], "predicted_tokens": ["[IN:GET_CONTACT", "[SL:EMPLOYER", "@ptr3", "@ptr4", "@ptr5", "SL:EMPLOYER]", "IN:GET_CONTACT]"]}
{"loss": 1.9185237884521484, "class_log_probabilities": [-3.1884255409240723, -4.1431403160095215, -4.838359832763672, -6.469632625579834], "predictions": [70, 93, 399, 94, 257, 407, 258, 73, 4, 4, 4, 4], "target_tokens": ["[IN:GET_CONTACT", "[SL:CONTACT_RELATED", "@ptr4", "SL:CONTACT_RELATED]", "[SL:SCHOOL", "@ptr12", "@ptr13", "@ptr14", "SL:SCHOOL]", "IN:GET_CONTACT]"], "predicted_tokens": ["[IN:GET_CONTACT", "[SL:CONTACT_RELATED", "@ptr4", "SL:CONTACT_RELATED]", "[SL:SCHOOL", "@ptr12", "SL:SCHOOL]", "IN:GET_CONTACT]"]}
{"loss": 2.181462049484253, "class_log_probabilities": [-2.0215938091278076, -2.5854601860046387, -4.0206427574157715, -6.39065408706665], "predictions": [70, 257, 399, 400, 401, 402, 258, 73, 4, 4, 4, 4], "target_tokens": ["[IN:GET_CONTACT", "[SL:SCHOOL", "@ptr7", "SL:SCHOOL]", "IN:GET_CONTACT]"], "predicted_tokens": ["[IN:GET_CONTACT", "[SL:SCHOOL", "@ptr4", "@ptr5", "@ptr6", "@ptr7", "SL:SCHOOL]", "IN:GET_CONTACT]"]}
{"loss": 1.5209121704101562, "class_log_probabilities": [-1.6784619092941284, -4.000941276550293, -4.1981120109558105, -6.29620885848999], "predictions": [70, 73, 4, 4, 4, 4, 4, 4, 4, 4], "target_tokens": ["[IN:GET_CONTACT", "[SL:SCHOOL", "@ptr6", "SL:SCHOOL]", "IN:GET_CONTACT]"], "predicted_tokens": ["[IN:GET_CONTACT", "IN:GET_CONTACT]"]}
{"loss": 1.8716737031936646, "class_log_probabilities": [-2.692655563354492, -5.124980449676514, -5.656881332397461, -7.025171279907227], "predictions": [70, 93, 397, 94, 71, 398, 72, 257, 402, 403, 404, 405, 406, 408, 4, 4, 4, 4, 4, 4], "target_tokens": ["[IN:GET_CONTACT", "[SL:CONTACT_RELATED", "@ptr2", "SL:CONTACT_RELATED]", "[SL:TYPE_RELATION", "@ptr3", "SL:TYPE_RELATION]", "[SL:SCHOOL", "@ptr8", "@ptr9", "@ptr10", "@ptr11", "@ptr12", "SL:SCHOOL]", "IN:GET_CONTACT]"], "predicted_tokens": ["[IN:GET_CONTACT", "[SL:CONTACT_RELATED", "@ptr2", "SL:CONTACT_RELATED]", "[SL:TYPE_RELATION", "@ptr3", "SL:TYPE_RELATION]", "[SL:SCHOOL", "@ptr7", "@ptr8", "@ptr9", "@ptr10", "@ptr11", "@ptr13"]}
{"loss": 0.9815235733985901, "class_log_probabilities": [-0.6684481501579285, -6.099596977233887, -6.6135382652282715, -6.768460750579834], "predictions": [70, 93, 397, 94, 71, 398, 72, 257, 404, 258, 73, 4, 4, 4], "target_tokens": ["[IN:GET_CONTACT", "[SL:CONTACT_RELATED", "@ptr2", "SL:CONTACT_RELATED]", "[SL:TYPE_RELATION", "@ptr3", "SL:TYPE_RELATION]", "[SL:SCHOOL", "@ptr9", "SL:SCHOOL]", "IN:GET_CONTACT]"], "predicted_tokens": ["[IN:GET_CONTACT", "[SL:CONTACT_RELATED", "@ptr2", "SL:CONTACT_RELATED]", "[SL:TYPE_RELATION", "@ptr3", "SL:TYPE_RELATION]", "[SL:SCHOOL", "@ptr9", "SL:SCHOOL]", "IN:GET_CONTACT]"]}
{"loss": 1.5200968980789185, "class_log_probabilities": [-0.871234655380249, -3.4024972915649414, -3.4847731590270996, -4.298463344573975], "predictions": [70, 93, 399, 94, 14, 405, 15, 73, 4, 4], "target_tokens": ["[IN:GET_CONTACT", "[SL:CONTACT_RELATED", "@ptr4", "SL:CONTACT_RELATED]", "[SL:LOCATION", "@ptr10", "@ptr11", "@ptr12", "SL:LOCATION]", "IN:GET_CONTACT]"], "predicted_tokens": ["[IN:GET_CONTACT", "[SL:CONTACT_RELATED", "@ptr4", "SL:CONTACT_RELATED]", "[SL:LOCATION", "@ptr10", "SL:LOCATION]", "IN:GET_CONTACT]"]}
{"loss": 1.0543161630630493, "class_log_probabilities": [-1.8205796480178833, -2.640115261077881, -4.158073902130127, -4.417640686035156], "predictions": [70, 93, 399, 94, 14, 403, 404, 15, 73, 4], "target_tokens": ["[IN:GET_CONTACT", "[SL:CONTACT_RELATED", "@ptr4", "SL:CONTACT_RELATED]", "[SL:LOCATION", "@ptr8", "@ptr9", "SL:LOCATION]", "IN:GET_CONTACT]"], "predicted_tokens": ["[IN:GET_CONTACT", "[SL:CONTACT_RELATED", "@ptr4", "SL:CONTACT_RELATED]", "[SL:LOCATION", "@ptr8", "@ptr9", "SL:LOCATION]", "IN:GET_CONTACT]"]}
{"loss": 1.027704119682312, "class_log_probabilities": [-0.8976265788078308, -1.5612263679504395, -4.844895362854004, -6.68497896194458], "predictions": [70, 14, 398, 15, 73, 4], "target_tokens": ["[IN:GET_CONTACT", "[SL:LOCATION", "@ptr3", "SL:LOCATION]", "IN:GET_CONTACT]"], "predicted_tokens": ["[IN:GET_CONTACT", "[SL:LOCATION", "@ptr3", "SL:LOCATION]", "IN:GET_CONTACT]"]}
{"loss": 2.3506219387054443, "class_log_probabilities": [-3.328075408935547, -3.364919424057007, -3.67633056640625, -3.7888779640197754], "predictions": [70, 93, 395, 94, 93, 398, 94, 14, 404, 15, 73, 4], "target_tokens": ["[IN:GET_CONTACT", "[SL:CONTACT_RELATED", "@ptr4", "SL:CONTACT_RELATED]", "[SL:LOCATION", "@ptr11", "SL:LOCATION]", "IN:GET_CONTACT]"], "predicted_tokens": ["[IN:GET_CONTACT", "[SL:CONTACT_RELATED", "@ptr0", "SL:CONTACT_RELATED]", "[SL:CONTACT_RELATED", "@ptr3", "SL:CONTACT_RELATED]", "[SL:LOCATION", "@ptr9", "SL:LOCATION]", "IN:GET_CONTACT]"]}
{"loss": 2.605715751647949, "class_log_probabilities": [-0.6032859086990356, -5.535297393798828, -6.074472427368164, -6.358755111694336], "predictions": [70, 14, 398, 15, 93, 400, 94, 73, 4, 4, 4, 4], "target_tokens": ["[IN:GET_CONTACT", "[SL:CONTACT_RELATED", "@ptr3", "SL:CONTACT_RELATED]", "[SL:LOCATION", "@ptr5", "SL:LOCATION]", "IN:GET_CONTACT]"], "predicted_tokens": ["[IN:GET_CONTACT", "[SL:LOCATION", "@ptr3", "SL:LOCATION]", "[SL:CONTACT_RELATED", "@ptr5", "SL:CONTACT_RELATED]", "IN:GET_CONTACT]"]}
{"loss": 1.2521592378616333, "class_log_probabilities": [-4.731210231781006, -5.163649082183838, -5.308206081390381, -42.28287887573242], "predictions": [70, 93, 402, 94, 71, 403, 72, 14, 406, 15, 73, 4, 4, 4, 4, 4, 4, 4, 4, 4, 4, 4, 4, 4, 4, 4, 4, 4, 4, 4, 4, 4, 4, 4, 4, 4, 4, 4, 4, 4, 4, 4, 4, 4, 4, 4, 4, 4, 4, 4, 4, 4, 4, 4, 4, 4, 4, 4, 4, 4, 4, 4, 4, 4, 4, 4, 4, 4, 4, 4, 4, 4, 4, 4, 4, 4, 4, 4, 4, 4, 4, 4, 4, 4, 4, 4, 4, 4, 4, 4, 4, 4, 4, 4, 4, 4, 4, 4, 4, 4], "target_tokens": ["[IN:GET_CONTACT", "[SL:CONTACT_RELATED", "@ptr7", "SL:CONTACT_RELATED]", "[SL:TYPE_RELATION", "@ptr8", "SL:TYPE_RELATION]", "[SL:LOCATION", "@ptr11", "SL:LOCATION]", "IN:GET_CONTACT]"], "predicted_tokens": ["[IN:GET_CONTACT", "[SL:CONTACT_RELATED", "@ptr7", "SL:CONTACT_RELATED]", "[SL:TYPE_RELATION", "@ptr8", "SL:TYPE_RELATION]", "[SL:LOCATION", "@ptr11", "SL:LOCATION]", "IN:GET_CONTACT]"]}
{"loss": 0.9756799340248108, "class_log_probabilities": [-0.607123076915741, -4.586498737335205, -5.26485013961792, -8.270628929138184], "predictions": [70, 71, 400, 72, 93, 402, 94, 73, 4, 4, 4, 4], "target_tokens": ["[IN:GET_CONTACT", "[SL:TYPE_RELATION", "@ptr5", "SL:TYPE_RELATION]", "[SL:CONTACT_RELATED", "@ptr7", "SL:CONTACT_RELATED]", "IN:GET_CONTACT]"], "predicted_tokens": ["[IN:GET_CONTACT", "[SL:TYPE_RELATION", "@ptr5", "SL:TYPE_RELATION]", "[SL:CONTACT_RELATED", "@ptr7", "SL:CONTACT_RELATED]", "IN:GET_CONTACT]"]}
{"loss": 1.7033133506774902, "class_log_probabilities": [-0.7274601459503174, -4.093390941619873, -5.4062089920043945, -7.905187129974365], "predictions": [70, 71, 399, 72, 93, 401, 94, 73, 4, 4, 4, 4], "target_tokens": ["[IN:GET_CONTACT", "[SL:CONTACT_RELATED", "@ptr6", "SL:CONTACT_RELATED]", "[SL:TYPE_RELATION", "@ptr4", "SL:TYPE_RELATION]", "IN:GET_CONTACT]"], "predicted_tokens": ["[IN:GET_CONTACT", "[SL:TYPE_RELATION", "@ptr4", "SL:TYPE_RELATION]", "[SL:CONTACT_RELATED", "@ptr6", "SL:CONTACT_RELATED]", "IN:GET_CONTACT]"]}
{"loss": 3.140299081802368, "class_log_probabilities": [-1.0710593461990356, -3.0990443229675293, -4.831046104431152, -7.747121334075928], "predictions": [70, 71, 397, 72, 93, 399, 94, 6, 401, 7, 73, 4, 4, 4, 4], "target_tokens": ["[IN:GET_MUTUAL_FRIENDS", "[SL:CONTACT_RELATED", "@ptr4", "SL:CONTACT_RELATED]", "[SL:CONTACT_RELATED", "@ptr6", "SL:CONTACT_RELATED]", "IN:GET_MUTUAL_FRIENDS]"], "predicted_tokens": ["[IN:GET_CONTACT", "[SL:TYPE_RELATION", "@ptr2", "SL:TYPE_RELATION]", "[SL:CONTACT_RELATED", "@ptr4", "SL:CONTACT_RELATED]", "[SL:CONTACT", "@ptr6", "SL:CONTACT]", "IN:GET_CONTACT]"]}
{"loss": 1.09413480758667, "class_log_probabilities": [-1.93149995803833, -1.9624568223953247, -2.5640339851379395, -6.0865631103515625], "predictions": [70, 71, 396, 72, 93, 398, 94, 73, 4, 4], "target_tokens": ["[IN:GET_CONTACT", "[SL:TYPE_RELATION", "@ptr1", "SL:TYPE_RELATION]", "[SL:CONTACT_RELATED", "@ptr3", "SL:CONTACT_RELATED]", "IN:GET_CONTACT]"], "predicted_tokens": ["[IN:GET_CONTACT", "[SL:TYPE_RELATION", "@ptr1", "SL:TYPE_RELATION]", "[SL:CONTACT_RELATED", "@ptr3", "SL:CONTACT_RELATED]", "IN:GET_CONTACT]"]}
{"loss": 1.752655029296875, "class_log_probabilities": [-2.1681816577911377, -2.2638399600982666, -3.4312615394592285, -4.108985424041748], "predictions": [27, 289, 395, 290, 52, 398, 53, 129, 400, 130, 30, 4], "target_tokens": ["[IN:GET_RECIPES", "[SL:RECIPES_RATING", "@ptr0", "SL:RECIPES_RATING]", "[SL:RECIPES_DISH", "@ptr3", "@ptr4", "@ptr5", "SL:RECIPES_DISH]", "IN:GET_RECIPES]"], "predicted_tokens": ["[IN:GET_INFO_RECIPES", "[SL:RECIPES_RATING", "@ptr0", "SL:RECIPES_RATING]", "[SL:RECIPES_DISH", "@ptr3", "SL:RECIPES_DISH]", "[SL:RECIPES_INCLUDED_INGREDIENT", "@ptr5", "SL:RECIPES_INCLUDED_INGREDIENT]", "IN:GET_INFO_RECIPES]"]}
{"loss": 2.625603437423706, "class_log_probabilities": [-1.5147590637207031, -1.8276087045669556, -3.482027769088745, -3.48372483253479], "predictions": [51, 289, 398, 290, 52, 403, 53, 54, 4], "target_tokens": ["[IN:GET_INFO_RECIPES", "[SL:RECIPES_DISH", "@ptr8", "SL:RECIPES_DISH]", "IN:GET_INFO_RECIPES]"], "predicted_tokens": ["[IN:GET_RECIPES", "[SL:RECIPES_RATING", "@ptr3", "SL:RECIPES_RATING]", "[SL:RECIPES_DISH", "@ptr8", "SL:RECIPES_DISH]", "IN:GET_RECIPES]"]}
{"loss": 2.1618618965148926, "class_log_probabilities": [-0.533994197845459, -7.373061180114746, -7.92510986328125, -9.438672065734863], "predictions": [27, 30, 4, 4, 4, 4, 4, 4, 4, 4, 4, 4, 4, 4, 4], "target_tokens": ["[IN:GET_INFO_RECIPES", "[SL:RECIPES_DISH", "@ptr9", "@ptr10", "SL:RECIPES_DISH]", "IN:GET_INFO_RECIPES]"], "predicted_tokens": ["[IN:GET_INFO_RECIPES", "IN:GET_INFO_RECIPES]"]}
{"loss": 3.718730926513672, "class_log_probabilities": [-0.47108447551727295, -6.019667148590088, -6.068068027496338, -6.2908549308776855], "predictions": [39, 56, 395, 57, 40, 399, 41, 42, 4], "target_tokens": ["[IN:GET_STORIES_NEWS", "[SL:NEWS_TYPE", "@ptr4", "SL:NEWS_TYPE]", "[SL:NEWS_CATEGORY", "@ptr8", "@ptr9", "@ptr10", "SL:NEWS_CATEGORY]", "[SL:NEWS_TOPIC", "@ptr7", "SL:NEWS_TOPIC]", "IN:GET_STORIES_NEWS]"], "predicted_tokens": ["[IN:GET_STORIES_NEWS", "[SL:NEWS_TOPIC", "@ptr0", "SL:NEWS_TOPIC]", "[SL:NEWS_TYPE", "@ptr4", "SL:NEWS_TYPE]", "IN:GET_STORIES_NEWS]"]}
{"loss": 3.1286416053771973, "class_log_probabilities": [-3.492630958557129, -3.5630505084991455, -4.315871715545654, -4.742709159851074], "predictions": [39, 56, 395, 396, 397, 398, 399, 400, 401, 57, 40, 403, 41, 42, 4, 4, 4], "target_tokens": ["[IN:GET_STORIES_NEWS", "[SL:NEWS_REFERENCE", "@ptr7", "SL:NEWS_REFERENCE]", "[SL:NEWS_TYPE", "@ptr8", "SL:NEWS_TYPE]", "IN:GET_STORIES_NEWS]"], "predicted_tokens": ["[IN:GET_STORIES_NEWS", "[SL:NEWS_TOPIC", "@ptr0", "@ptr1", "@ptr2", "@ptr3", "@ptr4", "@ptr5", "@ptr6", "SL:NEWS_TOPIC]", "[SL:NEWS_TYPE", "@ptr8", "SL:NEWS_TYPE]", "IN:GET_STORIES_NEWS]"]}
{"loss": 1.4295237064361572, "class_log_probabilities": [-59.9361572265625, -60.4397087097168, -60.49671936035156, -60.99439239501953], "predictions": [39, 40, 399, 41, 56, 400, 401, 402, 403, 404, 405, 406, 407, 408, 409, 411, 412, 57, 408, 409, 411, 412, 57, 408, 409, 411, 412, 57, 408, 409, 411, 412, 57, 408, 409, 411, 412, 57, 408, 409, 411, 412, 57, 408, 409, 411, 412, 57, 408, 409, 411, 412, 57, 408, 409, 411, 412, 57, 408, 409, 411, 412, 57, 408, 409, 411, 412, 57, 408, 409, 411, 412, 57, 408, 409, 411, 412, 57, 408, 409, 411, 412, 57, 408, 409, 411, 412, 57, 408, 409, 411, 412, 57, 408, 409, 411, 412, 57, 408, 409], "target_tokens": ["[IN:GET_STORIES_NEWS", "[SL:NEWS_TYPE", "@ptr4", "SL:NEWS_TYPE]", "[SL:NEWS_TOPIC", "@ptr6", "@ptr7", "@ptr8", "@ptr9", "@ptr10", "@ptr11", "@ptr12", "@ptr13", "@ptr14", "@ptr15", "@ptr16", "@ptr17", "SL:NEWS_TOPIC]", "IN:GET_STORIES_NEWS]"], "predicted_tokens": ["[IN:GET_STORIES_NEWS", "[SL:NEWS_TYPE", "@ptr4", "SL:NEWS_TYPE]", "[SL:NEWS_TOPIC", "@ptr5", "@ptr6", "@ptr7", "@ptr8", "@ptr9", "@ptr10", "@ptr11", "@ptr12", "@ptr13", "@ptr14", "@ptr16", "@ptr17", "SL:NEWS_TOPIC]", "@ptr13", "@ptr14", "@ptr16", "@ptr17", "SL:NEWS_TOPIC]", "@ptr13", "@ptr14", "@ptr16", "@ptr17", "SL:NEWS_TOPIC]", "@ptr13", "@ptr14", "@ptr16", "@ptr17", "SL:NEWS_TOPIC]", "@ptr13", "@ptr14", "@ptr16", "@ptr17", "SL:NEWS_TOPIC]", "@ptr13", "@ptr14", "@ptr16", "@ptr17", "SL:NEWS_TOPIC]", "@ptr13", "@ptr14", "@ptr16", "@ptr17", "SL:NEWS_TOPIC]", "@ptr13", "@ptr14", "@ptr16", "@ptr17", "SL:NEWS_TOPIC]", "@ptr13", "@ptr14", "@ptr16", "@ptr17", "SL:NEWS_TOPIC]", "@ptr13", "@ptr14", "@ptr16", "@ptr17", "SL:NEWS_TOPIC]", "@ptr13", "@ptr14", "@ptr16", "@ptr17", "SL:NEWS_TOPIC]", "@ptr13", "@ptr14", "@ptr16", "@ptr17", "SL:NEWS_TOPIC]", "@ptr13", "@ptr14", "@ptr16", "@ptr17", "SL:NEWS_TOPIC]", "@ptr13", "@ptr14", "@ptr16", "@ptr17", "SL:NEWS_TOPIC]", "@ptr13", "@ptr14", "@ptr16", "@ptr17", "SL:NEWS_TOPIC]", "@ptr13", "@ptr14", "@ptr16", "@ptr17", "SL:NEWS_TOPIC]", "@ptr13", "@ptr14", "@ptr16", "@ptr17", "SL:NEWS_TOPIC]", "@ptr13", "@ptr14"]}
{"loss": 0.964418888092041, "class_log_probabilities": [-0.6606259942054749, -4.63718318939209, -5.498195648193359, -6.106589317321777], "predictions": [55, 56, 400, 57, 58, 4], "target_tokens": ["[IN:QUESTION_NEWS", "[SL:NEWS_TOPIC", "@ptr5", "SL:NEWS_TOPIC]", "IN:QUESTION_NEWS]"], "predicted_tokens": ["[IN:QUESTION_NEWS", "[SL:NEWS_TOPIC", "@ptr5", "SL:NEWS_TOPIC]", "IN:QUESTION_NEWS]"]}
{"loss": 1.896460771560669, "class_log_probabilities": [-2.243117332458496, -2.9809494018554688, -3.2389724254608154, -4.146647930145264], "predictions": [55, 56, 404, 405, 406, 57, 58, 4, 4, 4], "target_tokens": ["[IN:QUESTION_NEWS", "[SL:NEWS_TOPIC", "@ptr10", "@ptr11", "@ptr12", "SL:NEWS_TOPIC]", "IN:QUESTION_NEWS]"], "predicted_tokens": ["[IN:QUESTION_NEWS", "[SL:NEWS_TOPIC", "@ptr9", "@ptr10", "@ptr11", "SL:NEWS_TOPIC]", "IN:QUESTION_NEWS]"]}
{"loss": 2.619915008544922, "class_log_probabilities": [-2.3823444843292236, -3.090449094772339, -3.1714999675750732, -5.358928680419922], "predictions": [39, 16, 395, 17, 40, 396, 41, 133, 398, 134, 42, 4], "target_tokens": ["[IN:GET_STORIES_NEWS", "[SL:NEWS_SOURCE", "@ptr3", "SL:NEWS_SOURCE]", "[SL:NEWS_TYPE", "@ptr1", "SL:NEWS_TYPE]", "IN:GET_STORIES_NEWS]"], "predicted_tokens": ["[IN:GET_STORIES_NEWS", "[SL:DATE_TIME", "@ptr0", "SL:DATE_TIME]", "[SL:NEWS_TYPE", "@ptr1", "SL:NEWS_TYPE]", "[SL:NEWS_SOURCE", "@ptr3", "SL:NEWS_SOURCE]", "IN:GET_STORIES_NEWS]"]}
{"loss": 2.0601539611816406, "class_log_probabilities": [-0.5528101325035095, -5.003684997558594, -6.474362373352051, -6.645322322845459], "predictions": [45, 16, 399, 400, 401, 402, 17, 46, 4], "target_tokens": ["[IN:CREATE_ALARM", "[SL:DATE_TIME", "@ptr3", "@ptr4", "@ptr5", "@ptr6", "SL:DATE_TIME]", "IN:CREATE_ALARM]"], "predicted_tokens": ["[IN:CREATE_ALARM", "[SL:DATE_TIME", "@ptr4", "@ptr5", "@ptr6", "@ptr7", "SL:DATE_TIME]", "IN:CREATE_ALARM]"]}
{"loss": 3.3965187072753906, "class_log_probabilities": [-1.2852052450180054, -1.4312889575958252, -7.2663350105285645, -7.341939926147461], "predictions": [45, 16, 401, 402, 17, 46, 4, 4], "target_tokens": ["[IN:SNOOZE_ALARM", "[SL:DATE_TIME", "@ptr5", "@ptr6", "@ptr7", "SL:DATE_TIME]", "IN:SNOOZE_ALARM]"], "predicted_tokens": ["[IN:CREATE_ALARM", "[SL:DATE_TIME", "@ptr6", "@ptr7", "SL:DATE_TIME]", "IN:CREATE_ALARM]"]}
{"loss": 1.4109506607055664, "class_log_probabilities": [-0.6304014921188354, -3.8917081356048584, -4.776722431182861, -5.913905143737793], "predictions": [183, 16, 396, 397, 17, 184, 4, 4, 4, 4], "target_tokens": ["[IN:ADD_TIME_TIMER", "[SL:DATE_TIME", "@ptr1", "@ptr2", "SL:DATE_TIME]", "[SL:METHOD_TIMER", "@ptr5", "SL:METHOD_TIMER]", "IN:ADD_TIME_TIMER]"], "predicted_tokens": ["[IN:ADD_TIME_TIMER", "[SL:DATE_TIME", "@ptr1", "@ptr2", "SL:DATE_TIME]", "IN:ADD_TIME_TIMER]"]}
{"loss": 1.2554051876068115, "class_log_probabilities": [-0.5619330406188965, -3.9945080280303955, -5.668087959289551, -7.280303955078125], "predictions": [219, 16, 396, 397, 17, 220, 4, 4, 4, 4], "target_tokens": ["[IN:SUBTRACT_TIME_TIMER", "[SL:DATE_TIME", "@ptr1", "@ptr2", "SL:DATE_TIME]", "[SL:METHOD_TIMER", "@ptr5", "SL:METHOD_TIMER]", "IN:SUBTRACT_TIME_TIMER]"], "predicted_tokens": ["[IN:SUBTRACT_TIME_TIMER", "[SL:DATE_TIME", "@ptr1", "@ptr2", "SL:DATE_TIME]", "IN:SUBTRACT_TIME_TIMER]"]}
{"loss": 0.9822432398796082, "class_log_probabilities": [-0.509885311126709, -5.178590774536133, -7.2101616859436035, -7.476479530334473], "predictions": [183, 16, 396, 397, 17, 90, 400, 91, 184, 4, 4], "target_tokens": ["[IN:ADD_TIME_TIMER", "[SL:DATE_TIME", "@ptr1", "@ptr2", "SL:DATE_TIME]", "[SL:METHOD_TIMER", "@ptr5", "SL:METHOD_TIMER]", "IN:ADD_TIME_TIMER]"], "predicted_tokens": ["[IN:ADD_TIME_TIMER", "[SL:DATE_TIME", "@ptr1", "@ptr2", "SL:DATE_TIME]", "[SL:METHOD_TIMER", "@ptr5", "SL:METHOD_TIMER]", "IN:ADD_TIME_TIMER]"]}
{"loss": 2.8433516025543213, "class_log_probabilities": [-0.46173498034477234, -4.992257118225098, -6.866319179534912, -6.96943473815918], "predictions": [45, 16, 399, 400, 401, 17, 46, 4, 4], "target_tokens": ["[IN:CREATE_ALARM", "[SL:ALARM_NAME", "@ptr2", "SL:ALARM_NAME]", "[SL:DATE_TIME", "@ptr3", "@ptr4", "@ptr5", "@ptr6", "SL:DATE_TIME]", "IN:CREATE_ALARM]"], "predicted_tokens": ["[IN:CREATE_ALARM", "[SL:DATE_TIME", "@ptr4", "@ptr5", "@ptr6", "SL:DATE_TIME]", "IN:CREATE_ALARM]"]}
{"loss": 3.5797722339630127, "class_log_probabilities": [-5.170074462890625, -5.5714030265808105, -5.929075717926025, -8.169408798217773], "predictions": [39, 56, 395, 396, 397, 398, 399, 57, 43, 401, 402, 403, 404, 44, 42, 4, 4, 4, 4], "target_tokens": ["[IN:GET_STORIES_NEWS", "[SL:NEWS_CATEGORY", "@ptr7", "SL:NEWS_CATEGORY]", "[SL:NEWS_TYPE", "@ptr10", "SL:NEWS_TYPE]", "[SL:DATE_TIME", "@ptr11", "SL:DATE_TIME]", "IN:GET_STORIES_NEWS]"], "predicted_tokens": ["[IN:GET_STORIES_NEWS", "[SL:NEWS_TOPIC", "@ptr0", "@ptr1", "@ptr2", "@ptr3", "@ptr4", "SL:NEWS_TOPIC]", "[SL:NEWS_CATEGORY", "@ptr6", "@ptr7", "@ptr8", "@ptr9", "SL:NEWS_CATEGORY]", "IN:GET_STORIES_NEWS]"]}
{"loss": 1.0956264734268188, "class_log_probabilities": [-2.1885876655578613, -2.1962788105010986, -3.254491090774536, -4.040114402770996], "predictions": [39, 40, 398, 41, 43, 400, 401, 402, 44, 42, 4, 4, 4, 4], "target_tokens": ["[IN:GET_STORIES_NEWS", "[SL:NEWS_TYPE", "@ptr3", "SL:NEWS_TYPE]", "[SL:NEWS_CATEGORY", "@ptr6", "@ptr7", "SL:NEWS_CATEGORY]", "IN:GET_STORIES_NEWS]"], "predicted_tokens": ["[IN:GET_STORIES_NEWS", "[SL:NEWS_TYPE", "@ptr3", "SL:NEWS_TYPE]", "[SL:NEWS_CATEGORY", "@ptr5", "@ptr6", "@ptr7", "SL:NEWS_CATEGORY]", "IN:GET_STORIES_NEWS]"]}
{"loss": 2.1338775157928467, "class_log_probabilities": [-1.0550390481948853, -2.6779983043670654, -4.693516254425049, -5.079928398132324], "predictions": [89, 90, 397, 91, 16, 399, 400, 17, 92, 4, 4], "target_tokens": ["[IN:CREATE_TIMER", "[SL:METHOD_TIMER", "@ptr2", "SL:METHOD_TIMER]", "[SL:DATE_TIME", "@ptr3", "@ptr4", "@ptr5", "SL:DATE_TIME]", "IN:CREATE_TIMER]"], "predicted_tokens": ["[IN:CREATE_TIMER", "[SL:METHOD_TIMER", "@ptr2", "SL:METHOD_TIMER]", "[SL:DATE_TIME", "@ptr4", "@ptr5", "SL:DATE_TIME]", "IN:CREATE_TIMER]"]}
{"loss": 4.689617156982422, "class_log_probabilities": [-1.2119412422180176, -3.485400915145874, -3.986525774002075, -4.578561782836914], "predictions": [55, 56, 396, 397, 398, 399, 400, 401, 402, 57, 58, 4, 4], "target_tokens": ["[IN:QUESTION_NEWS", "[SL:NEWS_TOPIC", "@ptr2", "SL:NEWS_TOPIC]", "[SL:DATE_TIME", "@ptr3", "@ptr4", "SL:DATE_TIME]", "[SL:NEWS_CATEGORY", "@ptr5", "@ptr6", "SL:NEWS_CATEGORY]", "[SL:NEWS_TOPIC", "@ptr7", "SL:NEWS_TOPIC]", "IN:QUESTION_NEWS]"], "predicted_tokens": ["[IN:QUESTION_NEWS", "[SL:NEWS_TOPIC", "@ptr1", "@ptr2", "@ptr3", "@ptr4", "@ptr5", "@ptr6", "@ptr7", "SL:NEWS_TOPIC]", "IN:QUESTION_NEWS]"]}
{"loss": 2.2193245887756348, "class_log_probabilities": [-11.275701522827148, -11.645883560180664, -14.114459991455078, -16.95694923400879], "predictions": [13, 79, 401, 80, 79, 401, 80, 79, 401, 80, 79, 401, 80, 79, 401, 80, 79, 401, 80, 79, 401, 80, 135, 404, 136, 16, 407, 17, 135, 404, 136, 18, 4, 4, 4, 4, 4, 4, 4], "target_tokens": ["[IN:GET_WEATHER", "[SL:WEATHER_ATTRIBUTE", "@ptr6", "SL:WEATHER_ATTRIBUTE]", "[SL:WEATHER_ATTRIBUTE", "@ptr7", "SL:WEATHER_ATTRIBUTE]", "[SL:WEATHER_TEMPERATURE_UNIT", "@ptr9", "SL:WEATHER_TEMPERATURE_UNIT]", "[SL:LOCATION", "@ptr11", "@ptr12", "SL:LOCATION]", "[SL:DATE_TIME", "@ptr13", "@ptr14", "SL:DATE_TIME]", "IN:GET_WEATHER]"], "predicted_tokens": ["[IN:GET_WEATHER", "[SL:WEATHER_ATTRIBUTE", "@ptr6", "SL:WEATHER_ATTRIBUTE]", "[SL:WEATHER_ATTRIBUTE", "@ptr6", "SL:WEATHER_ATTRIBUTE]", "[SL:WEATHER_ATTRIBUTE", "@ptr6", "SL:WEATHER_ATTRIBUTE]", "[SL:WEATHER_ATTRIBUTE", "@ptr6", "SL:WEATHER_ATTRIBUTE]", "[SL:WEATHER_ATTRIBUTE", "@ptr6", "SL:WEATHER_ATTRIBUTE]", "[SL:WEATHER_ATTRIBUTE", "@ptr6", "SL:WEATHER_ATTRIBUTE]", "[SL:WEATHER_ATTRIBUTE", "@ptr6", "SL:WEATHER_ATTRIBUTE]", "[SL:WEATHER_TEMPERATURE_UNIT", "@ptr9", "SL:WEATHER_TEMPERATURE_UNIT]", "[SL:DATE_TIME", "@ptr12", "SL:DATE_TIME]", "[SL:WEATHER_TEMPERATURE_UNIT", "@ptr9", "SL:WEATHER_TEMPERATURE_UNIT]", "IN:GET_WEATHER]"]}
{"loss": 1.703291654586792, "class_log_probabilities": [-1.5609078407287598, -3.301757574081421, -3.3255677223205566, -4.899076461791992], "predictions": [13, 14, 397, 398, 399, 400, 15, 16, 402, 403, 17, 135, 404, 136, 18, 4, 4, 4, 4], "target_tokens": ["[IN:GET_WEATHER", "[SL:LOCATION", "@ptr5", "SL:LOCATION]", "[SL:DATE_TIME", "@ptr6", "@ptr7", "SL:DATE_TIME]", "[SL:WEATHER_TEMPERATURE_UNIT", "@ptr9", "SL:WEATHER_TEMPERATURE_UNIT]", "IN:GET_WEATHER]"], "predicted_tokens": ["[IN:GET_WEATHER", "[SL:LOCATION", "@ptr2", "@ptr3", "@ptr4", "@ptr5", "SL:LOCATION]", "[SL:DATE_TIME", "@ptr7", "@ptr8", "SL:DATE_TIME]", "[SL:WEATHER_TEMPERATURE_UNIT", "@ptr9", "SL:WEATHER_TEMPERATURE_UNIT]", "IN:GET_WEATHER]"]}
{"loss": 2.0683581829071045, "class_log_probabilities": [-5.22063684463501, -6.55405330657959, -11.717094421386719, -124.02333068847656], "predictions": [13, 79, 402, 403, 80, 79, 405, 80, 16, 412, 17, 18, 4, 4, 4, 4, 4, 4, 4, 4, 4, 4, 4, 4, 4, 4, 4, 4, 4, 4, 4, 4, 4, 4, 4, 4, 4, 4, 4, 4, 4, 4, 4, 4, 4, 4, 4, 4, 4, 4, 4, 4, 4, 4, 4, 4, 4, 4, 4, 4, 4, 4, 4, 4, 4, 4, 4, 4, 4, 4, 4, 4, 4, 4, 4, 4, 4, 4, 4, 4, 4, 4, 4, 4, 4, 4, 4, 4, 4, 4, 4, 4, 4, 4, 4, 4, 4, 4, 4, 4], "target_tokens": ["[IN:GET_WEATHER", "[SL:WEATHER_ATTRIBUTE", "@ptr7", "@ptr8", "SL:WEATHER_ATTRIBUTE]", "[SL:WEATHER_ATTRIBUTE", "@ptr9", "SL:WEATHER_ATTRIBUTE]", "[SL:WEATHER_TEMPERATURE_UNIT", "@ptr10", "@ptr11", "SL:WEATHER_TEMPERATURE_UNIT]", "[SL:LOCATION", "@ptr15", "SL:LOCATION]", "[SL:DATE_TIME", "@ptr16", "@ptr17", "SL:DATE_TIME]", "IN:GET_WEATHER]"], "predicted_tokens": ["[IN:GET_WEATHER", "[SL:WEATHER_ATTRIBUTE", "@ptr7", "@ptr8", "SL:WEATHER_ATTRIBUTE]", "[SL:WEATHER_ATTRIBUTE", "@ptr10", "SL:WEATHER_ATTRIBUTE]", "[SL:DATE_TIME", "@ptr17", "SL:DATE_TIME]", "IN:GET_WEATHER]"]}
{"loss": 0.9906867146492004, "class_log_probabilities": [-0.7511166334152222, -4.384255409240723, -5.069526672363281, -5.577256679534912], "predictions": [13, 14, 397, 15, 16, 398, 399, 17, 135, 401, 136, 18, 4, 4, 4, 4], "target_tokens": ["[IN:GET_WEATHER", "[SL:LOCATION", "@ptr2", "SL:LOCATION]", "[SL:DATE_TIME", "@ptr3", "@ptr4", "SL:DATE_TIME]", "[SL:WEATHER_TEMPERATURE_UNIT", "@ptr6", "SL:WEATHER_TEMPERATURE_UNIT]", "IN:GET_WEATHER]"], "predicted_tokens": ["[IN:GET_WEATHER", "[SL:LOCATION", "@ptr2", "SL:LOCATION]", "[SL:DATE_TIME", "@ptr3", "@ptr4", "SL:DATE_TIME]", "[SL:WEATHER_TEMPERATURE_UNIT", "@ptr6", "SL:WEATHER_TEMPERATURE_UNIT]", "IN:GET_WEATHER]"]}
{"loss": 1.5878229141235352, "class_log_probabilities": [-2.458362579345703, -2.6909573078155518, -3.588209390640259, -4.146150588989258], "predictions": [13, 79, 401, 80, 16, 402, 403, 404, 17, 135, 410, 136, 18, 4, 4], "target_tokens": ["[IN:GET_WEATHER", "[SL:WEATHER_ATTRIBUTE", "@ptr6", "SL:WEATHER_ATTRIBUTE]", "[SL:DATE_TIME", "@ptr8", "@ptr9", "SL:DATE_TIME]", "[SL:LOCATION", "@ptr11", "@ptr12", "SL:LOCATION]", "[SL:WEATHER_TEMPERATURE_UNIT", "@ptr15", "SL:WEATHER_TEMPERATURE_UNIT]", "IN:GET_WEATHER]"], "predicted_tokens": ["[IN:GET_WEATHER", "[SL:WEATHER_ATTRIBUTE", "@ptr6", "SL:WEATHER_ATTRIBUTE]", "[SL:DATE_TIME", "@ptr7", "@ptr8", "@ptr9", "SL:DATE_TIME]", "[SL:WEATHER_TEMPERATURE_UNIT", "@ptr15", "SL:WEATHER_TEMPERATURE_UNIT]", "IN:GET_WEATHER]"]}
{"loss": 1.920692801475525, "class_log_probabilities": [-0.9811191558837891, -2.4582626819610596, -2.8367390632629395, -4.401119709014893], "predictions": [55, 56, 401, 402, 57, 58, 4, 4], "target_tokens": ["[IN:QUESTION_NEWS", "[SL:NEWS_TOPIC", "@ptr4", "@ptr5", "@ptr6", "SL:NEWS_TOPIC]", "IN:QUESTION_NEWS]"], "predicted_tokens": ["[IN:QUESTION_NEWS", "[SL:NEWS_TOPIC", "@ptr6", "@ptr7", "SL:NEWS_TOPIC]", "IN:QUESTION_NEWS]"]}
{"loss": 1.6285600662231445, "class_log_probabilities": [-1.4919109344482422, -3.450439691543579, -3.858981132507324, -5.6835784912109375], "predictions": [51, 52, 401, 53, 54, 4, 4, 4, 4], "target_tokens": ["[IN:GET_RECIPES", "[SL:RECIPES_DISH", "@ptr6", "@ptr7", "SL:RECIPES_DISH]", "IN:GET_RECIPES]"], "predicted_tokens": ["[IN:GET_RECIPES", "[SL:RECIPES_DISH", "@ptr6", "SL:RECIPES_DISH]", "IN:GET_RECIPES]"]}
{"loss": 1.8445069789886475, "class_log_probabilities": [-1.6812366247177124, -2.2035369873046875, -3.455967426300049, -3.5220561027526855], "predictions": [51, 277, 397, 278, 129, 399, 400, 401, 130, 54, 4], "target_tokens": ["[IN:GET_RECIPES", "[SL:RECIPES_DISH", "@ptr4", "@ptr5", "@ptr6", "SL:RECIPES_DISH]", "IN:GET_RECIPES]"], "predicted_tokens": ["[IN:GET_RECIPES", "[SL:METHOD_RECIPES", "@ptr2", "SL:METHOD_RECIPES]", "[SL:RECIPES_INCLUDED_INGREDIENT", "@ptr4", "@ptr5", "@ptr6", "SL:RECIPES_INCLUDED_INGREDIENT]", "IN:GET_RECIPES]"]}
{"loss": 1.3793580532073975, "class_log_probabilities": [-0.7070833444595337, -3.716893196105957, -3.7767980098724365, -5.228386402130127], "predictions": [27, 52, 401, 402, 403, 53, 30, 4], "target_tokens": ["[IN:GET_INFO_RECIPES", "[SL:RECIPES_DISH", "@ptr6", "@ptr7", "SL:RECIPES_DISH]", "IN:GET_INFO_RECIPES]"], "predicted_tokens": ["[IN:GET_INFO_RECIPES", "[SL:RECIPES_DISH", "@ptr6", "@ptr7", "@ptr8", "SL:RECIPES_DISH]", "IN:GET_INFO_RECIPES]"]}
{"loss": 2.3886489868164062, "class_log_probabilities": [-1.305182933807373, -3.5281200408935547, -4.433544158935547, -4.542732238769531], "predictions": [13, 79, 399, 80, 16, 400, 17, 135, 402, 136, 18, 4, 4, 4, 4], "target_tokens": ["[IN:GET_WEATHER", "[SL:WEATHER_ATTRIBUTE", "@ptr2", "@ptr3", "@ptr4", "SL:WEATHER_ATTRIBUTE]", "[SL:DATE_TIME", "@ptr5", "SL:DATE_TIME]", "[SL:WEATHER_TEMPERATURE_UNIT", "@ptr8", "SL:WEATHER_TEMPERATURE_UNIT]", "IN:GET_WEATHER]"], "predicted_tokens": ["[IN:GET_WEATHER", "[SL:WEATHER_ATTRIBUTE", "@ptr4", "SL:WEATHER_ATTRIBUTE]", "[SL:DATE_TIME", "@ptr5", "SL:DATE_TIME]", "[SL:WEATHER_TEMPERATURE_UNIT", "@ptr7", "SL:WEATHER_TEMPERATURE_UNIT]", "IN:GET_WEATHER]"]}
{"loss": 1.4783586263656616, "class_log_probabilities": [-0.9106492400169373, -4.086893081665039, -5.437936305999756, -7.09106969833374], "predictions": [51, 289, 399, 290, 52, 402, 53, 54, 4, 4, 4, 4, 4, 4], "target_tokens": ["[IN:GET_RECIPES", "[SL:RECIPES_RATING", "@ptr4", "SL:RECIPES_RATING]", "[SL:RECIPES_DISH", "@ptr7", "@ptr8", "@ptr9", "@ptr10", "@ptr11", "SL:RECIPES_DISH]", "IN:GET_RECIPES]"], "predicted_tokens": ["[IN:GET_RECIPES", "[SL:RECIPES_RATING", "@ptr4", "SL:RECIPES_RATING]", "[SL:RECIPES_DISH", "@ptr7", "SL:RECIPES_DISH]", "IN:GET_RECIPES]"]}
{"loss": 1.6674513816833496, "class_log_probabilities": [-1.2103493213653564, -2.098287343978882, -4.41009521484375, -4.723206996917725], "predictions": [51, 52, 402, 53, 54, 4, 4, 4, 4], "target_tokens": ["[IN:GET_RECIPES", "[SL:RECIPES_DISH", "@ptr7", "SL:RECIPES_DISH]", "[SL:RECIPES_EXCLUDED_INGREDIENT", "@ptr9", "SL:RECIPES_EXCLUDED_INGREDIENT]", "IN:GET_RECIPES]"], "predicted_tokens": ["[IN:GET_RECIPES", "[SL:RECIPES_DISH", "@ptr7", "SL:RECIPES_DISH]", "IN:GET_RECIPES]"]}
{"loss": 1.434360384941101, "class_log_probabilities": [-0.8160293698310852, -2.5145416259765625, -4.013919830322266, -5.78120231628418], "predictions": [27, 28, 398, 29, 52, 404, 53, 30, 4, 4], "target_tokens": ["[IN:GET_INFO_RECIPES", "[SL:RECIPES_ATTRIBUTE", "@ptr3", "SL:RECIPES_ATTRIBUTE]", "[SL:RECIPES_DISH", "@ptr8", "@ptr9", "SL:RECIPES_DISH]", "IN:GET_INFO_RECIPES]"], "predicted_tokens": ["[IN:GET_INFO_RECIPES", "[SL:RECIPES_ATTRIBUTE", "@ptr3", "SL:RECIPES_ATTRIBUTE]", "[SL:RECIPES_DISH", "@ptr9", "SL:RECIPES_DISH]", "IN:GET_INFO_RECIPES]"]}
{"loss": 2.335980176925659, "class_log_probabilities": [-5.366547584533691, -5.481706142425537, -7.295801162719727, -7.550047874450684], "predictions": [51, 289, 395, 290, 52, 398, 53, 341, 400, 401, 402, 342, 54, 4, 4], "target_tokens": ["[IN:GET_RECIPES", "[SL:RECIPES_RATING", "@ptr0", "SL:RECIPES_RATING]", "[SL:RECIPES_DISH", "@ptr3", "SL:RECIPES_DISH]", "[SL:RECIPES_SOURCE", "@ptr4", "@ptr5", "@ptr6", "SL:RECIPES_SOURCE]", "IN:GET_RECIPES]"], "predicted_tokens": ["[IN:GET_RECIPES", "[SL:RECIPES_RATING", "@ptr0", "SL:RECIPES_RATING]", "[SL:RECIPES_DISH", "@ptr3", "SL:RECIPES_DISH]", "[SL:RECIPES_SOURCE", "@ptr5", "@ptr6", "@ptr7", "SL:RECIPES_SOURCE]", "IN:GET_RECIPES]"]}
{"loss": 2.311476945877075, "class_log_probabilities": [-1.3348605632781982, -2.3957016468048096, -4.3701348304748535, -5.735487937927246], "predictions": [27, 30, 4, 4, 4, 4, 4, 4, 4], "target_tokens": ["[IN:GET_RECIPES", "[SL:RECIPES_DISH", "@ptr8", "SL:RECIPES_DISH]", "IN:GET_RECIPES]"], "predicted_tokens": ["[IN:GET_INFO_RECIPES", "IN:GET_INFO_RECIPES]"]}
{"loss": 1.4734059572219849, "class_log_probabilities": [-0.9360082745552063, -5.451456069946289, -5.796089172363281, -6.025568008422852], "predictions": [13, 14, 397, 398, 15, 16, 400, 401, 17, 18, 4, 4], "target_tokens": ["[IN:GET_WEATHER", "[SL:LOCATION", "@ptr2", "@ptr3", "SL:LOCATION]", "[SL:DATE_TIME", "@ptr4", "@ptr5", "@ptr6", "SL:DATE_TIME]", "IN:GET_WEATHER]"], "predicted_tokens": ["[IN:GET_WEATHER", "[SL:LOCATION", "@ptr2", "@ptr3", "SL:LOCATION]", "[SL:DATE_TIME", "@ptr5", "@ptr6", "SL:DATE_TIME]", "IN:GET_WEATHER]"]}
{"loss": 2.532224655151367, "class_log_probabilities": [-3.302617073059082, -3.8494956493377686, -4.629430294036865, -4.675015926361084], "predictions": [39, 40, 400, 41, 42, 4, 4, 4, 4, 4, 4, 4], "target_tokens": ["[IN:GET_STORIES_NEWS", "[SL:DATE_TIME", "@ptr4", "@ptr5", "SL:DATE_TIME]", "[SL:NEWS_TYPE", "@ptr9", "SL:NEWS_TYPE]", "IN:GET_STORIES_NEWS]"], "predicted_tokens": ["[IN:GET_STORIES_NEWS", "[SL:NEWS_TYPE", "@ptr5", "SL:NEWS_TYPE]", "IN:GET_STORIES_NEWS]"]}
{"loss": 3.06907320022583, "class_log_probabilities": [-0.7642664313316345, -3.7673025131225586, -4.7259979248046875, -5.55620002746582], "predictions": [221, 222, 4, 4, 4, 4, 4], "target_tokens": ["[IN:QUESTION_NEWS", "[SL:NEWS_TOPIC", "@ptr3", "@ptr4", "SL:NEWS_TOPIC]", "IN:QUESTION_NEWS]"], "predicted_tokens": ["[IN:GET_SUNSET", "IN:GET_SUNSET]"]}
{"loss": 0.985837459564209, "class_log_probabilities": [-0.43592312932014465, -4.770901679992676, -5.710029602050781, -6.9000468254089355], "predictions": [217, 218, 4, 4, 4, 4], "target_tokens": ["[IN:GET_TRACK_INFO_MUSIC", "IN:GET_TRACK_INFO_MUSIC]"], "predicted_tokens": ["[IN:GET_TRACK_INFO_MUSIC", "IN:GET_TRACK_INFO_MUSIC]"]}
{"loss": 1.0125013589859009, "class_log_probabilities": [-0.5344383716583252, -4.508184432983398, -5.317926406860352, -5.475606441497803], "predictions": [241, 242, 4], "target_tokens": ["[IN:SKIP_TRACK_MUSIC", "IN:SKIP_TRACK_MUSIC]"], "predicted_tokens": ["[IN:SKIP_TRACK_MUSIC", "IN:SKIP_TRACK_MUSIC]"]}
{"loss": 4.096532344818115, "class_log_probabilities": [-0.6877603530883789, -3.165811777114868, -3.2226457595825195, -4.6204729080200195], "predictions": [63, 64, 403, 65, 68, 4, 4, 4, 4], "target_tokens": ["[IN:START_SHUFFLE_MUSIC", "[SL:MUSIC_TYPE", "@ptr8", "SL:MUSIC_TYPE]", "[SL:MUSIC_TYPE", "@ptr11", "SL:MUSIC_TYPE]", "IN:START_SHUFFLE_MUSIC]"], "predicted_tokens": ["[IN:PLAY_MUSIC", "[SL:MUSIC_TYPE", "@ptr8", "SL:MUSIC_TYPE]", "IN:PLAY_MUSIC]"]}
{"loss": 1.7967733144760132, "class_log_probabilities": [-0.6889263987541199, -5.881980895996094, -6.066982746124268, -6.659571170806885], "predictions": [63, 64, 398, 65, 66, 400, 401, 67, 68, 4], "target_tokens": ["[IN:PLAY_MUSIC", "[SL:MUSIC_ARTIST_NAME", "@ptr5", "@ptr6", "SL:MUSIC_ARTIST_NAME]", "[SL:MUSIC_TYPE", "@ptr3", "SL:MUSIC_TYPE]", "IN:PLAY_MUSIC]"], "predicted_tokens": ["[IN:PLAY_MUSIC", "[SL:MUSIC_TYPE", "@ptr3", "SL:MUSIC_TYPE]", "[SL:MUSIC_ARTIST_NAME", "@ptr5", "@ptr6", "SL:MUSIC_ARTIST_NAME]", "IN:PLAY_MUSIC]"]}
{"loss": 1.8553423881530762, "class_log_probabilities": [-0.6572051048278809, -3.6821341514587402, -4.461221218109131, -5.704328536987305], "predictions": [63, 151, 395, 152, 64, 398, 65, 68, 4], "target_tokens": ["[IN:PLAY_MUSIC", "[SL:MUSIC_GENRE", "@ptr4", "SL:MUSIC_GENRE]", "[SL:MUSIC_TYPE", "@ptr3", "SL:MUSIC_TYPE]", "IN:PLAY_MUSIC]"], "predicted_tokens": ["[IN:PLAY_MUSIC", "[SL:MUSIC_GENRE", "@ptr0", "SL:MUSIC_GENRE]", "[SL:MUSIC_TYPE", "@ptr3", "SL:MUSIC_TYPE]", "IN:PLAY_MUSIC]"]}
{"loss": 3.373534917831421, "class_log_probabilities": [-1.8883683681488037, -5.1094136238098145, -5.861608982086182, -7.515155792236328], "predictions": [63, 68, 4, 4, 4, 4, 4, 4], "target_tokens": ["[IN:START_SHUFFLE_MUSIC", "IN:START_SHUFFLE_MUSIC]"], "predicted_tokens": ["[IN:PLAY_MUSIC", "IN:PLAY_MUSIC]"]}
{"loss": 2.9976601600646973, "class_log_probabilities": [-0.6592419743537903, -5.986746311187744, -6.530496597290039, -9.262404441833496], "predictions": [63, 66, 395, 396, 397, 398, 399, 400, 67, 68, 4, 4, 4], "target_tokens": ["[IN:PLAY_MUSIC", "[SL:MUSIC_TRACK_TITLE", "@ptr1", "@ptr2", "SL:MUSIC_TRACK_TITLE]", "[SL:MUSIC_ARTIST_NAME", "@ptr5", "SL:MUSIC_ARTIST_NAME]", "IN:PLAY_MUSIC]"], "predicted_tokens": ["[IN:PLAY_MUSIC", "[SL:MUSIC_ARTIST_NAME", "@ptr0", "@ptr1", "@ptr2", "@ptr3", "@ptr4", "@ptr5", "SL:MUSIC_ARTIST_NAME]", "IN:PLAY_MUSIC]"]}
{"loss": 0.9698774218559265, "class_log_probabilities": [-0.69600909948349, -3.5639820098876953, -4.829232692718506, -6.290334224700928], "predictions": [13, 79, 402, 80, 16, 403, 404, 17, 18, 4, 4], "target_tokens": ["[IN:GET_WEATHER", "[SL:WEATHER_ATTRIBUTE", "@ptr7", "SL:WEATHER_ATTRIBUTE]", "[SL:DATE_TIME", "@ptr8", "@ptr9", "SL:DATE_TIME]", "IN:GET_WEATHER]"], "predicted_tokens": ["[IN:GET_WEATHER", "[SL:WEATHER_ATTRIBUTE", "@ptr7", "SL:WEATHER_ATTRIBUTE]", "[SL:DATE_TIME", "@ptr8", "@ptr9", "SL:DATE_TIME]", "IN:GET_WEATHER]"]}
{"loss": 1.2395882606506348, "class_log_probabilities": [-1.0101958513259888, -3.471165180206299, -3.6359035968780518, -4.379068374633789], "predictions": [13, 79, 401, 80, 14, 403, 404, 15, 18, 4, 4, 4, 4], "target_tokens": ["[IN:GET_WEATHER", "[SL:WEATHER_ATTRIBUTE", "@ptr6", "SL:WEATHER_ATTRIBUTE]", "[SL:LOCATION", "@ptr9", "SL:LOCATION]", "IN:GET_WEATHER]"], "predicted_tokens": ["[IN:GET_WEATHER", "[SL:WEATHER_ATTRIBUTE", "@ptr6", "SL:WEATHER_ATTRIBUTE]", "[SL:LOCATION", "@ptr8", "@ptr9", "SL:LOCATION]", "IN:GET_WEATHER]"]}
{"loss": 0.960174560546875, "class_log_probabilities": [-0.1807640939950943, -7.924548625946045, -9.006247520446777, -9.042366981506348], "predictions": [13, 18, 4, 4, 4], "target_tokens": ["[IN:GET_WEATHER", "IN:GET_WEATHER]"], "predicted_tokens": ["[IN:GET_WEATHER", "IN:GET_WEATHER]"]}
{"loss": 1.0238770246505737, "class_log_probabilities": [-1.5759694576263428, -1.9292616844177246, -2.996603012084961, -5.71952486038208], "predictions": [45, 16, 398, 399, 400, 401, 402, 403, 17, 46, 4, 4, 4, 4], "target_tokens": ["[IN:CREATE_ALARM", "[SL:DATE_TIME", "@ptr3", "@ptr4", "@ptr5", "@ptr6", "@ptr7", "@ptr8", "SL:DATE_TIME]", "IN:CREATE_ALARM]"], "predicted_tokens": ["[IN:CREATE_ALARM", "[SL:DATE_TIME", "@ptr3", "@ptr4", "@ptr5", "@ptr6", "@ptr7", "@ptr8", "SL:DATE_TIME]", "IN:CREATE_ALARM]"]}
{"loss": 0.9836785793304443, "class_log_probabilities": [-0.5543951988220215, -5.381010055541992, -5.534996032714844, -6.5489044189453125], "predictions": [13, 79, 400, 80, 16, 401, 402, 403, 404, 17, 18, 4, 4], "target_tokens": ["[IN:GET_WEATHER", "[SL:WEATHER_ATTRIBUTE", "@ptr5", "SL:WEATHER_ATTRIBUTE]", "[SL:DATE_TIME", "@ptr6", "@ptr7", "@ptr8", "@ptr9", "SL:DATE_TIME]", "IN:GET_WEATHER]"], "predicted_tokens": ["[IN:GET_WEATHER", "[SL:WEATHER_ATTRIBUTE", "@ptr5", "SL:WEATHER_ATTRIBUTE]", "[SL:DATE_TIME", "@ptr6", "@ptr7", "@ptr8", "@ptr9", "SL:DATE_TIME]", "IN:GET_WEATHER]"]}
{"loss": 2.467029571533203, "class_log_probabilities": [-0.6065108776092529, -5.444737434387207, -6.239356994628906, -6.370956897735596], "predictions": [55, 56, 399, 400, 401, 402, 403, 404, 57, 58, 4], "target_tokens": ["[IN:QUESTION_NEWS", "[SL:NEWS_TOPIC", "@ptr0", "@ptr1", "@ptr2", "@ptr3", "@ptr4", "@ptr5", "@ptr6", "@ptr7", "@ptr8", "@ptr9", "@ptr10", "SL:NEWS_TOPIC]", "IN:QUESTION_NEWS]"], "predicted_tokens": ["[IN:QUESTION_NEWS", "[SL:NEWS_TOPIC", "@ptr4", "@ptr5", "@ptr6", "@ptr7", "@ptr8", "@ptr9", "SL:NEWS_TOPIC]", "IN:QUESTION_NEWS]"]}
{"loss": 1.0677502155303955, "class_log_probabilities": [-1.5595364570617676, -3.035336494445801, -3.339747905731201, -4.440643310546875], "predictions": [13, 79, 401, 80, 14, 404, 405, 15, 18, 4, 4, 4, 4], "target_tokens": ["[IN:GET_WEATHER", "[SL:WEATHER_ATTRIBUTE", "@ptr6", "SL:WEATHER_ATTRIBUTE]", "[SL:LOCATION", "@ptr9", "@ptr10", "SL:LOCATION]", "IN:GET_WEATHER]"], "predicted_tokens": ["[IN:GET_WEATHER", "[SL:WEATHER_ATTRIBUTE", "@ptr6", "SL:WEATHER_ATTRIBUTE]", "[SL:LOCATION", "@ptr9", "@ptr10", "SL:LOCATION]", "IN:GET_WEATHER]"]}
{"loss": 1.0591872930526733, "class_log_probabilities": [-1.2221927642822266, -1.6490850448608398, -5.653340816497803, -5.8394775390625], "predictions": [63, 64, 397, 65, 66, 399, 400, 401, 67, 68, 4], "target_tokens": ["[IN:PLAY_MUSIC", "[SL:MUSIC_TYPE", "@ptr2", "SL:MUSIC_TYPE]", "[SL:MUSIC_ARTIST_NAME", "@ptr4", "@ptr5", "SL:MUSIC_ARTIST_NAME]", "IN:PLAY_MUSIC]"], "predicted_tokens": ["[IN:PLAY_MUSIC", "[SL:MUSIC_TYPE", "@ptr2", "SL:MUSIC_TYPE]", "[SL:MUSIC_ARTIST_NAME", "@ptr4", "@ptr5", "@ptr6", "SL:MUSIC_ARTIST_NAME]", "IN:PLAY_MUSIC]"]}
{"loss": 2.4333856105804443, "class_log_probabilities": [-1.5715253353118896, -1.6602123975753784, -2.4332423210144043, -4.109996795654297], "predictions": [63, 64, 401, 65, 68, 4, 4], "target_tokens": ["[IN:PLAY_MUSIC", "[SL:MUSIC_GENRE", "@ptr9", "SL:MUSIC_GENRE]", "[SL:MUSIC_TYPE", "@ptr7", "SL:MUSIC_TYPE]", "IN:PLAY_MUSIC]"], "predicted_tokens": ["[IN:PLAY_MUSIC", "[SL:MUSIC_TYPE", "@ptr6", "SL:MUSIC_TYPE]", "IN:PLAY_MUSIC]"]}
{"loss": 1.3450666666030884, "class_log_probabilities": [-0.7356608510017395, -4.425180435180664, -4.766075134277344, -6.401464939117432], "predictions": [13, 79, 402, 80, 16, 404, 17, 18, 4, 4, 4, 4], "target_tokens": ["[IN:GET_WEATHER", "[SL:WEATHER_ATTRIBUTE", "@ptr8", "SL:WEATHER_ATTRIBUTE]", "[SL:DATE_TIME", "@ptr9", "SL:DATE_TIME]", "IN:GET_WEATHER]"], "predicted_tokens": ["[IN:GET_WEATHER", "[SL:WEATHER_ATTRIBUTE", "@ptr7", "SL:WEATHER_ATTRIBUTE]", "[SL:DATE_TIME", "@ptr9", "SL:DATE_TIME]", "IN:GET_WEATHER]"]}
{"loss": 1.8945465087890625, "class_log_probabilities": [-2.0026025772094727, -3.495875597000122, -5.240259647369385, -5.845005035400391], "predictions": [241, 242, 4, 4, 4, 4], "target_tokens": ["[IN:SKIP_TRACK_MUSIC", "[SL:MUSIC_TYPE", "@ptr3", "SL:MUSIC_TYPE]", "IN:SKIP_TRACK_MUSIC]"], "predicted_tokens": ["[IN:SKIP_TRACK_MUSIC", "IN:SKIP_TRACK_MUSIC]"]}
{"loss": 1.002268671989441, "class_log_probabilities": [-1.1359546184539795, -2.563016891479492, -2.882521867752075, -6.036839962005615], "predictions": [13, 79, 400, 401, 80, 16, 402, 403, 17, 18, 4, 4], "target_tokens": ["[IN:GET_WEATHER", "[SL:WEATHER_ATTRIBUTE", "@ptr5", "@ptr6", "SL:WEATHER_ATTRIBUTE]", "[SL:DATE_TIME", "@ptr7", "@ptr8", "SL:DATE_TIME]", "IN:GET_WEATHER]"], "predicted_tokens": ["[IN:GET_WEATHER", "[SL:WEATHER_ATTRIBUTE", "@ptr5", "@ptr6", "SL:WEATHER_ATTRIBUTE]", "[SL:DATE_TIME", "@ptr7", "@ptr8", "SL:DATE_TIME]", "IN:GET_WEATHER]"]}
{"loss": 2.124509572982788, "class_log_probabilities": [-0.6949147582054138, -3.6874513626098633, -5.392434597015381, -6.124735355377197], "predictions": [45, 16, 399, 400, 401, 402, 403, 17, 46, 4], "target_tokens": ["[IN:CREATE_ALARM", "[SL:DATE_TIME", "@ptr3", "@ptr4", "@ptr5", "@ptr6", "@ptr7", "SL:DATE_TIME]", "IN:CREATE_ALARM]"], "predicted_tokens": ["[IN:CREATE_ALARM", "[SL:DATE_TIME", "@ptr4", "@ptr5", "@ptr6", "@ptr7", "@ptr8", "SL:DATE_TIME]", "IN:CREATE_ALARM]"]}
{"loss": 3.016587734222412, "class_log_probabilities": [-0.618052065372467, -2.613497495651245, -4.53909969329834, -5.480190277099609], "predictions": [13, 16, 401, 402, 17, 18, 4], "target_tokens": ["[IN:GET_WEATHER", "[SL:DATE_TIME", "@ptr5", "@ptr6", "SL:DATE_TIME]", "IN:GET_WEATHER]"], "predicted_tokens": ["[IN:GET_WEATHER", "[SL:DATE_TIME", "@ptr6", "@ptr7", "SL:DATE_TIME]", "IN:GET_WEATHER]"]}
{"loss": 0.9591448903083801, "class_log_probabilities": [-0.38198789954185486, -6.576859474182129, -7.533786773681641, -7.595367431640625], "predictions": [13, 79, 402, 80, 18, 4, 4], "target_tokens": ["[IN:GET_WEATHER", "[SL:WEATHER_ATTRIBUTE", "@ptr7", "SL:WEATHER_ATTRIBUTE]", "IN:GET_WEATHER]"], "predicted_tokens": ["[IN:GET_WEATHER", "[SL:WEATHER_ATTRIBUTE", "@ptr7", "SL:WEATHER_ATTRIBUTE]", "IN:GET_WEATHER]"]}
{"loss": 1.1249732971191406, "class_log_probabilities": [-0.8581960201263428, -2.07800030708313, -4.444599628448486, -6.763664245605469], "predictions": [13, 79, 402, 80, 14, 403, 15, 18, 4, 4], "target_tokens": ["[IN:GET_WEATHER", "[SL:WEATHER_ATTRIBUTE", "@ptr7", "SL:WEATHER_ATTRIBUTE]", "[SL:LOCATION", "@ptr9", "SL:LOCATION]", "IN:GET_WEATHER]"], "predicted_tokens": ["[IN:GET_WEATHER", "[SL:WEATHER_ATTRIBUTE", "@ptr7", "SL:WEATHER_ATTRIBUTE]", "[SL:LOCATION", "@ptr8", "SL:LOCATION]", "IN:GET_WEATHER]"]}
{"loss": 2.1488239765167236, "class_log_probabilities": [-1.1555652618408203, -2.8995163440704346, -4.800533294677734, -4.867581367492676], "predictions": [169, 64, 398, 65, 170, 4], "target_tokens": ["[IN:STOP_MUSIC", "[SL:MUSIC_TYPE", "@ptr2", "SL:MUSIC_TYPE]", "IN:STOP_MUSIC]"], "predicted_tokens": ["[IN:REMOVE_FROM_PLAYLIST_MUSIC", "[SL:MUSIC_TYPE", "@ptr3", "SL:MUSIC_TYPE]", "IN:REMOVE_FROM_PLAYLIST_MUSIC]"]}
{"loss": 0.9830007553100586, "class_log_probabilities": [-0.2990201413631439, -5.824052810668945, -6.482699394226074, -6.9680705070495605], "predictions": [255, 90, 397, 91, 256, 4], "target_tokens": ["[IN:PAUSE_TIMER", "[SL:METHOD_TIMER", "@ptr2", "SL:METHOD_TIMER]", "IN:PAUSE_TIMER]"], "predicted_tokens": ["[IN:PAUSE_TIMER", "[SL:METHOD_TIMER", "@ptr2", "SL:METHOD_TIMER]", "IN:PAUSE_TIMER]"]}
{"loss": 0.9695426821708679, "class_log_probabilities": [-0.6060670018196106, -5.309993743896484, -5.569588661193848, -5.984148025512695], "predictions": [255, 90, 399, 91, 256, 4], "target_tokens": ["[IN:PAUSE_TIMER", "[SL:METHOD_TIMER", "@ptr4", "SL:METHOD_TIMER]", "IN:PAUSE_TIMER]"], "predicted_tokens": ["[IN:PAUSE_TIMER", "[SL:METHOD_TIMER", "@ptr4", "SL:METHOD_TIMER]", "IN:PAUSE_TIMER]"]}
{"loss": 2.182771921157837, "class_log_probabilities": [-0.441267728805542, -6.555194854736328, -7.3092427253723145, -7.354031085968018], "predictions": [63, 66, 395, 67, 64, 399, 65, 68, 4, 4], "target_tokens": ["[IN:PLAY_MUSIC", "[SL:MUSIC_TYPE", "@ptr4", "SL:MUSIC_TYPE]", "IN:PLAY_MUSIC]"], "predicted_tokens": ["[IN:PLAY_MUSIC", "[SL:MUSIC_ARTIST_NAME", "@ptr0", "SL:MUSIC_ARTIST_NAME]", "[SL:MUSIC_TYPE", "@ptr4", "SL:MUSIC_TYPE]", "IN:PLAY_MUSIC]"]}
{"loss": 1.4422721862792969, "class_log_probabilities": [-1.8648958206176758, -2.852525234222412, -3.546640634536743, -3.8373663425445557], "predictions": [63, 64, 397, 65, 68, 4], "target_tokens": ["[IN:START_SHUFFLE_MUSIC", "[SL:MUSIC_TYPE", "@ptr2", "SL:MUSIC_TYPE]", "IN:START_SHUFFLE_MUSIC]"], "predicted_tokens": ["[IN:PLAY_MUSIC", "[SL:MUSIC_TYPE", "@ptr2", "SL:MUSIC_TYPE]", "IN:PLAY_MUSIC]"]}
{"loss": 1.5620325803756714, "class_log_probabilities": [-0.6445445418357849, -6.023271560668945, -6.192777156829834, -6.202376842498779], "predictions": [39, 40, 397, 41, 56, 399, 400, 401, 402, 57, 42, 4], "target_tokens": ["[IN:GET_STORIES_NEWS", "[SL:NEWS_TYPE", "@ptr2", "SL:NEWS_TYPE]", "[SL:NEWS_TOPIC", "@ptr5", "@ptr6", "@ptr7", "SL:NEWS_TOPIC]", "IN:GET_STORIES_NEWS]"], "predicted_tokens": ["[IN:GET_STORIES_NEWS", "[SL:NEWS_TYPE", "@ptr2", "SL:NEWS_TYPE]", "[SL:NEWS_TOPIC", "@ptr4", "@ptr5", "@ptr6", "@ptr7", "SL:NEWS_TOPIC]", "IN:GET_STORIES_NEWS]"]}
{"loss": 1.00289785861969, "class_log_probabilities": [-1.024797797203064, -4.453012466430664, -4.4829182624816895, -4.549826622009277], "predictions": [115, 90, 398, 91, 116, 4], "target_tokens": ["[IN:GET_TIMER", "[SL:METHOD_TIMER", "@ptr3", "SL:METHOD_TIMER]", "IN:GET_TIMER]"], "predicted_tokens": ["[IN:GET_TIMER", "[SL:METHOD_TIMER", "@ptr3", "SL:METHOD_TIMER]", "IN:GET_TIMER]"]}
{"loss": 1.9196994304656982, "class_log_probabilities": [-2.043100118637085, -3.5245230197906494, -3.5668458938598633, -5.040979385375977], "predictions": [63, 151, 400, 401, 402, 403, 152, 68, 4, 4, 4], "target_tokens": ["[IN:PLAY_MUSIC", "[SL:MUSIC_GENRE", "@ptr7", "@ptr8", "SL:MUSIC_GENRE]", "[SL:MUSIC_TYPE", "@ptr5", "SL:MUSIC_TYPE]", "IN:PLAY_MUSIC]"], "predicted_tokens": ["[IN:PLAY_MUSIC", "[SL:MUSIC_GENRE", "@ptr5", "@ptr6", "@ptr7", "@ptr8", "SL:MUSIC_GENRE]", "IN:PLAY_MUSIC]"]}
{"loss": 0.9659199714660645, "class_log_probabilities": [-0.3301510810852051, -7.519688606262207, -7.652600288391113, -7.829672813415527], "predictions": [13, 79, 403, 80, 18, 4, 4, 4], "target_tokens": ["[IN:GET_WEATHER", "[SL:WEATHER_ATTRIBUTE", "@ptr8", "SL:WEATHER_ATTRIBUTE]", "IN:GET_WEATHER]"], "predicted_tokens": ["[IN:GET_WEATHER", "[SL:WEATHER_ATTRIBUTE", "@ptr8", "SL:WEATHER_ATTRIBUTE]", "IN:GET_WEATHER]"]}
{"loss": 2.4868640899658203, "class_log_probabilities": [-2.9831032752990723, -3.4253735542297363, -3.644930601119995, -4.941682815551758], "predictions": [89, 16, 398, 17, 92, 4, 4, 4, 4, 4], "target_tokens": ["[IN:CREATE_TIMER", "[SL:METHOD_TIMER", "@ptr2", "SL:METHOD_TIMER]", "[SL:DATE_TIME", "@ptr3", "@ptr4", "SL:DATE_TIME]", "IN:CREATE_TIMER]"], "predicted_tokens": ["[IN:CREATE_TIMER", "[SL:DATE_TIME", "@ptr3", "SL:DATE_TIME]", "IN:CREATE_TIMER]"]}
{"loss": 3.112727165222168, "class_log_probabilities": [-3.654110908508301, -9.259718894958496, -9.847896575927734, -10.25391960144043], "predictions": [23, 26, 4, 4, 4, 4, 4, 4, 4, 4, 4, 4, 4, 4], "target_tokens": ["[IN:GET_WEATHER", "[SL:WEATHER_ATTRIBUTE", "@ptr5", "SL:WEATHER_ATTRIBUTE]", "[SL:DATE_TIME", "@ptr8", "SL:DATE_TIME]", "IN:GET_WEATHER]"], "predicted_tokens": ["[IN:SEND_MESSAGE", "IN:SEND_MESSAGE]"]}
{"loss": 2.3178021907806396, "class_log_probabilities": [-0.6068375110626221, -4.605915069580078, -5.996665954589844, -6.410134315490723], "predictions": [45, 16, 399, 400, 401, 402, 403, 404, 17, 46, 4, 4], "target_tokens": ["[IN:CREATE_ALARM", "[SL:DATE_TIME", "@ptr3", "@ptr4", "@ptr5", "@ptr6", "@ptr7", "@ptr8", "@ptr9", "@ptr10", "SL:DATE_TIME]", "IN:CREATE_ALARM]"], "predicted_tokens": ["[IN:CREATE_ALARM", "[SL:DATE_TIME", "@ptr4", "@ptr5", "@ptr6", "@ptr7", "@ptr8", "@ptr9", "SL:DATE_TIME]", "IN:CREATE_ALARM]"]}
{"loss": 0.9847250580787659, "class_log_probabilities": [-0.9392171502113342, -3.3140811920166016, -3.5379385948181152, -4.4818572998046875], "predictions": [13, 79, 400, 80, 14, 402, 15, 16, 403, 17, 18, 4], "target_tokens": ["[IN:GET_WEATHER", "[SL:WEATHER_ATTRIBUTE", "@ptr5", "SL:WEATHER_ATTRIBUTE]", "[SL:LOCATION", "@ptr7", "SL:LOCATION]", "[SL:DATE_TIME", "@ptr8", "SL:DATE_TIME]", "IN:GET_WEATHER]"], "predicted_tokens": ["[IN:GET_WEATHER", "[SL:WEATHER_ATTRIBUTE", "@ptr5", "SL:WEATHER_ATTRIBUTE]", "[SL:LOCATION", "@ptr7", "SL:LOCATION]", "[SL:DATE_TIME", "@ptr8", "SL:DATE_TIME]", "IN:GET_WEATHER]"]}
{"loss": 1.9729697704315186, "class_log_probabilities": [-3.1011548042297363, -3.1256041526794434, -3.159383773803711, -3.549454689025879], "predictions": [13, 16, 404, 406, 408, 17, 18, 4, 4, 4], "target_tokens": ["[IN:GET_WEATHER", "[SL:DATE_TIME", "@ptr9", "@ptr10", "@ptr11", "@ptr12", "@ptr13", "@ptr14", "SL:DATE_TIME]", "IN:GET_WEATHER]"], "predicted_tokens": ["[IN:GET_WEATHER", "[SL:DATE_TIME", "@ptr9", "@ptr11", "@ptr13", "SL:DATE_TIME]", "IN:GET_WEATHER]"]}
{"loss": 0.9806340336799622, "class_log_probabilities": [-0.3931061029434204, -5.74837589263916, -7.203619480133057, -7.4611358642578125], "predictions": [115, 90, 400, 91, 116, 4], "target_tokens": ["[IN:GET_TIMER", "[SL:METHOD_TIMER", "@ptr5", "SL:METHOD_TIMER]", "IN:GET_TIMER]"], "predicted_tokens": ["[IN:GET_TIMER", "[SL:METHOD_TIMER", "@ptr5", "SL:METHOD_TIMER]", "IN:GET_TIMER]"]}
{"loss": 2.4290051460266113, "class_log_probabilities": [-2.5881285667419434, -3.568718433380127, -3.9856417179107666, -43.618988037109375], "predictions": [63, 64, 404, 65, 66, 405, 67, 68, 4, 4, 4, 4, 4, 4, 4, 4, 4, 4, 4, 4, 4, 4, 4, 4, 4, 4, 4, 4, 4, 4, 4, 4, 4, 4, 4, 4, 4, 4, 4, 4, 4, 4, 4, 4, 4, 4, 4, 4, 4, 4, 4, 4, 4, 4, 4, 4, 4, 4, 4, 4, 4, 4, 4, 4, 4, 4, 4, 4, 4, 4, 4, 4, 4, 4, 4, 4, 4, 4, 4, 4, 4, 4, 4, 4, 4, 4, 4, 4, 4, 4, 4, 4, 4, 4, 4, 4, 4, 4, 4, 4], "target_tokens": ["[IN:PLAY_MUSIC", "[SL:MUSIC_ARTIST_NAME", "@ptr11", "SL:MUSIC_ARTIST_NAME]", "[SL:MUSIC_TYPE", "@ptr9", "SL:MUSIC_TYPE]", "IN:PLAY_MUSIC]"], "predicted_tokens": ["[IN:PLAY_MUSIC", "[SL:MUSIC_TYPE", "@ptr9", "SL:MUSIC_TYPE]", "[SL:MUSIC_ARTIST_NAME", "@ptr10", "SL:MUSIC_ARTIST_NAME]", "IN:PLAY_MUSIC]"]}
{"loss": 2.793541669845581, "class_log_probabilities": [-0.6423352360725403, -2.8514528274536133, -4.747352123260498, -5.972228050231934], "predictions": [13, 16, 401, 402, 17, 18, 4], "target_tokens": ["[IN:GET_WEATHER", "[SL:DATE_TIME", "@ptr5", "@ptr6", "SL:DATE_TIME]", "IN:GET_WEATHER]"], "predicted_tokens": ["[IN:GET_WEATHER", "[SL:DATE_TIME", "@ptr6", "@ptr7", "SL:DATE_TIME]", "IN:GET_WEATHER]"]}
{"loss": 1.1274263858795166, "class_log_probabilities": [-1.065159797668457, -2.8362972736358643, -6.184879302978516, -6.3138556480407715], "predictions": [45, 16, 398, 399, 400, 401, 402, 403, 404, 405, 17, 46, 4], "target_tokens": ["[IN:CREATE_ALARM", "[SL:DATE_TIME", "@ptr4", "@ptr5", "@ptr6", "@ptr7", "@ptr8", "@ptr9", "@ptr10", "SL:DATE_TIME]", "IN:CREATE_ALARM]"], "predicted_tokens": ["[IN:CREATE_ALARM", "[SL:DATE_TIME", "@ptr3", "@ptr4", "@ptr5", "@ptr6", "@ptr7", "@ptr8", "@ptr9", "@ptr10", "SL:DATE_TIME]", "IN:CREATE_ALARM]"]}
{"loss": 2.1190874576568604, "class_log_probabilities": [-0.6018566489219666, -6.531729221343994, -7.455404281616211, -7.684403896331787], "predictions": [89, 90, 397, 91, 16, 399, 400, 401, 17, 92, 4], "target_tokens": ["[IN:CREATE_TIMER", "[SL:METHOD_TIMER", "@ptr2", "SL:METHOD_TIMER]", "[SL:DATE_TIME", "@ptr3", "@ptr4", "@ptr5", "SL:DATE_TIME]", "IN:CREATE_TIMER]"], "predicted_tokens": ["[IN:CREATE_TIMER", "[SL:METHOD_TIMER", "@ptr2", "SL:METHOD_TIMER]", "[SL:DATE_TIME", "@ptr4", "@ptr5", "@ptr6", "SL:DATE_TIME]", "IN:CREATE_TIMER]"]}
{"loss": 2.13047456741333, "class_log_probabilities": [-0.6240304112434387, -3.807644844055176, -3.824310064315796, -6.110673427581787], "predictions": [63, 64, 397, 65, 66, 399, 400, 67, 103, 402, 104, 68, 4], "target_tokens": ["[IN:PLAY_MUSIC", "[SL:MUSIC_ARTIST_NAME", "@ptr4", "@ptr5", "SL:MUSIC_ARTIST_NAME]", "[SL:MUSIC_TYPE", "@ptr2", "SL:MUSIC_TYPE]", "[SL:MUSIC_PROVIDER_NAME", "@ptr7", "SL:MUSIC_PROVIDER_NAME]", "IN:PLAY_MUSIC]"], "predicted_tokens": ["[IN:PLAY_MUSIC", "[SL:MUSIC_TYPE", "@ptr2", "SL:MUSIC_TYPE]", "[SL:MUSIC_ARTIST_NAME", "@ptr4", "@ptr5", "SL:MUSIC_ARTIST_NAME]", "[SL:MUSIC_PROVIDER_NAME", "@ptr7", "SL:MUSIC_PROVIDER_NAME]", "IN:PLAY_MUSIC]"]}
{"loss": 2.1436142921447754, "class_log_probabilities": [-0.4184497594833374, -6.016966342926025, -6.37642765045166, -6.869394302368164], "predictions": [115, 20, 404, 21, 116, 4], "target_tokens": ["[IN:GET_TIMER", "[SL:ORDINAL", "@ptr9", "SL:ORDINAL]", "[SL:METHOD_TIMER", "@ptr10", "SL:METHOD_TIMER]", "IN:GET_TIMER]"], "predicted_tokens": ["[IN:GET_TIMER", "[SL:ORDINAL", "@ptr9", "SL:ORDINAL]", "IN:GET_TIMER]"]}
{"loss": 0.9788110852241516, "class_log_probabilities": [-0.37343451380729675, -6.922775745391846, -7.4376397132873535, -7.5263447761535645], "predictions": [217, 64, 401, 65, 218, 4, 4, 4, 4], "target_tokens": ["[IN:GET_TRACK_INFO_MUSIC", "[SL:MUSIC_TYPE", "@ptr6", "SL:MUSIC_TYPE]", "IN:GET_TRACK_INFO_MUSIC]"], "predicted_tokens": ["[IN:GET_TRACK_INFO_MUSIC", "[SL:MUSIC_TYPE", "@ptr6", "SL:MUSIC_TYPE]", "IN:GET_TRACK_INFO_MUSIC]"]}
{"loss": 1.0109933614730835, "class_log_probabilities": [-0.7592200040817261, -1.6461659669876099, -6.1306304931640625, -7.002048969268799], "predictions": [13, 79, 403, 80, 18, 4, 4, 4], "target_tokens": ["[IN:GET_WEATHER", "[SL:WEATHER_ATTRIBUTE", "@ptr8", "SL:WEATHER_ATTRIBUTE]", "IN:GET_WEATHER]"], "predicted_tokens": ["[IN:GET_WEATHER", "[SL:WEATHER_ATTRIBUTE", "@ptr8", "SL:WEATHER_ATTRIBUTE]", "IN:GET_WEATHER]"]}
{"loss": 1.3524936437606812, "class_log_probabilities": [-3.2349417209625244, -4.150330543518066, -4.2906904220581055, -4.557075023651123], "predictions": [39, 40, 396, 41, 14, 398, 399, 15, 42, 4], "target_tokens": ["[IN:GET_STORIES_NEWS", "[SL:NEWS_TYPE", "@ptr1", "SL:NEWS_TYPE]", "[SL:NEWS_TOPIC", "@ptr3", "@ptr4", "SL:NEWS_TOPIC]", "IN:GET_STORIES_NEWS]"], "predicted_tokens": ["[IN:GET_STORIES_NEWS", "[SL:NEWS_TYPE", "@ptr1", "SL:NEWS_TYPE]", "[SL:LOCATION", "@ptr3", "@ptr4", "SL:LOCATION]", "IN:GET_STORIES_NEWS]"]}
{"loss": 1.8907569646835327, "class_log_probabilities": [-1.5767083168029785, -2.4620401859283447, -3.3215415477752686, -4.1854143142700195], "predictions": [13, 79, 404, 80, 16, 406, 17, 18, 4, 4, 4, 4], "target_tokens": ["[IN:GET_WEATHER", "[SL:WEATHER_ATTRIBUTE", "@ptr9", "SL:WEATHER_ATTRIBUTE]", "[SL:DATE_TIME", "@ptr10", "@ptr11", "@ptr12", "SL:DATE_TIME]", "IN:GET_WEATHER]"], "predicted_tokens": ["[IN:GET_WEATHER", "[SL:WEATHER_ATTRIBUTE", "@ptr9", "SL:WEATHER_ATTRIBUTE]", "[SL:DATE_TIME", "@ptr11", "SL:DATE_TIME]", "IN:GET_WEATHER]"]}
{"loss": 2.90311598777771, "class_log_probabilities": [-0.5456894040107727, -4.5573577880859375, -7.100337982177734, -7.421095848083496], "predictions": [45, 16, 399, 400, 17, 46, 4], "target_tokens": ["[IN:CREATE_ALARM", "[SL:DATE_TIME", "@ptr3", "@ptr4", "SL:DATE_TIME]", "IN:CREATE_ALARM]"], "predicted_tokens": ["[IN:CREATE_ALARM", "[SL:DATE_TIME", "@ptr4", "@ptr5", "SL:DATE_TIME]", "IN:CREATE_ALARM]"]}
{"loss": 0.967014491558075, "class_log_probabilities": [-0.6734963655471802, -5.965993881225586, -6.353971004486084, -6.578600883483887], "predictions": [13, 14, 401, 15, 16, 402, 403, 404, 17, 18, 4], "target_tokens": ["[IN:GET_WEATHER", "[SL:LOCATION", "@ptr6", "SL:LOCATION]", "[SL:DATE_TIME", "@ptr7", "@ptr8", "@ptr9", "SL:DATE_TIME]", "IN:GET_WEATHER]"], "predicted_tokens": ["[IN:GET_WEATHER", "[SL:LOCATION", "@ptr6", "SL:LOCATION]", "[SL:DATE_TIME", "@ptr7", "@ptr8", "@ptr9", "SL:DATE_TIME]", "IN:GET_WEATHER]"]}
{"loss": 1.2182472944259644, "class_log_probabilities": [-2.196150302886963, -3.906996726989746, -4.099739074707031, -4.310464859008789], "predictions": [61, 16, 402, 403, 404, 405, 406, 17, 62, 4], "target_tokens": ["[IN:CREATE_ALARM", "[SL:DATE_TIME", "@ptr7", "@ptr8", "@ptr9", "@ptr10", "@ptr11", "SL:DATE_TIME]", "IN:CREATE_ALARM]"], "predicted_tokens": ["[IN:GET_EVENT", "[SL:DATE_TIME", "@ptr7", "@ptr8", "@ptr9", "@ptr10", "@ptr11", "SL:DATE_TIME]", "IN:GET_EVENT]"]}
{"loss": 1.5144797563552856, "class_log_probabilities": [-0.9997490048408508, -3.6831893920898438, -6.636134147644043, -6.972251892089844], "predictions": [45, 249, 395, 250, 16, 398, 399, 400, 401, 17, 46, 4], "target_tokens": ["[IN:CREATE_ALARM", "[SL:DATE_TIME", "@ptr3", "@ptr4", "@ptr5", "@ptr6", "SL:DATE_TIME]", "IN:CREATE_ALARM]"], "predicted_tokens": ["[IN:CREATE_ALARM", "[SL:ALARM_NAME", "@ptr0", "SL:ALARM_NAME]", "[SL:DATE_TIME", "@ptr3", "@ptr4", "@ptr5", "@ptr6", "SL:DATE_TIME]", "IN:CREATE_ALARM]"]}
{"loss": 1.0052353143692017, "class_log_probabilities": [-1.342814564704895, -2.9182846546173096, -4.120717525482178, -5.970465183258057], "predictions": [39, 16, 398, 17, 40, 399, 41, 133, 401, 134, 42, 4, 4, 4, 4], "target_tokens": ["[IN:GET_STORIES_NEWS", "[SL:DATE_TIME", "@ptr3", "SL:DATE_TIME]", "[SL:NEWS_TYPE", "@ptr4", "SL:NEWS_TYPE]", "[SL:NEWS_SOURCE", "@ptr6", "SL:NEWS_SOURCE]", "IN:GET_STORIES_NEWS]"], "predicted_tokens": ["[IN:GET_STORIES_NEWS", "[SL:DATE_TIME", "@ptr3", "SL:DATE_TIME]", "[SL:NEWS_TYPE", "@ptr4", "SL:NEWS_TYPE]", "[SL:NEWS_SOURCE", "@ptr6", "SL:NEWS_SOURCE]", "IN:GET_STORIES_NEWS]"]}
{"loss": 0.9969795346260071, "class_log_probabilities": [-0.887086033821106, -2.834580421447754, -3.913785934448242, -5.744663238525391], "predictions": [183, 16, 396, 397, 17, 90, 400, 91, 184, 4, 4], "target_tokens": ["[IN:ADD_TIME_TIMER", "[SL:DATE_TIME", "@ptr1", "@ptr2", "SL:DATE_TIME]", "[SL:METHOD_TIMER", "@ptr5", "SL:METHOD_TIMER]", "IN:ADD_TIME_TIMER]"], "predicted_tokens": ["[IN:ADD_TIME_TIMER", "[SL:DATE_TIME", "@ptr1", "@ptr2", "SL:DATE_TIME]", "[SL:METHOD_TIMER", "@ptr5", "SL:METHOD_TIMER]", "IN:ADD_TIME_TIMER]"]}
{"loss": 0.9702860713005066, "class_log_probabilities": [-0.34276658296585083, -5.62933349609375, -7.094626426696777, -7.096301555633545], "predictions": [115, 90, 405, 91, 116, 4, 4, 4, 4], "target_tokens": ["[IN:GET_TIMER", "[SL:METHOD_TIMER", "@ptr10", "SL:METHOD_TIMER]", "IN:GET_TIMER]"], "predicted_tokens": ["[IN:GET_TIMER", "[SL:METHOD_TIMER", "@ptr10", "SL:METHOD_TIMER]", "IN:GET_TIMER]"]}
{"loss": 2.8989343643188477, "class_log_probabilities": [-1.3372585773468018, -1.5427063703536987, -2.292264223098755, -2.5725207328796387], "predictions": [39, 40, 398, 41, 16, 402, 17, 42, 4], "target_tokens": ["[IN:GET_STORIES_NEWS", "[SL:NEWS_REFERENCE", "@ptr5", "SL:NEWS_REFERENCE]", "[SL:NEWS_TYPE", "@ptr3", "SL:NEWS_TYPE]", "[SL:NEWS_CATEGORY", "@ptr4", "SL:NEWS_CATEGORY]", "[SL:DATE_TIME", "@ptr6", "SL:DATE_TIME]", "IN:GET_STORIES_NEWS]"], "predicted_tokens": ["[IN:GET_STORIES_NEWS", "[SL:NEWS_TYPE", "@ptr3", "SL:NEWS_TYPE]", "[SL:DATE_TIME", "@ptr7", "SL:DATE_TIME]", "IN:GET_STORIES_NEWS]"]}
{"loss": 1.2080976963043213, "class_log_probabilities": [-1.389717698097229, -1.873237133026123, -2.4701695442199707, -3.150663137435913], "predictions": [13, 79, 403, 80, 16, 405, 17, 18, 4, 4], "target_tokens": ["[IN:GET_WEATHER", "[SL:WEATHER_ATTRIBUTE", "@ptr8", "SL:WEATHER_ATTRIBUTE]", "[SL:DATE_TIME", "@ptr11", "@ptr12", "SL:DATE_TIME]", "IN:GET_WEATHER]"], "predicted_tokens": ["[IN:GET_WEATHER", "[SL:WEATHER_ATTRIBUTE", "@ptr8", "SL:WEATHER_ATTRIBUTE]", "[SL:DATE_TIME", "@ptr10", "SL:DATE_TIME]", "IN:GET_WEATHER]"]}
{"loss": 1.3197320699691772, "class_log_probabilities": [-1.6890473365783691, -3.184828758239746, -3.6493124961853027, -3.9727072715759277], "predictions": [13, 16, 402, 403, 404, 17, 18, 4, 4, 4, 4], "target_tokens": ["[IN:GET_WEATHER", "[SL:DATE_TIME", "@ptr6", "@ptr7", "@ptr8", "@ptr9", "SL:DATE_TIME]", "IN:GET_WEATHER]"], "predicted_tokens": ["[IN:GET_WEATHER", "[SL:DATE_TIME", "@ptr7", "@ptr8", "@ptr9", "SL:DATE_TIME]", "IN:GET_WEATHER]"]}
{"loss": 1.047649621963501, "class_log_probabilities": [-1.0820560455322266, -2.732466220855713, -3.1170153617858887, -4.456956386566162], "predictions": [19, 120, 403, 121, 22, 4], "target_tokens": ["[IN:GET_ALARM", "[SL:AMOUNT", "@ptr8", "SL:AMOUNT]", "IN:GET_ALARM]"], "predicted_tokens": ["[IN:GET_ALARM", "[SL:AMOUNT", "@ptr8", "SL:AMOUNT]", "IN:GET_ALARM]"]}
{"loss": 2.4161229133605957, "class_log_probabilities": [-0.3961722254753113, -6.188374996185303, -8.124380111694336, -8.175887107849121], "predictions": [13, 16, 400, 17, 18, 4], "target_tokens": ["[IN:GET_WEATHER", "[SL:DATE_TIME", "@ptr4", "@ptr5", "SL:DATE_TIME]", "IN:GET_WEATHER]"], "predicted_tokens": ["[IN:GET_WEATHER", "[SL:DATE_TIME", "@ptr5", "SL:DATE_TIME]", "IN:GET_WEATHER]"]}
{"loss": 2.1605072021484375, "class_log_probabilities": [-1.5672801733016968, -2.300631046295166, -4.1742167472839355, -4.503344535827637], "predictions": [45, 141, 398, 399, 400, 142, 16, 401, 402, 17, 46, 4, 4], "target_tokens": ["[IN:CREATE_ALARM", "[SL:PERIOD", "@ptr3", "@ptr4", "SL:PERIOD]", "[SL:DATE_TIME", "@ptr5", "@ptr6", "@ptr7", "SL:DATE_TIME]", "IN:CREATE_ALARM]"], "predicted_tokens": ["[IN:CREATE_ALARM", "[SL:PERIOD", "@ptr3", "@ptr4", "@ptr5", "SL:PERIOD]", "[SL:DATE_TIME", "@ptr6", "@ptr7", "SL:DATE_TIME]", "IN:CREATE_ALARM]"]}
{"loss": 0.9597799777984619, "class_log_probabilities": [-0.17681224644184113, -8.316703796386719, -8.397162437438965, -8.944207191467285], "predictions": [13, 18, 4, 4], "target_tokens": ["[IN:GET_WEATHER", "IN:GET_WEATHER]"], "predicted_tokens": ["[IN:GET_WEATHER", "IN:GET_WEATHER]"]}
{"loss": 2.320300579071045, "class_log_probabilities": [-1.2332322597503662, -3.8463644981384277, -3.982938289642334, -4.199586868286133], "predictions": [63, 64, 400, 65, 66, 402, 403, 67, 68, 4, 4, 4, 4], "target_tokens": ["[IN:PLAY_MUSIC", "[SL:MUSIC_ARTIST_NAME", "@ptr7", "@ptr8", "SL:MUSIC_ARTIST_NAME]", "[SL:MUSIC_TYPE", "@ptr5", "SL:MUSIC_TYPE]", "IN:PLAY_MUSIC]"], "predicted_tokens": ["[IN:PLAY_MUSIC", "[SL:MUSIC_TYPE", "@ptr5", "SL:MUSIC_TYPE]", "[SL:MUSIC_ARTIST_NAME", "@ptr7", "@ptr8", "SL:MUSIC_ARTIST_NAME]", "IN:PLAY_MUSIC]"]}
{"loss": 1.6685993671417236, "class_log_probabilities": [-2.0489866733551025, -3.059159278869629, -3.9850990772247314, -5.056632041931152], "predictions": [63, 64, 398, 65, 66, 400, 401, 67, 68, 4, 4, 4, 4], "target_tokens": ["[IN:PLAY_MUSIC", "[SL:MUSIC_ARTIST_NAME", "@ptr5", "@ptr6", "SL:MUSIC_ARTIST_NAME]", "[SL:MUSIC_TYPE", "@ptr3", "SL:MUSIC_TYPE]", "IN:PLAY_MUSIC]"], "predicted_tokens": ["[IN:PLAY_MUSIC", "[SL:MUSIC_TYPE", "@ptr3", "SL:MUSIC_TYPE]", "[SL:MUSIC_ARTIST_NAME", "@ptr5", "@ptr6", "SL:MUSIC_ARTIST_NAME]", "IN:PLAY_MUSIC]"]}
{"loss": 1.0185173749923706, "class_log_probabilities": [-1.7034462690353394, -3.773458480834961, -4.150367736816406, -4.78061056137085], "predictions": [39, 131, 395, 132, 40, 396, 41, 56, 398, 399, 400, 57, 42, 4], "target_tokens": ["[IN:GET_STORIES_NEWS", "[SL:NEWS_REFERENCE", "@ptr0", "SL:NEWS_REFERENCE]", "[SL:NEWS_TYPE", "@ptr1", "SL:NEWS_TYPE]", "[SL:NEWS_TOPIC", "@ptr3", "@ptr4", "@ptr5", "SL:NEWS_TOPIC]", "IN:GET_STORIES_NEWS]"], "predicted_tokens": ["[IN:GET_STORIES_NEWS", "[SL:NEWS_REFERENCE", "@ptr0", "SL:NEWS_REFERENCE]", "[SL:NEWS_TYPE", "@ptr1", "SL:NEWS_TYPE]", "[SL:NEWS_TOPIC", "@ptr3", "@ptr4", "@ptr5", "SL:NEWS_TOPIC]", "IN:GET_STORIES_NEWS]"]}
{"loss": 1.7754449844360352, "class_log_probabilities": [-1.6457850933074951, -4.210039138793945, -4.391748905181885, -4.444464683532715], "predictions": [39, 40, 399, 41, 56, 401, 57, 42, 4, 4, 4, 4], "target_tokens": ["[IN:GET_STORIES_NEWS", "[SL:NEWS_CATEGORY", "@ptr4", "SL:NEWS_CATEGORY]", "[SL:NEWS_TYPE", "@ptr3", "SL:NEWS_TYPE]", "[SL:NEWS_TOPIC", "@ptr6", "SL:NEWS_TOPIC]", "IN:GET_STORIES_NEWS]"], "predicted_tokens": ["[IN:GET_STORIES_NEWS", "[SL:NEWS_TYPE", "@ptr4", "SL:NEWS_TYPE]", "[SL:NEWS_TOPIC", "@ptr6", "SL:NEWS_TOPIC]", "IN:GET_STORIES_NEWS]"]}
{"loss": 2.044297933578491, "class_log_probabilities": [-1.8876482248306274, -3.5961499214172363, -3.7002034187316895, -4.728662014007568], "predictions": [63, 64, 401, 65, 66, 407, 104, 68, 4, 4, 4, 4], "target_tokens": ["[IN:PLAY_MUSIC", "[SL:MUSIC_ARTIST_NAME", "@ptr8", "@ptr9", "SL:MUSIC_ARTIST_NAME]", "[SL:MUSIC_TYPE", "@ptr6", "SL:MUSIC_TYPE]", "[SL:MUSIC_PROVIDER_NAME", "@ptr11", "SL:MUSIC_PROVIDER_NAME]", "IN:PLAY_MUSIC]"], "predicted_tokens": ["[IN:PLAY_MUSIC", "[SL:MUSIC_TYPE", "@ptr6", "SL:MUSIC_TYPE]", "[SL:MUSIC_ARTIST_NAME", "@ptr12", "SL:MUSIC_PROVIDER_NAME]", "IN:PLAY_MUSIC]"]}
{"loss": 1.0454550981521606, "class_log_probabilities": [-1.2671045064926147, -1.6838374137878418, -4.224786758422852, -5.2819037437438965], "predictions": [63, 66, 399, 400, 401, 67, 68, 4, 4, 4, 4], "target_tokens": ["[IN:PLAY_MUSIC", "[SL:MUSIC_ARTIST_NAME", "@ptr4", "@ptr5", "@ptr6", "SL:MUSIC_ARTIST_NAME]", "IN:PLAY_MUSIC]"], "predicted_tokens": ["[IN:PLAY_MUSIC", "[SL:MUSIC_ARTIST_NAME", "@ptr4", "@ptr5", "@ptr6", "SL:MUSIC_ARTIST_NAME]", "IN:PLAY_MUSIC]"]}
{"loss": 2.186471700668335, "class_log_probabilities": [-0.6595604419708252, -3.441013813018799, -5.059118270874023, -6.309286117553711], "predictions": [63, 151, 400, 401, 402, 152, 68, 4, 4], "target_tokens": ["[IN:PLAY_MUSIC", "[SL:MUSIC_GENRE", "@ptr5", "@ptr6", "@ptr7", "SL:MUSIC_GENRE]", "[SL:MUSIC_TYPE", "@ptr4", "SL:MUSIC_TYPE]", "IN:PLAY_MUSIC]"], "predicted_tokens": ["[IN:PLAY_MUSIC", "[SL:MUSIC_GENRE", "@ptr5", "@ptr6", "@ptr7", "SL:MUSIC_GENRE]", "IN:PLAY_MUSIC]"]}
{"loss": 0.9599964022636414, "class_log_probabilities": [-0.37658780813217163, -7.232885360717773, -7.6958136558532715, -7.824365615844727], "predictions": [13, 79, 402, 80, 18, 4, 4], "target_tokens": ["[IN:GET_WEATHER", "[SL:WEATHER_ATTRIBUTE", "@ptr7", "SL:WEATHER_ATTRIBUTE]", "IN:GET_WEATHER]"], "predicted_tokens": ["[IN:GET_WEATHER", "[SL:WEATHER_ATTRIBUTE", "@ptr7", "SL:WEATHER_ATTRIBUTE]", "IN:GET_WEATHER]"]}
{"loss": 3.4739067554473877, "class_log_probabilities": [-5.400215148925781, -6.283143520355225, -7.859941005706787, -12.409863471984863], "predictions": [45, 141, 403, 404, 406, 409, 411, 142, 46, 4, 4, 4, 4, 4, 4, 4, 4, 4], "target_tokens": ["[IN:CREATE_ALARM", "[SL:PERIOD", "@ptr7", "@ptr8", "@ptr9", "@ptr10", "SL:PERIOD]", "[SL:DATE_TIME", "@ptr11", "@ptr12", "@ptr13", "SL:DATE_TIME]", "IN:CREATE_ALARM]"], "predicted_tokens": ["[IN:CREATE_ALARM", "[SL:PERIOD", "@ptr8", "@ptr9", "@ptr11", "@ptr14", "@ptr16", "SL:PERIOD]", "IN:CREATE_ALARM]"]}
{"loss": 1.0408973693847656, "class_log_probabilities": [-1.0413048267364502, -1.5446875095367432, -5.5925164222717285, -6.178383827209473], "predictions": [63, 66, 399, 400, 67, 103, 402, 104, 68, 4, 4, 4, 4], "target_tokens": ["[IN:PLAY_MUSIC", "[SL:MUSIC_ARTIST_NAME", "@ptr4", "@ptr5", "SL:MUSIC_ARTIST_NAME]", "[SL:MUSIC_PROVIDER_NAME", "@ptr7", "SL:MUSIC_PROVIDER_NAME]", "IN:PLAY_MUSIC]"], "predicted_tokens": ["[IN:PLAY_MUSIC", "[SL:MUSIC_ARTIST_NAME", "@ptr4", "@ptr5", "SL:MUSIC_ARTIST_NAME]", "[SL:MUSIC_PROVIDER_NAME", "@ptr7", "SL:MUSIC_PROVIDER_NAME]", "IN:PLAY_MUSIC]"]}
{"loss": 0.9808410406112671, "class_log_probabilities": [-0.7165891528129578, -4.459611892700195, -4.538873195648193, -5.131780624389648], "predictions": [39, 40, 400, 41, 56, 403, 404, 57, 42, 4, 4], "target_tokens": ["[IN:GET_STORIES_NEWS", "[SL:NEWS_TYPE", "@ptr5", "SL:NEWS_TYPE]", "[SL:NEWS_TOPIC", "@ptr8", "@ptr9", "SL:NEWS_TOPIC]", "IN:GET_STORIES_NEWS]"], "predicted_tokens": ["[IN:GET_STORIES_NEWS", "[SL:NEWS_TYPE", "@ptr5", "SL:NEWS_TYPE]", "[SL:NEWS_TOPIC", "@ptr8", "@ptr9", "SL:NEWS_TOPIC]", "IN:GET_STORIES_NEWS]"]}
{"loss": 1.2810893058776855, "class_log_probabilities": [-1.415015697479248, -2.560218572616577, -2.8415639400482178, -4.003674507141113], "predictions": [241, 64, 400, 65, 242, 4, 4, 4, 4], "target_tokens": ["[IN:SKIP_TRACK_MUSIC", "[SL:MUSIC_TYPE", "@ptr4", "SL:MUSIC_TYPE]", "IN:SKIP_TRACK_MUSIC]"], "predicted_tokens": ["[IN:SKIP_TRACK_MUSIC", "[SL:MUSIC_TYPE", "@ptr5", "SL:MUSIC_TYPE]", "IN:SKIP_TRACK_MUSIC]"]}
{"loss": 1.8323593139648438, "class_log_probabilities": [-0.6082346439361572, -6.188158988952637, -6.4352216720581055, -6.457493305206299], "predictions": [63, 64, 398, 65, 66, 400, 401, 67, 68, 4], "target_tokens": ["[IN:PLAY_MUSIC", "[SL:MUSIC_ARTIST_NAME", "@ptr5", "@ptr6", "SL:MUSIC_ARTIST_NAME]", "[SL:MUSIC_TYPE", "@ptr3", "SL:MUSIC_TYPE]", "IN:PLAY_MUSIC]"], "predicted_tokens": ["[IN:PLAY_MUSIC", "[SL:MUSIC_TYPE", "@ptr3", "SL:MUSIC_TYPE]", "[SL:MUSIC_ARTIST_NAME", "@ptr5", "@ptr6", "SL:MUSIC_ARTIST_NAME]", "IN:PLAY_MUSIC]"]}
{"loss": 2.0327556133270264, "class_log_probabilities": [-1.211003303527832, -1.235007405281067, -5.524251937866211, -8.263116836547852], "predictions": [241, 64, 397, 65, 20, 398, 21, 242, 4, 4, 4, 4], "target_tokens": ["[IN:SKIP_TRACK_MUSIC", "[SL:ORDINAL", "@ptr3", "SL:ORDINAL]", "[SL:MUSIC_TYPE", "@ptr2", "SL:MUSIC_TYPE]", "IN:SKIP_TRACK_MUSIC]"], "predicted_tokens": ["[IN:SKIP_TRACK_MUSIC", "[SL:MUSIC_TYPE", "@ptr2", "SL:MUSIC_TYPE]", "[SL:ORDINAL", "@ptr3", "SL:ORDINAL]", "IN:SKIP_TRACK_MUSIC]"]}
{"loss": 1.1901911497116089, "class_log_probabilities": [-1.2401940822601318, -1.6982500553131104, -3.007356882095337, -5.770100116729736], "predictions": [13, 16, 401, 17, 18, 4, 4, 4, 4], "target_tokens": ["[IN:GET_WEATHER", "[SL:WEATHER_ATTRIBUTE", "@ptr5", "SL:WEATHER_ATTRIBUTE]", "[SL:DATE_TIME", "@ptr6", "SL:DATE_TIME]", "IN:GET_WEATHER]"], "predicted_tokens": ["[IN:GET_WEATHER", "[SL:DATE_TIME", "@ptr6", "SL:DATE_TIME]", "IN:GET_WEATHER]"]}
{"loss": 0.9624422192573547, "class_log_probabilities": [-0.3699330687522888, -7.514328479766846, -7.99561071395874, -8.18902587890625], "predictions": [13, 79, 403, 80, 18, 4, 4, 4], "target_tokens": ["[IN:GET_WEATHER", "[SL:WEATHER_ATTRIBUTE", "@ptr8", "SL:WEATHER_ATTRIBUTE]", "IN:GET_WEATHER]"], "predicted_tokens": ["[IN:GET_WEATHER", "[SL:WEATHER_ATTRIBUTE", "@ptr8", "SL:WEATHER_ATTRIBUTE]", "IN:GET_WEATHER]"]}
{"loss": 1.2670774459838867, "class_log_probabilities": [-1.2431918382644653, -2.6709859371185303, -3.9405508041381836, -4.086420059204102], "predictions": [39, 40, 401, 41, 42, 4], "target_tokens": ["[IN:GET_STORIES_NEWS", "[SL:NEWS_TYPE", "@ptr5", "SL:NEWS_TYPE]", "IN:GET_STORIES_NEWS]"], "predicted_tokens": ["[IN:GET_STORIES_NEWS", "[SL:NEWS_TYPE", "@ptr6", "SL:NEWS_TYPE]", "IN:GET_STORIES_NEWS]"]}
{"loss": 1.8474701642990112, "class_log_probabilities": [-0.6785810589790344, -3.9463284015655518, -5.888449668884277, -6.305147171020508], "predictions": [89, 90, 397, 91, 16, 399, 400, 17, 92, 4], "target_tokens": ["[IN:CREATE_TIMER", "[SL:METHOD_TIMER", "@ptr2", "SL:METHOD_TIMER]", "[SL:DATE_TIME", "@ptr3", "@ptr4", "@ptr5", "SL:DATE_TIME]", "IN:CREATE_TIMER]"], "predicted_tokens": ["[IN:CREATE_TIMER", "[SL:METHOD_TIMER", "@ptr2", "SL:METHOD_TIMER]", "[SL:DATE_TIME", "@ptr4", "@ptr5", "SL:DATE_TIME]", "IN:CREATE_TIMER]"]}
{"loss": 1.0634398460388184, "class_log_probabilities": [-1.9899687767028809, -2.033827066421509, -5.2698588371276855, -11.432178497314453], "predictions": [55, 56, 398, 399, 400, 401, 402, 403, 404, 405, 57, 58, 4, 4, 4, 4], "target_tokens": ["[IN:QUESTION_NEWS", "[SL:NEWS_TOPIC", "@ptr3", "@ptr4", "@ptr5", "@ptr6", "@ptr7", "@ptr8", "@ptr9", "@ptr10", "SL:NEWS_TOPIC]", "IN:QUESTION_NEWS]"], "predicted_tokens": ["[IN:QUESTION_NEWS", "[SL:NEWS_TOPIC", "@ptr3", "@ptr4", "@ptr5", "@ptr6", "@ptr7", "@ptr8", "@ptr9", "@ptr10", "SL:NEWS_TOPIC]", "IN:QUESTION_NEWS]"]}
{"loss": 2.6861634254455566, "class_log_probabilities": [-0.6145191192626953, -3.7177252769470215, -5.3418684005737305, -6.695999622344971], "predictions": [45, 16, 399, 400, 401, 17, 46, 4, 4], "target_tokens": ["[IN:CREATE_ALARM", "[SL:DATE_TIME", "@ptr3", "@ptr4", "@ptr5", "SL:DATE_TIME]", "IN:CREATE_ALARM]"], "predicted_tokens": ["[IN:CREATE_ALARM", "[SL:DATE_TIME", "@ptr4", "@ptr5", "@ptr6", "SL:DATE_TIME]", "IN:CREATE_ALARM]"]}
{"loss": 1.6932761669158936, "class_log_probabilities": [-2.248314142227173, -2.6815686225891113, -4.461460590362549, -5.1493659019470215], "predictions": [63, 86, 395, 87, 64, 397, 65, 68, 4, 4, 4, 4], "target_tokens": ["[IN:PLAY_MUSIC", "[SL:MUSIC_PLAYLIST_TITLE", "@ptr3", "SL:MUSIC_PLAYLIST_TITLE]", "[SL:MUSIC_TYPE", "@ptr2", "SL:MUSIC_TYPE]", "IN:PLAY_MUSIC]"], "predicted_tokens": ["[IN:PLAY_MUSIC", "[SL:MUSIC_PLAYLIST_TITLE", "@ptr0", "SL:MUSIC_PLAYLIST_TITLE]", "[SL:MUSIC_TYPE", "@ptr2", "SL:MUSIC_TYPE]", "IN:PLAY_MUSIC]"]}
{"loss": 2.5662288665771484, "class_log_probabilities": [-1.9602844715118408, -4.005131244659424, -4.335316181182861, -4.874687671661377], "predictions": [63, 151, 398, 399, 400, 401, 402, 152, 103, 404, 104, 68, 4, 4], "target_tokens": ["[IN:PLAY_MUSIC", "[SL:MUSIC_GENRE", "@ptr6", "@ptr7", "SL:MUSIC_GENRE]", "[SL:MUSIC_GENRE", "@ptr4", "SL:MUSIC_GENRE]", "[SL:MUSIC_TYPE", "@ptr3", "SL:MUSIC_TYPE]", "[SL:MUSIC_PROVIDER_NAME", "@ptr9", "SL:MUSIC_PROVIDER_NAME]", "IN:PLAY_MUSIC]"], "predicted_tokens": ["[IN:PLAY_MUSIC", "[SL:MUSIC_GENRE", "@ptr3", "@ptr4", "@ptr5", "@ptr6", "@ptr7", "SL:MUSIC_GENRE]", "[SL:MUSIC_PROVIDER_NAME", "@ptr9", "SL:MUSIC_PROVIDER_NAME]", "IN:PLAY_MUSIC]"]}
{"loss": 0.9708994030952454, "class_log_probabilities": [-0.3500920534133911, -6.276064872741699, -6.878186225891113, -7.329127788543701], "predictions": [115, 90, 405, 91, 116, 4], "target_tokens": ["[IN:GET_TIMER", "[SL:METHOD_TIMER", "@ptr10", "SL:METHOD_TIMER]", "IN:GET_TIMER]"], "predicted_tokens": ["[IN:GET_TIMER", "[SL:METHOD_TIMER", "@ptr10", "SL:METHOD_TIMER]", "IN:GET_TIMER]"]}
{"loss": 0.968562126159668, "class_log_probabilities": [-0.46160444617271423, -7.385194778442383, -7.816842555999756, -7.922813892364502], "predictions": [13, 79, 401, 80, 16, 402, 17, 18, 4], "target_tokens": ["[IN:GET_WEATHER", "[SL:WEATHER_ATTRIBUTE", "@ptr6", "SL:WEATHER_ATTRIBUTE]", "[SL:DATE_TIME", "@ptr7", "SL:DATE_TIME]", "IN:GET_WEATHER]"], "predicted_tokens": ["[IN:GET_WEATHER", "[SL:WEATHER_ATTRIBUTE", "@ptr6", "SL:WEATHER_ATTRIBUTE]", "[SL:DATE_TIME", "@ptr7", "SL:DATE_TIME]", "IN:GET_WEATHER]"]}
{"loss": 0.9652256965637207, "class_log_probabilities": [-0.3713994324207306, -6.165945053100586, -6.316564083099365, -6.32044792175293], "predictions": [115, 90, 397, 91, 116, 4], "target_tokens": ["[IN:GET_TIMER", "[SL:METHOD_TIMER", "@ptr2", "SL:METHOD_TIMER]", "IN:GET_TIMER]"], "predicted_tokens": ["[IN:GET_TIMER", "[SL:METHOD_TIMER", "@ptr2", "SL:METHOD_TIMER]", "IN:GET_TIMER]"]}
{"loss": 2.091571092605591, "class_log_probabilities": [-1.8283882141113281, -2.483682155609131, -2.7873356342315674, -3.147202491760254], "predictions": [227, 16, 395, 396, 397, 17, 228, 4], "target_tokens": ["[IN:CREATE_TIMER", "[SL:DATE_TIME", "@ptr0", "@ptr1", "SL:DATE_TIME]", "[SL:METHOD_TIMER", "@ptr4", "SL:METHOD_TIMER]", "IN:CREATE_TIMER]"], "predicted_tokens": ["[IN:UPDATE_TIMER", "[SL:DATE_TIME", "@ptr0", "@ptr1", "@ptr2", "SL:DATE_TIME]", "IN:UPDATE_TIMER]"]}
{"loss": 2.475675344467163, "class_log_probabilities": [-3.4126968383789062, -3.706751823425293, -3.96161150932312, -4.091072082519531], "predictions": [333, 334, 4], "target_tokens": ["[IN:DELETE_TIMER", "[SL:METHOD_TIMER", "@ptr2", "SL:METHOD_TIMER]", "IN:DELETE_TIMER]"], "predicted_tokens": ["[IN:DELETE_PLAYLIST_MUSIC", "IN:DELETE_PLAYLIST_MUSIC]"]}
{"loss": 0.9630209803581238, "class_log_probabilities": [-0.33864474296569824, -8.120734214782715, -8.353429794311523, -9.028955459594727], "predictions": [13, 79, 400, 80, 18, 4, 4, 4], "target_tokens": ["[IN:GET_WEATHER", "[SL:WEATHER_ATTRIBUTE", "@ptr5", "SL:WEATHER_ATTRIBUTE]", "IN:GET_WEATHER]"], "predicted_tokens": ["[IN:GET_WEATHER", "[SL:WEATHER_ATTRIBUTE", "@ptr5", "SL:WEATHER_ATTRIBUTE]", "IN:GET_WEATHER]"]}
{"loss": 0.9610645771026611, "class_log_probabilities": [-0.5498846769332886, -6.34259557723999, -6.465498447418213, -7.307965278625488], "predictions": [45, 16, 398, 399, 400, 401, 17, 46, 4, 4], "target_tokens": ["[IN:CREATE_ALARM", "[SL:DATE_TIME", "@ptr3", "@ptr4", "@ptr5", "@ptr6", "SL:DATE_TIME]", "IN:CREATE_ALARM]"], "predicted_tokens": ["[IN:CREATE_ALARM", "[SL:DATE_TIME", "@ptr3", "@ptr4", "@ptr5", "@ptr6", "SL:DATE_TIME]", "IN:CREATE_ALARM]"]}
{"loss": 3.046375036239624, "class_log_probabilities": [-1.6216561794281006, -2.5982048511505127, -3.4941208362579346, -4.299981117248535], "predictions": [63, 64, 399, 65, 66, 402, 67, 68, 4], "target_tokens": ["[IN:CREATE_PLAYLIST_MUSIC", "[SL:MUSIC_PLAYLIST_TITLE", "@ptr5", "@ptr6", "@ptr7", "SL:MUSIC_PLAYLIST_TITLE]", "[SL:MUSIC_TYPE", "@ptr4", "SL:MUSIC_TYPE]", "IN:CREATE_PLAYLIST_MUSIC]"], "predicted_tokens": ["[IN:PLAY_MUSIC", "[SL:MUSIC_TYPE", "@ptr4", "SL:MUSIC_TYPE]", "[SL:MUSIC_ARTIST_NAME", "@ptr7", "SL:MUSIC_ARTIST_NAME]", "IN:PLAY_MUSIC]"]}
{"loss": 0.9895541071891785, "class_log_probabilities": [-0.2784343957901001, -7.109167575836182, -7.11638069152832, -7.368409156799316], "predictions": [287, 64, 398, 65, 288, 4], "target_tokens": ["[IN:REPLAY_MUSIC", "[SL:MUSIC_TYPE", "@ptr3", "SL:MUSIC_TYPE]", "IN:REPLAY_MUSIC]"], "predicted_tokens": ["[IN:REPLAY_MUSIC", "[SL:MUSIC_TYPE", "@ptr3", "SL:MUSIC_TYPE]", "IN:REPLAY_MUSIC]"]}
{"loss": 3.136035680770874, "class_log_probabilities": [-2.5154590606689453, -2.6463382244110107, -4.3548197746276855, -5.442256927490234], "predictions": [171, 6, 395, 396, 397, 398, 399, 7, 172, 4], "target_tokens": ["[IN:GET_TIMER", "[SL:METHOD_TIMER", "@ptr4", "SL:METHOD_TIMER]", "IN:GET_TIMER]"], "predicted_tokens": ["[IN:GET_AVAILABILITY", "[SL:CONTACT", "@ptr0", "@ptr1", "@ptr2", "@ptr3", "@ptr4", "SL:CONTACT]", "IN:GET_AVAILABILITY]"]}
{"loss": 3.480077028274536, "class_log_probabilities": [-2.6702911853790283, -3.1133053302764893, -3.2607507705688477, -3.7577788829803467], "predictions": [63, 86, 395, 87, 64, 397, 65, 64, 403, 104, 68, 4, 4, 4, 4, 4], "target_tokens": ["[IN:START_SHUFFLE_MUSIC", "[SL:MUSIC_TYPE", "@ptr2", "SL:MUSIC_TYPE]", "[SL:MUSIC_PLAYLIST_TITLE", "@ptr8", "SL:MUSIC_PLAYLIST_TITLE]", "[SL:MUSIC_TYPE", "@ptr5", "@ptr6", "@ptr7", "SL:MUSIC_TYPE]", "IN:START_SHUFFLE_MUSIC]"], "predicted_tokens": ["[IN:PLAY_MUSIC", "[SL:MUSIC_PLAYLIST_TITLE", "@ptr0", "SL:MUSIC_PLAYLIST_TITLE]", "[SL:MUSIC_TYPE", "@ptr2", "SL:MUSIC_TYPE]", "[SL:MUSIC_TYPE", "@ptr8", "SL:MUSIC_PROVIDER_NAME]", "IN:PLAY_MUSIC]"]}
{"loss": 0.9821546077728271, "class_log_probabilities": [-0.5017344355583191, -5.966823577880859, -6.373916149139404, -8.336502075195312], "predictions": [251, 66, 395, 396, 397, 67, 252, 4, 4, 4, 4], "target_tokens": ["[IN:QUESTION_MUSIC", "[SL:MUSIC_ARTIST_NAME", "@ptr0", "@ptr1", "@ptr2", "SL:MUSIC_ARTIST_NAME]", "IN:QUESTION_MUSIC]"], "predicted_tokens": ["[IN:QUESTION_MUSIC", "[SL:MUSIC_ARTIST_NAME", "@ptr0", "@ptr1", "@ptr2", "SL:MUSIC_ARTIST_NAME]", "IN:QUESTION_MUSIC]"]}
{"loss": 2.0406334400177, "class_log_probabilities": [-1.6370294094085693, -2.5141170024871826, -2.643545150756836, -2.9414572715759277], "predictions": [45, 46, 4, 4, 4, 4, 4, 4, 4, 4], "target_tokens": ["[IN:CREATE_ALARM", "[SL:DATE_TIME", "@ptr8", "@ptr9", "@ptr10", "SL:DATE_TIME]", "IN:CREATE_ALARM]"], "predicted_tokens": ["[IN:CREATE_ALARM", "IN:CREATE_ALARM]"]}
{"loss": 2.5671963691711426, "class_log_probabilities": [-2.273125648498535, -3.194344997406006, -4.105800628662109, -5.172979354858398], "predictions": [273, 120, 397, 121, 90, 399, 91, 16, 400, 401, 402, 17, 274, 4], "target_tokens": ["[IN:RESTART_TIMER", "[SL:AMOUNT", "@ptr1", "SL:AMOUNT]", "[SL:METHOD_TIMER", "@ptr3", "SL:METHOD_TIMER]", "[SL:DATE_TIME", "@ptr4", "@ptr5", "@ptr6", "SL:DATE_TIME]", "IN:RESTART_TIMER]"], "predicted_tokens": ["[IN:RESTART_TIMER", "[SL:AMOUNT", "@ptr2", "SL:AMOUNT]", "[SL:METHOD_TIMER", "@ptr4", "SL:METHOD_TIMER]", "[SL:DATE_TIME", "@ptr5", "@ptr6", "@ptr7", "SL:DATE_TIME]", "IN:RESTART_TIMER]"]}
{"loss": 2.164104700088501, "class_log_probabilities": [-0.9528518319129944, -2.1468207836151123, -5.634135723114014, -5.98419713973999], "predictions": [89, 90, 397, 91, 16, 399, 400, 17, 92, 4, 4], "target_tokens": ["[IN:CREATE_TIMER", "[SL:METHOD_TIMER", "@ptr2", "SL:METHOD_TIMER]", "[SL:DATE_TIME", "@ptr3", "@ptr4", "@ptr5", "SL:DATE_TIME]", "IN:CREATE_TIMER]"], "predicted_tokens": ["[IN:CREATE_TIMER", "[SL:METHOD_TIMER", "@ptr2", "SL:METHOD_TIMER]", "[SL:DATE_TIME", "@ptr4", "@ptr5", "SL:DATE_TIME]", "IN:CREATE_TIMER]"]}
{"loss": 1.4371743202209473, "class_log_probabilities": [-0.760001003742218, -2.8565378189086914, -4.913603782653809, -5.545299530029297], "predictions": [45, 16, 399, 400, 401, 402, 403, 404, 405, 17, 46, 4, 4], "target_tokens": ["[IN:CREATE_ALARM", "[SL:DATE_TIME", "@ptr3", "@ptr4", "@ptr5", "@ptr6", "@ptr7", "@ptr8", "@ptr9", "SL:DATE_TIME]", "IN:CREATE_ALARM]"], "predicted_tokens": ["[IN:CREATE_ALARM", "[SL:DATE_TIME", "@ptr4", "@ptr5", "@ptr6", "@ptr7", "@ptr8", "@ptr9", "@ptr10", "SL:DATE_TIME]", "IN:CREATE_ALARM]"]}
{"loss": 2.084946393966675, "class_log_probabilities": [-0.9497036933898926, -5.132397651672363, -5.339752197265625, -6.281818389892578], "predictions": [39, 16, 397, 17, 40, 398, 41, 133, 400, 401, 402, 134, 42, 4], "target_tokens": ["[IN:GET_STORIES_NEWS", "[SL:NEWS_SOURCE", "@ptr5", "@ptr6", "@ptr7", "SL:NEWS_SOURCE]", "[SL:DATE_TIME", "@ptr2", "SL:DATE_TIME]", "[SL:NEWS_TYPE", "@ptr3", "SL:NEWS_TYPE]", "IN:GET_STORIES_NEWS]"], "predicted_tokens": ["[IN:GET_STORIES_NEWS", "[SL:DATE_TIME", "@ptr2", "SL:DATE_TIME]", "[SL:NEWS_TYPE", "@ptr3", "SL:NEWS_TYPE]", "[SL:NEWS_SOURCE", "@ptr5", "@ptr6", "@ptr7", "SL:NEWS_SOURCE]", "IN:GET_STORIES_NEWS]"]}
{"loss": 1.759709358215332, "class_log_probabilities": [-1.4023758172988892, -1.9416821002960205, -4.299720287322998, -4.379715442657471], "predictions": [85, 86, 402, 87, 88, 4, 4, 4, 4], "target_tokens": ["[IN:CREATE_PLAYLIST_MUSIC", "[SL:MUSIC_PLAYLIST_TITLE", "@ptr7", "SL:MUSIC_PLAYLIST_TITLE]", "[SL:MUSIC_TYPE", "@ptr6", "SL:MUSIC_TYPE]", "IN:CREATE_PLAYLIST_MUSIC]"], "predicted_tokens": ["[IN:CREATE_PLAYLIST_MUSIC", "[SL:MUSIC_PLAYLIST_TITLE", "@ptr7", "SL:MUSIC_PLAYLIST_TITLE]", "IN:CREATE_PLAYLIST_MUSIC]"]}
{"loss": 0.9896417856216431, "class_log_probabilities": [-0.8143712282180786, -3.6371724605560303, -5.183952808380127, -5.8972015380859375], "predictions": [63, 101, 397, 102, 66, 400, 401, 402, 67, 68, 4, 4, 4, 4], "target_tokens": ["[IN:PLAY_MUSIC", "[SL:MUSIC_TRACK_TITLE", "@ptr2", "SL:MUSIC_TRACK_TITLE]", "[SL:MUSIC_ARTIST_NAME", "@ptr5", "@ptr6", "@ptr7", "SL:MUSIC_ARTIST_NAME]", "IN:PLAY_MUSIC]"], "predicted_tokens": ["[IN:PLAY_MUSIC", "[SL:MUSIC_TRACK_TITLE", "@ptr2", "SL:MUSIC_TRACK_TITLE]", "[SL:MUSIC_ARTIST_NAME", "@ptr5", "@ptr6", "@ptr7", "SL:MUSIC_ARTIST_NAME]", "IN:PLAY_MUSIC]"]}
{"loss": 0.9992509484291077, "class_log_probabilities": [-0.8634607791900635, -2.540365695953369, -5.166487693786621, -5.18932580947876], "predictions": [63, 66, 399, 400, 67, 68, 4, 4], "target_tokens": ["[IN:PLAY_MUSIC", "[SL:MUSIC_ARTIST_NAME", "@ptr4", "@ptr5", "SL:MUSIC_ARTIST_NAME]", "IN:PLAY_MUSIC]"], "predicted_tokens": ["[IN:PLAY_MUSIC", "[SL:MUSIC_ARTIST_NAME", "@ptr4", "@ptr5", "SL:MUSIC_ARTIST_NAME]", "IN:PLAY_MUSIC]"]}
{"loss": 2.413478374481201, "class_log_probabilities": [-0.7986453771591187, -5.9706830978393555, -6.426130294799805, -6.52346658706665], "predictions": [63, 64, 397, 65, 66, 402, 403, 67, 68, 4, 4], "target_tokens": ["[IN:PLAY_MUSIC", "[SL:MUSIC_ARTIST_NAME", "@ptr7", "@ptr8", "SL:MUSIC_ARTIST_NAME]", "[SL:MUSIC_TYPE", "@ptr2", "SL:MUSIC_TYPE]", "IN:PLAY_MUSIC]"], "predicted_tokens": ["[IN:PLAY_MUSIC", "[SL:MUSIC_TYPE", "@ptr2", "SL:MUSIC_TYPE]", "[SL:MUSIC_ARTIST_NAME", "@ptr7", "@ptr8", "SL:MUSIC_ARTIST_NAME]", "IN:PLAY_MUSIC]"]}
{"loss": 0.9625922441482544, "class_log_probabilities": [-0.5208026766777039, -6.742701053619385, -7.717479228973389, -7.871013164520264], "predictions": [45, 16, 398, 399, 400, 401, 17, 46, 4, 4], "target_tokens": ["[IN:CREATE_ALARM", "[SL:DATE_TIME", "@ptr3", "@ptr4", "@ptr5", "@ptr6", "SL:DATE_TIME]", "IN:CREATE_ALARM]"], "predicted_tokens": ["[IN:CREATE_ALARM", "[SL:DATE_TIME", "@ptr3", "@ptr4", "@ptr5", "@ptr6", "SL:DATE_TIME]", "IN:CREATE_ALARM]"]}
{"loss": 1.1642277240753174, "class_log_probabilities": [-2.6610844135284424, -2.858687162399292, -3.838216781616211, -5.276893615722656], "predictions": [51, 289, 396, 290, 52, 400, 401, 53, 113, 401, 114, 54, 4, 4], "target_tokens": ["[IN:GET_RECIPES", "[SL:RECIPES_RATING", "@ptr1", "SL:RECIPES_RATING]", "[SL:RECIPES_DISH", "@ptr5", "@ptr6", "SL:RECIPES_DISH]", "IN:GET_RECIPES]"], "predicted_tokens": ["[IN:GET_RECIPES", "[SL:RECIPES_RATING", "@ptr1", "SL:RECIPES_RATING]", "[SL:RECIPES_DISH", "@ptr5", "@ptr6", "SL:RECIPES_DISH]", "[SL:RECIPES_COOKING_METHOD", "@ptr6", "SL:RECIPES_COOKING_METHOD]", "IN:GET_RECIPES]"]}
{"loss": 2.846977710723877, "class_log_probabilities": [-0.3299219012260437, -4.8626484870910645, -5.888335704803467, -10.882633209228516], "predictions": [27, 30, 4, 4, 4, 4, 4, 4, 4, 4, 4, 4], "target_tokens": ["[IN:GET_INFO_RECIPES", "[SL:RECIPES_DISH", "@ptr10", "@ptr11", "SL:RECIPES_DISH]", "IN:GET_INFO_RECIPES]"], "predicted_tokens": ["[IN:GET_INFO_RECIPES", "IN:GET_INFO_RECIPES]"]}
{"loss": 1.2762107849121094, "class_log_probabilities": [-2.522576332092285, -2.6391420364379883, -2.6894922256469727, -2.7382049560546875], "predictions": [51, 52, 398, 53, 129, 399, 400, 130, 54, 4], "target_tokens": ["[IN:GET_RECIPES", "[SL:RECIPES_DISH", "@ptr3", "@ptr4", "@ptr5", "SL:RECIPES_DISH]", "IN:GET_RECIPES]"], "predicted_tokens": ["[IN:GET_RECIPES", "[SL:RECIPES_DISH", "@ptr3", "SL:RECIPES_DISH]", "[SL:RECIPES_INCLUDED_INGREDIENT", "@ptr4", "@ptr5", "SL:RECIPES_INCLUDED_INGREDIENT]", "IN:GET_RECIPES]"]}
{"loss": 0.9663352966308594, "class_log_probabilities": [-0.3505324721336365, -6.4029974937438965, -7.532707214355469, -7.722750663757324], "predictions": [51, 52, 401, 53, 54, 4, 4, 4], "target_tokens": ["[IN:GET_RECIPES", "[SL:RECIPES_DISH", "@ptr6", "SL:RECIPES_DISH]", "IN:GET_RECIPES]"], "predicted_tokens": ["[IN:GET_RECIPES", "[SL:RECIPES_DISH", "@ptr6", "SL:RECIPES_DISH]", "IN:GET_RECIPES]"]}
{"loss": 1.8311772346496582, "class_log_probabilities": [-0.9430480599403381, -2.163534164428711, -4.507363319396973, -5.688592910766602], "predictions": [27, 28, 397, 29, 113, 401, 114, 52, 403, 53, 30, 4], "target_tokens": ["[IN:GET_INFO_RECIPES", "[SL:RECIPES_ATTRIBUTE", "@ptr2", "SL:RECIPES_ATTRIBUTE]", "[SL:RECIPES_DISH", "@ptr8", "SL:RECIPES_DISH]", "IN:GET_INFO_RECIPES]"], "predicted_tokens": ["[IN:GET_INFO_RECIPES", "[SL:RECIPES_ATTRIBUTE", "@ptr2", "SL:RECIPES_ATTRIBUTE]", "[SL:RECIPES_COOKING_METHOD", "@ptr6", "SL:RECIPES_COOKING_METHOD]", "[SL:RECIPES_DISH", "@ptr8", "SL:RECIPES_DISH]", "IN:GET_INFO_RECIPES]"]}
{"loss": 2.042348623275757, "class_log_probabilities": [-0.6976394653320312, -5.536168575286865, -6.260912895202637, -6.434826374053955], "predictions": [51, 289, 397, 290, 52, 400, 401, 402, 53, 54, 4], "target_tokens": ["[IN:GET_RECIPES", "[SL:RECIPES_DISH", "@ptr5", "@ptr6", "@ptr7", "SL:RECIPES_DISH]", "IN:GET_RECIPES]"], "predicted_tokens": ["[IN:GET_RECIPES", "[SL:RECIPES_RATING", "@ptr2", "SL:RECIPES_RATING]", "[SL:RECIPES_DISH", "@ptr5", "@ptr6", "@ptr7", "SL:RECIPES_DISH]", "IN:GET_RECIPES]"]}
{"loss": 2.3845646381378174, "class_log_probabilities": [-2.256140947341919, -2.794722318649292, -4.116422653198242, -4.15514612197876], "predictions": [51, 177, 399, 178, 54, 4], "target_tokens": ["[IN:GET_RECIPES", "[SL:RECIPES_TYPE", "@ptr3", "@ptr4", "SL:RECIPES_TYPE]", "IN:GET_RECIPES]"], "predicted_tokens": ["[IN:GET_RECIPES", "[SL:RECIPES_EXCLUDED_INGREDIENT", "@ptr4", "SL:RECIPES_EXCLUDED_INGREDIENT]", "IN:GET_RECIPES]"]}
{"loss": 2.30129337310791, "class_log_probabilities": [-0.6389784216880798, -4.645946502685547, -5.598529815673828, -5.8903398513793945], "predictions": [27, 28, 397, 29, 113, 402, 114, 129, 404, 130, 30, 4], "target_tokens": ["[IN:GET_INFO_RECIPES", "[SL:RECIPES_ATTRIBUTE", "@ptr2", "SL:RECIPES_ATTRIBUTE]", "[SL:RECIPES_DISH", "@ptr9", "SL:RECIPES_DISH]", "IN:GET_INFO_RECIPES]"], "predicted_tokens": ["[IN:GET_INFO_RECIPES", "[SL:RECIPES_ATTRIBUTE", "@ptr2", "SL:RECIPES_ATTRIBUTE]", "[SL:RECIPES_COOKING_METHOD", "@ptr7", "SL:RECIPES_COOKING_METHOD]", "[SL:RECIPES_INCLUDED_INGREDIENT", "@ptr9", "SL:RECIPES_INCLUDED_INGREDIENT]", "IN:GET_INFO_RECIPES]"]}
{"loss": 0.9872992038726807, "class_log_probabilities": [-0.9646254777908325, -5.375687599182129, -5.570267200469971, -6.020274639129639], "predictions": [51, 28, 400, 29, 52, 402, 53, 54, 4], "target_tokens": ["[IN:GET_RECIPES", "[SL:RECIPES_ATTRIBUTE", "@ptr5", "SL:RECIPES_ATTRIBUTE]", "[SL:RECIPES_DISH", "@ptr7", "SL:RECIPES_DISH]", "IN:GET_RECIPES]"], "predicted_tokens": ["[IN:GET_RECIPES", "[SL:RECIPES_ATTRIBUTE", "@ptr5", "SL:RECIPES_ATTRIBUTE]", "[SL:RECIPES_DISH", "@ptr7", "SL:RECIPES_DISH]", "IN:GET_RECIPES]"]}
{"loss": 1.1517900228500366, "class_log_probabilities": [-2.326511859893799, -2.4631996154785156, -2.961552381515503, -3.6064438819885254], "predictions": [51, 52, 398, 399, 400, 53, 54, 4, 4, 4], "target_tokens": ["[IN:GET_RECIPES", "[SL:RECIPES_DISH", "@ptr3", "@ptr4", "@ptr5", "SL:RECIPES_DISH]", "IN:GET_RECIPES]"], "predicted_tokens": ["[IN:GET_RECIPES", "[SL:RECIPES_DISH", "@ptr3", "@ptr4", "@ptr5", "SL:RECIPES_DISH]", "IN:GET_RECIPES]"]}
{"loss": 2.549802541732788, "class_log_probabilities": [-2.0363433361053467, -2.788081169128418, -4.211710453033447, -4.274824142456055], "predictions": [51, 52, 401, 53, 145, 402, 146, 54, 4, 4], "target_tokens": ["[IN:GET_RECIPES", "[SL:RECIPES_TYPE", "@ptr7", "SL:RECIPES_TYPE]", "[SL:RECIPES_DISH", "@ptr6", "SL:RECIPES_DISH]", "IN:GET_RECIPES]"], "predicted_tokens": ["[IN:GET_RECIPES", "[SL:RECIPES_DISH", "@ptr6", "SL:RECIPES_DISH]", "[SL:RECIPES_TYPE", "@ptr7", "SL:RECIPES_TYPE]", "IN:GET_RECIPES]"]}
{"loss": 0.9692623019218445, "class_log_probabilities": [-0.38166046142578125, -6.817630767822266, -7.208581924438477, -7.310610294342041], "predictions": [51, 52, 398, 399, 53, 54, 4], "target_tokens": ["[IN:GET_RECIPES", "[SL:RECIPES_DISH", "@ptr3", "@ptr4", "SL:RECIPES_DISH]", "IN:GET_RECIPES]"], "predicted_tokens": ["[IN:GET_RECIPES", "[SL:RECIPES_DISH", "@ptr3", "@ptr4", "SL:RECIPES_DISH]", "IN:GET_RECIPES]"]}
{"loss": 1.0003658533096313, "class_log_probabilities": [-0.7104246616363525, -2.3968732357025146, -4.258406162261963, -5.357117176055908], "predictions": [27, 28, 398, 29, 52, 400, 401, 53, 30, 4, 4], "target_tokens": ["[IN:GET_INFO_RECIPES", "[SL:RECIPES_ATTRIBUTE", "@ptr3", "SL:RECIPES_ATTRIBUTE]", "[SL:RECIPES_DISH", "@ptr5", "@ptr6", "SL:RECIPES_DISH]", "IN:GET_INFO_RECIPES]"], "predicted_tokens": ["[IN:GET_INFO_RECIPES", "[SL:RECIPES_ATTRIBUTE", "@ptr3", "SL:RECIPES_ATTRIBUTE]", "[SL:RECIPES_DISH", "@ptr5", "@ptr6", "SL:RECIPES_DISH]", "IN:GET_INFO_RECIPES]"]}
{"loss": 0.9853808283805847, "class_log_probabilities": [-0.765632688999176, -4.759090423583984, -5.865808486938477, -7.228374004364014], "predictions": [51, 52, 401, 402, 403, 53, 54, 4, 4, 4, 4], "target_tokens": ["[IN:GET_RECIPES", "[SL:RECIPES_DISH", "@ptr6", "@ptr7", "@ptr8", "SL:RECIPES_DISH]", "IN:GET_RECIPES]"], "predicted_tokens": ["[IN:GET_RECIPES", "[SL:RECIPES_DISH", "@ptr6", "@ptr7", "@ptr8", "SL:RECIPES_DISH]", "IN:GET_RECIPES]"]}
{"loss": 2.427011013031006, "class_log_probabilities": [-1.8055179119110107, -3.3682057857513428, -3.8001773357391357, -5.579399585723877], "predictions": [27, 52, 409, 53, 52, 409, 53, 30, 4, 4, 4, 4, 4, 4, 4], "target_tokens": ["[IN:GET_INFO_RECIPES", "[SL:RECIPES_DISH", "@ptr13", "@ptr14", "SL:RECIPES_DISH]", "IN:GET_INFO_RECIPES]"], "predicted_tokens": ["[IN:GET_INFO_RECIPES", "[SL:RECIPES_DISH", "@ptr14", "SL:RECIPES_DISH]", "[SL:RECIPES_DISH", "@ptr14", "SL:RECIPES_DISH]", "IN:GET_INFO_RECIPES]"]}
{"loss": 4.71107816696167, "class_log_probabilities": [-4.168643474578857, -4.969576835632324, -5.147071838378906, -5.762597560882568], "predictions": [27, 129, 400, 130, 28, 402, 403, 29, 129, 402, 403, 130, 30, 4], "target_tokens": ["[IN:IS_TRUE_RECIPES", "[SL:RECIPES_INCLUDED_INGREDIENT", "@ptr5", "@ptr6", "@ptr7", "@ptr8", "@ptr9", "@ptr10", "@ptr11", "SL:RECIPES_INCLUDED_INGREDIENT]", "[SL:RECIPES_EXCLUDED_INGREDIENT", "@ptr5", "SL:RECIPES_EXCLUDED_INGREDIENT]", "IN:IS_TRUE_RECIPES]"], "predicted_tokens": ["[IN:GET_INFO_RECIPES", "[SL:RECIPES_INCLUDED_INGREDIENT", "@ptr5", "SL:RECIPES_INCLUDED_INGREDIENT]", "[SL:RECIPES_ATTRIBUTE", "@ptr7", "@ptr8", "SL:RECIPES_ATTRIBUTE]", "[SL:RECIPES_INCLUDED_INGREDIENT", "@ptr7", "@ptr8", "SL:RECIPES_INCLUDED_INGREDIENT]", "IN:GET_INFO_RECIPES]"]}
{"loss": 1.4004656076431274, "class_log_probabilities": [-2.329345464706421, -2.7069602012634277, -3.0218822956085205, -3.5127220153808594], "predictions": [51, 52, 401, 402, 53, 129, 404, 130, 54, 4], "target_tokens": ["[IN:GET_RECIPES", "[SL:RECIPES_DISH", "@ptr6", "@ptr7", "SL:RECIPES_DISH]", "[SL:RECIPES_EXCLUDED_INGREDIENT", "@ptr9", "SL:RECIPES_EXCLUDED_INGREDIENT]", "IN:GET_RECIPES]"], "predicted_tokens": ["[IN:GET_RECIPES", "[SL:RECIPES_DISH", "@ptr6", "@ptr7", "SL:RECIPES_DISH]", "[SL:RECIPES_INCLUDED_INGREDIENT", "@ptr9", "SL:RECIPES_INCLUDED_INGREDIENT]", "IN:GET_RECIPES]"]}
{"loss": 1.9674566984176636, "class_log_probabilities": [-1.5754486322402954, -2.9099717140197754, -3.5796172618865967, -3.672112464904785], "predictions": [55, 56, 398, 399, 400, 401, 402, 403, 404, 405, 406, 57, 58, 4], "target_tokens": ["[IN:GET_DETAILS_NEWS", "[SL:NEWS_TOPIC", "@ptr4", "@ptr5", "@ptr6", "@ptr7", "@ptr8", "@ptr9", "@ptr10", "@ptr11", "@ptr12", "SL:NEWS_TOPIC]", "IN:GET_DETAILS_NEWS]"], "predicted_tokens": ["[IN:QUESTION_NEWS", "[SL:NEWS_TOPIC", "@ptr3", "@ptr4", "@ptr5", "@ptr6", "@ptr7", "@ptr8", "@ptr9", "@ptr10", "@ptr11", "SL:NEWS_TOPIC]", "IN:QUESTION_NEWS]"]}
