{"loss": 2.787907838821411, "class_log_probabilities": [-1.2782227993011475, -2.7130119800567627, -3.1937568187713623, -4.101761341094971], "predictions": [23, 10, 70, 71, 400, 72, 93, 404, 94, 73, 11, 26, 4, 4, 4], "target_tokens": ["[IN:SEND_MESSAGE", "[SL:RECIPIENT", "[IN:GET_CONTACT", "[SL:CONTACT_RELATED", "@ptr7", "@ptr8", "SL:CONTACT_RELATED]", "[SL:TYPE_RELATION", "@ptr5", "@ptr6", "SL:TYPE_RELATION]", "IN:GET_CONTACT]", "SL:RECIPIENT]", "IN:SEND_MESSAGE]"], "predicted_tokens": ["[IN:SEND_MESSAGE", "[SL:RECIPIENT", "[IN:GET_CONTACT", "[SL:TYPE_RELATION", "@ptr5", "SL:TYPE_RELATION]", "[SL:CONTACT_RELATED", "@ptr9", "SL:CONTACT_RELATED]", "IN:GET_CONTACT]", "SL:RECIPIENT]", "IN:SEND_MESSAGE]"]}
{"loss": 1.5650120973587036, "class_log_probabilities": [-1.962404727935791, -2.1563827991485596, -3.8422462940216064, -4.2120208740234375], "predictions": [23, 10, 398, 11, 10, 401, 11, 10, 403, 11, 24, 406, 407, 408, 409, 410, 25, 26, 4], "target_tokens": ["[IN:SEND_MESSAGE", "[SL:RECIPIENT", "@ptr3", "SL:RECIPIENT]", "[SL:RECIPIENT", "@ptr5", "SL:RECIPIENT]", "[SL:RECIPIENT", "@ptr7", "SL:RECIPIENT]", "[SL:CONTENT_EXACT", "@ptr11", "@ptr12", "@ptr13", "SL:CONTENT_EXACT]", "IN:SEND_MESSAGE]"], "predicted_tokens": ["[IN:SEND_MESSAGE", "[SL:RECIPIENT", "@ptr3", "SL:RECIPIENT]", "[SL:RECIPIENT", "@ptr6", "SL:RECIPIENT]", "[SL:RECIPIENT", "@ptr8", "SL:RECIPIENT]", "[SL:CONTENT_EXACT", "@ptr11", "@ptr12", "@ptr13", "@ptr14", "@ptr15", "SL:CONTENT_EXACT]", "IN:SEND_MESSAGE]"]}
{"loss": 2.78680157661438, "class_log_probabilities": [-0.7469162940979004, -3.1362266540527344, -7.61541748046875, -7.70301628112793], "predictions": [23, 10, 70, 71, 400, 72, 93, 402, 94, 73, 11, 26, 4], "target_tokens": ["[IN:SEND_MESSAGE", "[SL:RECIPIENT", "[IN:GET_CONTACT", "[SL:CONTACT_RELATED", "@ptr5", "@ptr6", "SL:CONTACT_RELATED]", "[SL:TYPE_RELATION", "@ptr4", "SL:TYPE_RELATION]", "IN:GET_CONTACT]", "SL:RECIPIENT]", "IN:SEND_MESSAGE]"], "predicted_tokens": ["[IN:SEND_MESSAGE", "[SL:RECIPIENT", "[IN:GET_CONTACT", "[SL:TYPE_RELATION", "@ptr5", "SL:TYPE_RELATION]", "[SL:CONTACT_RELATED", "@ptr7", "SL:CONTACT_RELATED]", "IN:GET_CONTACT]", "SL:RECIPIENT]", "IN:SEND_MESSAGE]"]}
{"loss": 2.6010334491729736, "class_log_probabilities": [-1.4914757013320923, -2.540708303451538, -2.85058856010437, -3.7623870372772217], "predictions": [23, 8, 398, 9, 10, 402, 11, 10, 404, 11, 10, 406, 11, 26, 4], "target_tokens": ["[IN:SEND_MESSAGE", "[SL:TYPE_CONTENT", "@ptr2", "SL:TYPE_CONTENT]", "[SL:RECIPIENT", "@ptr6", "SL:RECIPIENT]", "[SL:RECIPIENT", "@ptr8", "SL:RECIPIENT]", "[SL:RECIPIENT", "@ptr10", "SL:RECIPIENT]", "IN:SEND_MESSAGE]"], "predicted_tokens": ["[IN:SEND_MESSAGE", "[SL:TYPE_CONTENT", "@ptr3", "SL:TYPE_CONTENT]", "[SL:RECIPIENT", "@ptr7", "SL:RECIPIENT]", "[SL:RECIPIENT", "@ptr9", "SL:RECIPIENT]", "[SL:RECIPIENT", "@ptr11", "SL:RECIPIENT]", "IN:SEND_MESSAGE]"]}
{"loss": 1.5335021018981934, "class_log_probabilities": [-1.1635408401489258, -4.8529486656188965, -4.8573222160339355, -5.059225559234619], "predictions": [23, 8, 398, 9, 10, 401, 11, 10, 403, 11, 10, 406, 407, 11, 26, 4, 4, 4, 4, 4], "target_tokens": ["[IN:SEND_MESSAGE", "[SL:TYPE_CONTENT", "@ptr3", "SL:TYPE_CONTENT]", "[SL:RECIPIENT", "@ptr6", "SL:RECIPIENT]", "[SL:RECIPIENT", "@ptr8", "SL:RECIPIENT]", "[SL:RECIPIENT", "@ptr10", "@ptr11", "SL:RECIPIENT]", "IN:SEND_MESSAGE]"], "predicted_tokens": ["[IN:SEND_MESSAGE", "[SL:TYPE_CONTENT", "@ptr3", "SL:TYPE_CONTENT]", "[SL:RECIPIENT", "@ptr6", "SL:RECIPIENT]", "[SL:RECIPIENT", "@ptr8", "SL:RECIPIENT]", "[SL:RECIPIENT", "@ptr11", "@ptr12", "SL:RECIPIENT]", "IN:SEND_MESSAGE]"]}
{"loss": 3.111929178237915, "class_log_probabilities": [-1.5369945764541626, -2.0792267322540283, -4.02667236328125, -4.806889057159424], "predictions": [23, 10, 400, 401, 402, 11, 10, 404, 405, 406, 11, 26, 4], "target_tokens": ["[IN:SEND_MESSAGE", "[SL:RECIPIENT", "@ptr5", "@ptr6", "SL:RECIPIENT]", "[SL:RECIPIENT", "@ptr8", "@ptr9", "SL:RECIPIENT]", "IN:SEND_MESSAGE]"], "predicted_tokens": ["[IN:SEND_MESSAGE", "[SL:RECIPIENT", "@ptr5", "@ptr6", "@ptr7", "SL:RECIPIENT]", "[SL:RECIPIENT", "@ptr9", "@ptr10", "@ptr11", "SL:RECIPIENT]", "IN:SEND_MESSAGE]"]}
{"loss": 1.7508693933486938, "class_log_probabilities": [-2.183892250061035, -2.4071993827819824, -2.9274277687072754, -3.7880308628082275], "predictions": [23, 269, 400, 401, 402, 403, 404, 405, 270, 26, 4], "target_tokens": ["[IN:SEND_MESSAGE", "[SL:GROUP", "@ptr5", "@ptr6", "@ptr7", "@ptr8", "@ptr9", "SL:GROUP]", "IN:SEND_MESSAGE]"], "predicted_tokens": ["[IN:SEND_MESSAGE", "[SL:GROUP", "@ptr5", "@ptr6", "@ptr7", "@ptr8", "@ptr9", "@ptr10", "SL:GROUP]", "IN:SEND_MESSAGE]"]}
{"loss": 2.245659351348877, "class_log_probabilities": [-0.6940895915031433, -5.053707599639893, -6.344803333282471, -6.442487716674805], "predictions": [23, 10, 398, 399, 400, 401, 402, 11, 26, 4], "target_tokens": ["[IN:SEND_MESSAGE", "[SL:GROUP", "@ptr3", "@ptr4", "@ptr5", "@ptr6", "SL:GROUP]", "IN:SEND_MESSAGE]"], "predicted_tokens": ["[IN:SEND_MESSAGE", "[SL:RECIPIENT", "@ptr3", "@ptr4", "@ptr5", "@ptr6", "@ptr7", "SL:RECIPIENT]", "IN:SEND_MESSAGE]"]}
{"loss": 1.7121467590332031, "class_log_probabilities": [-1.1034481525421143, -2.098363161087036, -5.026127815246582, -5.136866569519043], "predictions": [5, 269, 396, 397, 398, 270, 12, 4, 4, 4, 4], "target_tokens": ["[IN:GET_MESSAGE", "[SL:GROUP", "@ptr1", "@ptr2", "@ptr3", "SL:GROUP]", "[SL:RECIPIENT", "@ptr8", "SL:RECIPIENT]", "IN:GET_MESSAGE]"], "predicted_tokens": ["[IN:GET_MESSAGE", "[SL:GROUP", "@ptr1", "@ptr2", "@ptr3", "SL:GROUP]", "IN:GET_MESSAGE]"]}
{"loss": 3.3362865447998047, "class_log_probabilities": [-2.7700493335723877, -4.247043132781982, -5.380021572113037, -5.688386917114258], "predictions": [23, 10, 403, 404, 405, 406, 11, 10, 409, 11, 26, 4, 4, 4, 4], "target_tokens": ["[IN:SEND_MESSAGE", "[SL:GROUP", "@ptr7", "@ptr8", "@ptr9", "@ptr10", "@ptr11", "@ptr12", "@ptr13", "SL:GROUP]", "IN:SEND_MESSAGE]"], "predicted_tokens": ["[IN:SEND_MESSAGE", "[SL:RECIPIENT", "@ptr8", "@ptr9", "@ptr10", "@ptr11", "SL:RECIPIENT]", "[SL:RECIPIENT", "@ptr14", "SL:RECIPIENT]", "IN:SEND_MESSAGE]"]}
{"loss": 2.023550033569336, "class_log_probabilities": [-0.2926780581474304, -6.389782905578613, -7.18403434753418, -7.8932294845581055], "predictions": [5, 59, 401, 60, 12, 4, 4, 4], "target_tokens": ["[IN:GET_MESSAGE", "[SL:SENDER", "@ptr5", "SL:SENDER]", "IN:GET_MESSAGE]"], "predicted_tokens": ["[IN:GET_MESSAGE", "[SL:SENDER", "@ptr6", "SL:SENDER]", "IN:GET_MESSAGE]"]}
{"loss": 4.598697185516357, "class_log_probabilities": [-1.5138957500457764, -2.5872530937194824, -3.6788747310638428, -5.498973369598389], "predictions": [23, 76, 398, 77, 10, 401, 11, 26, 4], "target_tokens": ["[IN:SEND_MESSAGE", "[SL:CONTACT", "@ptr5", "SL:CONTACT]", "[SL:NAME_APP", "@ptr3", "SL:NAME_APP]", "IN:SEND_MESSAGE]"], "predicted_tokens": ["[IN:SEND_MESSAGE", "[SL:NAME_APP", "@ptr3", "SL:NAME_APP]", "[SL:RECIPIENT", "@ptr6", "SL:RECIPIENT]", "IN:SEND_MESSAGE]"]}
{"loss": 0.9673945903778076, "class_log_probabilities": [-0.33888134360313416, -7.667414665222168, -7.740099906921387, -7.759700298309326], "predictions": [23, 76, 397, 77, 26, 4], "target_tokens": ["[IN:SEND_MESSAGE", "[SL:NAME_APP", "@ptr2", "SL:NAME_APP]", "IN:SEND_MESSAGE]"], "predicted_tokens": ["[IN:SEND_MESSAGE", "[SL:NAME_APP", "@ptr2", "SL:NAME_APP]", "IN:SEND_MESSAGE]"]}
{"loss": 2.555981159210205, "class_log_probabilities": [-1.2935467958450317, -1.4195401668548584, -6.214516639709473, -7.244584560394287], "predictions": [23, 10, 404, 11, 76, 407, 77, 26, 4, 4, 4, 4], "target_tokens": ["[IN:SEND_MESSAGE", "[SL:RECIPIENT", "@ptr8", "SL:RECIPIENT]", "[SL:NAME_APP", "@ptr10", "SL:NAME_APP]", "IN:SEND_MESSAGE]"], "predicted_tokens": ["[IN:SEND_MESSAGE", "[SL:RECIPIENT", "@ptr9", "SL:RECIPIENT]", "[SL:NAME_APP", "@ptr12", "SL:NAME_APP]", "IN:SEND_MESSAGE]"]}
{"loss": 2.6238229274749756, "class_log_probabilities": [-0.43590497970581055, -5.857564449310303, -7.133131504058838, -7.742056846618652], "predictions": [5, 10, 399, 11, 76, 402, 77, 12, 4], "target_tokens": ["[IN:GET_MESSAGE", "[SL:RECIPIENT", "@ptr3", "SL:RECIPIENT]", "[SL:NAME_APP", "@ptr6", "SL:NAME_APP]", "IN:GET_MESSAGE]"], "predicted_tokens": ["[IN:GET_MESSAGE", "[SL:RECIPIENT", "@ptr4", "SL:RECIPIENT]", "[SL:NAME_APP", "@ptr7", "SL:NAME_APP]", "IN:GET_MESSAGE]"]}
{"loss": 0.9626107215881348, "class_log_probabilities": [-0.3294437527656555, -8.687759399414062, -8.790923118591309, -11.626134872436523], "predictions": [75, 6, 397, 7, 78, 4, 4, 4, 4, 4], "target_tokens": ["[IN:CREATE_CALL", "[SL:CONTACT", "@ptr2", "SL:CONTACT]", "IN:CREATE_CALL]"], "predicted_tokens": ["[IN:CREATE_CALL", "[SL:CONTACT", "@ptr2", "SL:CONTACT]", "IN:CREATE_CALL]"]}
{"loss": 1.7028894424438477, "class_log_probabilities": [-0.6997538208961487, -2.807262420654297, -6.819027900695801, -6.916143417358398], "predictions": [75, 231, 400, 401, 402, 403, 232, 78, 4, 4], "target_tokens": ["[IN:CREATE_CALL", "[SL:PHONE_NUMBER", "@ptr5", "@ptr6", "@ptr7", "SL:PHONE_NUMBER]", "IN:CREATE_CALL]"], "predicted_tokens": ["[IN:CREATE_CALL", "[SL:PHONE_NUMBER", "@ptr5", "@ptr6", "@ptr7", "@ptr8", "SL:PHONE_NUMBER]", "IN:CREATE_CALL]"]}
{"loss": 0.961457371711731, "class_log_probabilities": [-0.39482441544532776, -7.687386989593506, -8.260246276855469, -8.592278480529785], "predictions": [75, 6, 397, 398, 7, 78, 4, 4, 4], "target_tokens": ["[IN:CREATE_CALL", "[SL:CONTACT", "@ptr2", "@ptr3", "SL:CONTACT]", "IN:CREATE_CALL]"], "predicted_tokens": ["[IN:CREATE_CALL", "[SL:CONTACT", "@ptr2", "@ptr3", "SL:CONTACT]", "IN:CREATE_CALL]"]}
{"loss": 0.962871253490448, "class_log_probabilities": [-0.3296801447868347, -8.057918548583984, -8.220751762390137, -8.784698486328125], "predictions": [75, 6, 399, 7, 78, 4, 4, 4], "target_tokens": ["[IN:CREATE_CALL", "[SL:CONTACT", "@ptr4", "SL:CONTACT]", "IN:CREATE_CALL]"], "predicted_tokens": ["[IN:CREATE_CALL", "[SL:CONTACT", "@ptr4", "SL:CONTACT]", "IN:CREATE_CALL]"]}
{"loss": 0.9769864678382874, "class_log_probabilities": [-0.6972494721412659, -6.183701992034912, -6.356279373168945, -6.5680694580078125], "predictions": [75, 6, 400, 401, 7, 6, 403, 404, 7, 6, 406, 407, 7, 78, 4, 4, 4, 4, 4], "target_tokens": ["[IN:CREATE_CALL", "[SL:CONTACT", "@ptr5", "@ptr6", "SL:CONTACT]", "[SL:CONTACT", "@ptr8", "@ptr9", "SL:CONTACT]", "[SL:CONTACT", "@ptr11", "@ptr12", "SL:CONTACT]", "IN:CREATE_CALL]"], "predicted_tokens": ["[IN:CREATE_CALL", "[SL:CONTACT", "@ptr5", "@ptr6", "SL:CONTACT]", "[SL:CONTACT", "@ptr8", "@ptr9", "SL:CONTACT]", "[SL:CONTACT", "@ptr11", "@ptr12", "SL:CONTACT]", "IN:CREATE_CALL]"]}
{"loss": 3.3165628910064697, "class_log_probabilities": [-0.8119899034500122, -5.799406051635742, -5.895175933837891, -6.2794365882873535], "predictions": [75, 6, 401, 402, 403, 404, 405, 7, 78, 4], "target_tokens": ["[IN:CREATE_CALL", "[SL:GROUP", "@ptr5", "@ptr6", "@ptr7", "@ptr8", "SL:GROUP]", "IN:CREATE_CALL]"], "predicted_tokens": ["[IN:CREATE_CALL", "[SL:CONTACT", "@ptr6", "@ptr7", "@ptr8", "@ptr9", "@ptr10", "SL:CONTACT]", "IN:CREATE_CALL]"]}
{"loss": 5.724109172821045, "class_log_probabilities": [-2.235684394836426, -2.535463571548462, -4.250095844268799, -4.305807590484619], "predictions": [63, 101, 395, 396, 397, 398, 399, 400, 401, 402, 102, 68, 4], "target_tokens": ["[IN:CREATE_CALL", "[SL:GROUP", "@ptr7", "SL:GROUP]", "IN:CREATE_CALL]"], "predicted_tokens": ["[IN:PLAY_MUSIC", "[SL:MUSIC_TRACK_TITLE", "@ptr0", "@ptr1", "@ptr2", "@ptr3", "@ptr4", "@ptr5", "@ptr6", "@ptr7", "SL:MUSIC_TRACK_TITLE]", "IN:PLAY_MUSIC]"]}
{"loss": 2.034611225128174, "class_log_probabilities": [-0.5575754642486572, -4.64521598815918, -5.3189849853515625, -5.538817405700684], "predictions": [321, 20, 401, 21, 322, 4], "target_tokens": ["[IN:SET_RSVP_NO", "[SL:ORDINAL", "@ptr5", "@ptr6", "SL:ORDINAL]", "IN:SET_RSVP_NO]"], "predicted_tokens": ["[IN:SET_RSVP_NO", "[SL:ORDINAL", "@ptr6", "SL:ORDINAL]", "IN:SET_RSVP_NO]"]}
{"loss": 2.688319683074951, "class_log_probabilities": [-1.51114821434021, -5.284404754638672, -5.3420939445495605, -5.346616744995117], "predictions": [63, 66, 397, 398, 399, 67, 68, 4], "target_tokens": ["[IN:SET_RSVP_YES", "[SL:TITLE_EVENT", "@ptr2", "@ptr3", "@ptr4", "SL:TITLE_EVENT]", "IN:SET_RSVP_YES]"], "predicted_tokens": ["[IN:PLAY_MUSIC", "[SL:MUSIC_ARTIST_NAME", "@ptr2", "@ptr3", "@ptr4", "SL:MUSIC_ARTIST_NAME]", "IN:PLAY_MUSIC]"]}
{"loss": 1.7129591703414917, "class_log_probabilities": [-0.36532798409461975, -5.240712642669678, -6.018300533294678, -6.786932468414307], "predictions": [327, 10, 401, 11, 328, 4], "target_tokens": ["[IN:CANCEL_MESSAGE", "[SL:RECIPIENT", "@ptr5", "SL:RECIPIENT]", "IN:CANCEL_MESSAGE]"], "predicted_tokens": ["[IN:CANCEL_MESSAGE", "[SL:RECIPIENT", "@ptr6", "SL:RECIPIENT]", "IN:CANCEL_MESSAGE]"]}
{"loss": 0.973742663860321, "class_log_probabilities": [-0.5681933760643005, -5.547442436218262, -5.617404937744141, -5.998684883117676], "predictions": [5, 6, 395, 396, 7, 10, 400, 11, 12, 4], "target_tokens": ["[IN:GET_MESSAGE", "[SL:CONTACT", "@ptr0", "@ptr1", "SL:CONTACT]", "[SL:RECIPIENT", "@ptr5", "SL:RECIPIENT]", "IN:GET_MESSAGE]"], "predicted_tokens": ["[IN:GET_MESSAGE", "[SL:CONTACT", "@ptr0", "@ptr1", "SL:CONTACT]", "[SL:RECIPIENT", "@ptr5", "SL:RECIPIENT]", "IN:GET_MESSAGE]"]}
{"loss": 2.855808973312378, "class_log_probabilities": [-0.7874053120613098, -3.4048092365264893, -4.984400749206543, -5.063711643218994], "predictions": [89, 16, 399, 400, 17, 92, 4, 4, 4, 4], "target_tokens": ["[IN:CREATE_TIMER", "[SL:METHOD_TIMER", "@ptr1", "@ptr2", "@ptr3", "SL:METHOD_TIMER]", "[SL:DATE_TIME", "@ptr4", "@ptr5", "SL:DATE_TIME]", "IN:CREATE_TIMER]"], "predicted_tokens": ["[IN:CREATE_TIMER", "[SL:DATE_TIME", "@ptr4", "@ptr5", "SL:DATE_TIME]", "IN:CREATE_TIMER]"]}
{"loss": 4.305332660675049, "class_log_probabilities": [-1.4948408603668213, -2.639310836791992, -3.9935011863708496, -5.243466854095459], "predictions": [89, 90, 398, 91, 16, 401, 402, 17, 16, 408, 409, 410, 411, 17, 92, 4, 4], "target_tokens": ["[IN:CREATE_TIMER", "[SL:METHOD_TIMER", "@ptr1", "@ptr2", "@ptr3", "SL:METHOD_TIMER]", "[SL:DATE_TIME", "@ptr4", "@ptr5", "@ptr6", "@ptr7", "SL:DATE_TIME]", "[SL:AMOUNT", "@ptr10", "@ptr11", "SL:AMOUNT]", "[SL:DATE_TIME", "@ptr12", "@ptr13", "@ptr14", "SL:DATE_TIME]", "IN:CREATE_TIMER]"], "predicted_tokens": ["[IN:CREATE_TIMER", "[SL:METHOD_TIMER", "@ptr3", "SL:METHOD_TIMER]", "[SL:DATE_TIME", "@ptr6", "@ptr7", "SL:DATE_TIME]", "[SL:DATE_TIME", "@ptr13", "@ptr14", "@ptr15", "@ptr16", "SL:DATE_TIME]", "IN:CREATE_TIMER]"]}
{"loss": 1.2903906106948853, "class_log_probabilities": [-0.9037758708000183, -2.7858102321624756, -4.163491725921631, -5.5085601806640625], "predictions": [75, 6, 70, 71, 399, 72, 93, 401, 94, 73, 7, 78, 4], "target_tokens": ["[IN:CREATE_CALL", "[SL:CONTACT", "[IN:GET_CONTACT", "[SL:TYPE_RELATION", "@ptr3", "SL:TYPE_RELATION]", "[SL:CONTACT_RELATED", "@ptr5", "SL:CONTACT_RELATED]", "IN:GET_CONTACT]", "SL:CONTACT]", "IN:CREATE_CALL]"], "predicted_tokens": ["[IN:CREATE_CALL", "[SL:CONTACT", "[IN:GET_CONTACT", "[SL:TYPE_RELATION", "@ptr4", "SL:TYPE_RELATION]", "[SL:CONTACT_RELATED", "@ptr6", "SL:CONTACT_RELATED]", "IN:GET_CONTACT]", "SL:CONTACT]", "IN:CREATE_CALL]"]}
{"loss": 3.281991720199585, "class_log_probabilities": [-0.6578918695449829, -7.082134246826172, -7.622109889984131, -7.808135986328125], "predictions": [75, 6, 70, 71, 397, 72, 73, 7, 76, 400, 77, 78, 4], "target_tokens": ["[IN:CREATE_CALL", "[SL:NAME_APP", "@ptr4", "SL:NAME_APP]", "[SL:CONTACT", "[IN:GET_CONTACT", "[SL:TYPE_RELATION", "@ptr2", "SL:TYPE_RELATION]", "IN:GET_CONTACT]", "SL:CONTACT]", "IN:CREATE_CALL]"], "predicted_tokens": ["[IN:CREATE_CALL", "[SL:CONTACT", "[IN:GET_CONTACT", "[SL:TYPE_RELATION", "@ptr2", "SL:TYPE_RELATION]", "IN:GET_CONTACT]", "SL:CONTACT]", "[SL:NAME_APP", "@ptr5", "SL:NAME_APP]", "IN:CREATE_CALL]"]}
{"loss": 3.787186861038208, "class_log_probabilities": [-0.5236420631408691, -3.600205898284912, -7.043848514556885, -7.46828031539917], "predictions": [75, 6, 397, 398, 7, 76, 405, 77, 78, 4], "target_tokens": ["[IN:CREATE_CALL", "[SL:NAME_APP", "@ptr9", "SL:NAME_APP]", "[SL:CONTACT", "@ptr2", "@ptr3", "SL:CONTACT]", "IN:CREATE_CALL]"], "predicted_tokens": ["[IN:CREATE_CALL", "[SL:CONTACT", "@ptr2", "@ptr3", "SL:CONTACT]", "[SL:NAME_APP", "@ptr10", "SL:NAME_APP]", "IN:CREATE_CALL]"]}
{"loss": 2.6498730182647705, "class_log_probabilities": [-0.47042787075042725, -7.646560192108154, -8.040562629699707, -8.200336456298828], "predictions": [75, 6, 400, 7, 76, 402, 77, 78, 4], "target_tokens": ["[IN:CREATE_CALL", "[SL:CONTACT", "@ptr4", "SL:CONTACT]", "[SL:NAME_APP", "@ptr6", "SL:NAME_APP]", "IN:CREATE_CALL]"], "predicted_tokens": ["[IN:CREATE_CALL", "[SL:CONTACT", "@ptr5", "SL:CONTACT]", "[SL:NAME_APP", "@ptr7", "SL:NAME_APP]", "IN:CREATE_CALL]"]}
{"loss": 0.9601652026176453, "class_log_probabilities": [-0.41208720207214355, -7.222106456756592, -7.6510329246521, -7.91502571105957], "predictions": [75, 6, 399, 400, 7, 78, 4, 4], "target_tokens": ["[IN:CREATE_CALL", "[SL:CONTACT", "@ptr4", "@ptr5", "SL:CONTACT]", "IN:CREATE_CALL]"], "predicted_tokens": ["[IN:CREATE_CALL", "[SL:CONTACT", "@ptr4", "@ptr5", "SL:CONTACT]", "IN:CREATE_CALL]"]}
{"loss": 2.0610780715942383, "class_log_probabilities": [-0.5844115018844604, -8.061368942260742, -8.233621597290039, -8.503827095031738], "predictions": [63, 64, 396, 65, 66, 398, 399, 400, 67, 68, 4], "target_tokens": ["[IN:PLAY_MUSIC", "[SL:MUSIC_ARTIST_NAME", "@ptr3", "@ptr4", "@ptr5", "SL:MUSIC_ARTIST_NAME]", "IN:PLAY_MUSIC]"], "predicted_tokens": ["[IN:PLAY_MUSIC", "[SL:MUSIC_TYPE", "@ptr1", "SL:MUSIC_TYPE]", "[SL:MUSIC_ARTIST_NAME", "@ptr3", "@ptr4", "@ptr5", "SL:MUSIC_ARTIST_NAME]", "IN:PLAY_MUSIC]"]}
{"loss": 2.231172800064087, "class_log_probabilities": [-0.5167069435119629, -8.148643493652344, -8.257579803466797, -8.570365905761719], "predictions": [63, 64, 396, 65, 66, 398, 399, 67, 68, 4], "target_tokens": ["[IN:PLAY_MUSIC", "[SL:MUSIC_ARTIST_NAME", "@ptr3", "@ptr4", "SL:MUSIC_ARTIST_NAME]", "IN:PLAY_MUSIC]"], "predicted_tokens": ["[IN:PLAY_MUSIC", "[SL:MUSIC_TYPE", "@ptr1", "SL:MUSIC_TYPE]", "[SL:MUSIC_ARTIST_NAME", "@ptr3", "@ptr4", "SL:MUSIC_ARTIST_NAME]", "IN:PLAY_MUSIC]"]}
{"loss": 0.9905431866645813, "class_log_probabilities": [-0.25827232003211975, -7.926901817321777, -8.073296546936035, -8.25984001159668], "predictions": [235, 103, 396, 104, 236, 4], "target_tokens": ["[IN:SET_DEFAULT_PROVIDER_MUSIC", "[SL:MUSIC_PROVIDER_NAME", "@ptr1", "SL:MUSIC_PROVIDER_NAME]", "IN:SET_DEFAULT_PROVIDER_MUSIC]"], "predicted_tokens": ["[IN:SET_DEFAULT_PROVIDER_MUSIC", "[SL:MUSIC_PROVIDER_NAME", "@ptr1", "SL:MUSIC_PROVIDER_NAME]", "IN:SET_DEFAULT_PROVIDER_MUSIC]"]}
{"loss": 4.346224308013916, "class_log_probabilities": [-1.1526556015014648, -2.1546144485473633, -4.057735443115234, -5.240545272827148], "predictions": [63, 64, 396, 65, 103, 398, 399, 104, 68, 4, 4], "target_tokens": ["[IN:SET_DEFAULT_PROVIDER_MUSIC", "[SL:MUSIC_PROVIDER_NAME", "@ptr3", "@ptr4", "SL:MUSIC_PROVIDER_NAME]", "IN:SET_DEFAULT_PROVIDER_MUSIC]"], "predicted_tokens": ["[IN:PLAY_MUSIC", "[SL:MUSIC_TYPE", "@ptr1", "SL:MUSIC_TYPE]", "[SL:MUSIC_PROVIDER_NAME", "@ptr3", "@ptr4", "SL:MUSIC_PROVIDER_NAME]", "IN:PLAY_MUSIC]"]}
{"loss": 1.8572250604629517, "class_log_probabilities": [-8.83492374420166, -9.520610809326172, -10.413241386413574, -10.591497421264648], "predictions": [85, 103, 397, 104, 86, 399, 400, 401, 402, 403, 404, 87, 88, 4], "target_tokens": ["[IN:SET_DEFAULT_PROVIDER_MUSIC", "[SL:MUSIC_PROVIDER_NAME", "@ptr2", "SL:MUSIC_PROVIDER_NAME]", "IN:SET_DEFAULT_PROVIDER_MUSIC]"], "predicted_tokens": ["[IN:CREATE_PLAYLIST_MUSIC", "[SL:MUSIC_PROVIDER_NAME", "@ptr2", "SL:MUSIC_PROVIDER_NAME]", "[SL:MUSIC_PLAYLIST_TITLE", "@ptr4", "@ptr5", "@ptr6", "@ptr7", "@ptr8", "@ptr9", "SL:MUSIC_PLAYLIST_TITLE]", "IN:CREATE_PLAYLIST_MUSIC]"]}
{"loss": 4.1438517570495605, "class_log_probabilities": [-0.8992927074432373, -4.89920711517334, -5.226024150848389, -5.370035171508789], "predictions": [227, 167, 400, 401, 168, 228, 4], "target_tokens": ["[IN:UPDATE_TIMER", "[SL:TIMER_NAME", "@ptr4", "@ptr5", "SL:TIMER_NAME]", "[SL:DATE_TIME", "@ptr1", "@ptr2", "@ptr3", "SL:DATE_TIME]", "IN:UPDATE_TIMER]"], "predicted_tokens": ["[IN:UPDATE_TIMER", "[SL:TIMER_NAME", "@ptr5", "@ptr6", "SL:TIMER_NAME]", "IN:UPDATE_TIMER]"]}
{"loss": 2.581476926803589, "class_log_probabilities": [-6.60518741607666, -6.710622310638428, -8.083531379699707, -8.083955764770508], "predictions": [63, 66, 396, 397, 398, 67, 101, 402, 403, 404, 405, 102, 68, 4], "target_tokens": ["[IN:GET_EVENT", "[SL:ATTRIBUTE_EVENT", "@ptr6", "@ptr7", "@ptr8", "@ptr9", "@ptr10", "SL:ATTRIBUTE_EVENT]", "IN:GET_EVENT]"], "predicted_tokens": ["[IN:PLAY_MUSIC", "[SL:MUSIC_ARTIST_NAME", "@ptr1", "@ptr2", "@ptr3", "SL:MUSIC_ARTIST_NAME]", "[SL:MUSIC_TRACK_TITLE", "@ptr7", "@ptr8", "@ptr9", "@ptr10", "SL:MUSIC_TRACK_TITLE]", "IN:PLAY_MUSIC]"]}
{"loss": 3.946178913116455, "class_log_probabilities": [-0.4142839312553406, -6.759657382965088, -7.387026786804199, -7.470491409301758], "predictions": [197, 6, 402, 7, 198, 4], "target_tokens": ["[IN:SHARE_EVENT", "[SL:ORDINAL", "@ptr3", "SL:ORDINAL]", "[SL:CONTACT", "@ptr6", "SL:CONTACT]", "IN:SHARE_EVENT]"], "predicted_tokens": ["[IN:SHARE_EVENT", "[SL:CONTACT", "@ptr7", "SL:CONTACT]", "IN:SHARE_EVENT]"]}
{"loss": 3.239316940307617, "class_log_probabilities": [-0.590589702129364, -4.532483100891113, -4.937196731567383, -8.027732849121094], "predictions": [61, 62, 4, 4, 4, 4, 4, 4, 4], "target_tokens": ["[IN:GET_EVENT", "[SL:USER_ATTENDEE_EVENT", "@ptr6", "SL:USER_ATTENDEE_EVENT]", "IN:GET_EVENT]"], "predicted_tokens": ["[IN:GET_EVENT", "IN:GET_EVENT]"]}
{"loss": 2.8287806510925293, "class_log_probabilities": [-0.4817980229854584, -7.089001178741455, -7.265300750732422, -7.328088760375977], "predictions": [23, 8, 399, 9, 10, 401, 11, 26, 4], "target_tokens": ["[IN:SEND_MESSAGE", "[SL:TYPE_CONTENT", "@ptr3", "SL:TYPE_CONTENT]", "[SL:RECIPIENT", "@ptr5", "SL:RECIPIENT]", "IN:SEND_MESSAGE]"], "predicted_tokens": ["[IN:SEND_MESSAGE", "[SL:TYPE_CONTENT", "@ptr4", "SL:TYPE_CONTENT]", "[SL:RECIPIENT", "@ptr6", "SL:RECIPIENT]", "IN:SEND_MESSAGE]"]}
{"loss": 2.209702491760254, "class_log_probabilities": [-0.44402211904525757, -5.88931941986084, -6.151641845703125, -6.242024898529053], "predictions": [81, 6, 397, 7, 82, 4, 4], "target_tokens": ["[IN:UPDATE_CALL", "[SL:CONTACT_REMOVED", "@ptr2", "SL:CONTACT_REMOVED]", "IN:UPDATE_CALL]"], "predicted_tokens": ["[IN:END_CALL", "[SL:CONTACT", "@ptr2", "SL:CONTACT]", "IN:END_CALL]"]}
{"loss": 4.0427398681640625, "class_log_probabilities": [-0.5301692485809326, -8.020755767822266, -8.40182113647461, -8.558927536010742], "predictions": [89, 90, 398, 91, 16, 399, 400, 17, 92, 4], "target_tokens": ["[IN:CREATE_TIMER", "[SL:DATE_TIME", "@ptr4", "@ptr5", "SL:DATE_TIME]", "[SL:METHOD_TIMER", "@ptr1", "@ptr2", "@ptr3", "SL:METHOD_TIMER]", "IN:CREATE_TIMER]"], "predicted_tokens": ["[IN:CREATE_TIMER", "[SL:METHOD_TIMER", "@ptr3", "SL:METHOD_TIMER]", "[SL:DATE_TIME", "@ptr4", "@ptr5", "SL:DATE_TIME]", "IN:CREATE_TIMER]"]}
{"loss": 2.3266818523406982, "class_log_probabilities": [-0.3584315776824951, -6.756559371948242, -6.885855674743652, -7.347858428955078], "predictions": [219, 16, 396, 397, 17, 220, 4, 4, 4, 4], "target_tokens": ["[IN:SUBTRACT_TIME_TIMER", "[SL:DATE_TIME", "@ptr1", "@ptr2", "SL:DATE_TIME]", "[SL:METHOD_TIMER", "@ptr5", "@ptr6", "@ptr7", "SL:METHOD_TIMER]", "IN:SUBTRACT_TIME_TIMER]"], "predicted_tokens": ["[IN:SUBTRACT_TIME_TIMER", "[SL:DATE_TIME", "@ptr1", "@ptr2", "SL:DATE_TIME]", "IN:SUBTRACT_TIME_TIMER]"]}
{"loss": 1.873142123222351, "class_log_probabilities": [-0.6354573965072632, -5.9477219581604, -8.204972267150879, -8.371776580810547], "predictions": [45, 16, 399, 400, 401, 402, 17, 46, 4, 4], "target_tokens": ["[IN:CREATE_ALARM", "[SL:DATE_TIME", "@ptr4", "@ptr5", "@ptr6", "SL:DATE_TIME]", "IN:CREATE_ALARM]"], "predicted_tokens": ["[IN:CREATE_ALARM", "[SL:DATE_TIME", "@ptr4", "@ptr5", "@ptr6", "@ptr7", "SL:DATE_TIME]", "IN:CREATE_ALARM]"]}
{"loss": 4.2223358154296875, "class_log_probabilities": [-0.7889770269393921, -4.61994743347168, -6.1991448402404785, -6.607102870941162], "predictions": [75, 6, 397, 7, 20, 399, 21, 78, 4], "target_tokens": ["[IN:CREATE_CALL", "[SL:ORDINAL", "@ptr3", "@ptr4", "SL:ORDINAL]", "[SL:CONTACT", "@ptr2", "SL:CONTACT]", "IN:CREATE_CALL]"], "predicted_tokens": ["[IN:CREATE_CALL", "[SL:CONTACT", "@ptr2", "SL:CONTACT]", "[SL:ORDINAL", "@ptr4", "SL:ORDINAL]", "IN:CREATE_CALL]"]}
{"loss": 1.0126394033432007, "class_log_probabilities": [-1.412739872932434, -3.232496500015259, -4.287750244140625, -6.899664402008057], "predictions": [75, 6, 397, 7, 20, 398, 21, 78, 4], "target_tokens": ["[IN:CREATE_CALL", "[SL:CONTACT", "@ptr2", "SL:CONTACT]", "[SL:ORDINAL", "@ptr3", "SL:ORDINAL]", "IN:CREATE_CALL]"], "predicted_tokens": ["[IN:CREATE_CALL", "[SL:CONTACT", "@ptr2", "SL:CONTACT]", "[SL:ORDINAL", "@ptr3", "SL:ORDINAL]", "IN:CREATE_CALL]"]}
{"loss": 1.8791357278823853, "class_log_probabilities": [-0.3799580931663513, -8.476367950439453, -10.26563835144043, -10.289436340332031], "predictions": [75, 6, 397, 7, 78, 4, 4, 4, 4], "target_tokens": ["[IN:CREATE_CALL", "[SL:CONTACT", "@ptr2", "SL:CONTACT]", "[SL:ORDINAL", "@ptr4", "SL:ORDINAL]", "IN:CREATE_CALL]"], "predicted_tokens": ["[IN:CREATE_CALL", "[SL:CONTACT", "@ptr2", "SL:CONTACT]", "IN:CREATE_CALL]"]}
{"loss": 3.1853108406066895, "class_log_probabilities": [-0.8966861367225647, -2.815286636352539, -5.74301815032959, -6.424365997314453], "predictions": [75, 20, 399, 21, 78, 4], "target_tokens": ["[IN:CREATE_CALL", "[SL:ORDINAL", "@ptr2", "@ptr3", "@ptr4", "SL:ORDINAL]", "IN:CREATE_CALL]"], "predicted_tokens": ["[IN:CREATE_CALL", "[SL:ORDINAL", "@ptr4", "SL:ORDINAL]", "IN:CREATE_CALL]"]}
{"loss": 2.0421524047851562, "class_log_probabilities": [-2.0378177165985107, -2.181933879852295, -3.777554512023926, -4.026003837585449], "predictions": [63, 64, 398, 65, 101, 399, 400, 401, 402, 102, 103, 404, 104, 68, 4], "target_tokens": ["[IN:PLAY_MUSIC", "[SL:MUSIC_TRACK_TITLE", "@ptr4", "@ptr5", "@ptr6", "SL:MUSIC_TRACK_TITLE]", "[SL:MUSIC_PROVIDER_NAME", "@ptr8", "SL:MUSIC_PROVIDER_NAME]", "IN:PLAY_MUSIC]"], "predicted_tokens": ["[IN:PLAY_MUSIC", "[SL:MUSIC_TYPE", "@ptr3", "SL:MUSIC_TYPE]", "[SL:MUSIC_TRACK_TITLE", "@ptr4", "@ptr5", "@ptr6", "@ptr7", "SL:MUSIC_TRACK_TITLE]", "[SL:MUSIC_PROVIDER_NAME", "@ptr9", "SL:MUSIC_PROVIDER_NAME]", "IN:PLAY_MUSIC]"]}
{"loss": 0.9611695408821106, "class_log_probabilities": [-0.34131520986557007, -8.348352432250977, -8.493826866149902, -8.686506271362305], "predictions": [75, 6, 399, 7, 78, 4, 4, 4], "target_tokens": ["[IN:CREATE_CALL", "[SL:CONTACT", "@ptr4", "SL:CONTACT]", "IN:CREATE_CALL]"], "predicted_tokens": ["[IN:CREATE_CALL", "[SL:CONTACT", "@ptr4", "SL:CONTACT]", "IN:CREATE_CALL]"]}
{"loss": 1.1025338172912598, "class_log_probabilities": [-1.1271620988845825, -1.339548110961914, -6.963946342468262, -8.372234344482422], "predictions": [23, 8, 398, 9, 26, 4, 4, 4], "target_tokens": ["[IN:SEND_MESSAGE", "[SL:TYPE_CONTENT", "@ptr2", "SL:TYPE_CONTENT]", "IN:SEND_MESSAGE]"], "predicted_tokens": ["[IN:SEND_MESSAGE", "[SL:TYPE_CONTENT", "@ptr3", "SL:TYPE_CONTENT]", "IN:SEND_MESSAGE]"]}
{"loss": 0.9791510701179504, "class_log_probabilities": [-0.46069085597991943, -3.11603045463562, -7.321422100067139, -8.177831649780273], "predictions": [23, 8, 398, 9, 26, 4, 4, 4], "target_tokens": ["[IN:SEND_MESSAGE", "[SL:TYPE_CONTENT", "@ptr3", "SL:TYPE_CONTENT]", "IN:SEND_MESSAGE]"], "predicted_tokens": ["[IN:SEND_MESSAGE", "[SL:TYPE_CONTENT", "@ptr3", "SL:TYPE_CONTENT]", "IN:SEND_MESSAGE]"]}
{"loss": 1.6117677688598633, "class_log_probabilities": [-0.5508525371551514, -4.698678016662598, -6.825133323669434, -7.956938743591309], "predictions": [23, 8, 400, 9, 26, 4, 4, 4], "target_tokens": ["[IN:SEND_MESSAGE", "[SL:TYPE_CONTENT", "@ptr4", "SL:TYPE_CONTENT]", "IN:SEND_MESSAGE]"], "predicted_tokens": ["[IN:SEND_MESSAGE", "[SL:TYPE_CONTENT", "@ptr5", "SL:TYPE_CONTENT]", "IN:SEND_MESSAGE]"]}
{"loss": 2.6965653896331787, "class_log_probabilities": [-0.7852429747581482, -4.8690714836120605, -6.299034595489502, -6.560522556304932], "predictions": [23, 8, 398, 9, 10, 401, 402, 11, 26, 4], "target_tokens": ["[IN:SEND_MESSAGE", "[SL:TYPE_CONTENT", "@ptr3", "SL:TYPE_CONTENT]", "[SL:RECIPIENT", "@ptr5", "@ptr6", "SL:RECIPIENT]", "IN:SEND_MESSAGE]"], "predicted_tokens": ["[IN:SEND_MESSAGE", "[SL:TYPE_CONTENT", "@ptr3", "SL:TYPE_CONTENT]", "[SL:RECIPIENT", "@ptr6", "@ptr7", "SL:RECIPIENT]", "IN:SEND_MESSAGE]"]}
{"loss": 0.9694618582725525, "class_log_probabilities": [-0.4510173499584198, -5.307799339294434, -6.191951274871826, -6.529043674468994], "predictions": [107, 203, 396, 204, 110, 4], "target_tokens": ["[IN:UPDATE_CALL", "[SL:CONTACT_REMOVED", "@ptr1", "SL:CONTACT_REMOVED]", "IN:UPDATE_CALL]"], "predicted_tokens": ["[IN:UPDATE_CALL", "[SL:CONTACT_REMOVED", "@ptr1", "SL:CONTACT_REMOVED]", "IN:UPDATE_CALL]"]}
{"loss": 0.9644595980644226, "class_log_probabilities": [-0.23426268994808197, -5.925352573394775, -8.148514747619629, -8.400290489196777], "predictions": [245, 246, 4], "target_tokens": ["[IN:UPDATE_METHOD_CALL", "IN:UPDATE_METHOD_CALL]"], "predicted_tokens": ["[IN:UPDATE_METHOD_CALL", "IN:UPDATE_METHOD_CALL]"]}
{"loss": 3.40055251121521, "class_log_probabilities": [-0.20672650635242462, -7.116129398345947, -7.746078968048096, -8.303359985351562], "predictions": [171, 172, 4], "target_tokens": ["[IN:SET_AVAILABLE", "IN:SET_AVAILABLE]"], "predicted_tokens": ["[IN:GET_AVAILABILITY", "IN:GET_AVAILABILITY]"]}
{"loss": 1.7950741052627563, "class_log_probabilities": [-2.057464122772217, -2.2865474224090576, -3.5780317783355713, -6.721066951751709], "predictions": [75, 6, 70, 71, 398, 72, 6, 402, 7, 73, 7, 78, 4, 4, 4, 4], "target_tokens": ["[IN:GET_CALL_TIME", "[SL:CONTACT", "[IN:GET_CONTACT", "[SL:TYPE_RELATION", "@ptr3", "SL:TYPE_RELATION]", "IN:GET_CONTACT]", "SL:CONTACT]", "IN:GET_CALL_TIME]"], "predicted_tokens": ["[IN:CREATE_CALL", "[SL:CONTACT", "[IN:GET_CONTACT", "[SL:TYPE_RELATION", "@ptr3", "SL:TYPE_RELATION]", "[SL:CONTACT", "@ptr7", "SL:CONTACT]", "IN:GET_CONTACT]", "SL:CONTACT]", "IN:CREATE_CALL]"]}
{"loss": 3.259713888168335, "class_log_probabilities": [-0.4304429292678833, -3.6914827823638916, -6.725821495056152, -6.734684944152832], "predictions": [95, 96, 4], "target_tokens": ["[IN:GET_CALL", "[SL:DATE_TIME", "@ptr7", "@ptr8", "SL:DATE_TIME]", "IN:GET_CALL]"], "predicted_tokens": ["[IN:IGNORE_CALL", "IN:IGNORE_CALL]"]}
{"loss": 1.4543789625167847, "class_log_probabilities": [-0.4678077697753906, -1.9678744077682495, -6.142086505889893, -6.4838337898254395], "predictions": [209, 210, 4], "target_tokens": ["[IN:GET_CALL", "IN:GET_CALL]"], "predicted_tokens": ["[IN:GET_CALL_CONTACT", "IN:GET_CALL_CONTACT]"]}
{"loss": 1.863679051399231, "class_log_probabilities": [-0.4813525080680847, -5.99025297164917, -6.920125484466553, -7.084482192993164], "predictions": [63, 103, 396, 104, 206, 399, 400, 207, 68, 4], "target_tokens": ["[IN:PLAY_MUSIC", "[SL:MUSIC_PROVIDER_NAME", "@ptr1", "SL:MUSIC_PROVIDER_NAME]", "[SL:MUSIC_ALBUM_TITLE", "@ptr5", "SL:MUSIC_ALBUM_TITLE]", "IN:PLAY_MUSIC]"], "predicted_tokens": ["[IN:PLAY_MUSIC", "[SL:MUSIC_PROVIDER_NAME", "@ptr1", "SL:MUSIC_PROVIDER_NAME]", "[SL:MUSIC_ALBUM_TITLE", "@ptr4", "@ptr5", "SL:MUSIC_ALBUM_TITLE]", "IN:PLAY_MUSIC]"]}
{"loss": 0.9717192053794861, "class_log_probabilities": [-0.6861717700958252, -5.973536968231201, -6.462949752807617, -7.32572603225708], "predictions": [63, 101, 396, 397, 398, 399, 400, 102, 103, 402, 104, 68, 4], "target_tokens": ["[IN:PLAY_MUSIC", "[SL:MUSIC_TRACK_TITLE", "@ptr1", "@ptr2", "@ptr3", "@ptr4", "@ptr5", "SL:MUSIC_TRACK_TITLE]", "[SL:MUSIC_PROVIDER_NAME", "@ptr7", "SL:MUSIC_PROVIDER_NAME]", "IN:PLAY_MUSIC]"], "predicted_tokens": ["[IN:PLAY_MUSIC", "[SL:MUSIC_TRACK_TITLE", "@ptr1", "@ptr2", "@ptr3", "@ptr4", "@ptr5", "SL:MUSIC_TRACK_TITLE]", "[SL:MUSIC_PROVIDER_NAME", "@ptr7", "SL:MUSIC_PROVIDER_NAME]", "IN:PLAY_MUSIC]"]}
{"loss": 2.4412405490875244, "class_log_probabilities": [-0.4884953200817108, -3.220874071121216, -4.85904598236084, -5.064699172973633], "predictions": [13, 135, 401, 136, 18, 4], "target_tokens": ["[IN:GET_WEATHER", "[SL:WEATHER_TEMPERATURE_UNIT", "@ptr5", "SL:WEATHER_TEMPERATURE_UNIT]", "IN:GET_WEATHER]"], "predicted_tokens": ["[IN:GET_WEATHER", "[SL:WEATHER_TEMPERATURE_UNIT", "@ptr6", "SL:WEATHER_TEMPERATURE_UNIT]", "IN:GET_WEATHER]"]}
{"loss": 2.7176849842071533, "class_log_probabilities": [-0.5170332789421082, -6.078686237335205, -6.733895778656006, -7.48845100402832], "predictions": [13, 16, 403, 404, 405, 406, 17, 18, 4], "target_tokens": ["[IN:GET_WEATHER", "[SL:DATE_TIME", "@ptr7", "@ptr8", "@ptr9", "@ptr10", "SL:DATE_TIME]", "IN:GET_WEATHER]"], "predicted_tokens": ["[IN:GET_WEATHER", "[SL:DATE_TIME", "@ptr8", "@ptr9", "@ptr10", "@ptr11", "SL:DATE_TIME]", "IN:GET_WEATHER]"]}
{"loss": 2.8195531368255615, "class_log_probabilities": [-0.41141030192375183, -6.4929633140563965, -8.2620849609375, -8.29440689086914], "predictions": [13, 16, 400, 401, 17, 18, 4, 4], "target_tokens": ["[IN:GET_WEATHER", "[SL:DATE_TIME", "@ptr4", "@ptr5", "SL:DATE_TIME]", "IN:GET_WEATHER]"], "predicted_tokens": ["[IN:GET_WEATHER", "[SL:DATE_TIME", "@ptr5", "@ptr6", "SL:DATE_TIME]", "IN:GET_WEATHER]"]}
{"loss": 1.7477469444274902, "class_log_probabilities": [-0.6942968368530273, -4.850033283233643, -6.960482120513916, -6.9611101150512695], "predictions": [13, 16, 397, 398, 399, 400, 401, 17, 18, 4, 4], "target_tokens": ["[IN:GET_WEATHER", "[SL:DATE_TIME", "@ptr2", "@ptr3", "@ptr4", "@ptr5", "SL:DATE_TIME]", "IN:GET_WEATHER]"], "predicted_tokens": ["[IN:GET_WEATHER", "[SL:DATE_TIME", "@ptr2", "@ptr3", "@ptr4", "@ptr5", "@ptr6", "SL:DATE_TIME]", "IN:GET_WEATHER]"]}
{"loss": 3.174421548843384, "class_log_probabilities": [-0.16831174492835999, -8.766195297241211, -8.830886840820312, -8.952160835266113], "predictions": [13, 18, 4, 4, 4], "target_tokens": ["[IN:GET_WEATHER", "[SL:WEATHER_ATTRIBUTE", "@ptr3", "SL:WEATHER_ATTRIBUTE]", "IN:GET_WEATHER]"], "predicted_tokens": ["[IN:GET_WEATHER", "IN:GET_WEATHER]"]}
{"loss": 4.0726518630981445, "class_log_probabilities": [-1.541366457939148, -1.8904483318328857, -2.9254937171936035, -3.77740478515625], "predictions": [213, 16, 400, 401, 17, 214, 4], "target_tokens": ["[IN:SNOOZE_ALARM", "[SL:DATE_TIME", "@ptr4", "@ptr5", "SL:DATE_TIME]", "IN:SNOOZE_ALARM]"], "predicted_tokens": ["[IN:SILENCE_ALARM", "[SL:DATE_TIME", "@ptr5", "@ptr6", "SL:DATE_TIME]", "IN:SILENCE_ALARM]"]}
{"loss": 4.682465076446533, "class_log_probabilities": [-0.8960798978805542, -3.022533893585205, -3.455688714981079, -3.947554111480713], "predictions": [111, 34, 401, 35, 16, 405, 406, 407, 17, 112, 4, 4], "target_tokens": ["[IN:SNOOZE_ALARM", "[SL:DATE_TIME", "@ptr9", "@ptr10", "@ptr11", "SL:DATE_TIME]", "IN:SNOOZE_ALARM]"], "predicted_tokens": ["[IN:UPDATE_REMINDER_DATE_TIME", "[SL:PERSON_REMINDED", "@ptr6", "SL:PERSON_REMINDED]", "[SL:DATE_TIME", "@ptr10", "@ptr11", "@ptr12", "SL:DATE_TIME]", "IN:UPDATE_REMINDER_DATE_TIME]"]}
{"loss": 1.915758490562439, "class_log_probabilities": [-1.3794822692871094, -2.670227527618408, -3.6105360984802246, -3.9693844318389893], "predictions": [213, 34, 403, 35, 214, 4], "target_tokens": ["[IN:SILENCE_ALARM", "IN:SILENCE_ALARM]"], "predicted_tokens": ["[IN:SILENCE_ALARM", "[SL:PERSON_REMINDED", "@ptr8", "SL:PERSON_REMINDED]", "IN:SILENCE_ALARM]"]}
{"loss": 2.685157537460327, "class_log_probabilities": [-0.5280581712722778, -8.223751068115234, -8.553585052490234, -8.818431854248047], "predictions": [45, 16, 400, 401, 402, 403, 17, 46, 4, 4], "target_tokens": ["[IN:CREATE_ALARM", "[SL:DATE_TIME", "@ptr4", "@ptr5", "@ptr6", "@ptr7", "SL:DATE_TIME]", "IN:CREATE_ALARM]"], "predicted_tokens": ["[IN:CREATE_ALARM", "[SL:DATE_TIME", "@ptr5", "@ptr6", "@ptr7", "@ptr8", "SL:DATE_TIME]", "IN:CREATE_ALARM]"]}
{"loss": 0.9821395874023438, "class_log_probabilities": [-1.3156442642211914, -3.0646228790283203, -4.602014064788818, -5.028819561004639], "predictions": [45, 16, 399, 400, 401, 402, 403, 404, 405, 406, 17, 46, 4], "target_tokens": ["[IN:CREATE_ALARM", "[SL:DATE_TIME", "@ptr4", "@ptr5", "@ptr6", "@ptr7", "@ptr8", "@ptr9", "@ptr10", "@ptr11", "SL:DATE_TIME]", "IN:CREATE_ALARM]"], "predicted_tokens": ["[IN:CREATE_ALARM", "[SL:DATE_TIME", "@ptr4", "@ptr5", "@ptr6", "@ptr7", "@ptr8", "@ptr9", "@ptr10", "@ptr11", "SL:DATE_TIME]", "IN:CREATE_ALARM]"]}
{"loss": 0.9605013728141785, "class_log_probabilities": [-0.7526490092277527, -6.4235758781433105, -6.5232415199279785, -7.087052345275879], "predictions": [45, 16, 399, 400, 401, 402, 403, 404, 405, 17, 46, 4], "target_tokens": ["[IN:CREATE_ALARM", "[SL:DATE_TIME", "@ptr4", "@ptr5", "@ptr6", "@ptr7", "@ptr8", "@ptr9", "@ptr10", "SL:DATE_TIME]", "IN:CREATE_ALARM]"], "predicted_tokens": ["[IN:CREATE_ALARM", "[SL:DATE_TIME", "@ptr4", "@ptr5", "@ptr6", "@ptr7", "@ptr8", "@ptr9", "@ptr10", "SL:DATE_TIME]", "IN:CREATE_ALARM]"]}
{"loss": 2.556619644165039, "class_log_probabilities": [-1.1187849044799805, -4.781590938568115, -5.040778636932373, -5.606346607208252], "predictions": [45, 249, 400, 401, 402, 250, 16, 403, 404, 405, 17, 46, 4], "target_tokens": ["[IN:CREATE_ALARM", "[SL:DATE_TIME", "@ptr8", "@ptr9", "@ptr10", "@ptr11", "SL:DATE_TIME]", "[SL:ALARM_NAME", "@ptr5", "@ptr6", "@ptr7", "SL:ALARM_NAME]", "IN:CREATE_ALARM]"], "predicted_tokens": ["[IN:CREATE_ALARM", "[SL:ALARM_NAME", "@ptr5", "@ptr6", "@ptr7", "SL:ALARM_NAME]", "[SL:DATE_TIME", "@ptr8", "@ptr9", "@ptr10", "SL:DATE_TIME]", "IN:CREATE_ALARM]"]}
{"loss": 3.345852851867676, "class_log_probabilities": [-0.7007499933242798, -2.5555925369262695, -5.080540657043457, -6.085808753967285], "predictions": [45, 249, 405, 406, 407, 250, 46, 4, 4], "target_tokens": ["[IN:CREATE_ALARM", "[SL:ALARM_NAME", "@ptr9", "@ptr10", "@ptr11", "SL:ALARM_NAME]", "IN:CREATE_ALARM]"], "predicted_tokens": ["[IN:CREATE_ALARM", "[SL:ALARM_NAME", "@ptr10", "@ptr11", "@ptr12", "SL:ALARM_NAME]", "IN:CREATE_ALARM]"]}
{"loss": 1.9211411476135254, "class_log_probabilities": [-0.7187299728393555, -6.302432060241699, -6.421340465545654, -6.43974494934082], "predictions": [45, 16, 399, 400, 401, 402, 403, 404, 17, 46, 4, 4], "target_tokens": ["[IN:CREATE_ALARM", "[SL:DATE_TIME", "@ptr5", "@ptr6", "@ptr7", "@ptr8", "@ptr9", "@ptr10", "SL:DATE_TIME]", "IN:CREATE_ALARM]"], "predicted_tokens": ["[IN:CREATE_ALARM", "[SL:DATE_TIME", "@ptr4", "@ptr5", "@ptr6", "@ptr7", "@ptr8", "@ptr9", "SL:DATE_TIME]", "IN:CREATE_ALARM]"]}
{"loss": 5.709444522857666, "class_log_probabilities": [-2.0458452701568604, -2.3632922172546387, -4.176964282989502, -5.546943187713623], "predictions": [47, 199, 395, 200, 34, 403, 35, 48, 4], "target_tokens": ["[IN:GET_ALARM", "[SL:ORDINAL", "@ptr4", "@ptr5", "SL:ORDINAL]", "IN:GET_ALARM]"], "predicted_tokens": ["[IN:GET_REMINDER", "[SL:METHOD_RETRIEVAL_REMINDER", "@ptr0", "SL:METHOD_RETRIEVAL_REMINDER]", "[SL:PERSON_REMINDED", "@ptr8", "SL:PERSON_REMINDED]", "IN:GET_REMINDER]"]}
{"loss": 4.442239284515381, "class_log_probabilities": [-1.8626782894134521, -2.71683931350708, -3.8254711627960205, -4.800631999969482], "predictions": [47, 199, 396, 200, 16, 403, 404, 405, 17, 48, 4, 4], "target_tokens": ["[IN:GET_ALARM", "[SL:DATE_TIME", "@ptr7", "@ptr8", "@ptr9", "SL:DATE_TIME]", "IN:GET_ALARM]"], "predicted_tokens": ["[IN:GET_REMINDER", "[SL:METHOD_RETRIEVAL_REMINDER", "@ptr1", "SL:METHOD_RETRIEVAL_REMINDER]", "[SL:DATE_TIME", "@ptr8", "@ptr9", "@ptr10", "SL:DATE_TIME]", "IN:GET_REMINDER]"]}
{"loss": 1.7980194091796875, "class_log_probabilities": [-0.5927977561950684, -4.624789714813232, -5.440168380737305, -5.854881286621094], "predictions": [119, 120, 401, 121, 122, 4], "target_tokens": ["[IN:DELETE_ALARM", "[SL:AMOUNT", "@ptr5", "SL:AMOUNT]", "IN:DELETE_ALARM]"], "predicted_tokens": ["[IN:DELETE_ALARM", "[SL:AMOUNT", "@ptr6", "SL:AMOUNT]", "IN:DELETE_ALARM]"]}
{"loss": 3.0746941566467285, "class_log_probabilities": [-0.39151498675346375, -7.824576377868652, -8.470657348632812, -8.722250938415527], "predictions": [75, 6, 398, 399, 7, 78, 4], "target_tokens": ["[IN:END_CALL", "[SL:CONTACT", "@ptr3", "@ptr4", "SL:CONTACT]", "IN:END_CALL]"], "predicted_tokens": ["[IN:CREATE_CALL", "[SL:CONTACT", "@ptr3", "@ptr4", "SL:CONTACT]", "IN:CREATE_CALL]"]}
{"loss": 2.253056049346924, "class_log_probabilities": [-1.1223028898239136, -2.5240185260772705, -7.6769304275512695, -8.088714599609375], "predictions": [23, 24, 399, 400, 401, 402, 403, 25, 26, 4, 4, 4], "target_tokens": ["[IN:SEND_MESSAGE", "[SL:CONTENT_EXACT", "@ptr5", "@ptr6", "SL:CONTENT_EXACT]", "IN:SEND_MESSAGE]"], "predicted_tokens": ["[IN:SEND_MESSAGE", "[SL:CONTENT_EXACT", "@ptr4", "@ptr5", "@ptr6", "@ptr7", "@ptr8", "SL:CONTENT_EXACT]", "IN:SEND_MESSAGE]"]}
{"loss": 2.671210289001465, "class_log_probabilities": [-1.7588597536087036, -2.4469969272613525, -2.8265960216522217, -3.586082696914673], "predictions": [75, 6, 70, 6, 397, 7, 71, 398, 72, 93, 400, 94, 73, 7, 78, 4], "target_tokens": ["[IN:CREATE_CALL", "[SL:CONTACT", "[IN:GET_CONTACT", "[SL:CONTACT", "@ptr2", "SL:CONTACT]", "[SL:CONTACT_RELATED", "@ptr4", "@ptr5", "SL:CONTACT_RELATED]", "[SL:TYPE_RELATION", "@ptr3", "SL:TYPE_RELATION]", "IN:GET_CONTACT]", "SL:CONTACT]", "IN:CREATE_CALL]"], "predicted_tokens": ["[IN:CREATE_CALL", "[SL:CONTACT", "[IN:GET_CONTACT", "[SL:CONTACT", "@ptr2", "SL:CONTACT]", "[SL:TYPE_RELATION", "@ptr3", "SL:TYPE_RELATION]", "[SL:CONTACT_RELATED", "@ptr5", "SL:CONTACT_RELATED]", "IN:GET_CONTACT]", "SL:CONTACT]", "IN:CREATE_CALL]"]}
{"loss": 2.0058658123016357, "class_log_probabilities": [-0.7379509210586548, -5.3975396156311035, -6.219818592071533, -6.8061604499816895], "predictions": [63, 101, 396, 397, 102, 66, 398, 399, 67, 103, 401, 104, 68, 4], "target_tokens": ["[IN:PLAY_MUSIC", "[SL:MUSIC_ALBUM_TITLE", "@ptr1", "@ptr2", "@ptr3", "@ptr4", "SL:MUSIC_ALBUM_TITLE]", "[SL:MUSIC_PROVIDER_NAME", "@ptr6", "SL:MUSIC_PROVIDER_NAME]", "IN:PLAY_MUSIC]"], "predicted_tokens": ["[IN:PLAY_MUSIC", "[SL:MUSIC_TRACK_TITLE", "@ptr1", "@ptr2", "SL:MUSIC_TRACK_TITLE]", "[SL:MUSIC_ARTIST_NAME", "@ptr3", "@ptr4", "SL:MUSIC_ARTIST_NAME]", "[SL:MUSIC_PROVIDER_NAME", "@ptr6", "SL:MUSIC_PROVIDER_NAME]", "IN:PLAY_MUSIC]"]}
{"loss": 0.9800807237625122, "class_log_probabilities": [-0.6653501987457275, -7.640235900878906, -7.726656913757324, -8.050803184509277], "predictions": [63, 206, 396, 397, 398, 399, 400, 401, 207, 66, 403, 67, 68, 4], "target_tokens": ["[IN:PLAY_MUSIC", "[SL:MUSIC_ALBUM_TITLE", "@ptr1", "@ptr2", "@ptr3", "@ptr4", "@ptr5", "@ptr6", "SL:MUSIC_ALBUM_TITLE]", "[SL:MUSIC_ARTIST_NAME", "@ptr8", "SL:MUSIC_ARTIST_NAME]", "IN:PLAY_MUSIC]"], "predicted_tokens": ["[IN:PLAY_MUSIC", "[SL:MUSIC_ALBUM_TITLE", "@ptr1", "@ptr2", "@ptr3", "@ptr4", "@ptr5", "@ptr6", "SL:MUSIC_ALBUM_TITLE]", "[SL:MUSIC_ARTIST_NAME", "@ptr8", "SL:MUSIC_ARTIST_NAME]", "IN:PLAY_MUSIC]"]}
{"loss": 2.066103219985962, "class_log_probabilities": [-0.8865466117858887, -4.9889702796936035, -5.572497367858887, -5.945979118347168], "predictions": [49, 16, 402, 403, 404, 405, 406, 407, 408, 17, 50, 4], "target_tokens": ["[IN:CREATE_ALARM", "[SL:DATE_TIME", "@ptr6", "@ptr7", "@ptr8", "@ptr9", "@ptr10", "@ptr11", "@ptr12", "@ptr13", "SL:DATE_TIME]", "IN:CREATE_ALARM]"], "predicted_tokens": ["[IN:CREATE_REMINDER", "[SL:DATE_TIME", "@ptr7", "@ptr8", "@ptr9", "@ptr10", "@ptr11", "@ptr12", "@ptr13", "SL:DATE_TIME]", "IN:CREATE_REMINDER]"]}
{"loss": 4.447352886199951, "class_log_probabilities": [-0.17173798382282257, -7.584234714508057, -7.744353771209717, -8.004416465759277], "predictions": [213, 214, 4], "target_tokens": ["[IN:SNOOZE_ALARM", "IN:SNOOZE_ALARM]"], "predicted_tokens": ["[IN:SILENCE_ALARM", "IN:SILENCE_ALARM]"]}
{"loss": 3.240305185317993, "class_log_probabilities": [-1.0942840576171875, -4.395919322967529, -4.444701671600342, -5.2120361328125], "predictions": [159, 16, 401, 402, 403, 17, 160, 4], "target_tokens": ["[IN:SNOOZE_ALARM", "[SL:DATE_TIME", "@ptr4", "@ptr5", "@ptr6", "@ptr7", "SL:DATE_TIME]", "IN:SNOOZE_ALARM]"], "predicted_tokens": ["[IN:SNOOZE_ALARM", "[SL:DATE_TIME", "@ptr6", "@ptr7", "@ptr8", "SL:DATE_TIME]", "IN:SNOOZE_ALARM]"]}
{"loss": 1.3860329389572144, "class_log_probabilities": [-0.8160202503204346, -7.257660388946533, -7.270115852355957, -8.41856575012207], "predictions": [45, 16, 397, 398, 399, 400, 401, 402, 403, 404, 405, 406, 17, 46, 4, 4, 4, 4, 4, 4], "target_tokens": ["[IN:CREATE_ALARM", "[SL:DATE_TIME", "@ptr2", "@ptr3", "@ptr4", "@ptr5", "@ptr6", "@ptr7", "@ptr8", "@ptr9", "@ptr10", "SL:DATE_TIME]", "IN:CREATE_ALARM]"], "predicted_tokens": ["[IN:CREATE_ALARM", "[SL:DATE_TIME", "@ptr2", "@ptr3", "@ptr4", "@ptr5", "@ptr6", "@ptr7", "@ptr8", "@ptr9", "@ptr10", "@ptr11", "SL:DATE_TIME]", "IN:CREATE_ALARM]"]}
{"loss": 2.743194103240967, "class_log_probabilities": [-3.2060046195983887, -3.4325690269470215, -3.5253942012786865, -3.913686990737915], "predictions": [49, 34, 398, 35, 16, 400, 401, 402, 17, 16, 405, 406, 407, 17, 50, 4, 4], "target_tokens": ["[IN:CREATE_ALARM", "[SL:DATE_TIME", "@ptr4", "@ptr5", "@ptr6", "@ptr7", "@ptr8", "@ptr9", "@ptr10", "@ptr11", "@ptr12", "SL:DATE_TIME]", "IN:CREATE_ALARM]"], "predicted_tokens": ["[IN:CREATE_REMINDER", "[SL:PERSON_REMINDED", "@ptr3", "SL:PERSON_REMINDED]", "[SL:DATE_TIME", "@ptr5", "@ptr6", "@ptr7", "SL:DATE_TIME]", "[SL:DATE_TIME", "@ptr10", "@ptr11", "@ptr12", "SL:DATE_TIME]", "IN:CREATE_REMINDER]"]}
{"loss": 1.5366398096084595, "class_log_probabilities": [-0.3641410171985626, -4.165779113769531, -8.452857971191406, -8.69384765625], "predictions": [13, 14, 401, 15, 18, 4], "target_tokens": ["[IN:GET_WEATHER", "[SL:LOCATION", "@ptr5", "SL:LOCATION]", "IN:GET_WEATHER]"], "predicted_tokens": ["[IN:GET_WEATHER", "[SL:LOCATION", "@ptr6", "SL:LOCATION]", "IN:GET_WEATHER]"]}
{"loss": 1.2194985151290894, "class_log_probabilities": [-1.4877293109893799, -2.526638984680176, -4.440962314605713, -5.363282203674316], "predictions": [13, 14, 398, 399, 400, 401, 402, 403, 404, 405, 406, 15, 18, 4], "target_tokens": ["[IN:GET_WEATHER", "[SL:LOCATION", "@ptr3", "@ptr4", "@ptr5", "@ptr6", "@ptr7", "@ptr8", "@ptr9", "@ptr10", "SL:LOCATION]", "IN:GET_WEATHER]"], "predicted_tokens": ["[IN:GET_WEATHER", "[SL:LOCATION", "@ptr3", "@ptr4", "@ptr5", "@ptr6", "@ptr7", "@ptr8", "@ptr9", "@ptr10", "@ptr11", "SL:LOCATION]", "IN:GET_WEATHER]"]}
{"loss": 0.992367148399353, "class_log_probabilities": [-0.41227883100509644, -7.255041599273682, -7.728534698486328, -8.147336959838867], "predictions": [63, 103, 397, 104, 223, 400, 401, 224, 68, 4], "target_tokens": ["[IN:PLAY_MUSIC", "[SL:MUSIC_PROVIDER_NAME", "@ptr2", "SL:MUSIC_PROVIDER_NAME]", "[SL:MUSIC_RADIO_ID", "@ptr5", "@ptr6", "SL:MUSIC_RADIO_ID]", "IN:PLAY_MUSIC]"], "predicted_tokens": ["[IN:PLAY_MUSIC", "[SL:MUSIC_PROVIDER_NAME", "@ptr2", "SL:MUSIC_PROVIDER_NAME]", "[SL:MUSIC_RADIO_ID", "@ptr5", "@ptr6", "SL:MUSIC_RADIO_ID]", "IN:PLAY_MUSIC]"]}
{"loss": 3.784376859664917, "class_log_probabilities": [-0.9356356263160706, -4.047482967376709, -4.421662330627441, -4.692885875701904], "predictions": [13, 14, 397, 15, 16, 399, 400, 401, 17, 79, 404, 80, 18, 4, 4], "target_tokens": ["[IN:GET_WEATHER", "[SL:WEATHER_ATTRIBUTE", "@ptr7", "SL:WEATHER_ATTRIBUTE]", "[SL:LOCATION", "@ptr2", "SL:LOCATION]", "[SL:DATE_TIME", "@ptr3", "@ptr4", "@ptr5", "SL:DATE_TIME]", "IN:GET_WEATHER]"], "predicted_tokens": ["[IN:GET_WEATHER", "[SL:LOCATION", "@ptr2", "SL:LOCATION]", "[SL:DATE_TIME", "@ptr4", "@ptr5", "@ptr6", "SL:DATE_TIME]", "[SL:WEATHER_ATTRIBUTE", "@ptr9", "SL:WEATHER_ATTRIBUTE]", "IN:GET_WEATHER]"]}
{"loss": 2.496729612350464, "class_log_probabilities": [-1.3125330209732056, -3.6387925148010254, -3.6767773628234863, -5.363248825073242], "predictions": [13, 14, 398, 399, 400, 15, 16, 402, 403, 404, 405, 406, 407, 408, 409, 410, 411, 17, 18, 4, 4], "target_tokens": ["[IN:GET_WEATHER", "[SL:LOCATION", "@ptr3", "@ptr4", "SL:LOCATION]", "[SL:DATE_TIME", "@ptr11", "@ptr12", "@ptr13", "@ptr14", "SL:DATE_TIME]", "IN:GET_WEATHER]"], "predicted_tokens": ["[IN:GET_WEATHER", "[SL:LOCATION", "@ptr3", "@ptr4", "@ptr5", "SL:LOCATION]", "[SL:DATE_TIME", "@ptr7", "@ptr8", "@ptr9", "@ptr10", "@ptr11", "@ptr12", "@ptr13", "@ptr14", "@ptr15", "@ptr16", "SL:DATE_TIME]", "IN:GET_WEATHER]"]}
{"loss": 1.6179810762405396, "class_log_probabilities": [-0.6244032382965088, -5.339700222015381, -6.326401710510254, -8.32987117767334], "predictions": [13, 79, 395, 80, 16, 401, 402, 403, 404, 17, 18, 4, 4], "target_tokens": ["[IN:GET_WEATHER", "[SL:WEATHER_ATTRIBUTE", "@ptr0", "SL:WEATHER_ATTRIBUTE]", "[SL:DATE_TIME", "@ptr6", "@ptr7", "@ptr8", "SL:DATE_TIME]", "IN:GET_WEATHER]"], "predicted_tokens": ["[IN:GET_WEATHER", "[SL:WEATHER_ATTRIBUTE", "@ptr0", "SL:WEATHER_ATTRIBUTE]", "[SL:DATE_TIME", "@ptr6", "@ptr7", "@ptr8", "@ptr9", "SL:DATE_TIME]", "IN:GET_WEATHER]"]}
{"loss": 0.9932297468185425, "class_log_probabilities": [-1.0531437397003174, -2.2324607372283936, -5.180358409881592, -5.180699825286865], "predictions": [13, 16, 397, 398, 399, 400, 17, 18, 4], "target_tokens": ["[IN:GET_WEATHER", "[SL:DATE_TIME", "@ptr2", "@ptr3", "@ptr4", "@ptr5", "SL:DATE_TIME]", "IN:GET_WEATHER]"], "predicted_tokens": ["[IN:GET_WEATHER", "[SL:DATE_TIME", "@ptr2", "@ptr3", "@ptr4", "@ptr5", "SL:DATE_TIME]", "IN:GET_WEATHER]"]}
{"loss": 2.405895233154297, "class_log_probabilities": [-0.6163330078125, -5.504344463348389, -7.000003337860107, -7.117903709411621], "predictions": [13, 16, 397, 398, 399, 400, 401, 17, 18, 4, 4], "target_tokens": ["[IN:GET_WEATHER", "[SL:DATE_TIME", "@ptr3", "@ptr4", "@ptr5", "SL:DATE_TIME]", "IN:GET_WEATHER]"], "predicted_tokens": ["[IN:GET_WEATHER", "[SL:DATE_TIME", "@ptr2", "@ptr3", "@ptr4", "@ptr5", "@ptr6", "SL:DATE_TIME]", "IN:GET_WEATHER]"]}
{"loss": 1.9457625150680542, "class_log_probabilities": [-0.49193501472473145, -6.523694038391113, -6.72181510925293, -6.760671138763428], "predictions": [13, 14, 398, 399, 400, 15, 18, 4], "target_tokens": ["[IN:GET_WEATHER", "[SL:LOCATION", "@ptr3", "@ptr4", "SL:LOCATION]", "IN:GET_WEATHER]"], "predicted_tokens": ["[IN:GET_WEATHER", "[SL:LOCATION", "@ptr3", "@ptr4", "@ptr5", "SL:LOCATION]", "IN:GET_WEATHER]"]}
{"loss": 3.3500466346740723, "class_log_probabilities": [-3.8256585597991943, -5.173717498779297, -6.203303337097168, -6.8337483406066895], "predictions": [105, 6, 399, 400, 401, 402, 403, 404, 405, 7, 106, 4, 4], "target_tokens": ["[IN:GET_WEATHER", "[SL:LOCATION", "@ptr7", "@ptr8", "@ptr9", "SL:LOCATION]", "IN:GET_WEATHER]"], "predicted_tokens": ["[IN:GET_INFO_CONTACT", "[SL:CONTACT", "@ptr4", "@ptr5", "@ptr6", "@ptr7", "@ptr8", "@ptr9", "@ptr10", "SL:CONTACT]", "IN:GET_INFO_CONTACT]"]}
{"loss": 1.041953682899475, "class_log_probabilities": [-0.8710513114929199, -1.2260392904281616, -7.044506072998047, -8.56533145904541], "predictions": [13, 14, 398, 15, 18, 4, 4], "target_tokens": ["[IN:GET_WEATHER", "[SL:LOCATION", "@ptr3", "SL:LOCATION]", "IN:GET_WEATHER]"], "predicted_tokens": ["[IN:GET_WEATHER", "[SL:LOCATION", "@ptr3", "SL:LOCATION]", "IN:GET_WEATHER]"]}
{"loss": 1.6019055843353271, "class_log_probabilities": [-1.0113751888275146, -2.0563790798187256, -6.160097122192383, -7.2060160636901855], "predictions": [45, 16, 399, 400, 401, 17, 46, 4, 4], "target_tokens": ["[IN:CREATE_ALARM", "[SL:DATE_TIME", "@ptr4", "@ptr5", "@ptr6", "@ptr7", "SL:DATE_TIME]", "IN:CREATE_ALARM]"], "predicted_tokens": ["[IN:CREATE_ALARM", "[SL:DATE_TIME", "@ptr4", "@ptr5", "@ptr6", "SL:DATE_TIME]", "IN:CREATE_ALARM]"]}
{"loss": 1.3466205596923828, "class_log_probabilities": [-2.0900890827178955, -2.1794795989990234, -4.720666885375977, -4.956936836242676], "predictions": [45, 16, 399, 400, 401, 17, 46, 4, 4, 4, 4], "target_tokens": ["[IN:CREATE_ALARM", "[SL:DATE_TIME", "@ptr3", "@ptr4", "@ptr5", "@ptr6", "SL:DATE_TIME]", "IN:CREATE_ALARM]"], "predicted_tokens": ["[IN:CREATE_ALARM", "[SL:DATE_TIME", "@ptr4", "@ptr5", "@ptr6", "SL:DATE_TIME]", "IN:CREATE_ALARM]"]}
{"loss": 1.8242064714431763, "class_log_probabilities": [-0.7905473709106445, -4.336588382720947, -6.1050286293029785, -7.007765293121338], "predictions": [45, 16, 401, 402, 403, 404, 405, 406, 17, 46, 4, 4], "target_tokens": ["[IN:CREATE_ALARM", "[SL:DATE_TIME", "@ptr5", "@ptr6", "@ptr7", "@ptr8", "@ptr9", "@ptr10", "SL:DATE_TIME]", "IN:CREATE_ALARM]"], "predicted_tokens": ["[IN:CREATE_ALARM", "[SL:DATE_TIME", "@ptr6", "@ptr7", "@ptr8", "@ptr9", "@ptr10", "@ptr11", "SL:DATE_TIME]", "IN:CREATE_ALARM]"]}
{"loss": 1.6568764448165894, "class_log_probabilities": [-0.9423727989196777, -4.753008842468262, -4.926267147064209, -5.574121952056885], "predictions": [49, 16, 399, 400, 401, 402, 403, 404, 405, 17, 34, 408, 35, 50, 4], "target_tokens": ["[IN:CREATE_ALARM", "[SL:DATE_TIME", "@ptr4", "@ptr5", "@ptr6", "@ptr7", "@ptr8", "@ptr9", "@ptr10", "SL:DATE_TIME]", "IN:CREATE_ALARM]"], "predicted_tokens": ["[IN:CREATE_REMINDER", "[SL:DATE_TIME", "@ptr4", "@ptr5", "@ptr6", "@ptr7", "@ptr8", "@ptr9", "@ptr10", "SL:DATE_TIME]", "[SL:PERSON_REMINDED", "@ptr13", "SL:PERSON_REMINDED]", "IN:CREATE_REMINDER]"]}
{"loss": 1.3436352014541626, "class_log_probabilities": [-2.0208065509796143, -2.387753486633301, -4.4794158935546875, -4.921722888946533], "predictions": [45, 34, 397, 35, 16, 399, 400, 401, 402, 403, 17, 46, 4, 4], "target_tokens": ["[IN:CREATE_ALARM", "[SL:DATE_TIME", "@ptr3", "@ptr4", "@ptr5", "@ptr6", "@ptr7", "@ptr8", "SL:DATE_TIME]", "IN:CREATE_ALARM]"], "predicted_tokens": ["[IN:CREATE_ALARM", "[SL:PERSON_REMINDED", "@ptr2", "SL:PERSON_REMINDED]", "[SL:DATE_TIME", "@ptr4", "@ptr5", "@ptr6", "@ptr7", "@ptr8", "SL:DATE_TIME]", "IN:CREATE_ALARM]"]}
{"loss": 4.30682897567749, "class_log_probabilities": [-1.5767097473144531, -4.505345344543457, -4.609624862670898, -4.818998336791992], "predictions": [255, 16, 403, 404, 17, 256, 4], "target_tokens": ["[IN:SNOOZE_ALARM", "[SL:DATE_TIME", "@ptr5", "@ptr6", "@ptr7", "@ptr8", "SL:DATE_TIME]", "IN:SNOOZE_ALARM]"], "predicted_tokens": ["[IN:PAUSE_TIMER", "[SL:DATE_TIME", "@ptr8", "@ptr9", "SL:DATE_TIME]", "IN:PAUSE_TIMER]"]}
{"loss": 5.075678825378418, "class_log_probabilities": [-1.5452508926391602, -1.6679328680038452, -6.956061840057373, -7.6036763191223145], "predictions": [33, 36, 402, 403, 404, 37, 38, 4, 4, 4], "target_tokens": ["[IN:SNOOZE_ALARM", "[SL:ALARM_NAME", "@ptr6", "@ptr7", "SL:ALARM_NAME]", "IN:SNOOZE_ALARM]"], "predicted_tokens": ["[IN:DELETE_REMINDER", "[SL:TODO", "@ptr7", "@ptr8", "@ptr9", "SL:TODO]", "IN:DELETE_REMINDER]"]}
{"loss": 2.2666921615600586, "class_log_probabilities": [-2.8036015033721924, -2.8348207473754883, -4.58607816696167, -4.658978462219238], "predictions": [49, 16, 400, 401, 402, 403, 404, 405, 406, 407, 17, 16, 408, 410, 17, 50, 4, 4, 4], "target_tokens": ["[IN:CREATE_ALARM", "[SL:DATE_TIME", "@ptr4", "@ptr5", "@ptr6", "@ptr7", "@ptr8", "@ptr9", "@ptr10", "@ptr11", "@ptr12", "@ptr13", "@ptr14", "SL:DATE_TIME]", "IN:CREATE_ALARM]"], "predicted_tokens": ["[IN:CREATE_REMINDER", "[SL:DATE_TIME", "@ptr5", "@ptr6", "@ptr7", "@ptr8", "@ptr9", "@ptr10", "@ptr11", "@ptr12", "SL:DATE_TIME]", "[SL:DATE_TIME", "@ptr13", "@ptr15", "SL:DATE_TIME]", "IN:CREATE_REMINDER]"]}
{"loss": 2.0543675422668457, "class_log_probabilities": [-2.465230941772461, -3.221419095993042, -3.5545897483825684, -4.193289279937744], "predictions": [45, 16, 401, 402, 403, 404, 405, 406, 17, 16, 408, 409, 17, 46, 4, 4, 4], "target_tokens": ["[IN:CREATE_ALARM", "[SL:DATE_TIME", "@ptr5", "@ptr6", "@ptr7", "@ptr8", "@ptr9", "@ptr10", "@ptr11", "@ptr12", "@ptr13", "@ptr14", "SL:DATE_TIME]", "IN:CREATE_ALARM]"], "predicted_tokens": ["[IN:CREATE_ALARM", "[SL:DATE_TIME", "@ptr6", "@ptr7", "@ptr8", "@ptr9", "@ptr10", "@ptr11", "SL:DATE_TIME]", "[SL:DATE_TIME", "@ptr13", "@ptr14", "SL:DATE_TIME]", "IN:CREATE_ALARM]"]}
{"loss": 2.286146879196167, "class_log_probabilities": [-1.2324146032333374, -2.954775094985962, -4.749685287475586, -5.443261623382568], "predictions": [45, 16, 399, 400, 401, 402, 17, 16, 404, 405, 406, 17, 46, 4], "target_tokens": ["[IN:CREATE_ALARM", "[SL:DATE_TIME", "@ptr3", "@ptr4", "@ptr5", "@ptr6", "@ptr7", "@ptr8", "@ptr9", "@ptr10", "@ptr11", "SL:DATE_TIME]", "IN:CREATE_ALARM]"], "predicted_tokens": ["[IN:CREATE_ALARM", "[SL:DATE_TIME", "@ptr4", "@ptr5", "@ptr6", "@ptr7", "SL:DATE_TIME]", "[SL:DATE_TIME", "@ptr9", "@ptr10", "@ptr11", "SL:DATE_TIME]", "IN:CREATE_ALARM]"]}
{"loss": 2.64430832862854, "class_log_probabilities": [-0.8282171487808228, -6.295156478881836, -6.671554088592529, -6.962201118469238], "predictions": [45, 16, 401, 402, 403, 17, 16, 406, 407, 408, 409, 410, 17, 46, 4, 4], "target_tokens": ["[IN:CREATE_ALARM", "[SL:DATE_TIME", "@ptr6", "@ptr7", "SL:DATE_TIME]", "[SL:DATE_TIME", "@ptr10", "@ptr11", "@ptr12", "@ptr13", "SL:DATE_TIME]", "IN:CREATE_ALARM]"], "predicted_tokens": ["[IN:CREATE_ALARM", "[SL:DATE_TIME", "@ptr6", "@ptr7", "@ptr8", "SL:DATE_TIME]", "[SL:DATE_TIME", "@ptr11", "@ptr12", "@ptr13", "@ptr14", "@ptr15", "SL:DATE_TIME]", "IN:CREATE_ALARM]"]}
{"loss": 2.6437454223632812, "class_log_probabilities": [-2.8246216773986816, -4.212568759918213, -4.4110612869262695, -5.066262245178223], "predictions": [49, 36, 143, 36, 404, 405, 406, 407, 408, 37, 16, 409, 410, 411, 412, 413, 414, 17, 50, 4, 4], "target_tokens": ["[IN:CREATE_ALARM", "[SL:ALARM_NAME", "@ptr8", "@ptr9", "@ptr10", "@ptr11", "@ptr12", "SL:ALARM_NAME]", "[SL:DATE_TIME", "@ptr13", "@ptr14", "@ptr15", "@ptr16", "@ptr17", "@ptr18", "SL:DATE_TIME]", "IN:CREATE_ALARM]"], "predicted_tokens": ["[IN:CREATE_REMINDER", "[SL:TODO", "[IN:GET_TODO", "[SL:TODO", "@ptr9", "@ptr10", "@ptr11", "@ptr12", "@ptr13", "SL:TODO]", "[SL:DATE_TIME", "@ptr14", "@ptr15", "@ptr16", "@ptr17", "@ptr18", "@ptr19", "SL:DATE_TIME]", "IN:CREATE_REMINDER]"]}
{"loss": 3.28692626953125, "class_log_probabilities": [-0.2578706443309784, -5.345006465911865, -5.838489055633545, -5.86484432220459], "predictions": [19, 22, 4], "target_tokens": ["[IN:GET_ALARM", "[SL:AMOUNT", "@ptr5", "SL:AMOUNT]", "IN:GET_ALARM]"], "predicted_tokens": ["[IN:GET_ALARM", "IN:GET_ALARM]"]}
{"loss": 1.9218436479568481, "class_log_probabilities": [-1.7084325551986694, -2.1993980407714844, -4.926199913024902, -5.089672565460205], "predictions": [49, 16, 401, 402, 403, 404, 405, 17, 50, 4], "target_tokens": ["[IN:CREATE_ALARM", "[SL:DATE_TIME", "@ptr6", "@ptr7", "@ptr8", "@ptr9", "SL:DATE_TIME]", "IN:CREATE_ALARM]"], "predicted_tokens": ["[IN:CREATE_REMINDER", "[SL:DATE_TIME", "@ptr6", "@ptr7", "@ptr8", "@ptr9", "@ptr10", "SL:DATE_TIME]", "IN:CREATE_REMINDER]"]}
{"loss": 0.9612545967102051, "class_log_probabilities": [-0.1789991557598114, -8.54593276977539, -8.614012718200684, -8.67536449432373], "predictions": [171, 172, 4, 4], "target_tokens": ["[IN:GET_AVAILABILITY", "IN:GET_AVAILABILITY]"], "predicted_tokens": ["[IN:GET_AVAILABILITY", "IN:GET_AVAILABILITY]"]}
{"loss": 5.120638847351074, "class_log_probabilities": [-1.8622350692749023, -3.3213727474212646, -3.741189479827881, -5.1985931396484375], "predictions": [23, 10, 396, 11, 24, 400, 401, 402, 403, 404, 405, 406, 407, 408, 409, 25, 26, 4, 4], "target_tokens": ["[IN:GET_CALL", "[SL:DATE_TIME", "@ptr10", "@ptr11", "@ptr12", "SL:DATE_TIME]", "IN:GET_CALL]"], "predicted_tokens": ["[IN:SEND_MESSAGE", "[SL:RECIPIENT", "@ptr1", "SL:RECIPIENT]", "[SL:CONTENT_EXACT", "@ptr5", "@ptr6", "@ptr7", "@ptr8", "@ptr9", "@ptr10", "@ptr11", "@ptr12", "@ptr13", "@ptr14", "SL:CONTENT_EXACT]", "IN:SEND_MESSAGE]"]}
{"loss": 3.453623056411743, "class_log_probabilities": [-1.7449941635131836, -3.5568084716796875, -4.53202486038208, -4.938157558441162], "predictions": [69, 16, 404, 405, 17, 74, 4], "target_tokens": ["[IN:GET_CALL_TIME", "IN:GET_CALL_TIME]"], "predicted_tokens": ["[IN:GET_CALL_TIME", "[SL:DATE_TIME", "@ptr9", "@ptr10", "SL:DATE_TIME]", "IN:GET_CALL_TIME]"]}
{"loss": 3.131335973739624, "class_log_probabilities": [-1.1150586605072021, -3.7469778060913086, -4.29816198348999, -4.4320831298828125], "predictions": [95, 16, 404, 405, 17, 96, 4], "target_tokens": ["[IN:GET_CALL", "[SL:DATE_TIME", "@ptr8", "@ptr9", "SL:DATE_TIME]", "IN:GET_CALL]"], "predicted_tokens": ["[IN:IGNORE_CALL", "[SL:DATE_TIME", "@ptr9", "@ptr10", "SL:DATE_TIME]", "IN:IGNORE_CALL]"]}
{"loss": 2.953918933868408, "class_log_probabilities": [-0.7463816404342651, -5.462895393371582, -5.643752098083496, -6.230868816375732], "predictions": [75, 6, 70, 71, 399, 400, 72, 93, 402, 94, 73, 7, 78, 4, 4], "target_tokens": ["[IN:CREATE_CALL", "[SL:CONTACT", "[IN:GET_CONTACT", "[SL:CONTACT_RELATED", "@ptr6", "@ptr7", "SL:CONTACT_RELATED]", "[SL:TYPE_RELATION", "@ptr4", "@ptr5", "SL:TYPE_RELATION]", "IN:GET_CONTACT]", "SL:CONTACT]", "IN:CREATE_CALL]"], "predicted_tokens": ["[IN:CREATE_CALL", "[SL:CONTACT", "[IN:GET_CONTACT", "[SL:TYPE_RELATION", "@ptr4", "@ptr5", "SL:TYPE_RELATION]", "[SL:CONTACT_RELATED", "@ptr7", "SL:CONTACT_RELATED]", "IN:GET_CONTACT]", "SL:CONTACT]", "IN:CREATE_CALL]"]}
{"loss": 0.9626433253288269, "class_log_probabilities": [-0.3290652930736542, -8.74390697479248, -8.793191909790039, -11.859362602233887], "predictions": [75, 6, 397, 7, 78, 4, 4, 4, 4, 4], "target_tokens": ["[IN:CREATE_CALL", "[SL:CONTACT", "@ptr2", "SL:CONTACT]", "IN:CREATE_CALL]"], "predicted_tokens": ["[IN:CREATE_CALL", "[SL:CONTACT", "@ptr2", "SL:CONTACT]", "IN:CREATE_CALL]"]}
{"loss": 3.517563819885254, "class_log_probabilities": [-1.128832459449768, -3.7336909770965576, -5.025216102600098, -5.276257514953613], "predictions": [75, 6, 396, 397, 398, 399, 7, 78, 4, 4, 4, 4, 4, 4], "target_tokens": ["[IN:CREATE_CALL", "[SL:CONTACT", "[IN:GET_CONTACT", "[SL:CONTACT_RELATED", "@ptr3", "@ptr4", "SL:CONTACT_RELATED]", "[SL:TYPE_RELATION", "@ptr1", "@ptr2", "SL:TYPE_RELATION]", "IN:GET_CONTACT]", "SL:CONTACT]", "IN:CREATE_CALL]"], "predicted_tokens": ["[IN:CREATE_CALL", "[SL:CONTACT", "@ptr1", "@ptr2", "@ptr3", "@ptr4", "SL:CONTACT]", "IN:CREATE_CALL]"]}
{"loss": 0.964309573173523, "class_log_probabilities": [-0.5350247621536255, -8.214930534362793, -8.428709983825684, -8.65753173828125], "predictions": [75, 6, 70, 71, 398, 72, 73, 7, 78, 4], "target_tokens": ["[IN:CREATE_CALL", "[SL:CONTACT", "[IN:GET_CONTACT", "[SL:TYPE_RELATION", "@ptr3", "SL:TYPE_RELATION]", "IN:GET_CONTACT]", "SL:CONTACT]", "IN:CREATE_CALL]"], "predicted_tokens": ["[IN:CREATE_CALL", "[SL:CONTACT", "[IN:GET_CONTACT", "[SL:TYPE_RELATION", "@ptr3", "SL:TYPE_RELATION]", "IN:GET_CONTACT]", "SL:CONTACT]", "IN:CREATE_CALL]"]}
{"loss": 0.9625722765922546, "class_log_probabilities": [-0.3294740915298462, -8.739729881286621, -8.784780502319336, -11.73240852355957], "predictions": [75, 6, 397, 7, 78, 4, 4, 4, 4, 4], "target_tokens": ["[IN:CREATE_CALL", "[SL:CONTACT", "@ptr2", "SL:CONTACT]", "IN:CREATE_CALL]"], "predicted_tokens": ["[IN:CREATE_CALL", "[SL:CONTACT", "@ptr2", "SL:CONTACT]", "IN:CREATE_CALL]"]}
{"loss": 3.38836669921875, "class_log_probabilities": [-0.8229215145111084, -3.27469539642334, -5.23382043838501, -5.5367302894592285], "predictions": [75, 6, 70, 71, 397, 72, 93, 399, 94, 73, 7, 78, 4], "target_tokens": ["[IN:CREATE_CALL", "[SL:CONTACT", "[IN:GET_CONTACT", "[SL:CONTACT_RELATED", "@ptr3", "@ptr4", "SL:CONTACT_RELATED]", "[SL:TYPE_RELATION", "@ptr2", "SL:TYPE_RELATION]", "IN:GET_CONTACT]", "SL:CONTACT]", "IN:CREATE_CALL]"], "predicted_tokens": ["[IN:CREATE_CALL", "[SL:CONTACT", "[IN:GET_CONTACT", "[SL:TYPE_RELATION", "@ptr2", "SL:TYPE_RELATION]", "[SL:CONTACT_RELATED", "@ptr4", "SL:CONTACT_RELATED]", "IN:GET_CONTACT]", "SL:CONTACT]", "IN:CREATE_CALL]"]}
{"loss": 1.7691001892089844, "class_log_probabilities": [-0.8020070791244507, -3.1937170028686523, -4.012899875640869, -4.358180999755859], "predictions": [63, 223, 396, 224, 103, 398, 104, 68, 4], "target_tokens": ["[IN:PLAY_MUSIC", "[SL:MUSIC_ARTIST_NAME", "@ptr1", "SL:MUSIC_ARTIST_NAME]", "[SL:MUSIC_PROVIDER_NAME", "@ptr3", "SL:MUSIC_PROVIDER_NAME]", "IN:PLAY_MUSIC]"], "predicted_tokens": ["[IN:PLAY_MUSIC", "[SL:MUSIC_RADIO_ID", "@ptr1", "SL:MUSIC_RADIO_ID]", "[SL:MUSIC_PROVIDER_NAME", "@ptr3", "SL:MUSIC_PROVIDER_NAME]", "IN:PLAY_MUSIC]"]}
{"loss": 2.9124326705932617, "class_log_probabilities": [-0.4738127589225769, -8.102304458618164, -8.188801765441895, -8.225348472595215], "predictions": [63, 64, 396, 65, 66, 398, 67, 68, 4], "target_tokens": ["[IN:PLAY_MUSIC", "[SL:MUSIC_ARTIST_NAME", "@ptr3", "SL:MUSIC_ARTIST_NAME]", "[SL:MUSIC_TYPE", "@ptr1", "SL:MUSIC_TYPE]", "IN:PLAY_MUSIC]"], "predicted_tokens": ["[IN:PLAY_MUSIC", "[SL:MUSIC_TYPE", "@ptr1", "SL:MUSIC_TYPE]", "[SL:MUSIC_ARTIST_NAME", "@ptr3", "SL:MUSIC_ARTIST_NAME]", "IN:PLAY_MUSIC]"]}
{"loss": 2.477231740951538, "class_log_probabilities": [-1.0703914165496826, -3.281543731689453, -5.082040786743164, -5.373103618621826], "predictions": [75, 6, 70, 71, 397, 398, 72, 93, 400, 94, 73, 7, 78, 4], "target_tokens": ["[IN:CREATE_CALL", "[SL:CONTACT", "[IN:GET_CONTACT", "[SL:CONTACT_RELATED", "@ptr5", "SL:CONTACT_RELATED]", "[SL:TYPE_RELATION", "@ptr2", "@ptr3", "SL:TYPE_RELATION]", "IN:GET_CONTACT]", "SL:CONTACT]", "IN:CREATE_CALL]"], "predicted_tokens": ["[IN:CREATE_CALL", "[SL:CONTACT", "[IN:GET_CONTACT", "[SL:TYPE_RELATION", "@ptr2", "@ptr3", "SL:TYPE_RELATION]", "[SL:CONTACT_RELATED", "@ptr5", "SL:CONTACT_RELATED]", "IN:GET_CONTACT]", "SL:CONTACT]", "IN:CREATE_CALL]"]}
{"loss": 2.8394100666046143, "class_log_probabilities": [-0.8096345663070679, -3.7752838134765625, -5.250268936157227, -6.296759128570557], "predictions": [75, 6, 70, 71, 397, 72, 93, 399, 94, 73, 7, 78, 4], "target_tokens": ["[IN:CREATE_CALL", "[SL:CONTACT", "[IN:GET_CONTACT", "[SL:CONTACT_RELATED", "@ptr4", "SL:CONTACT_RELATED]", "[SL:TYPE_RELATION", "@ptr2", "SL:TYPE_RELATION]", "IN:GET_CONTACT]", "SL:CONTACT]", "IN:CREATE_CALL]"], "predicted_tokens": ["[IN:CREATE_CALL", "[SL:CONTACT", "[IN:GET_CONTACT", "[SL:TYPE_RELATION", "@ptr2", "SL:TYPE_RELATION]", "[SL:CONTACT_RELATED", "@ptr4", "SL:CONTACT_RELATED]", "IN:GET_CONTACT]", "SL:CONTACT]", "IN:CREATE_CALL]"]}
{"loss": 2.836829423904419, "class_log_probabilities": [-1.8683524131774902, -2.1157076358795166, -3.896393299102783, -3.9061148166656494], "predictions": [75, 6, 70, 71, 397, 72, 93, 400, 401, 94, 73, 7, 78, 4, 4], "target_tokens": ["[IN:CREATE_CALL", "[SL:CONTACT", "[IN:GET_CONTACT", "[SL:CONTACT_RELATED", "@ptr4", "@ptr5", "SL:CONTACT_RELATED]", "[SL:TYPE_RELATION", "@ptr2", "SL:TYPE_RELATION]", "IN:GET_CONTACT]", "SL:CONTACT]", "IN:CREATE_CALL]"], "predicted_tokens": ["[IN:CREATE_CALL", "[SL:CONTACT", "[IN:GET_CONTACT", "[SL:TYPE_RELATION", "@ptr2", "SL:TYPE_RELATION]", "[SL:CONTACT_RELATED", "@ptr5", "@ptr6", "SL:CONTACT_RELATED]", "IN:GET_CONTACT]", "SL:CONTACT]", "IN:CREATE_CALL]"]}
{"loss": 1.1945629119873047, "class_log_probabilities": [-1.1333231925964355, -3.6522226333618164, -4.1635613441467285, -4.355954647064209], "predictions": [61, 83, 396, 397, 398, 399, 84, 16, 404, 405, 406, 407, 17, 62, 4, 4], "target_tokens": ["[IN:GET_EVENT", "[SL:CATEGORY_EVENT", "@ptr1", "@ptr2", "@ptr3", "@ptr4", "SL:CATEGORY_EVENT]", "[SL:DATE_TIME", "@ptr9", "@ptr10", "@ptr11", "SL:DATE_TIME]", "IN:GET_EVENT]"], "predicted_tokens": ["[IN:GET_EVENT", "[SL:CATEGORY_EVENT", "@ptr1", "@ptr2", "@ptr3", "@ptr4", "SL:CATEGORY_EVENT]", "[SL:DATE_TIME", "@ptr9", "@ptr10", "@ptr11", "@ptr12", "SL:DATE_TIME]", "IN:GET_EVENT]"]}
{"loss": 0.9611734747886658, "class_log_probabilities": [-0.5226972699165344, -7.70152473449707, -7.931478023529053, -8.294212341308594], "predictions": [70, 16, 398, 399, 400, 401, 17, 73, 4, 4], "target_tokens": ["[IN:GET_CONTACT", "[SL:DATE_TIME", "@ptr3", "@ptr4", "@ptr5", "@ptr6", "SL:DATE_TIME]", "IN:GET_CONTACT]"], "predicted_tokens": ["[IN:GET_CONTACT", "[SL:DATE_TIME", "@ptr3", "@ptr4", "@ptr5", "@ptr6", "SL:DATE_TIME]", "IN:GET_CONTACT]"]}
{"loss": 2.868401527404785, "class_log_probabilities": [-0.47267934679985046, -7.872418403625488, -7.94318151473999, -9.164968490600586], "predictions": [70, 71, 395, 72, 93, 399, 94, 73, 4, 4, 4], "target_tokens": ["[IN:GET_CONTACT", "[SL:CONTACT_RELATED", "@ptr4", "SL:CONTACT_RELATED]", "[SL:TYPE_RELATION", "@ptr0", "SL:TYPE_RELATION]", "IN:GET_CONTACT]"], "predicted_tokens": ["[IN:GET_CONTACT", "[SL:TYPE_RELATION", "@ptr0", "SL:TYPE_RELATION]", "[SL:CONTACT_RELATED", "@ptr4", "SL:CONTACT_RELATED]", "IN:GET_CONTACT]"]}
{"loss": 0.9599129557609558, "class_log_probabilities": [-0.5983450412750244, -7.117290496826172, -7.806842803955078, -9.22542667388916], "predictions": [75, 6, 399, 400, 401, 402, 403, 7, 78, 4, 4, 4], "target_tokens": ["[IN:CREATE_CALL", "[SL:CONTACT", "@ptr4", "@ptr5", "@ptr6", "@ptr7", "@ptr8", "SL:CONTACT]", "IN:CREATE_CALL]"], "predicted_tokens": ["[IN:CREATE_CALL", "[SL:CONTACT", "@ptr4", "@ptr5", "@ptr6", "@ptr7", "@ptr8", "SL:CONTACT]", "IN:CREATE_CALL]"]}
{"loss": 0.9598632454872131, "class_log_probabilities": [-0.41489461064338684, -7.106789588928223, -7.257384777069092, -7.850846290588379], "predictions": [75, 6, 399, 400, 7, 78, 4, 4], "target_tokens": ["[IN:CREATE_CALL", "[SL:CONTACT", "@ptr4", "@ptr5", "SL:CONTACT]", "IN:CREATE_CALL]"], "predicted_tokens": ["[IN:CREATE_CALL", "[SL:CONTACT", "@ptr4", "@ptr5", "SL:CONTACT]", "IN:CREATE_CALL]"]}
{"loss": 3.758674383163452, "class_log_probabilities": [-1.8682249784469604, -4.359317779541016, -5.032111644744873, -5.082901477813721], "predictions": [75, 6, 397, 398, 7, 14, 401, 402, 15, 14, 404, 405, 15, 78, 4], "target_tokens": ["[IN:CREATE_CALL", "[SL:CONTACT", "@ptr2", "@ptr3", "@ptr4", "@ptr5", "@ptr6", "@ptr7", "@ptr8", "@ptr9", "SL:CONTACT]", "IN:CREATE_CALL]"], "predicted_tokens": ["[IN:CREATE_CALL", "[SL:CONTACT", "@ptr2", "@ptr3", "SL:CONTACT]", "[SL:LOCATION", "@ptr6", "@ptr7", "SL:LOCATION]", "[SL:LOCATION", "@ptr9", "@ptr10", "SL:LOCATION]", "IN:CREATE_CALL]"]}
{"loss": 3.0108871459960938, "class_log_probabilities": [-2.785917043685913, -2.8672776222229004, -3.60688853263855, -5.396174430847168], "predictions": [75, 6, 396, 397, 398, 399, 400, 7, 71, 402, 72, 93, 404, 94, 73, 7, 78, 4, 4, 4, 4], "target_tokens": ["[IN:CREATE_CALL", "[SL:CONTACT", "[IN:GET_CONTACT", "[SL:CONTACT_RELATED", "@ptr8", "@ptr9", "SL:CONTACT_RELATED]", "[SL:TYPE_RELATION", "@ptr7", "SL:TYPE_RELATION]", "IN:GET_CONTACT]", "SL:CONTACT]", "IN:CREATE_CALL]"], "predicted_tokens": ["[IN:CREATE_CALL", "[SL:CONTACT", "@ptr1", "@ptr2", "@ptr3", "@ptr4", "@ptr5", "SL:CONTACT]", "[SL:TYPE_RELATION", "@ptr7", "SL:TYPE_RELATION]", "[SL:CONTACT_RELATED", "@ptr9", "SL:CONTACT_RELATED]", "IN:GET_CONTACT]", "SL:CONTACT]", "IN:CREATE_CALL]"]}
{"loss": 2.0281670093536377, "class_log_probabilities": [-0.8310692310333252, -4.2681565284729, -6.284711837768555, -7.148767471313477], "predictions": [23, 10, 398, 11, 24, 404, 405, 406, 407, 408, 409, 410, 411, 25, 26, 4], "target_tokens": ["[IN:SEND_MESSAGE", "[SL:RECIPIENT", "@ptr3", "SL:RECIPIENT]", "[SL:CONTENT_EXACT", "@ptr8", "@ptr9", "@ptr10", "@ptr11", "@ptr12", "@ptr13", "@ptr14", "SL:CONTENT_EXACT]", "IN:SEND_MESSAGE]"], "predicted_tokens": ["[IN:SEND_MESSAGE", "[SL:RECIPIENT", "@ptr3", "SL:RECIPIENT]", "[SL:CONTENT_EXACT", "@ptr9", "@ptr10", "@ptr11", "@ptr12", "@ptr13", "@ptr14", "@ptr15", "@ptr16", "SL:CONTENT_EXACT]", "IN:SEND_MESSAGE]"]}
{"loss": 1.5657492876052856, "class_log_probabilities": [-1.0022764205932617, -3.103501319885254, -6.447976112365723, -6.654186248779297], "predictions": [75, 6, 398, 399, 400, 401, 402, 403, 7, 78, 4, 4, 4], "target_tokens": ["[IN:CREATE_CALL", "[SL:CONTACT", "@ptr3", "@ptr4", "@ptr5", "@ptr6", "@ptr7", "SL:CONTACT]", "IN:CREATE_CALL]"], "predicted_tokens": ["[IN:CREATE_CALL", "[SL:CONTACT", "@ptr3", "@ptr4", "@ptr5", "@ptr6", "@ptr7", "@ptr8", "SL:CONTACT]", "IN:CREATE_CALL]"]}
{"loss": 0.9614782333374023, "class_log_probabilities": [-0.33774903416633606, -8.72304916381836, -8.741109848022461, -12.103553771972656], "predictions": [75, 6, 397, 7, 78, 4, 4, 4, 4, 4], "target_tokens": ["[IN:CREATE_CALL", "[SL:CONTACT", "@ptr2", "SL:CONTACT]", "IN:CREATE_CALL]"], "predicted_tokens": ["[IN:CREATE_CALL", "[SL:CONTACT", "@ptr2", "SL:CONTACT]", "IN:CREATE_CALL]"]}
{"loss": 0.9620868563652039, "class_log_probabilities": [-0.3342990279197693, -8.621406555175781, -8.830448150634766, -8.873261451721191], "predictions": [75, 6, 399, 7, 78, 4, 4, 4], "target_tokens": ["[IN:CREATE_CALL", "[SL:CONTACT", "@ptr4", "SL:CONTACT]", "IN:CREATE_CALL]"], "predicted_tokens": ["[IN:CREATE_CALL", "[SL:CONTACT", "@ptr4", "SL:CONTACT]", "IN:CREATE_CALL]"]}
{"loss": 0.9644627571105957, "class_log_probabilities": [-0.5388737320899963, -8.134359359741211, -8.214958190917969, -8.468745231628418], "predictions": [75, 6, 70, 71, 399, 72, 73, 7, 78, 4], "target_tokens": ["[IN:CREATE_CALL", "[SL:CONTACT", "[IN:GET_CONTACT", "[SL:TYPE_RELATION", "@ptr4", "SL:TYPE_RELATION]", "IN:GET_CONTACT]", "SL:CONTACT]", "IN:CREATE_CALL]"], "predicted_tokens": ["[IN:CREATE_CALL", "[SL:CONTACT", "[IN:GET_CONTACT", "[SL:TYPE_RELATION", "@ptr4", "SL:TYPE_RELATION]", "IN:GET_CONTACT]", "SL:CONTACT]", "IN:CREATE_CALL]"]}
{"loss": 0.9613118171691895, "class_log_probabilities": [-0.17870154976844788, -8.549489974975586, -8.645309448242188, -8.688250541687012], "predictions": [171, 172, 4, 4], "target_tokens": ["[IN:GET_AVAILABILITY", "IN:GET_AVAILABILITY]"], "predicted_tokens": ["[IN:GET_AVAILABILITY", "IN:GET_AVAILABILITY]"]}
{"loss": 0.9827682971954346, "class_log_probabilities": [-0.14735709130764008, -8.235710144042969, -8.381269454956055, -8.427209854125977], "predictions": [215, 216, 4, 4], "target_tokens": ["[IN:SWITCH_CALL", "IN:SWITCH_CALL]"], "predicted_tokens": ["[IN:SWITCH_CALL", "IN:SWITCH_CALL]"]}
{"loss": 0.9721951484680176, "class_log_probabilities": [-0.15707801282405853, -8.5957612991333, -8.633617401123047, -8.751522064208984], "predictions": [81, 82, 4, 4, 4], "target_tokens": ["[IN:END_CALL", "IN:END_CALL]"], "predicted_tokens": ["[IN:END_CALL", "IN:END_CALL]"]}
{"loss": 3.0905704498291016, "class_log_probabilities": [-1.2523224353790283, -2.1785781383514404, -6.463672637939453, -7.0367841720581055], "predictions": [171, 6, 70, 71, 396, 397, 398, 72, 93, 400, 94, 73, 7, 172, 4, 4], "target_tokens": ["[IN:GET_AVAILABILITY", "[SL:CONTACT", "[IN:GET_CONTACT", "[SL:CONTACT_RELATED", "@ptr4", "@ptr5", "SL:CONTACT_RELATED]", "[SL:TYPE_RELATION", "@ptr1", "@ptr2", "@ptr3", "SL:TYPE_RELATION]", "IN:GET_CONTACT]", "SL:CONTACT]", "IN:GET_AVAILABILITY]"], "predicted_tokens": ["[IN:GET_AVAILABILITY", "[SL:CONTACT", "[IN:GET_CONTACT", "[SL:TYPE_RELATION", "@ptr1", "@ptr2", "@ptr3", "SL:TYPE_RELATION]", "[SL:CONTACT_RELATED", "@ptr5", "SL:CONTACT_RELATED]", "IN:GET_CONTACT]", "SL:CONTACT]", "IN:GET_AVAILABILITY]"]}
{"loss": 0.9710219502449036, "class_log_probabilities": [-0.31783998012542725, -7.299397945404053, -7.566181659698486, -7.93125581741333], "predictions": [107, 108, 396, 109, 110, 4], "target_tokens": ["[IN:UPDATE_CALL", "[SL:CONTACT_ADDED", "@ptr1", "SL:CONTACT_ADDED]", "IN:UPDATE_CALL]"], "predicted_tokens": ["[IN:UPDATE_CALL", "[SL:CONTACT_ADDED", "@ptr1", "SL:CONTACT_ADDED]", "IN:UPDATE_CALL]"]}
{"loss": 0.9659605026245117, "class_log_probabilities": [-0.17048630118370056, -8.216716766357422, -8.748260498046875, -11.151579856872559], "predictions": [31, 32, 4, 4, 4], "target_tokens": ["[IN:SET_UNAVAILABLE", "IN:SET_UNAVAILABLE]"], "predicted_tokens": ["[IN:SET_UNAVAILABLE", "IN:SET_UNAVAILABLE]"]}
{"loss": 0.9734699130058289, "class_log_probabilities": [-0.1552523374557495, -8.597156524658203, -8.65375804901123, -8.75048828125], "predictions": [81, 82, 4, 4, 4], "target_tokens": ["[IN:END_CALL", "IN:END_CALL]"], "predicted_tokens": ["[IN:END_CALL", "IN:END_CALL]"]}
{"loss": 0.9699442982673645, "class_log_probabilities": [-0.5232458114624023, -7.466798305511475, -7.86649227142334, -7.88503885269165], "predictions": [107, 108, 70, 71, 396, 72, 73, 109, 110, 4], "target_tokens": ["[IN:UPDATE_CALL", "[SL:CONTACT_ADDED", "[IN:GET_CONTACT", "[SL:TYPE_RELATION", "@ptr1", "SL:TYPE_RELATION]", "IN:GET_CONTACT]", "SL:CONTACT_ADDED]", "IN:UPDATE_CALL]"], "predicted_tokens": ["[IN:UPDATE_CALL", "[SL:CONTACT_ADDED", "[IN:GET_CONTACT", "[SL:TYPE_RELATION", "@ptr1", "SL:TYPE_RELATION]", "IN:GET_CONTACT]", "SL:CONTACT_ADDED]", "IN:UPDATE_CALL]"]}
{"loss": 1.556764006614685, "class_log_probabilities": [-1.4956198930740356, -2.2278785705566406, -4.085428237915039, -4.760553359985352], "predictions": [75, 6, 70, 71, 396, 72, 73, 7, 78, 4], "target_tokens": ["[IN:UPDATE_CALL", "[SL:CONTACT_ADDED", "[IN:GET_CONTACT", "[SL:TYPE_RELATION", "@ptr1", "SL:TYPE_RELATION]", "IN:GET_CONTACT]", "SL:CONTACT_ADDED]", "IN:UPDATE_CALL]"], "predicted_tokens": ["[IN:CREATE_CALL", "[SL:CONTACT", "[IN:GET_CONTACT", "[SL:TYPE_RELATION", "@ptr1", "SL:TYPE_RELATION]", "IN:GET_CONTACT]", "SL:CONTACT]", "IN:CREATE_CALL]"]}
{"loss": 0.9648516178131104, "class_log_probabilities": [-0.32004135847091675, -7.881226539611816, -8.50722599029541, -8.637572288513184], "predictions": [75, 6, 400, 7, 78, 4, 4, 4], "target_tokens": ["[IN:CREATE_CALL", "[SL:CONTACT", "@ptr5", "SL:CONTACT]", "IN:CREATE_CALL]"], "predicted_tokens": ["[IN:CREATE_CALL", "[SL:CONTACT", "@ptr5", "SL:CONTACT]", "IN:CREATE_CALL]"]}
{"loss": 4.646544456481934, "class_log_probabilities": [-0.32879531383514404, -8.748788833618164, -8.757832527160645, -11.98599910736084], "predictions": [75, 6, 397, 7, 78, 4, 4, 4, 4, 4], "target_tokens": ["[IN:UPDATE_CALL", "[SL:CONTACT_ADDED", "@ptr2", "SL:CONTACT_ADDED]", "IN:UPDATE_CALL]"], "predicted_tokens": ["[IN:CREATE_CALL", "[SL:CONTACT", "@ptr2", "SL:CONTACT]", "IN:CREATE_CALL]"]}
{"loss": 0.9630211591720581, "class_log_probabilities": [-0.5860728025436401, -5.161278247833252, -7.031364917755127, -7.699816703796387], "predictions": [75, 6, 70, 71, 398, 72, 73, 7, 78, 4], "target_tokens": ["[IN:CREATE_CALL", "[SL:CONTACT", "[IN:GET_CONTACT", "[SL:TYPE_RELATION", "@ptr3", "SL:TYPE_RELATION]", "IN:GET_CONTACT]", "SL:CONTACT]", "IN:CREATE_CALL]"], "predicted_tokens": ["[IN:CREATE_CALL", "[SL:CONTACT", "[IN:GET_CONTACT", "[SL:TYPE_RELATION", "@ptr3", "SL:TYPE_RELATION]", "IN:GET_CONTACT]", "SL:CONTACT]", "IN:CREATE_CALL]"]}
{"loss": 3.1080739498138428, "class_log_probabilities": [-0.6813086867332458, -5.234986305236816, -6.84433126449585, -7.25990629196167], "predictions": [107, 108, 70, 71, 398, 72, 93, 400, 94, 73, 109, 110, 4, 4], "target_tokens": ["[IN:UPDATE_CALL", "[SL:CONTACT_ADDED", "[IN:GET_CONTACT", "[SL:CONTACT_RELATED", "@ptr4", "@ptr5", "SL:CONTACT_RELATED]", "[SL:TYPE_RELATION", "@ptr3", "SL:TYPE_RELATION]", "IN:GET_CONTACT]", "SL:CONTACT_ADDED]", "IN:UPDATE_CALL]"], "predicted_tokens": ["[IN:UPDATE_CALL", "[SL:CONTACT_ADDED", "[IN:GET_CONTACT", "[SL:TYPE_RELATION", "@ptr3", "SL:TYPE_RELATION]", "[SL:CONTACT_RELATED", "@ptr5", "SL:CONTACT_RELATED]", "IN:GET_CONTACT]", "SL:CONTACT_ADDED]", "IN:UPDATE_CALL]"]}
{"loss": 0.9626289010047913, "class_log_probabilities": [-0.32998961210250854, -8.792645454406738, -8.81496810913086, -12.783706665039062], "predictions": [75, 6, 398, 7, 78, 4, 4, 4, 4, 4], "target_tokens": ["[IN:CREATE_CALL", "[SL:CONTACT", "@ptr3", "SL:CONTACT]", "IN:CREATE_CALL]"], "predicted_tokens": ["[IN:CREATE_CALL", "[SL:CONTACT", "@ptr3", "SL:CONTACT]", "IN:CREATE_CALL]"]}
{"loss": 2.349637746810913, "class_log_probabilities": [-0.47110599279403687, -4.691265106201172, -5.842290878295898, -5.870810508728027], "predictions": [81, 6, 399, 400, 7, 82, 4, 4], "target_tokens": ["[IN:END_CALL", "[SL:CONTACT", "[IN:GET_CONTACT", "[SL:TYPE_RELATION", "@ptr4", "@ptr5", "SL:TYPE_RELATION]", "IN:GET_CONTACT]", "SL:CONTACT]", "IN:END_CALL]"], "predicted_tokens": ["[IN:END_CALL", "[SL:CONTACT", "@ptr4", "@ptr5", "SL:CONTACT]", "IN:END_CALL]"]}
{"loss": 2.6468851566314697, "class_log_probabilities": [-1.359956979751587, -3.5482869148254395, -4.066386699676514, -4.681371688842773], "predictions": [75, 6, 70, 71, 399, 72, 6, 400, 7, 73, 7, 78, 4, 4, 4, 4], "target_tokens": ["[IN:CREATE_CALL", "[SL:CONTACT", "[IN:GET_CONTACT", "[SL:TYPE_RELATION", "@ptr3", "@ptr4", "@ptr5", "SL:TYPE_RELATION]", "IN:GET_CONTACT]", "SL:CONTACT]", "IN:CREATE_CALL]"], "predicted_tokens": ["[IN:CREATE_CALL", "[SL:CONTACT", "[IN:GET_CONTACT", "[SL:TYPE_RELATION", "@ptr4", "SL:TYPE_RELATION]", "[SL:CONTACT", "@ptr5", "SL:CONTACT]", "IN:GET_CONTACT]", "SL:CONTACT]", "IN:CREATE_CALL]"]}
{"loss": 1.6430883407592773, "class_log_probabilities": [-3.4803061485290527, -3.5494446754455566, -4.186428546905518, -50.03646469116211], "predictions": [23, 10, 396, 11, 24, 398, 399, 400, 401, 402, 403, 404, 405, 406, 407, 408, 409, 410, 411, 412, 413, 414, 415, 416, 417, 25, 26, 4, 4, 4, 4, 4, 4, 4, 4, 4, 4, 4, 4, 4, 4, 4, 4, 4, 4, 4, 4, 4, 4, 4, 4, 4, 4, 4, 4, 4, 4, 4, 4, 4, 4, 4, 4, 4, 4, 4, 4, 4, 4, 4, 4, 4, 4, 4, 4, 4, 4, 4, 4, 4, 4, 4, 4, 4, 4, 4, 4, 4, 4, 4, 4, 4, 4, 4, 4, 4, 4, 4, 4, 4], "target_tokens": ["[IN:SEND_MESSAGE", "[SL:RECIPIENT", "@ptr1", "SL:RECIPIENT]", "[SL:CONTENT_EXACT", "@ptr2", "@ptr3", "@ptr4", "@ptr5", "@ptr6", "@ptr7", "@ptr8", "@ptr9", "@ptr10", "@ptr11", "@ptr12", "@ptr13", "@ptr14", "@ptr15", "@ptr16", "@ptr17", "@ptr18", "@ptr19", "@ptr20", "SL:CONTENT_EXACT]", "IN:SEND_MESSAGE]"], "predicted_tokens": ["[IN:SEND_MESSAGE", "[SL:RECIPIENT", "@ptr1", "SL:RECIPIENT]", "[SL:CONTENT_EXACT", "@ptr3", "@ptr4", "@ptr5", "@ptr6", "@ptr7", "@ptr8", "@ptr9", "@ptr10", "@ptr11", "@ptr12", "@ptr13", "@ptr14", "@ptr15", "@ptr16", "@ptr17", "@ptr18", "@ptr19", "@ptr20", "@ptr21", "@ptr22", "SL:CONTENT_EXACT]", "IN:SEND_MESSAGE]"]}
{"loss": 1.43436861038208, "class_log_probabilities": [-1.8241767883300781, -1.9016056060791016, -4.9347920417785645, -5.012150764465332], "predictions": [23, 10, 398, 399, 400, 11, 24, 405, 406, 407, 408, 409, 410, 411, 412, 413, 25, 26, 4, 4], "target_tokens": ["[IN:SEND_MESSAGE", "[SL:RECIPIENT", "@ptr3", "@ptr4", "SL:RECIPIENT]", "[SL:CONTENT_EXACT", "@ptr9", "@ptr10", "@ptr11", "@ptr12", "@ptr13", "@ptr14", "@ptr15", "@ptr16", "@ptr17", "SL:CONTENT_EXACT]", "IN:SEND_MESSAGE]"], "predicted_tokens": ["[IN:SEND_MESSAGE", "[SL:RECIPIENT", "@ptr3", "@ptr4", "@ptr5", "SL:RECIPIENT]", "[SL:CONTENT_EXACT", "@ptr10", "@ptr11", "@ptr12", "@ptr13", "@ptr14", "@ptr15", "@ptr16", "@ptr17", "@ptr18", "SL:CONTENT_EXACT]", "IN:SEND_MESSAGE]"]}
{"loss": 2.4665470123291016, "class_log_probabilities": [-1.8447836637496948, -2.671046733856201, -2.679171562194824, -4.445095062255859], "predictions": [23, 10, 70, 71, 399, 72, 93, 400, 94, 73, 11, 24, 405, 406, 407, 408, 409, 410, 411, 412, 413, 25, 26, 4], "target_tokens": ["[IN:SEND_MESSAGE", "[SL:RECIPIENT", "[IN:GET_CONTACT", "[SL:CONTACT_RELATED", "@ptr4", "@ptr5", "SL:CONTACT_RELATED]", "[SL:TYPE_RELATION", "@ptr3", "SL:TYPE_RELATION]", "IN:GET_CONTACT]", "SL:RECIPIENT]", "[SL:CONTENT_EXACT", "@ptr9", "@ptr10", "@ptr11", "@ptr12", "@ptr13", "@ptr14", "@ptr15", "@ptr16", "SL:CONTENT_EXACT]", "IN:SEND_MESSAGE]"], "predicted_tokens": ["[IN:SEND_MESSAGE", "[SL:RECIPIENT", "[IN:GET_CONTACT", "[SL:TYPE_RELATION", "@ptr4", "SL:TYPE_RELATION]", "[SL:CONTACT_RELATED", "@ptr5", "SL:CONTACT_RELATED]", "IN:GET_CONTACT]", "SL:RECIPIENT]", "[SL:CONTENT_EXACT", "@ptr10", "@ptr11", "@ptr12", "@ptr13", "@ptr14", "@ptr15", "@ptr16", "@ptr17", "@ptr18", "SL:CONTENT_EXACT]", "IN:SEND_MESSAGE]"]}
{"loss": 1.7930091619491577, "class_log_probabilities": [-1.5892024040222168, -2.7516942024230957, -2.8071115016937256, -4.436147689819336], "predictions": [23, 10, 398, 11, 24, 404, 405, 406, 407, 408, 409, 410, 411, 412, 413, 414, 415, 25, 26, 4], "target_tokens": ["[IN:SEND_MESSAGE", "[SL:RECIPIENT", "@ptr3", "SL:RECIPIENT]", "[SL:CONTENT_EXACT", "@ptr8", "@ptr9", "@ptr10", "@ptr11", "@ptr12", "@ptr13", "@ptr14", "@ptr15", "@ptr16", "@ptr17", "@ptr18", "SL:CONTENT_EXACT]", "IN:SEND_MESSAGE]"], "predicted_tokens": ["[IN:SEND_MESSAGE", "[SL:RECIPIENT", "@ptr3", "SL:RECIPIENT]", "[SL:CONTENT_EXACT", "@ptr9", "@ptr10", "@ptr11", "@ptr12", "@ptr13", "@ptr14", "@ptr15", "@ptr16", "@ptr17", "@ptr18", "@ptr19", "@ptr20", "SL:CONTENT_EXACT]", "IN:SEND_MESSAGE]"]}
{"loss": 1.6714950799942017, "class_log_probabilities": [-1.21798837184906, -3.96319842338562, -4.709688663482666, -5.4353156089782715], "predictions": [23, 10, 398, 399, 11, 24, 402, 403, 404, 405, 406, 407, 408, 409, 410, 411, 412, 413, 25, 26, 4, 4], "target_tokens": ["[IN:SEND_MESSAGE", "[SL:RECIPIENT", "@ptr3", "@ptr4", "SL:RECIPIENT]", "[SL:CONTENT_EXACT", "@ptr6", "@ptr7", "@ptr8", "@ptr9", "@ptr10", "@ptr11", "@ptr12", "@ptr13", "@ptr14", "@ptr15", "@ptr16", "SL:CONTENT_EXACT]", "IN:SEND_MESSAGE]"], "predicted_tokens": ["[IN:SEND_MESSAGE", "[SL:RECIPIENT", "@ptr3", "@ptr4", "SL:RECIPIENT]", "[SL:CONTENT_EXACT", "@ptr7", "@ptr8", "@ptr9", "@ptr10", "@ptr11", "@ptr12", "@ptr13", "@ptr14", "@ptr15", "@ptr16", "@ptr17", "@ptr18", "SL:CONTENT_EXACT]", "IN:SEND_MESSAGE]"]}
{"loss": 1.6944425106048584, "class_log_probabilities": [-4.218689918518066, -4.688687324523926, -5.01273775100708, -5.449013710021973], "predictions": [5, 59, 399, 400, 401, 11, 10, 404, 405, 406, 11, 16, 407, 408, 17, 12, 4, 4], "target_tokens": ["[IN:GET_MESSAGE", "[SL:SENDER", "@ptr4", "@ptr5", "@ptr6", "SL:SENDER]", "[SL:RECIPIENT", "@ptr10", "SL:RECIPIENT]", "[SL:DATE_TIME", "@ptr11", "@ptr12", "SL:DATE_TIME]", "IN:GET_MESSAGE]"], "predicted_tokens": ["[IN:GET_MESSAGE", "[SL:SENDER", "@ptr4", "@ptr5", "@ptr6", "SL:RECIPIENT]", "[SL:RECIPIENT", "@ptr9", "@ptr10", "@ptr11", "SL:RECIPIENT]", "[SL:DATE_TIME", "@ptr12", "@ptr13", "SL:DATE_TIME]", "IN:GET_MESSAGE]"]}
{"loss": 3.4954640865325928, "class_log_probabilities": [-1.5318307876586914, -1.6600708961486816, -4.869271278381348, -5.3704071044921875], "predictions": [23, 10, 399, 11, 24, 401, 402, 403, 404, 405, 406, 25, 26, 4, 4], "target_tokens": ["[IN:SEND_MESSAGE", "[SL:CONTENT_EXACT", "@ptr2", "@ptr3", "@ptr4", "@ptr5", "@ptr6", "@ptr7", "@ptr8", "@ptr9", "@ptr10", "SL:CONTENT_EXACT]", "IN:SEND_MESSAGE]"], "predicted_tokens": ["[IN:SEND_MESSAGE", "[SL:RECIPIENT", "@ptr4", "SL:RECIPIENT]", "[SL:CONTENT_EXACT", "@ptr6", "@ptr7", "@ptr8", "@ptr9", "@ptr10", "@ptr11", "SL:CONTENT_EXACT]", "IN:SEND_MESSAGE]"]}
{"loss": 1.4357821941375732, "class_log_probabilities": [-1.4150986671447754, -3.216268539428711, -5.672983169555664, -6.314306735992432], "predictions": [5, 16, 398, 399, 400, 401, 402, 403, 404, 405, 17, 12, 4, 4, 4, 4], "target_tokens": ["[IN:GET_MESSAGE", "[SL:DATE_TIME", "@ptr2", "@ptr3", "@ptr4", "@ptr5", "@ptr6", "@ptr7", "@ptr8", "@ptr9", "SL:DATE_TIME]", "IN:GET_MESSAGE]"], "predicted_tokens": ["[IN:GET_MESSAGE", "[SL:DATE_TIME", "@ptr3", "@ptr4", "@ptr5", "@ptr6", "@ptr7", "@ptr8", "@ptr9", "@ptr10", "SL:DATE_TIME]", "IN:GET_MESSAGE]"]}
{"loss": 1.6768070459365845, "class_log_probabilities": [-0.9633403420448303, -4.901335716247559, -5.250104904174805, -5.595273494720459], "predictions": [23, 10, 398, 11, 24, 403, 404, 405, 406, 407, 408, 409, 410, 411, 412, 413, 25, 26, 4, 4], "target_tokens": ["[IN:SEND_MESSAGE", "[SL:RECIPIENT", "@ptr3", "SL:RECIPIENT]", "[SL:CONTENT_EXACT", "@ptr7", "@ptr8", "@ptr9", "@ptr10", "@ptr11", "@ptr12", "@ptr13", "@ptr14", "@ptr15", "@ptr16", "SL:CONTENT_EXACT]", "IN:SEND_MESSAGE]"], "predicted_tokens": ["[IN:SEND_MESSAGE", "[SL:RECIPIENT", "@ptr3", "SL:RECIPIENT]", "[SL:CONTENT_EXACT", "@ptr8", "@ptr9", "@ptr10", "@ptr11", "@ptr12", "@ptr13", "@ptr14", "@ptr15", "@ptr16", "@ptr17", "@ptr18", "SL:CONTENT_EXACT]", "IN:SEND_MESSAGE]"]}
{"loss": 1.6391468048095703, "class_log_probabilities": [-0.5769208669662476, -6.339303016662598, -7.376332759857178, -7.727899074554443], "predictions": [33, 36, 401, 402, 403, 404, 405, 406, 37, 38, 4, 4], "target_tokens": ["[IN:DELETE_REMINDER", "[SL:TODO", "@ptr6", "@ptr7", "@ptr8", "@ptr9", "@ptr10", "SL:TODO]", "IN:DELETE_REMINDER]"], "predicted_tokens": ["[IN:DELETE_REMINDER", "[SL:TODO", "@ptr6", "@ptr7", "@ptr8", "@ptr9", "@ptr10", "@ptr11", "SL:TODO]", "IN:DELETE_REMINDER]"]}
{"loss": 2.071043014526367, "class_log_probabilities": [-2.5978782176971436, -3.509895086288452, -3.8516197204589844, -4.514275550842285], "predictions": [49, 34, 396, 35, 36, 75, 6, 399, 400, 401, 7, 78, 37, 36, 402, 403, 404, 37, 50, 4, 4], "target_tokens": ["[IN:CREATE_REMINDER", "[SL:PERSON_REMINDED", "@ptr1", "SL:PERSON_REMINDED]", "[SL:TODO", "[IN:GET_TODO", "[SL:TODO", "[IN:CREATE_CALL", "[SL:CONTACT", "@ptr5", "SL:CONTACT]", "IN:CREATE_CALL]", "SL:TODO]", "[SL:TODO", "@ptr7", "@ptr8", "SL:TODO]", "IN:GET_TODO]", "SL:TODO]", "IN:CREATE_REMINDER]"], "predicted_tokens": ["[IN:CREATE_REMINDER", "[SL:PERSON_REMINDED", "@ptr1", "SL:PERSON_REMINDED]", "[SL:TODO", "[IN:CREATE_CALL", "[SL:CONTACT", "@ptr4", "@ptr5", "@ptr6", "SL:CONTACT]", "IN:CREATE_CALL]", "SL:TODO]", "[SL:TODO", "@ptr7", "@ptr8", "@ptr9", "SL:TODO]", "IN:CREATE_REMINDER]"]}
{"loss": 1.0935252904891968, "class_log_probabilities": [-0.9084768295288086, -2.3835086822509766, -4.348813533782959, -5.767187118530273], "predictions": [33, 36, 75, 6, 70, 71, 403, 72, 73, 7, 78, 37, 38, 4], "target_tokens": ["[IN:DELETE_REMINDER", "[SL:TODO", "[IN:CREATE_CALL", "[SL:CONTACT", "[IN:GET_CONTACT", "[SL:TYPE_RELATION", "@ptr7", "SL:TYPE_RELATION]", "IN:GET_CONTACT]", "SL:CONTACT]", "IN:CREATE_CALL]", "SL:TODO]", "IN:DELETE_REMINDER]"], "predicted_tokens": ["[IN:DELETE_REMINDER", "[SL:TODO", "[IN:CREATE_CALL", "[SL:CONTACT", "[IN:GET_CONTACT", "[SL:TYPE_RELATION", "@ptr8", "SL:TYPE_RELATION]", "IN:GET_CONTACT]", "SL:CONTACT]", "IN:CREATE_CALL]", "SL:TODO]", "IN:DELETE_REMINDER]"]}
{"loss": 1.6662249565124512, "class_log_probabilities": [-0.6445158123970032, -5.429145812988281, -5.828952312469482, -6.362273693084717], "predictions": [49, 34, 397, 35, 36, 75, 6, 400, 7, 78, 37, 50, 4, 4, 4, 4], "target_tokens": ["[IN:CREATE_REMINDER", "[SL:PERSON_REMINDED", "@ptr2", "SL:PERSON_REMINDED]", "[SL:TODO", "[IN:CREATE_CALL", "[SL:CONTACT", "@ptr5", "SL:CONTACT]", "IN:CREATE_CALL]", "SL:TODO]", "[SL:DATE_TIME", "@ptr6", "SL:DATE_TIME]", "IN:CREATE_REMINDER]"], "predicted_tokens": ["[IN:CREATE_REMINDER", "[SL:PERSON_REMINDED", "@ptr2", "SL:PERSON_REMINDED]", "[SL:TODO", "[IN:CREATE_CALL", "[SL:CONTACT", "@ptr5", "SL:CONTACT]", "IN:CREATE_CALL]", "SL:TODO]", "IN:CREATE_REMINDER]"]}
{"loss": 2.0740020275115967, "class_log_probabilities": [-1.1292616128921509, -2.9448370933532715, -6.774890422821045, -8.04710578918457], "predictions": [49, 34, 397, 35, 36, 398, 399, 400, 401, 402, 403, 404, 37, 16, 405, 406, 17, 50, 4, 4], "target_tokens": ["[IN:CREATE_REMINDER", "[SL:PERSON_REMINDED", "@ptr2", "SL:PERSON_REMINDED]", "[SL:TODO", "@ptr3", "@ptr4", "@ptr5", "@ptr6", "@ptr7", "@ptr8", "SL:TODO]", "[SL:DATE_TIME", "@ptr9", "@ptr10", "SL:DATE_TIME]", "IN:CREATE_REMINDER]"], "predicted_tokens": ["[IN:CREATE_REMINDER", "[SL:PERSON_REMINDED", "@ptr2", "SL:PERSON_REMINDED]", "[SL:TODO", "@ptr3", "@ptr4", "@ptr5", "@ptr6", "@ptr7", "@ptr8", "@ptr9", "SL:TODO]", "[SL:DATE_TIME", "@ptr10", "@ptr11", "SL:DATE_TIME]", "IN:CREATE_REMINDER]"]}
{"loss": 3.971149444580078, "class_log_probabilities": [-0.5309309363365173, -4.676816463470459, -5.555132865905762, -5.854891300201416], "predictions": [33, 34, 401, 35, 38, 4, 4, 4, 4, 4], "target_tokens": ["[IN:DELETE_REMINDER", "[SL:AMOUNT", "@ptr4", "SL:AMOUNT]", "[SL:PERSON_REMINDED", "@ptr5", "@ptr6", "SL:PERSON_REMINDED]", "IN:DELETE_REMINDER]"], "predicted_tokens": ["[IN:DELETE_REMINDER", "[SL:PERSON_REMINDED", "@ptr6", "SL:PERSON_REMINDED]", "IN:DELETE_REMINDER]"]}
{"loss": 1.5648598670959473, "class_log_probabilities": [-0.9478664398193359, -4.440174579620361, -5.080488204956055, -6.541924953460693], "predictions": [49, 34, 396, 35, 16, 397, 398, 399, 400, 401, 17, 50, 4], "target_tokens": ["[IN:CREATE_REMINDER", "[SL:PERSON_REMINDED", "@ptr1", "SL:PERSON_REMINDED]", "[SL:DATE_TIME", "@ptr2", "@ptr3", "@ptr4", "@ptr5", "SL:DATE_TIME]", "IN:CREATE_REMINDER]"], "predicted_tokens": ["[IN:CREATE_REMINDER", "[SL:PERSON_REMINDED", "@ptr1", "SL:PERSON_REMINDED]", "[SL:DATE_TIME", "@ptr2", "@ptr3", "@ptr4", "@ptr5", "@ptr6", "SL:DATE_TIME]", "IN:CREATE_REMINDER]"]}
{"loss": 2.5824532508850098, "class_log_probabilities": [-0.8904799222946167, -3.4399526119232178, -6.405008316040039, -6.934683322906494], "predictions": [49, 36, 401, 402, 403, 404, 37, 16, 405, 406, 407, 408, 409, 17, 50, 4, 4, 4], "target_tokens": ["[IN:CREATE_REMINDER", "[SL:TODO", "@ptr6", "@ptr7", "@ptr8", "SL:TODO]", "[SL:DATE_TIME", "@ptr9", "@ptr10", "@ptr11", "@ptr12", "SL:DATE_TIME]", "IN:CREATE_REMINDER]"], "predicted_tokens": ["[IN:CREATE_REMINDER", "[SL:TODO", "@ptr6", "@ptr7", "@ptr8", "@ptr9", "SL:TODO]", "[SL:DATE_TIME", "@ptr10", "@ptr11", "@ptr12", "@ptr13", "@ptr14", "SL:DATE_TIME]", "IN:CREATE_REMINDER]"]}
{"loss": 3.171947717666626, "class_log_probabilities": [-1.1453616619110107, -2.4718761444091797, -5.1050543785095215, -5.32827091217041], "predictions": [49, 36, 400, 401, 37, 16, 402, 403, 404, 405, 17, 50, 4, 4], "target_tokens": ["[IN:CREATE_REMINDER", "[SL:TODO", "@ptr4", "@ptr5", "SL:TODO]", "[SL:DATE_TIME", "@ptr6", "@ptr7", "@ptr8", "@ptr9", "SL:DATE_TIME]", "IN:CREATE_REMINDER]"], "predicted_tokens": ["[IN:CREATE_REMINDER", "[SL:TODO", "@ptr5", "@ptr6", "SL:TODO]", "[SL:DATE_TIME", "@ptr7", "@ptr8", "@ptr9", "@ptr10", "SL:DATE_TIME]", "IN:CREATE_REMINDER]"]}
{"loss": 1.7605385780334473, "class_log_probabilities": [-0.7464675903320312, -4.743835926055908, -5.877468585968018, -6.01469087600708], "predictions": [49, 36, 400, 401, 402, 403, 404, 405, 37, 50, 4, 4, 4, 4, 4], "target_tokens": ["[IN:CREATE_REMINDER", "[SL:TODO", "@ptr5", "@ptr6", "@ptr7", "@ptr8", "SL:TODO]", "IN:CREATE_REMINDER]"], "predicted_tokens": ["[IN:CREATE_REMINDER", "[SL:TODO", "@ptr5", "@ptr6", "@ptr7", "@ptr8", "@ptr9", "@ptr10", "SL:TODO]", "IN:CREATE_REMINDER]"]}
{"loss": 1.9589430093765259, "class_log_probabilities": [-1.424083948135376, -1.8792774677276611, -2.8659627437591553, -3.4175937175750732], "predictions": [33, 36, 400, 401, 402, 403, 37, 34, 405, 35, 38, 4, 4], "target_tokens": ["[IN:DELETE_REMINDER", "[SL:PERSON_REMINDED", "@ptr9", "SL:PERSON_REMINDED]", "[SL:TODO", "@ptr5", "@ptr6", "@ptr7", "@ptr8", "SL:TODO]", "IN:DELETE_REMINDER]"], "predicted_tokens": ["[IN:DELETE_REMINDER", "[SL:TODO", "@ptr5", "@ptr6", "@ptr7", "@ptr8", "SL:TODO]", "[SL:PERSON_REMINDED", "@ptr10", "SL:PERSON_REMINDED]", "IN:DELETE_REMINDER]"]}
{"loss": 1.5363293886184692, "class_log_probabilities": [-1.2926808595657349, -2.345562219619751, -6.9205217361450195, -7.480987071990967], "predictions": [49, 34, 397, 35, 36, 398, 399, 400, 401, 402, 37, 16, 403, 404, 405, 17, 50, 4, 4, 4, 4], "target_tokens": ["[IN:CREATE_REMINDER", "[SL:PERSON_REMINDED", "@ptr2", "SL:PERSON_REMINDED]", "[SL:TODO", "@ptr3", "@ptr4", "@ptr5", "@ptr6", "@ptr7", "@ptr8", "@ptr9", "SL:TODO]", "IN:CREATE_REMINDER]"], "predicted_tokens": ["[IN:CREATE_REMINDER", "[SL:PERSON_REMINDED", "@ptr2", "SL:PERSON_REMINDED]", "[SL:TODO", "@ptr3", "@ptr4", "@ptr5", "@ptr6", "@ptr7", "SL:TODO]", "[SL:DATE_TIME", "@ptr8", "@ptr9", "@ptr10", "SL:DATE_TIME]", "IN:CREATE_REMINDER]"]}
{"loss": 2.0786514282226562, "class_log_probabilities": [-1.3913612365722656, -2.7753560543060303, -5.361728191375732, -7.281717300415039], "predictions": [49, 36, 397, 398, 37, 36, 400, 401, 402, 403, 37, 50, 4], "target_tokens": ["[IN:CREATE_REMINDER", "[SL:TODO", "@ptr5", "@ptr6", "@ptr7", "SL:TODO]", "IN:CREATE_REMINDER]"], "predicted_tokens": ["[IN:CREATE_REMINDER", "[SL:TODO", "@ptr2", "@ptr3", "SL:TODO]", "[SL:TODO", "@ptr5", "@ptr6", "@ptr7", "@ptr8", "SL:TODO]", "IN:CREATE_REMINDER]"]}
{"loss": 2.416152000427246, "class_log_probabilities": [-1.691441297531128, -3.6196043491363525, -5.250603199005127, -5.498083591461182], "predictions": [49, 36, 397, 398, 37, 16, 400, 401, 402, 403, 17, 50, 4, 4], "target_tokens": ["[IN:CREATE_REMINDER", "[SL:DATE_TIME", "@ptr4", "@ptr5", "@ptr6", "@ptr7", "SL:DATE_TIME]", "IN:CREATE_REMINDER]"], "predicted_tokens": ["[IN:CREATE_REMINDER", "[SL:TODO", "@ptr2", "@ptr3", "SL:TODO]", "[SL:DATE_TIME", "@ptr5", "@ptr6", "@ptr7", "@ptr8", "SL:DATE_TIME]", "IN:CREATE_REMINDER]"]}
{"loss": 2.9474875926971436, "class_log_probabilities": [-0.5514674186706543, -6.95760440826416, -7.037001609802246, -7.312682151794434], "predictions": [49, 36, 396, 397, 398, 37, 50, 4], "target_tokens": ["[IN:CREATE_REMINDER", "IN:CREATE_REMINDER]"], "predicted_tokens": ["[IN:CREATE_REMINDER", "[SL:TODO", "@ptr1", "@ptr2", "@ptr3", "SL:TODO]", "IN:CREATE_REMINDER]"]}
{"loss": 1.5153363943099976, "class_log_probabilities": [-0.7949268817901611, -8.021072387695312, -8.522871017456055, -8.743087768554688], "predictions": [49, 34, 396, 35, 36, 398, 399, 37, 16, 400, 401, 402, 17, 50, 4, 4], "target_tokens": ["[IN:CREATE_REMINDER", "[SL:PERSON_REMINDED", "@ptr1", "SL:PERSON_REMINDED]", "[SL:TODO", "@ptr3", "@ptr4", "SL:TODO]", "[SL:DATE_TIME", "@ptr6", "@ptr7", "SL:DATE_TIME]", "IN:CREATE_REMINDER]"], "predicted_tokens": ["[IN:CREATE_REMINDER", "[SL:PERSON_REMINDED", "@ptr1", "SL:PERSON_REMINDED]", "[SL:TODO", "@ptr3", "@ptr4", "SL:TODO]", "[SL:DATE_TIME", "@ptr5", "@ptr6", "@ptr7", "SL:DATE_TIME]", "IN:CREATE_REMINDER]"]}
{"loss": 2.1207315921783447, "class_log_probabilities": [-1.124077320098877, -4.800113201141357, -4.8555474281311035, -6.029953479766846], "predictions": [163, 36, 400, 401, 402, 403, 404, 405, 406, 407, 37, 164, 4], "target_tokens": ["[IN:CREATE_REMINDER", "[SL:TODO", "@ptr5", "@ptr6", "@ptr7", "@ptr8", "@ptr9", "@ptr10", "@ptr11", "SL:TODO]", "IN:CREATE_REMINDER]"], "predicted_tokens": ["[IN:UPDATE_REMINDER_TODO", "[SL:TODO", "@ptr5", "@ptr6", "@ptr7", "@ptr8", "@ptr9", "@ptr10", "@ptr11", "@ptr12", "SL:TODO]", "IN:UPDATE_REMINDER_TODO]"]}
{"loss": 2.3687007427215576, "class_log_probabilities": [-0.9157989025115967, -6.272893905639648, -6.622933387756348, -7.617926120758057], "predictions": [49, 34, 397, 35, 36, 398, 399, 400, 37, 16, 401, 402, 403, 17, 50, 4, 4, 4, 4], "target_tokens": ["[IN:CREATE_REMINDER", "[SL:PERSON_REMINDED", "@ptr2", "SL:PERSON_REMINDED]", "[SL:TODO", "@ptr3", "@ptr4", "SL:TODO]", "[SL:DATE_TIME", "@ptr5", "@ptr6", "@ptr7", "SL:DATE_TIME]", "IN:CREATE_REMINDER]"], "predicted_tokens": ["[IN:CREATE_REMINDER", "[SL:PERSON_REMINDED", "@ptr2", "SL:PERSON_REMINDED]", "[SL:TODO", "@ptr3", "@ptr4", "@ptr5", "SL:TODO]", "[SL:DATE_TIME", "@ptr6", "@ptr7", "@ptr8", "SL:DATE_TIME]", "IN:CREATE_REMINDER]"]}
{"loss": 1.40548837184906, "class_log_probabilities": [-0.8145920038223267, -7.618442058563232, -7.989147663116455, -8.536550521850586], "predictions": [49, 34, 397, 35, 36, 399, 400, 37, 16, 401, 402, 403, 17, 50, 4], "target_tokens": ["[IN:CREATE_REMINDER", "[SL:PERSON_REMINDED", "@ptr2", "SL:PERSON_REMINDED]", "[SL:TODO", "@ptr4", "@ptr5", "SL:TODO]", "[SL:DATE_TIME", "@ptr6", "@ptr7", "SL:DATE_TIME]", "IN:CREATE_REMINDER]"], "predicted_tokens": ["[IN:CREATE_REMINDER", "[SL:PERSON_REMINDED", "@ptr2", "SL:PERSON_REMINDED]", "[SL:TODO", "@ptr4", "@ptr5", "SL:TODO]", "[SL:DATE_TIME", "@ptr6", "@ptr7", "@ptr8", "SL:DATE_TIME]", "IN:CREATE_REMINDER]"]}
{"loss": 1.0699480772018433, "class_log_probabilities": [-0.9944373369216919, -2.2729861736297607, -7.409015655517578, -8.733839988708496], "predictions": [49, 34, 397, 35, 36, 398, 399, 400, 401, 402, 403, 404, 37, 50, 4], "target_tokens": ["[IN:CREATE_REMINDER", "[SL:PERSON_REMINDED", "@ptr2", "SL:PERSON_REMINDED]", "[SL:TODO", "@ptr3", "@ptr4", "@ptr5", "@ptr6", "@ptr7", "@ptr8", "SL:TODO]", "IN:CREATE_REMINDER]"], "predicted_tokens": ["[IN:CREATE_REMINDER", "[SL:PERSON_REMINDED", "@ptr2", "SL:PERSON_REMINDED]", "[SL:TODO", "@ptr3", "@ptr4", "@ptr5", "@ptr6", "@ptr7", "@ptr8", "@ptr9", "SL:TODO]", "IN:CREATE_REMINDER]"]}
{"loss": 2.9504947662353516, "class_log_probabilities": [-2.2005937099456787, -4.226198673248291, -4.514153957366943, -5.042250156402588], "predictions": [49, 34, 401, 35, 36, 402, 403, 404, 405, 37, 16, 406, 407, 408, 17, 50, 4, 4], "target_tokens": ["[IN:CREATE_REMINDER", "[SL:TODO", "@ptr6", "@ptr7", "@ptr8", "@ptr9", "SL:TODO]", "[SL:DATE_TIME", "@ptr10", "@ptr11", "@ptr12", "SL:DATE_TIME]", "IN:CREATE_REMINDER]"], "predicted_tokens": ["[IN:CREATE_REMINDER", "[SL:PERSON_REMINDED", "@ptr6", "SL:PERSON_REMINDED]", "[SL:TODO", "@ptr7", "@ptr8", "@ptr9", "@ptr10", "SL:TODO]", "[SL:DATE_TIME", "@ptr11", "@ptr12", "@ptr13", "SL:DATE_TIME]", "IN:CREATE_REMINDER]"]}
{"loss": 1.4450362920761108, "class_log_probabilities": [-1.8145325183868408, -1.8626707792282104, -6.145807266235352, -6.286582946777344], "predictions": [49, 34, 396, 35, 36, 398, 399, 400, 401, 37, 16, 403, 404, 405, 17, 50, 4, 4, 4], "target_tokens": ["[IN:CREATE_REMINDER", "[SL:PERSON_REMINDED", "@ptr1", "SL:PERSON_REMINDED]", "[SL:TODO", "@ptr3", "@ptr4", "@ptr5", "@ptr6", "SL:TODO]", "[SL:DATE_TIME", "@ptr7", "@ptr8", "@ptr9", "SL:DATE_TIME]", "IN:CREATE_REMINDER]"], "predicted_tokens": ["[IN:CREATE_REMINDER", "[SL:PERSON_REMINDED", "@ptr1", "SL:PERSON_REMINDED]", "[SL:TODO", "@ptr3", "@ptr4", "@ptr5", "@ptr6", "SL:TODO]", "[SL:DATE_TIME", "@ptr8", "@ptr9", "@ptr10", "SL:DATE_TIME]", "IN:CREATE_REMINDER]"]}
{"loss": 3.634843349456787, "class_log_probabilities": [-2.123161792755127, -2.649930715560913, -3.033137559890747, -3.79571270942688], "predictions": [49, 16, 398, 399, 400, 17, 50, 4], "target_tokens": ["[IN:CREATE_REMINDER", "[SL:TODO", "@ptr4", "@ptr5", "SL:TODO]", "IN:CREATE_REMINDER]"], "predicted_tokens": ["[IN:CREATE_REMINDER", "[SL:DATE_TIME", "@ptr3", "@ptr4", "@ptr5", "SL:DATE_TIME]", "IN:CREATE_REMINDER]"]}
{"loss": 1.4886921644210815, "class_log_probabilities": [-0.641165018081665, -6.983887195587158, -8.427022933959961, -8.432384490966797], "predictions": [49, 34, 396, 35, 36, 398, 399, 400, 401, 37, 50, 4], "target_tokens": ["[IN:CREATE_REMINDER", "[SL:PERSON_REMINDED", "@ptr1", "SL:PERSON_REMINDED]", "[SL:TODO", "@ptr3", "@ptr4", "@ptr5", "SL:TODO]", "IN:CREATE_REMINDER]"], "predicted_tokens": ["[IN:CREATE_REMINDER", "[SL:PERSON_REMINDED", "@ptr1", "SL:PERSON_REMINDED]", "[SL:TODO", "@ptr3", "@ptr4", "@ptr5", "@ptr6", "SL:TODO]", "IN:CREATE_REMINDER]"]}
{"loss": 3.1255671977996826, "class_log_probabilities": [-0.7267720699310303, -3.565408229827881, -4.826171398162842, -5.985073566436768], "predictions": [33, 36, 401, 402, 403, 404, 37, 34, 405, 35, 38, 4, 4], "target_tokens": ["[IN:DELETE_REMINDER", "[SL:PERSON_REMINDED", "@ptr8", "@ptr9", "SL:PERSON_REMINDED]", "[SL:TODO", "@ptr5", "@ptr6", "@ptr7", "SL:TODO]", "IN:DELETE_REMINDER]"], "predicted_tokens": ["[IN:DELETE_REMINDER", "[SL:TODO", "@ptr6", "@ptr7", "@ptr8", "@ptr9", "SL:TODO]", "[SL:PERSON_REMINDED", "@ptr10", "SL:PERSON_REMINDED]", "IN:DELETE_REMINDER]"]}
{"loss": 3.5530025959014893, "class_log_probabilities": [-2.2603187561035156, -2.485184907913208, -5.750494956970215, -5.862007141113281], "predictions": [33, 36, 397, 398, 399, 37, 34, 401, 35, 38, 4, 4, 4], "target_tokens": ["[IN:DELETE_REMINDER", "[SL:PERSON_REMINDED", "@ptr4", "@ptr5", "SL:PERSON_REMINDED]", "IN:DELETE_REMINDER]"], "predicted_tokens": ["[IN:DELETE_REMINDER", "[SL:TODO", "@ptr2", "@ptr3", "@ptr4", "SL:TODO]", "[SL:PERSON_REMINDED", "@ptr6", "SL:PERSON_REMINDED]", "IN:DELETE_REMINDER]"]}
{"loss": 1.6102306842803955, "class_log_probabilities": [-0.7079245448112488, -5.684507846832275, -5.793787956237793, -6.4757304191589355], "predictions": [49, 36, 400, 401, 402, 403, 404, 405, 37, 50, 4, 4, 4, 4, 4], "target_tokens": ["[IN:CREATE_REMINDER", "[SL:TODO", "@ptr5", "@ptr6", "@ptr7", "@ptr8", "@ptr9", "SL:TODO]", "IN:CREATE_REMINDER]"], "predicted_tokens": ["[IN:CREATE_REMINDER", "[SL:TODO", "@ptr5", "@ptr6", "@ptr7", "@ptr8", "@ptr9", "@ptr10", "SL:TODO]", "IN:CREATE_REMINDER]"]}
{"loss": 4.225348472595215, "class_log_probabilities": [-0.8803238868713379, -3.7433953285217285, -4.072376251220703, -6.246262073516846], "predictions": [33, 36, 397, 398, 399, 37, 34, 401, 35, 38, 4], "target_tokens": ["[IN:DELETE_REMINDER", "[SL:AMOUNT", "@ptr4", "SL:AMOUNT]", "[SL:PERSON_REMINDED", "@ptr5", "@ptr6", "SL:PERSON_REMINDED]", "IN:DELETE_REMINDER]"], "predicted_tokens": ["[IN:DELETE_REMINDER", "[SL:TODO", "@ptr2", "@ptr3", "@ptr4", "SL:TODO]", "[SL:PERSON_REMINDED", "@ptr6", "SL:PERSON_REMINDED]", "IN:DELETE_REMINDER]"]}
{"loss": 2.773265838623047, "class_log_probabilities": [-0.9956466555595398, -3.2556943893432617, -5.171932220458984, -5.488716125488281], "predictions": [33, 36, 404, 405, 406, 407, 408, 409, 410, 37, 38, 4, 4, 4, 4, 4], "target_tokens": ["[IN:DELETE_REMINDER", "[SL:AMOUNT", "@ptr4", "SL:AMOUNT]", "[SL:TODO", "@ptr8", "@ptr9", "@ptr10", "@ptr11", "@ptr12", "@ptr13", "SL:TODO]", "IN:DELETE_REMINDER]"], "predicted_tokens": ["[IN:DELETE_REMINDER", "[SL:TODO", "@ptr9", "@ptr10", "@ptr11", "@ptr12", "@ptr13", "@ptr14", "@ptr15", "SL:TODO]", "IN:DELETE_REMINDER]"]}
{"loss": 1.0028431415557861, "class_log_probabilities": [-0.853825032711029, -1.760980248451233, -7.666736125946045, -7.758553981781006], "predictions": [49, 36, 400, 401, 402, 37, 50, 4, 4], "target_tokens": ["[IN:CREATE_REMINDER", "[SL:TODO", "@ptr5", "@ptr6", "@ptr7", "SL:TODO]", "IN:CREATE_REMINDER]"], "predicted_tokens": ["[IN:CREATE_REMINDER", "[SL:TODO", "@ptr5", "@ptr6", "@ptr7", "SL:TODO]", "IN:CREATE_REMINDER]"]}
{"loss": 3.459912061691284, "class_log_probabilities": [-2.9984989166259766, -3.3988869190216064, -3.6344244480133057, -3.9087414741516113], "predictions": [33, 36, 403, 404, 405, 406, 407, 408, 37, 16, 409, 410, 17, 38, 4, 4, 4, 4, 4], "target_tokens": ["[IN:DELETE_REMINDER", "[SL:AMOUNT", "@ptr4", "SL:AMOUNT]", "[SL:TODO", "@ptr7", "@ptr8", "@ptr9", "@ptr10", "SL:TODO]", "[SL:DATE_TIME", "@ptr11", "@ptr12", "@ptr13", "SL:DATE_TIME]", "IN:DELETE_REMINDER]"], "predicted_tokens": ["[IN:DELETE_REMINDER", "[SL:TODO", "@ptr8", "@ptr9", "@ptr10", "@ptr11", "@ptr12", "@ptr13", "SL:TODO]", "[SL:DATE_TIME", "@ptr14", "@ptr15", "SL:DATE_TIME]", "IN:DELETE_REMINDER]"]}
{"loss": 2.788487195968628, "class_log_probabilities": [-1.2472355365753174, -4.888432502746582, -5.384527683258057, -5.549142837524414], "predictions": [49, 34, 395, 35, 36, 401, 402, 403, 404, 405, 406, 37, 16, 407, 408, 409, 17, 50, 4, 4, 4, 4, 4, 4, 4, 4, 4, 4], "target_tokens": ["[IN:GET_REMINDER_AMOUNT", "[SL:PERSON_REMINDED", "@ptr0", "SL:PERSON_REMINDED]", "[SL:TODO", "@ptr6", "@ptr7", "@ptr8", "SL:TODO]", "[SL:DATE_TIME", "@ptr12", "@ptr13", "SL:DATE_TIME]", "IN:GET_REMINDER_AMOUNT]"], "predicted_tokens": ["[IN:CREATE_REMINDER", "[SL:PERSON_REMINDED", "@ptr0", "SL:PERSON_REMINDED]", "[SL:TODO", "@ptr6", "@ptr7", "@ptr8", "@ptr9", "@ptr10", "@ptr11", "SL:TODO]", "[SL:DATE_TIME", "@ptr12", "@ptr13", "@ptr14", "SL:DATE_TIME]", "IN:CREATE_REMINDER]"]}
{"loss": 2.17158579826355, "class_log_probabilities": [-1.1740913391113281, -2.4411089420318604, -4.243287563323975, -5.4808669090271], "predictions": [49, 36, 400, 401, 402, 403, 37, 16, 404, 405, 406, 17, 50, 4, 4], "target_tokens": ["[IN:CREATE_REMINDER", "[SL:TODO", "@ptr5", "@ptr6", "@ptr7", "SL:TODO]", "[SL:DATE_TIME", "@ptr9", "@ptr10", "SL:DATE_TIME]", "IN:CREATE_REMINDER]"], "predicted_tokens": ["[IN:CREATE_REMINDER", "[SL:TODO", "@ptr5", "@ptr6", "@ptr7", "@ptr8", "SL:TODO]", "[SL:DATE_TIME", "@ptr9", "@ptr10", "@ptr11", "SL:DATE_TIME]", "IN:CREATE_REMINDER]"]}
{"loss": 1.487909197807312, "class_log_probabilities": [-0.7812292575836182, -6.720719814300537, -7.710672378540039, -7.86478328704834], "predictions": [49, 34, 396, 35, 36, 398, 399, 400, 401, 402, 403, 404, 37, 50, 4, 4], "target_tokens": ["[IN:CREATE_REMINDER", "[SL:PERSON_REMINDED", "@ptr1", "SL:PERSON_REMINDED]", "[SL:TODO", "@ptr3", "@ptr4", "@ptr5", "@ptr6", "@ptr7", "@ptr8", "SL:TODO]", "IN:CREATE_REMINDER]"], "predicted_tokens": ["[IN:CREATE_REMINDER", "[SL:PERSON_REMINDED", "@ptr1", "SL:PERSON_REMINDED]", "[SL:TODO", "@ptr3", "@ptr4", "@ptr5", "@ptr6", "@ptr7", "@ptr8", "@ptr9", "SL:TODO]", "IN:CREATE_REMINDER]"]}
{"loss": 1.5100754499435425, "class_log_probabilities": [-0.9765065312385559, -4.644349575042725, -4.717926502227783, -5.723474979400635], "predictions": [33, 36, 400, 401, 402, 403, 37, 16, 404, 405, 406, 17, 38, 4, 4, 4], "target_tokens": ["[IN:DELETE_REMINDER", "[SL:TODO", "@ptr5", "@ptr6", "@ptr7", "SL:TODO]", "[SL:DATE_TIME", "@ptr8", "@ptr9", "@ptr10", "@ptr11", "SL:DATE_TIME]", "IN:DELETE_REMINDER]"], "predicted_tokens": ["[IN:DELETE_REMINDER", "[SL:TODO", "@ptr5", "@ptr6", "@ptr7", "@ptr8", "SL:TODO]", "[SL:DATE_TIME", "@ptr9", "@ptr10", "@ptr11", "SL:DATE_TIME]", "IN:DELETE_REMINDER]"]}
{"loss": 3.8462796211242676, "class_log_probabilities": [-3.4407713413238525, -4.656794548034668, -5.838866233825684, -6.81486177444458], "predictions": [331, 34, 400, 35, 36, 403, 404, 405, 406, 37, 332, 4], "target_tokens": ["[IN:UPDATE_REMINDER_DATE_TIME", "[SL:PERSON_REMINDED", "@ptr4", "@ptr5", "SL:PERSON_REMINDED]", "[SL:DATE_TIME", "@ptr6", "@ptr7", "@ptr8", "@ptr9", "@ptr10", "SL:DATE_TIME]", "IN:UPDATE_REMINDER_DATE_TIME]"], "predicted_tokens": ["[IN:UPDATE_REMINDER", "[SL:PERSON_REMINDED", "@ptr5", "SL:PERSON_REMINDED]", "[SL:TODO", "@ptr8", "@ptr9", "@ptr10", "@ptr11", "SL:TODO]", "IN:UPDATE_REMINDER]"]}
{"loss": 2.1538116931915283, "class_log_probabilities": [-3.8797709941864014, -4.404724597930908, -9.046177864074707, -9.663606643676758], "predictions": [49, 36, 143, 36, 75, 6, 404, 405, 7, 78, 37, 16, 407, 408, 409, 410, 17, 144, 37, 50, 4, 4, 4, 4, 4, 4, 4, 4], "target_tokens": ["[IN:DELETE_REMINDER", "[SL:TODO", "[IN:GET_TODO", "[SL:TODO", "[IN:CREATE_CALL", "[SL:CONTACT", "@ptr10", "SL:CONTACT]", "IN:CREATE_CALL]", "SL:TODO]", "[SL:DATE_TIME", "@ptr11", "@ptr12", "@ptr13", "SL:DATE_TIME]", "IN:GET_TODO]", "SL:TODO]", "IN:DELETE_REMINDER]"], "predicted_tokens": ["[IN:CREATE_REMINDER", "[SL:TODO", "[IN:GET_TODO", "[SL:TODO", "[IN:CREATE_CALL", "[SL:CONTACT", "@ptr9", "@ptr10", "SL:CONTACT]", "IN:CREATE_CALL]", "SL:TODO]", "[SL:DATE_TIME", "@ptr12", "@ptr13", "@ptr14", "@ptr15", "SL:DATE_TIME]", "IN:GET_TODO]", "SL:TODO]", "IN:CREATE_REMINDER]"]}
{"loss": 1.192522406578064, "class_log_probabilities": [-1.033817172050476, -4.336682319641113, -5.232792377471924, -6.474783420562744], "predictions": [49, 34, 397, 35, 36, 398, 399, 400, 401, 402, 37, 16, 403, 404, 405, 17, 50, 4, 4, 4], "target_tokens": ["[IN:CREATE_REMINDER", "[SL:PERSON_REMINDED", "@ptr2", "SL:PERSON_REMINDED]", "[SL:TODO", "@ptr4", "@ptr5", "@ptr6", "@ptr7", "SL:TODO]", "[SL:DATE_TIME", "@ptr8", "@ptr9", "@ptr10", "SL:DATE_TIME]", "IN:CREATE_REMINDER]"], "predicted_tokens": ["[IN:CREATE_REMINDER", "[SL:PERSON_REMINDED", "@ptr2", "SL:PERSON_REMINDED]", "[SL:TODO", "@ptr3", "@ptr4", "@ptr5", "@ptr6", "@ptr7", "SL:TODO]", "[SL:DATE_TIME", "@ptr8", "@ptr9", "@ptr10", "SL:DATE_TIME]", "IN:CREATE_REMINDER]"]}
{"loss": 2.1112165451049805, "class_log_probabilities": [-1.6241358518600464, -4.319791316986084, -5.222843170166016, -5.329475402832031], "predictions": [47, 34, 395, 35, 36, 398, 399, 37, 16, 404, 405, 406, 407, 17, 48, 4], "target_tokens": ["[IN:GET_REMINDER", "[SL:PERSON_REMINDED", "@ptr0", "SL:PERSON_REMINDED]", "[SL:DATE_TIME", "@ptr8", "@ptr9", "@ptr10", "@ptr11", "SL:DATE_TIME]", "IN:GET_REMINDER]"], "predicted_tokens": ["[IN:GET_REMINDER", "[SL:PERSON_REMINDED", "@ptr0", "SL:PERSON_REMINDED]", "[SL:TODO", "@ptr3", "@ptr4", "SL:TODO]", "[SL:DATE_TIME", "@ptr9", "@ptr10", "@ptr11", "@ptr12", "SL:DATE_TIME]", "IN:GET_REMINDER]"]}
{"loss": 5.572517395019531, "class_log_probabilities": [-2.578176259994507, -3.7969489097595215, -4.722704887390137, -8.52530574798584], "predictions": [49, 34, 401, 35, 36, 405, 406, 407, 408, 409, 410, 37, 50, 4, 4, 4, 4, 4, 4, 4, 4, 4], "target_tokens": ["[IN:UPDATE_REMINDER_LOCATION", "[SL:AMOUNT", "@ptr4", "SL:AMOUNT]", "[SL:PERSON_REMINDED", "@ptr5", "@ptr6", "SL:PERSON_REMINDED]", "[SL:LOCATION", "[IN:GET_LOCATION", "[SL:CONTACT", "@ptr12", "SL:CONTACT]", "IN:GET_LOCATION]", "SL:LOCATION]", "[SL:LOCATION", "[IN:GET_LOCATION", "[SL:CONTACT", "@ptr17", "SL:CONTACT]", "IN:GET_LOCATION]", "SL:LOCATION]", "IN:UPDATE_REMINDER_LOCATION]"], "predicted_tokens": ["[IN:CREATE_REMINDER", "[SL:PERSON_REMINDED", "@ptr6", "SL:PERSON_REMINDED]", "[SL:TODO", "@ptr10", "@ptr11", "@ptr12", "@ptr13", "@ptr14", "@ptr15", "SL:TODO]", "IN:CREATE_REMINDER]"]}
{"loss": 2.1343729496002197, "class_log_probabilities": [-0.8352993726730347, -4.869990825653076, -7.417684078216553, -7.9918622970581055], "predictions": [23, 10, 396, 11, 24, 400, 401, 402, 403, 25, 26, 4, 4], "target_tokens": ["[IN:CREATE_REMINDER", "[SL:PERSON_REMINDED", "@ptr1", "SL:PERSON_REMINDED]", "[SL:TODO", "@ptr5", "@ptr6", "@ptr7", "SL:TODO]", "IN:CREATE_REMINDER]"], "predicted_tokens": ["[IN:SEND_MESSAGE", "[SL:RECIPIENT", "@ptr1", "SL:RECIPIENT]", "[SL:CONTENT_EXACT", "@ptr5", "@ptr6", "@ptr7", "@ptr8", "SL:CONTENT_EXACT]", "IN:SEND_MESSAGE]"]}
{"loss": 2.1164703369140625, "class_log_probabilities": [-3.078380584716797, -3.980465888977051, -4.262585639953613, -4.434731960296631], "predictions": [47, 199, 396, 200, 36, 402, 403, 37, 48, 4, 4, 4, 4, 4], "target_tokens": ["[IN:GET_REMINDER", "[SL:METHOD_RETRIEVAL_REMINDER", "@ptr0", "SL:METHOD_RETRIEVAL_REMINDER]", "[SL:TODO", "@ptr5", "@ptr6", "@ptr7", "SL:TODO]", "IN:GET_REMINDER]"], "predicted_tokens": ["[IN:GET_REMINDER", "[SL:METHOD_RETRIEVAL_REMINDER", "@ptr1", "SL:METHOD_RETRIEVAL_REMINDER]", "[SL:TODO", "@ptr7", "@ptr8", "SL:TODO]", "IN:GET_REMINDER]"]}
{"loss": 2.7634968757629395, "class_log_probabilities": [-2.0919840335845947, -2.5206446647644043, -4.731460094451904, -4.763833522796631], "predictions": [47, 199, 396, 200, 36, 397, 398, 37, 16, 401, 402, 403, 17, 48, 4, 4], "target_tokens": ["[IN:GET_REMINDER", "[SL:METHOD_RETRIEVAL_REMINDER", "@ptr0", "SL:METHOD_RETRIEVAL_REMINDER]", "[SL:AMOUNT", "@ptr4", "SL:AMOUNT]", "[SL:DATE_TIME", "@ptr5", "@ptr6", "@ptr7", "SL:DATE_TIME]", "IN:GET_REMINDER]"], "predicted_tokens": ["[IN:GET_REMINDER", "[SL:METHOD_RETRIEVAL_REMINDER", "@ptr1", "SL:METHOD_RETRIEVAL_REMINDER]", "[SL:TODO", "@ptr2", "@ptr3", "SL:TODO]", "[SL:DATE_TIME", "@ptr6", "@ptr7", "@ptr8", "SL:DATE_TIME]", "IN:GET_REMINDER]"]}
{"loss": 1.2516460418701172, "class_log_probabilities": [-1.1356103420257568, -4.012461185455322, -5.883747100830078, -6.26870059967041], "predictions": [49, 34, 397, 35, 36, 398, 399, 400, 401, 402, 403, 404, 405, 406, 407, 408, 409, 410, 411, 37, 50, 4, 4], "target_tokens": ["[IN:CREATE_REMINDER", "[SL:PERSON_REMINDED", "@ptr2", "SL:PERSON_REMINDED]", "[SL:TODO", "@ptr3", "@ptr4", "@ptr5", "@ptr6", "@ptr7", "@ptr8", "@ptr9", "@ptr10", "@ptr11", "@ptr12", "@ptr13", "@ptr14", "@ptr15", "SL:TODO]", "IN:CREATE_REMINDER]"], "predicted_tokens": ["[IN:CREATE_REMINDER", "[SL:PERSON_REMINDED", "@ptr2", "SL:PERSON_REMINDED]", "[SL:TODO", "@ptr3", "@ptr4", "@ptr5", "@ptr6", "@ptr7", "@ptr8", "@ptr9", "@ptr10", "@ptr11", "@ptr12", "@ptr13", "@ptr14", "@ptr15", "@ptr16", "SL:TODO]", "IN:CREATE_REMINDER]"]}
{"loss": 1.5147405862808228, "class_log_probabilities": [-0.7064906358718872, -8.513391494750977, -8.518842697143555, -8.537301063537598], "predictions": [49, 34, 397, 35, 36, 398, 399, 400, 401, 402, 403, 37, 50, 4, 4], "target_tokens": ["[IN:CREATE_REMINDER", "[SL:PERSON_REMINDED", "@ptr2", "SL:PERSON_REMINDED]", "[SL:TODO", "@ptr3", "@ptr4", "@ptr5", "@ptr6", "@ptr7", "SL:TODO]", "IN:CREATE_REMINDER]"], "predicted_tokens": ["[IN:CREATE_REMINDER", "[SL:PERSON_REMINDED", "@ptr2", "SL:PERSON_REMINDED]", "[SL:TODO", "@ptr3", "@ptr4", "@ptr5", "@ptr6", "@ptr7", "@ptr8", "SL:TODO]", "IN:CREATE_REMINDER]"]}
{"loss": 2.5520238876342773, "class_log_probabilities": [-6.231170177459717, -6.912689208984375, -6.987712383270264, -7.143100738525391], "predictions": [111, 36, 401, 402, 403, 404, 405, 406, 37, 34, 408, 35, 16, 410, 412, 413, 17, 112, 4, 4], "target_tokens": ["[IN:UPDATE_REMINDER_DATE_TIME", "[SL:PERSON_REMINDED", "@ptr11", "@ptr12", "SL:PERSON_REMINDED]", "[SL:TODO", "@ptr5", "@ptr6", "@ptr7", "@ptr8", "@ptr9", "@ptr10", "SL:TODO]", "[SL:DATE_TIME", "@ptr14", "@ptr15", "@ptr16", "@ptr17", "@ptr18", "@ptr19", "@ptr20", "@ptr21", "@ptr22", "@ptr23", "SL:DATE_TIME]", "IN:UPDATE_REMINDER_DATE_TIME]"], "predicted_tokens": ["[IN:UPDATE_REMINDER_DATE_TIME", "[SL:TODO", "@ptr6", "@ptr7", "@ptr8", "@ptr9", "@ptr10", "@ptr11", "SL:TODO]", "[SL:PERSON_REMINDED", "@ptr13", "SL:PERSON_REMINDED]", "[SL:DATE_TIME", "@ptr15", "@ptr17", "@ptr18", "SL:DATE_TIME]", "IN:UPDATE_REMINDER_DATE_TIME]"]}
{"loss": 1.546034574508667, "class_log_probabilities": [-1.1377322673797607, -2.989511013031006, -3.088632106781006, -4.7434492111206055], "predictions": [33, 36, 401, 402, 403, 404, 405, 406, 407, 37, 38, 4, 4], "target_tokens": ["[IN:DELETE_REMINDER", "[SL:TODO", "@ptr6", "@ptr7", "@ptr8", "@ptr9", "@ptr10", "@ptr11", "SL:TODO]", "IN:DELETE_REMINDER]"], "predicted_tokens": ["[IN:DELETE_REMINDER", "[SL:TODO", "@ptr6", "@ptr7", "@ptr8", "@ptr9", "@ptr10", "@ptr11", "@ptr12", "SL:TODO]", "IN:DELETE_REMINDER]"]}
{"loss": 2.380521297454834, "class_log_probabilities": [-3.5105438232421875, -3.812180519104004, -4.185431003570557, -4.8142781257629395], "predictions": [49, 36, 143, 16, 400, 401, 402, 403, 17, 144, 37, 16, 412, 414, 17, 50, 4, 4, 4, 4, 4, 4], "target_tokens": ["[IN:CREATE_REMINDER", "[SL:TODO", "[IN:GET_TODO", "[SL:TODO", "@ptr4", "SL:TODO]", "[SL:DATE_TIME", "@ptr5", "@ptr6", "@ptr7", "@ptr8", "SL:DATE_TIME]", "IN:GET_TODO]", "SL:TODO]", "[SL:PERSON_REMINDED", "@ptr0", "SL:PERSON_REMINDED]", "[SL:DATE_TIME", "@ptr14", "@ptr15", "@ptr16", "@ptr17", "SL:DATE_TIME]", "IN:CREATE_REMINDER]"], "predicted_tokens": ["[IN:CREATE_REMINDER", "[SL:TODO", "[IN:GET_TODO", "[SL:DATE_TIME", "@ptr5", "@ptr6", "@ptr7", "@ptr8", "SL:DATE_TIME]", "IN:GET_TODO]", "SL:TODO]", "[SL:DATE_TIME", "@ptr17", "@ptr19", "SL:DATE_TIME]", "IN:CREATE_REMINDER]"]}
{"loss": 3.6596603393554688, "class_log_probabilities": [-3.0301880836486816, -3.4771695137023926, -4.2719407081604, -4.479525566101074], "predictions": [49, 36, 404, 405, 406, 407, 408, 409, 37, 34, 410, 35, 50, 4, 4, 4, 4], "target_tokens": ["[IN:GET_REMINDER", "[SL:PERSON_REMINDED", "@ptr9", "@ptr10", "@ptr11", "SL:PERSON_REMINDED]", "IN:GET_REMINDER]"], "predicted_tokens": ["[IN:CREATE_REMINDER", "[SL:TODO", "@ptr9", "@ptr10", "@ptr11", "@ptr12", "@ptr13", "@ptr14", "SL:TODO]", "[SL:PERSON_REMINDED", "@ptr15", "SL:PERSON_REMINDED]", "IN:CREATE_REMINDER]"]}
{"loss": 4.003108978271484, "class_log_probabilities": [-5.542409420013428, -6.487405300140381, -7.544575214385986, -7.607790470123291], "predictions": [49, 36, 143, 36, 402, 403, 404, 405, 406, 37, 144, 37, 16, 413, 415, 17, 50, 4, 4, 4, 4], "target_tokens": ["[IN:GET_REMINDER", "[SL:METHOD_RETRIEVAL_REMINDER", "@ptr0", "SL:METHOD_RETRIEVAL_REMINDER]", "[SL:AMOUNT", "@ptr4", "SL:AMOUNT]", "[SL:DATE_TIME", "@ptr5", "@ptr6", "@ptr7", "@ptr8", "@ptr9", "SL:DATE_TIME]", "[SL:TODO", "@ptr13", "@ptr14", "@ptr15", "SL:TODO]", "IN:GET_REMINDER]"], "predicted_tokens": ["[IN:CREATE_REMINDER", "[SL:TODO", "[IN:GET_TODO", "[SL:TODO", "@ptr7", "@ptr8", "@ptr9", "@ptr10", "@ptr11", "SL:TODO]", "IN:GET_TODO]", "SL:TODO]", "[SL:DATE_TIME", "@ptr18", "@ptr20", "SL:DATE_TIME]", "IN:CREATE_REMINDER]"]}
{"loss": 2.0689237117767334, "class_log_probabilities": [-1.397568702697754, -1.6425647735595703, -6.862156867980957, -7.044398784637451], "predictions": [70, 16, 397, 398, 399, 400, 17, 73, 4], "target_tokens": ["[IN:GET_CONTACT", "[SL:DATE_TIME", "@ptr3", "@ptr4", "SL:DATE_TIME]", "IN:GET_CONTACT]"], "predicted_tokens": ["[IN:GET_CONTACT", "[SL:DATE_TIME", "@ptr2", "@ptr3", "@ptr4", "@ptr5", "SL:DATE_TIME]", "IN:GET_CONTACT]"]}
{"loss": 3.580322504043579, "class_log_probabilities": [-0.8831577897071838, -3.094167470932007, -6.098526954650879, -6.671046257019043], "predictions": [70, 71, 396, 72, 93, 398, 94, 16, 402, 403, 17, 73, 4, 4], "target_tokens": ["[IN:GET_CONTACT", "[SL:CONTACT_RELATED", "@ptr2", "@ptr3", "SL:CONTACT_RELATED]", "[SL:TYPE_RELATION", "@ptr1", "SL:TYPE_RELATION]", "[SL:DATE_TIME", "@ptr7", "SL:DATE_TIME]", "IN:GET_CONTACT]"], "predicted_tokens": ["[IN:GET_CONTACT", "[SL:TYPE_RELATION", "@ptr1", "SL:TYPE_RELATION]", "[SL:CONTACT_RELATED", "@ptr3", "SL:CONTACT_RELATED]", "[SL:DATE_TIME", "@ptr7", "@ptr8", "SL:DATE_TIME]", "IN:GET_CONTACT]"]}
{"loss": 1.660198450088501, "class_log_probabilities": [-1.4803317785263062, -3.5761361122131348, -4.705883502960205, -4.950764179229736], "predictions": [49, 34, 396, 35, 36, 398, 399, 400, 401, 402, 403, 404, 405, 406, 407, 37, 16, 408, 409, 410, 411, 17, 50, 4, 4], "target_tokens": ["[IN:CREATE_REMINDER", "[SL:PERSON_REMINDED", "@ptr1", "SL:PERSON_REMINDED]", "[SL:TODO", "@ptr3", "@ptr4", "@ptr5", "@ptr6", "@ptr7", "@ptr8", "@ptr9", "@ptr10", "@ptr11", "SL:TODO]", "[SL:DATE_TIME", "@ptr13", "@ptr14", "SL:DATE_TIME]", "IN:CREATE_REMINDER]"], "predicted_tokens": ["[IN:CREATE_REMINDER", "[SL:PERSON_REMINDED", "@ptr1", "SL:PERSON_REMINDED]", "[SL:TODO", "@ptr3", "@ptr4", "@ptr5", "@ptr6", "@ptr7", "@ptr8", "@ptr9", "@ptr10", "@ptr11", "@ptr12", "SL:TODO]", "[SL:DATE_TIME", "@ptr13", "@ptr14", "@ptr15", "@ptr16", "SL:DATE_TIME]", "IN:CREATE_REMINDER]"]}
{"loss": 2.9375433921813965, "class_log_probabilities": [-5.333805084228516, -5.660892486572266, -6.399210453033447, -6.861662864685059], "predictions": [111, 36, 401, 402, 403, 404, 37, 34, 405, 35, 16, 407, 409, 410, 411, 17, 16, 414, 17, 112, 4, 4, 4], "target_tokens": ["[IN:UPDATE_REMINDER_DATE_TIME", "[SL:PERSON_REMINDED", "@ptr8", "@ptr9", "SL:PERSON_REMINDED]", "[SL:TODO", "@ptr5", "@ptr6", "@ptr7", "SL:TODO]", "[SL:DATE_TIME", "@ptr10", "@ptr11", "@ptr12", "@ptr13", "@ptr14", "SL:DATE_TIME]", "[SL:DATE_TIME", "@ptr16", "@ptr17", "@ptr18", "@ptr19", "SL:DATE_TIME]", "IN:UPDATE_REMINDER_DATE_TIME]"], "predicted_tokens": ["[IN:UPDATE_REMINDER_DATE_TIME", "[SL:TODO", "@ptr6", "@ptr7", "@ptr8", "@ptr9", "SL:TODO]", "[SL:PERSON_REMINDED", "@ptr10", "SL:PERSON_REMINDED]", "[SL:DATE_TIME", "@ptr12", "@ptr14", "@ptr15", "@ptr16", "SL:DATE_TIME]", "[SL:DATE_TIME", "@ptr19", "SL:DATE_TIME]", "IN:UPDATE_REMINDER_DATE_TIME]"]}
{"loss": 1.4240354299545288, "class_log_probabilities": [-1.1705139875411987, -4.448236465454102, -6.866919994354248, -7.613852500915527], "predictions": [49, 34, 397, 35, 36, 398, 399, 400, 401, 37, 16, 402, 403, 404, 405, 406, 407, 17, 50, 4, 4], "target_tokens": ["[IN:CREATE_REMINDER", "[SL:PERSON_REMINDED", "@ptr2", "SL:PERSON_REMINDED]", "[SL:TODO", "@ptr3", "@ptr4", "@ptr5", "@ptr6", "SL:TODO]", "[SL:DATE_TIME", "@ptr8", "@ptr9", "@ptr10", "@ptr11", "SL:DATE_TIME]", "IN:CREATE_REMINDER]"], "predicted_tokens": ["[IN:CREATE_REMINDER", "[SL:PERSON_REMINDED", "@ptr2", "SL:PERSON_REMINDED]", "[SL:TODO", "@ptr3", "@ptr4", "@ptr5", "@ptr6", "SL:TODO]", "[SL:DATE_TIME", "@ptr7", "@ptr8", "@ptr9", "@ptr10", "@ptr11", "@ptr12", "SL:DATE_TIME]", "IN:CREATE_REMINDER]"]}
{"loss": 1.312402606010437, "class_log_probabilities": [-2.1078155040740967, -2.8811817169189453, -3.281346559524536, -5.0411272048950195], "predictions": [49, 34, 396, 35, 36, 398, 399, 400, 37, 16, 402, 403, 404, 405, 406, 407, 408, 17, 50, 4, 4, 4], "target_tokens": ["[IN:CREATE_REMINDER", "[SL:PERSON_REMINDED", "@ptr1", "SL:PERSON_REMINDED]", "[SL:TODO", "@ptr3", "@ptr4", "@ptr5", "SL:TODO]", "[SL:DATE_TIME", "@ptr6", "@ptr7", "@ptr8", "@ptr9", "@ptr10", "@ptr11", "@ptr12", "SL:DATE_TIME]", "IN:CREATE_REMINDER]"], "predicted_tokens": ["[IN:CREATE_REMINDER", "[SL:PERSON_REMINDED", "@ptr1", "SL:PERSON_REMINDED]", "[SL:TODO", "@ptr3", "@ptr4", "@ptr5", "SL:TODO]", "[SL:DATE_TIME", "@ptr7", "@ptr8", "@ptr9", "@ptr10", "@ptr11", "@ptr12", "@ptr13", "SL:DATE_TIME]", "IN:CREATE_REMINDER]"]}
{"loss": 1.82027006149292, "class_log_probabilities": [-4.8135271072387695, -5.186800003051758, -5.2542033195495605, -6.152784824371338], "predictions": [49, 36, 75, 6, 402, 7, 6, 404, 7, 78, 37, 16, 406, 407, 408, 409, 410, 411, 412, 17, 50, 4, 4, 4, 4, 4, 4, 4, 4, 4, 4, 4], "target_tokens": ["[IN:CREATE_REMINDER", "[SL:TODO", "[IN:CREATE_CALL", "[SL:CONTACT", "[IN:GET_CONTACT", "[SL:CONTACT_RELATED", "@ptr8", "@ptr9", "SL:CONTACT_RELATED]", "[SL:TYPE_RELATION", "@ptr7", "SL:TYPE_RELATION]", "IN:GET_CONTACT]", "SL:CONTACT]", "IN:CREATE_CALL]", "SL:TODO]", "[SL:DATE_TIME", "@ptr10", "@ptr11", "@ptr12", "@ptr13", "@ptr14", "@ptr15", "@ptr16", "SL:DATE_TIME]", "IN:CREATE_REMINDER]"], "predicted_tokens": ["[IN:CREATE_REMINDER", "[SL:TODO", "[IN:CREATE_CALL", "[SL:CONTACT", "@ptr7", "SL:CONTACT]", "[SL:CONTACT", "@ptr9", "SL:CONTACT]", "IN:CREATE_CALL]", "SL:TODO]", "[SL:DATE_TIME", "@ptr11", "@ptr12", "@ptr13", "@ptr14", "@ptr15", "@ptr16", "@ptr17", "SL:DATE_TIME]", "IN:CREATE_REMINDER]"]}
{"loss": 1.5401421785354614, "class_log_probabilities": [-2.2598202228546143, -2.733989715576172, -3.671213150024414, -4.293703079223633], "predictions": [49, 34, 398, 35, 36, 399, 400, 401, 402, 403, 404, 405, 406, 407, 37, 16, 409, 410, 411, 17, 50, 4, 4], "target_tokens": ["[IN:CREATE_REMINDER", "[SL:PERSON_REMINDED", "@ptr3", "SL:PERSON_REMINDED]", "[SL:TODO", "@ptr4", "@ptr5", "@ptr6", "@ptr7", "@ptr8", "@ptr9", "@ptr10", "@ptr11", "SL:TODO]", "[SL:DATE_TIME", "@ptr12", "@ptr13", "@ptr14", "@ptr15", "SL:DATE_TIME]", "IN:CREATE_REMINDER]"], "predicted_tokens": ["[IN:CREATE_REMINDER", "[SL:PERSON_REMINDED", "@ptr3", "SL:PERSON_REMINDED]", "[SL:TODO", "@ptr4", "@ptr5", "@ptr6", "@ptr7", "@ptr8", "@ptr9", "@ptr10", "@ptr11", "@ptr12", "SL:TODO]", "[SL:DATE_TIME", "@ptr14", "@ptr15", "@ptr16", "SL:DATE_TIME]", "IN:CREATE_REMINDER]"]}
{"loss": 1.2068684101104736, "class_log_probabilities": [-0.8954089879989624, -5.072264194488525, -7.002025604248047, -8.611175537109375], "predictions": [49, 34, 397, 35, 36, 398, 399, 400, 401, 402, 403, 404, 405, 406, 37, 50, 4, 4, 4, 4, 4, 4, 4, 4], "target_tokens": ["[IN:CREATE_REMINDER", "[SL:PERSON_REMINDED", "@ptr2", "SL:PERSON_REMINDED]", "[SL:TODO", "@ptr3", "@ptr4", "@ptr5", "@ptr6", "@ptr7", "@ptr8", "@ptr9", "@ptr10", "SL:TODO]", "IN:CREATE_REMINDER]"], "predicted_tokens": ["[IN:CREATE_REMINDER", "[SL:PERSON_REMINDED", "@ptr2", "SL:PERSON_REMINDED]", "[SL:TODO", "@ptr3", "@ptr4", "@ptr5", "@ptr6", "@ptr7", "@ptr8", "@ptr9", "@ptr10", "@ptr11", "SL:TODO]", "IN:CREATE_REMINDER]"]}
{"loss": 2.9867148399353027, "class_log_probabilities": [-2.000307559967041, -3.308074951171875, -3.436736822128296, -4.061063766479492], "predictions": [111, 36, 397, 398, 399, 400, 401, 402, 403, 35, 16, 405, 406, 407, 17, 112, 4, 4, 4, 4], "target_tokens": ["[IN:UPDATE_REMINDER_DATE_TIME", "[SL:PERSON_REMINDED", "@ptr7", "@ptr8", "SL:PERSON_REMINDED]", "[SL:TODO", "@ptr4", "@ptr5", "@ptr6", "SL:TODO]", "[SL:DATE_TIME", "@ptr9", "@ptr10", "@ptr11", "@ptr12", "SL:DATE_TIME]", "IN:UPDATE_REMINDER_DATE_TIME]"], "predicted_tokens": ["[IN:UPDATE_REMINDER_DATE_TIME", "[SL:TODO", "@ptr2", "@ptr3", "@ptr4", "@ptr5", "@ptr6", "@ptr7", "@ptr8", "SL:PERSON_REMINDED]", "[SL:DATE_TIME", "@ptr10", "@ptr11", "@ptr12", "SL:DATE_TIME]", "IN:UPDATE_REMINDER_DATE_TIME]"]}
{"loss": 1.925857424736023, "class_log_probabilities": [-0.7090027332305908, -7.64192008972168, -7.647122383117676, -7.794288158416748], "predictions": [47, 36, 396, 397, 37, 16, 398, 399, 400, 17, 48, 4, 4, 4], "target_tokens": ["[IN:GET_REMINDER", "[SL:DATE_TIME", "@ptr3", "@ptr4", "@ptr5", "SL:DATE_TIME]", "IN:GET_REMINDER]"], "predicted_tokens": ["[IN:GET_REMINDER", "[SL:TODO", "@ptr1", "@ptr2", "SL:TODO]", "[SL:DATE_TIME", "@ptr3", "@ptr4", "@ptr5", "SL:DATE_TIME]", "IN:GET_REMINDER]"]}
{"loss": 3.4018445014953613, "class_log_probabilities": [-0.8181787133216858, -5.68288516998291, -5.868789196014404, -6.134777545928955], "predictions": [49, 34, 397, 35, 36, 23, 271, 400, 272, 10, 402, 11, 26, 37, 16, 403, 404, 405, 17, 50, 4], "target_tokens": ["[IN:CREATE_REMINDER", "[SL:PERSON_REMINDED", "@ptr2", "SL:PERSON_REMINDED]", "[SL:TODO", "[IN:REPLY_MESSAGE", "[SL:RECIPIENT", "@ptr6", "SL:RECIPIENT]", "[SL:METHOD_MESSAGE", "@ptr4", "SL:METHOD_MESSAGE]", "IN:REPLY_MESSAGE]", "SL:TODO]", "[SL:DATE_TIME", "@ptr7", "@ptr8", "@ptr9", "SL:DATE_TIME]", "IN:CREATE_REMINDER]"], "predicted_tokens": ["[IN:CREATE_REMINDER", "[SL:PERSON_REMINDED", "@ptr2", "SL:PERSON_REMINDED]", "[SL:TODO", "[IN:SEND_MESSAGE", "[SL:METHOD_MESSAGE", "@ptr5", "SL:METHOD_MESSAGE]", "[SL:RECIPIENT", "@ptr7", "SL:RECIPIENT]", "IN:SEND_MESSAGE]", "SL:TODO]", "[SL:DATE_TIME", "@ptr8", "@ptr9", "@ptr10", "SL:DATE_TIME]", "IN:CREATE_REMINDER]"]}
{"loss": 1.7831059694290161, "class_log_probabilities": [-1.684260368347168, -3.2461307048797607, -3.890805244445801, -5.946496486663818], "predictions": [33, 34, 400, 35, 36, 403, 404, 405, 406, 37, 16, 407, 408, 409, 410, 411, 17, 38, 4, 4, 4, 4, 4, 4, 4, 4, 4], "target_tokens": ["[IN:DELETE_REMINDER", "[SL:PERSON_REMINDED", "@ptr5", "SL:PERSON_REMINDED]", "[SL:TODO", "@ptr8", "@ptr9", "@ptr10", "SL:TODO]", "[SL:DATE_TIME", "@ptr11", "@ptr12", "@ptr13", "@ptr14", "@ptr15", "@ptr16", "SL:DATE_TIME]", "IN:DELETE_REMINDER]"], "predicted_tokens": ["[IN:DELETE_REMINDER", "[SL:PERSON_REMINDED", "@ptr5", "SL:PERSON_REMINDED]", "[SL:TODO", "@ptr8", "@ptr9", "@ptr10", "@ptr11", "SL:TODO]", "[SL:DATE_TIME", "@ptr12", "@ptr13", "@ptr14", "@ptr15", "@ptr16", "SL:DATE_TIME]", "IN:DELETE_REMINDER]"]}
{"loss": 2.1962943077087402, "class_log_probabilities": [-0.9202781915664673, -6.8447418212890625, -8.813102722167969, -9.052212715148926], "predictions": [49, 34, 397, 35, 36, 398, 399, 400, 401, 37, 16, 402, 403, 404, 17, 50, 4, 4, 4, 4, 4], "target_tokens": ["[IN:CREATE_REMINDER", "[SL:PERSON_REMINDED", "@ptr2", "SL:PERSON_REMINDED]", "[SL:TODO", "@ptr3", "@ptr4", "@ptr5", "SL:TODO]", "[SL:DATE_TIME", "@ptr6", "@ptr7", "@ptr8", "SL:DATE_TIME]", "IN:CREATE_REMINDER]"], "predicted_tokens": ["[IN:CREATE_REMINDER", "[SL:PERSON_REMINDED", "@ptr2", "SL:PERSON_REMINDED]", "[SL:TODO", "@ptr3", "@ptr4", "@ptr5", "@ptr6", "SL:TODO]", "[SL:DATE_TIME", "@ptr7", "@ptr8", "@ptr9", "SL:DATE_TIME]", "IN:CREATE_REMINDER]"]}
{"loss": 2.2573559284210205, "class_log_probabilities": [-2.970165729522705, -3.4060745239257812, -4.615135192871094, -4.92824125289917], "predictions": [49, 34, 396, 35, 36, 75, 6, 70, 71, 400, 401, 402, 94, 73, 7, 78, 37, 16, 404, 405, 406, 17, 50, 4, 4, 4], "target_tokens": ["[IN:CREATE_REMINDER", "[SL:PERSON_REMINDED", "@ptr1", "SL:PERSON_REMINDED]", "[SL:TODO", "[IN:CREATE_CALL", "[SL:CONTACT", "[IN:GET_CONTACT", "[SL:CONTACT_RELATED", "@ptr6", "@ptr7", "SL:CONTACT_RELATED]", "[SL:TYPE_RELATION", "@ptr5", "SL:TYPE_RELATION]", "IN:GET_CONTACT]", "SL:CONTACT]", "IN:CREATE_CALL]", "SL:TODO]", "[SL:DATE_TIME", "@ptr8", "@ptr9", "@ptr10", "SL:DATE_TIME]", "IN:CREATE_REMINDER]"], "predicted_tokens": ["[IN:CREATE_REMINDER", "[SL:PERSON_REMINDED", "@ptr1", "SL:PERSON_REMINDED]", "[SL:TODO", "[IN:CREATE_CALL", "[SL:CONTACT", "[IN:GET_CONTACT", "[SL:TYPE_RELATION", "@ptr5", "@ptr6", "@ptr7", "SL:CONTACT_RELATED]", "IN:GET_CONTACT]", "SL:CONTACT]", "IN:CREATE_CALL]", "SL:TODO]", "[SL:DATE_TIME", "@ptr9", "@ptr10", "@ptr11", "SL:DATE_TIME]", "IN:CREATE_REMINDER]"]}
{"loss": 0.9632276296615601, "class_log_probabilities": [-0.896071195602417, -8.30157470703125, -8.32051944732666, -8.403853416442871], "predictions": [49, 34, 397, 35, 36, 399, 400, 401, 37, 16, 402, 403, 404, 17, 50, 4, 4, 4], "target_tokens": ["[IN:CREATE_REMINDER", "[SL:PERSON_REMINDED", "@ptr2", "SL:PERSON_REMINDED]", "[SL:TODO", "@ptr4", "@ptr5", "@ptr6", "SL:TODO]", "[SL:DATE_TIME", "@ptr7", "@ptr8", "@ptr9", "SL:DATE_TIME]", "IN:CREATE_REMINDER]"], "predicted_tokens": ["[IN:CREATE_REMINDER", "[SL:PERSON_REMINDED", "@ptr2", "SL:PERSON_REMINDED]", "[SL:TODO", "@ptr4", "@ptr5", "@ptr6", "SL:TODO]", "[SL:DATE_TIME", "@ptr7", "@ptr8", "@ptr9", "SL:DATE_TIME]", "IN:CREATE_REMINDER]"]}
{"loss": 2.4981613159179688, "class_log_probabilities": [-0.7705880999565125, -4.588718891143799, -5.976456642150879, -6.474946975708008], "predictions": [49, 34, 395, 35, 16, 403, 404, 405, 406, 407, 17, 50, 4, 4, 4], "target_tokens": ["[IN:GET_REMINDER", "[SL:PERSON_REMINDED", "@ptr0", "SL:PERSON_REMINDED]", "[SL:DATE_TIME", "@ptr7", "@ptr8", "@ptr9", "@ptr10", "@ptr11", "SL:DATE_TIME]", "IN:GET_REMINDER]"], "predicted_tokens": ["[IN:CREATE_REMINDER", "[SL:PERSON_REMINDED", "@ptr0", "SL:PERSON_REMINDED]", "[SL:DATE_TIME", "@ptr8", "@ptr9", "@ptr10", "@ptr11", "@ptr12", "SL:DATE_TIME]", "IN:CREATE_REMINDER]"]}
{"loss": 0.992199182510376, "class_log_probabilities": [-0.13747677206993103, -8.39858341217041, -8.449464797973633, -8.487805366516113], "predictions": [215, 216, 4], "target_tokens": ["[IN:SWITCH_CALL", "IN:SWITCH_CALL]"], "predicted_tokens": ["[IN:SWITCH_CALL", "IN:SWITCH_CALL]"]}
{"loss": 3.179236650466919, "class_log_probabilities": [-1.965343952178955, -5.229573726654053, -5.660765171051025, -6.789555072784424], "predictions": [63, 206, 396, 397, 398, 399, 400, 207, 66, 402, 67, 68, 4], "target_tokens": ["[IN:CREATE_CALL", "[SL:CONTACT", "@ptr7", "SL:CONTACT]", "IN:CREATE_CALL]"], "predicted_tokens": ["[IN:PLAY_MUSIC", "[SL:MUSIC_ALBUM_TITLE", "@ptr1", "@ptr2", "@ptr3", "@ptr4", "@ptr5", "SL:MUSIC_ALBUM_TITLE]", "[SL:MUSIC_ARTIST_NAME", "@ptr7", "SL:MUSIC_ARTIST_NAME]", "IN:PLAY_MUSIC]"]}
{"loss": 3.8152647018432617, "class_log_probabilities": [-0.7269859910011292, -5.991990089416504, -6.116243839263916, -6.189818859100342], "predictions": [45, 16, 400, 401, 402, 17, 46, 4], "target_tokens": ["[IN:CREATE_ALARM", "[SL:ALARM_NAME", "@ptr2", "@ptr3", "SL:ALARM_NAME]", "[SL:DATE_TIME", "@ptr4", "@ptr5", "@ptr6", "SL:DATE_TIME]", "IN:CREATE_ALARM]"], "predicted_tokens": ["[IN:CREATE_ALARM", "[SL:DATE_TIME", "@ptr5", "@ptr6", "@ptr7", "SL:DATE_TIME]", "IN:CREATE_ALARM]"]}
{"loss": 4.134823799133301, "class_log_probabilities": [-2.5696897506713867, -2.674823760986328, -3.6541430950164795, -4.411953449249268], "predictions": [155, 156, 399, 400, 401, 402, 157, 158, 4, 4, 4, 4], "target_tokens": ["[IN:GET_EVENT", "[SL:LOCATION", "@ptr9", "SL:LOCATION]", "IN:GET_EVENT]"], "predicted_tokens": ["[IN:SET_RSVP_YES", "[SL:TITLE_EVENT", "@ptr4", "@ptr5", "@ptr6", "@ptr7", "SL:TITLE_EVENT]", "IN:SET_RSVP_YES]"]}
{"loss": 2.9230494499206543, "class_log_probabilities": [-1.0067256689071655, -2.8723762035369873, -3.4602279663085938, -3.7924962043762207], "predictions": [61, 14, 404, 405, 406, 407, 15, 16, 409, 410, 17, 62, 4, 4], "target_tokens": ["[IN:GET_EVENT", "[SL:LOCATION", "@ptr8", "@ptr9", "@ptr10", "@ptr11", "SL:LOCATION]", "[SL:DATE_TIME", "@ptr12", "@ptr13", "SL:DATE_TIME]", "IN:GET_EVENT]"], "predicted_tokens": ["[IN:GET_EVENT", "[SL:LOCATION", "@ptr9", "@ptr10", "@ptr11", "@ptr12", "SL:LOCATION]", "[SL:DATE_TIME", "@ptr14", "@ptr15", "SL:DATE_TIME]", "IN:GET_EVENT]"]}
{"loss": 1.4278955459594727, "class_log_probabilities": [-0.827686071395874, -2.890465021133423, -5.863530158996582, -6.4135613441467285], "predictions": [61, 14, 395, 396, 15, 16, 398, 399, 17, 62, 4, 4, 4, 4], "target_tokens": ["[IN:GET_EVENT", "[SL:LOCATION", "@ptr0", "@ptr1", "SL:LOCATION]", "[SL:DATE_TIME", "@ptr2", "@ptr3", "@ptr4", "SL:DATE_TIME]", "IN:GET_EVENT]"], "predicted_tokens": ["[IN:GET_EVENT", "[SL:LOCATION", "@ptr0", "@ptr1", "SL:LOCATION]", "[SL:DATE_TIME", "@ptr3", "@ptr4", "SL:DATE_TIME]", "IN:GET_EVENT]"]}
{"loss": 1.7570078372955322, "class_log_probabilities": [-0.5540022850036621, -6.667782783508301, -6.7654571533203125, -7.139874458312988], "predictions": [61, 83, 398, 399, 400, 401, 84, 62, 4], "target_tokens": ["[IN:GET_EVENT", "[SL:CATEGORY_EVENT", "@ptr3", "@ptr4", "@ptr5", "SL:CATEGORY_EVENT]", "IN:GET_EVENT]"], "predicted_tokens": ["[IN:GET_EVENT", "[SL:CATEGORY_EVENT", "@ptr3", "@ptr4", "@ptr5", "@ptr6", "SL:CATEGORY_EVENT]", "IN:GET_EVENT]"]}
{"loss": 2.635575294494629, "class_log_probabilities": [-1.697200059890747, -3.13484263420105, -3.898240566253662, -4.065474510192871], "predictions": [61, 83, 395, 396, 397, 398, 84, 14, 400, 401, 15, 16, 403, 404, 17, 62, 4, 4], "target_tokens": ["[IN:GET_EVENT", "[SL:LOCATION", "@ptr5", "@ptr6", "SL:LOCATION]", "[SL:DATE_TIME", "@ptr7", "@ptr8", "SL:DATE_TIME]", "IN:GET_EVENT]"], "predicted_tokens": ["[IN:GET_EVENT", "[SL:CATEGORY_EVENT", "@ptr0", "@ptr1", "@ptr2", "@ptr3", "SL:CATEGORY_EVENT]", "[SL:LOCATION", "@ptr5", "@ptr6", "SL:LOCATION]", "[SL:DATE_TIME", "@ptr8", "@ptr9", "SL:DATE_TIME]", "IN:GET_EVENT]"]}
{"loss": 3.3969764709472656, "class_log_probabilities": [-1.0516605377197266, -4.783511161804199, -4.800868511199951, -5.974284648895264], "predictions": [61, 83, 395, 396, 397, 84, 16, 404, 405, 17, 14, 407, 408, 409, 410, 15, 62, 4, 4], "target_tokens": ["[IN:GET_EVENT", "[SL:CATEGORY_EVENT", "@ptr2", "SL:CATEGORY_EVENT]", "[SL:DATE_TIME", "@ptr8", "@ptr9", "SL:DATE_TIME]", "[SL:LOCATION", "@ptr11", "@ptr12", "@ptr13", "@ptr14", "SL:LOCATION]", "IN:GET_EVENT]"], "predicted_tokens": ["[IN:GET_EVENT", "[SL:CATEGORY_EVENT", "@ptr0", "@ptr1", "@ptr2", "SL:CATEGORY_EVENT]", "[SL:DATE_TIME", "@ptr9", "@ptr10", "SL:DATE_TIME]", "[SL:LOCATION", "@ptr12", "@ptr13", "@ptr14", "@ptr15", "SL:LOCATION]", "IN:GET_EVENT]"]}
{"loss": 1.815308928489685, "class_log_probabilities": [-1.2603943347930908, -1.9256477355957031, -6.454836368560791, -6.72558069229126], "predictions": [61, 16, 395, 396, 397, 17, 83, 400, 401, 84, 62, 4], "target_tokens": ["[IN:GET_EVENT", "[SL:DATE_TIME", "@ptr0", "@ptr1", "@ptr2", "SL:DATE_TIME]", "IN:GET_EVENT]"], "predicted_tokens": ["[IN:GET_EVENT", "[SL:DATE_TIME", "@ptr0", "@ptr1", "@ptr2", "SL:DATE_TIME]", "[SL:CATEGORY_EVENT", "@ptr5", "@ptr6", "SL:CATEGORY_EVENT]", "IN:GET_EVENT]"]}
{"loss": 2.0765349864959717, "class_log_probabilities": [-0.877202570438385, -2.376596689224243, -5.4732866287231445, -5.872284889221191], "predictions": [61, 16, 401, 402, 17, 62, 4, 4], "target_tokens": ["[IN:GET_EVENT", "[SL:DATE_TIME", "@ptr5", "@ptr6", "SL:DATE_TIME]", "IN:GET_EVENT]"], "predicted_tokens": ["[IN:GET_EVENT", "[SL:DATE_TIME", "@ptr6", "@ptr7", "SL:DATE_TIME]", "IN:GET_EVENT]"]}
{"loss": 2.6120898723602295, "class_log_probabilities": [-2.1781742572784424, -2.990288019180298, -5.991267204284668, -6.197048187255859], "predictions": [61, 16, 395, 17, 83, 399, 400, 401, 402, 84, 62, 4, 4], "target_tokens": ["[IN:GET_EVENT", "[SL:DATE_TIME", "@ptr0", "@ptr1", "SL:DATE_TIME]", "IN:GET_EVENT]"], "predicted_tokens": ["[IN:GET_EVENT", "[SL:DATE_TIME", "@ptr0", "SL:DATE_TIME]", "[SL:CATEGORY_EVENT", "@ptr4", "@ptr5", "@ptr6", "@ptr7", "SL:CATEGORY_EVENT]", "IN:GET_EVENT]"]}
{"loss": 3.3377456665039062, "class_log_probabilities": [-1.8361865282058716, -4.576565742492676, -5.500219821929932, -6.56677770614624], "predictions": [61, 83, 396, 397, 84, 14, 399, 400, 15, 16, 404, 405, 406, 17, 62, 4, 4], "target_tokens": ["[IN:GET_EVENT", "[SL:ATTRIBUTE_EVENT", "@ptr3", "@ptr4", "@ptr5", "SL:ATTRIBUTE_EVENT]", "[SL:DATE_TIME", "@ptr9", "@ptr10", "SL:DATE_TIME]", "IN:GET_EVENT]"], "predicted_tokens": ["[IN:GET_EVENT", "[SL:CATEGORY_EVENT", "@ptr1", "@ptr2", "SL:CATEGORY_EVENT]", "[SL:LOCATION", "@ptr4", "@ptr5", "SL:LOCATION]", "[SL:DATE_TIME", "@ptr9", "@ptr10", "@ptr11", "SL:DATE_TIME]", "IN:GET_EVENT]"]}
{"loss": 2.7528469562530518, "class_log_probabilities": [-1.4563120603561401, -2.138781785964966, -5.22489595413208, -6.5353899002075195], "predictions": [70, 71, 396, 397, 72, 93, 399, 400, 401, 402, 94, 73, 4], "target_tokens": ["[IN:GET_CONTACT", "[SL:CONTACT", "@ptr4", "@ptr5", "@ptr6", "@ptr7", "SL:CONTACT]", "[SL:TYPE_RELATION", "@ptr1", "@ptr2", "SL:TYPE_RELATION]", "IN:GET_CONTACT]"], "predicted_tokens": ["[IN:GET_CONTACT", "[SL:TYPE_RELATION", "@ptr1", "@ptr2", "SL:TYPE_RELATION]", "[SL:CONTACT_RELATED", "@ptr4", "@ptr5", "@ptr6", "@ptr7", "SL:CONTACT_RELATED]", "IN:GET_CONTACT]"]}
{"loss": 2.2637827396392822, "class_log_probabilities": [-1.3700754642486572, -1.587138295173645, -3.411778688430786, -6.415474891662598], "predictions": [63, 223, 396, 397, 224, 68, 4, 4], "target_tokens": ["[IN:PLAY_MUSIC", "[SL:MUSIC_RADIO_ID", "@ptr2", "SL:MUSIC_RADIO_ID]", "[SL:MUSIC_TYPE", "@ptr1", "SL:MUSIC_TYPE]", "IN:PLAY_MUSIC]"], "predicted_tokens": ["[IN:PLAY_MUSIC", "[SL:MUSIC_RADIO_ID", "@ptr1", "@ptr2", "SL:MUSIC_RADIO_ID]", "IN:PLAY_MUSIC]"]}
{"loss": 1.2723922729492188, "class_log_probabilities": [-1.8673254251480103, -3.228012800216675, -4.414715766906738, -4.582433223724365], "predictions": [105, 6, 395, 396, 7, 106, 4], "target_tokens": ["[IN:GET_LANGUAGE", "[SL:CONTACT", "@ptr0", "@ptr1", "SL:CONTACT]", "IN:GET_LANGUAGE]"], "predicted_tokens": ["[IN:GET_INFO_CONTACT", "[SL:CONTACT", "@ptr0", "@ptr1", "SL:CONTACT]", "IN:GET_INFO_CONTACT]"]}
{"loss": 3.221881866455078, "class_log_probabilities": [-0.3729832172393799, -4.534000396728516, -5.6308913230896, -7.966423988342285], "predictions": [211, 6, 397, 7, 212, 4, 4, 4, 4], "target_tokens": ["[IN:GET_INFO_CONTACT", "[SL:CONTACT", "@ptr2", "SL:CONTACT]", "IN:GET_INFO_CONTACT]"], "predicted_tokens": ["[IN:GET_LOCATION", "[SL:CONTACT", "@ptr2", "SL:CONTACT]", "IN:GET_LOCATION]"]}
{"loss": 0.9707951545715332, "class_log_probabilities": [-0.3094177544116974, -8.371435165405273, -8.373669624328613, -8.391846656799316], "predictions": [105, 6, 397, 7, 106, 4], "target_tokens": ["[IN:GET_INFO_CONTACT", "[SL:CONTACT", "@ptr2", "SL:CONTACT]", "IN:GET_INFO_CONTACT]"], "predicted_tokens": ["[IN:GET_INFO_CONTACT", "[SL:CONTACT", "@ptr2", "SL:CONTACT]", "IN:GET_INFO_CONTACT]"]}
{"loss": 0.9665706157684326, "class_log_probabilities": [-0.43844670057296753, -6.694430828094482, -7.0287699699401855, -7.248794078826904], "predictions": [105, 6, 395, 396, 397, 7, 106, 4], "target_tokens": ["[IN:GET_INFO_CONTACT", "[SL:CONTACT", "@ptr0", "@ptr1", "@ptr2", "SL:CONTACT]", "IN:GET_INFO_CONTACT]"], "predicted_tokens": ["[IN:GET_INFO_CONTACT", "[SL:CONTACT", "@ptr0", "@ptr1", "@ptr2", "SL:CONTACT]", "IN:GET_INFO_CONTACT]"]}
{"loss": 0.9687096476554871, "class_log_probabilities": [-0.5362420678138733, -4.1371684074401855, -4.525333404541016, -4.99362325668335], "predictions": [137, 6, 397, 398, 7, 140, 4], "target_tokens": ["[IN:GET_EMPLOYER", "[SL:CONTACT", "@ptr2", "@ptr3", "SL:CONTACT]", "IN:GET_EMPLOYER]"], "predicted_tokens": ["[IN:GET_EMPLOYER", "[SL:CONTACT", "@ptr2", "@ptr3", "SL:CONTACT]", "IN:GET_EMPLOYER]"]}
{"loss": 0.9761953353881836, "class_log_probabilities": [-0.49277445673942566, -4.621622085571289, -6.413898468017578, -6.995292663574219], "predictions": [137, 6, 395, 7, 138, 400, 139, 140, 4, 4, 4], "target_tokens": ["[IN:GET_EMPLOYER", "[SL:CONTACT", "@ptr0", "SL:CONTACT]", "[SL:EMPLOYER", "@ptr5", "SL:EMPLOYER]", "IN:GET_EMPLOYER]"], "predicted_tokens": ["[IN:GET_EMPLOYER", "[SL:CONTACT", "@ptr0", "SL:CONTACT]", "[SL:EMPLOYER", "@ptr5", "SL:EMPLOYER]", "IN:GET_EMPLOYER]"]}
{"loss": 1.9076285362243652, "class_log_probabilities": [-1.351450800895691, -3.200089454650879, -3.761662721633911, -4.8785810470581055], "predictions": [137, 6, 395, 396, 7, 138, 402, 403, 404, 405, 139, 140, 4], "target_tokens": ["[IN:GET_EMPLOYER", "[SL:CONTACT", "@ptr0", "@ptr1", "SL:CONTACT]", "[SL:EMPLOYER", "@ptr6", "@ptr7", "SL:EMPLOYER]", "IN:GET_EMPLOYER]"], "predicted_tokens": ["[IN:GET_EMPLOYER", "[SL:CONTACT", "@ptr0", "@ptr1", "SL:CONTACT]", "[SL:EMPLOYER", "@ptr7", "@ptr8", "@ptr9", "@ptr10", "SL:EMPLOYER]", "IN:GET_EMPLOYER]"]}
{"loss": 1.5125255584716797, "class_log_probabilities": [-0.7708455920219421, -5.863373756408691, -5.927863121032715, -6.204927444458008], "predictions": [147, 6, 395, 7, 257, 399, 400, 258, 16, 402, 403, 17, 150, 4, 4], "target_tokens": ["[IN:GET_EDUCATION_TIME", "[SL:CONTACT", "@ptr0", "SL:CONTACT]", "[SL:SCHOOL", "@ptr4", "@ptr5", "SL:SCHOOL]", "IN:GET_EDUCATION_TIME]"], "predicted_tokens": ["[IN:GET_EDUCATION_TIME", "[SL:CONTACT", "@ptr0", "SL:CONTACT]", "[SL:SCHOOL", "@ptr4", "@ptr5", "SL:SCHOOL]", "[SL:DATE_TIME", "@ptr7", "@ptr8", "SL:DATE_TIME]", "IN:GET_EDUCATION_TIME]"]}
{"loss": 2.394275665283203, "class_log_probabilities": [-0.3023800849914551, -8.0328950881958, -8.055562019348145, -8.419913291931152], "predictions": [70, 138, 403, 139, 73, 4, 4, 4], "target_tokens": ["[IN:GET_CONTACT", "[SL:EMPLOYER", "@ptr7", "SL:EMPLOYER]", "IN:GET_CONTACT]"], "predicted_tokens": ["[IN:GET_CONTACT", "[SL:EMPLOYER", "@ptr8", "SL:EMPLOYER]", "IN:GET_CONTACT]"]}
{"loss": 1.1335691213607788, "class_log_probabilities": [-1.3890349864959717, -1.721447229385376, -4.383954048156738, -7.430911540985107], "predictions": [70, 138, 402, 403, 139, 73, 4, 4, 4], "target_tokens": ["[IN:GET_CONTACT", "[SL:EMPLOYER", "@ptr7", "SL:EMPLOYER]", "IN:GET_CONTACT]"], "predicted_tokens": ["[IN:GET_CONTACT", "[SL:EMPLOYER", "@ptr7", "@ptr8", "SL:EMPLOYER]", "IN:GET_CONTACT]"]}
{"loss": 3.824887990951538, "class_log_probabilities": [-0.3931047022342682, -7.503679275512695, -7.612635135650635, -7.677553653717041], "predictions": [70, 138, 402, 403, 139, 73, 4], "target_tokens": ["[IN:GET_CONTACT", "[SL:EMPLOYER", "@ptr6", "@ptr7", "SL:EMPLOYER]", "IN:GET_CONTACT]"], "predicted_tokens": ["[IN:GET_CONTACT", "[SL:EMPLOYER", "@ptr7", "@ptr8", "SL:EMPLOYER]", "IN:GET_CONTACT]"]}
{"loss": 0.9637401700019836, "class_log_probabilities": [-0.32877230644226074, -7.802660942077637, -8.049283981323242, -8.080659866333008], "predictions": [70, 14, 398, 15, 73, 4, 4], "target_tokens": ["[IN:GET_CONTACT", "[SL:LOCATION", "@ptr3", "SL:LOCATION]", "IN:GET_CONTACT]"], "predicted_tokens": ["[IN:GET_CONTACT", "[SL:LOCATION", "@ptr3", "SL:LOCATION]", "IN:GET_CONTACT]"]}
{"loss": 2.3681206703186035, "class_log_probabilities": [-0.31007644534111023, -8.075687408447266, -8.224654197692871, -8.235489845275879], "predictions": [70, 138, 402, 139, 73, 4], "target_tokens": ["[IN:GET_CONTACT", "[SL:EMPLOYER", "@ptr6", "SL:EMPLOYER]", "IN:GET_CONTACT]"], "predicted_tokens": ["[IN:GET_CONTACT", "[SL:EMPLOYER", "@ptr7", "SL:EMPLOYER]", "IN:GET_CONTACT]"]}
{"loss": 0.9678626656532288, "class_log_probabilities": [-0.38370001316070557, -4.213834762573242, -5.424503326416016, -7.687790870666504], "predictions": [70, 138, 398, 139, 73, 4, 4, 4], "target_tokens": ["[IN:GET_CONTACT", "[SL:EMPLOYER", "@ptr3", "SL:EMPLOYER]", "IN:GET_CONTACT]"], "predicted_tokens": ["[IN:GET_CONTACT", "[SL:EMPLOYER", "@ptr3", "SL:EMPLOYER]", "IN:GET_CONTACT]"]}
{"loss": 0.9734668731689453, "class_log_probabilities": [-0.6529529690742493, -2.9702887535095215, -5.1340765953063965, -5.964751243591309], "predictions": [70, 138, 398, 399, 400, 139, 73, 4, 4], "target_tokens": ["[IN:GET_CONTACT", "[SL:EMPLOYER", "@ptr3", "@ptr4", "@ptr5", "SL:EMPLOYER]", "IN:GET_CONTACT]"], "predicted_tokens": ["[IN:GET_CONTACT", "[SL:EMPLOYER", "@ptr3", "@ptr4", "@ptr5", "SL:EMPLOYER]", "IN:GET_CONTACT]"]}
{"loss": 0.9750731587409973, "class_log_probabilities": [-0.29012495279312134, -7.868627071380615, -7.943560600280762, -8.0418062210083], "predictions": [70, 257, 399, 258, 73, 4, 4, 4], "target_tokens": ["[IN:GET_CONTACT", "[SL:SCHOOL", "@ptr4", "SL:SCHOOL]", "IN:GET_CONTACT]"], "predicted_tokens": ["[IN:GET_CONTACT", "[SL:SCHOOL", "@ptr4", "SL:SCHOOL]", "IN:GET_CONTACT]"]}
{"loss": 2.961947202682495, "class_log_probabilities": [-0.5919531583786011, -4.627335071563721, -6.506129264831543, -6.813009262084961], "predictions": [70, 93, 398, 94, 257, 404, 405, 258, 73, 4], "target_tokens": ["[IN:GET_CONTACT", "[SL:CONTACT_RELATED", "@ptr3", "SL:CONTACT_RELATED]", "[SL:SCHOOL", "@ptr8", "@ptr9", "SL:SCHOOL]", "IN:GET_CONTACT]"], "predicted_tokens": ["[IN:GET_CONTACT", "[SL:CONTACT_RELATED", "@ptr3", "SL:CONTACT_RELATED]", "[SL:SCHOOL", "@ptr9", "@ptr10", "SL:SCHOOL]", "IN:GET_CONTACT]"]}
{"loss": 3.7797112464904785, "class_log_probabilities": [-0.6203078627586365, -4.107541561126709, -4.13748025894165, -5.8805718421936035], "predictions": [70, 71, 396, 72, 93, 398, 94, 257, 406, 258, 73, 4, 4], "target_tokens": ["[IN:GET_CONTACT", "[SL:CONTACT_RELATED", "@ptr2", "@ptr3", "SL:CONTACT_RELATED]", "[SL:TYPE_RELATION", "@ptr1", "SL:TYPE_RELATION]", "[SL:SCHOOL", "@ptr10", "SL:SCHOOL]", "IN:GET_CONTACT]"], "predicted_tokens": ["[IN:GET_CONTACT", "[SL:TYPE_RELATION", "@ptr1", "SL:TYPE_RELATION]", "[SL:CONTACT_RELATED", "@ptr3", "SL:CONTACT_RELATED]", "[SL:SCHOOL", "@ptr11", "SL:SCHOOL]", "IN:GET_CONTACT]"]}
{"loss": 3.4249918460845947, "class_log_probabilities": [-0.807353138923645, -3.1899728775024414, -5.234282493591309, -6.361350059509277], "predictions": [70, 71, 395, 72, 93, 397, 94, 14, 402, 403, 15, 73, 4], "target_tokens": ["[IN:GET_CONTACT", "[SL:CONTACT_RELATED", "@ptr1", "@ptr2", "SL:CONTACT_RELATED]", "[SL:TYPE_RELATION", "@ptr0", "SL:TYPE_RELATION]", "[SL:LOCATION", "@ptr6", "SL:LOCATION]", "IN:GET_CONTACT]"], "predicted_tokens": ["[IN:GET_CONTACT", "[SL:TYPE_RELATION", "@ptr0", "SL:TYPE_RELATION]", "[SL:CONTACT_RELATED", "@ptr2", "SL:CONTACT_RELATED]", "[SL:LOCATION", "@ptr7", "@ptr8", "SL:LOCATION]", "IN:GET_CONTACT]"]}
{"loss": 2.2303409576416016, "class_log_probabilities": [-1.7726513147354126, -2.642559051513672, -2.9984593391418457, -3.8014461994171143], "predictions": [70, 14, 399, 400, 401, 15, 16, 402, 17, 73, 4], "target_tokens": ["[IN:GET_CONTACT", "[SL:LOCATION", "@ptr4", "@ptr5", "SL:LOCATION]", "IN:GET_CONTACT]"], "predicted_tokens": ["[IN:GET_CONTACT", "[SL:LOCATION", "@ptr4", "@ptr5", "@ptr6", "SL:LOCATION]", "[SL:DATE_TIME", "@ptr7", "SL:DATE_TIME]", "IN:GET_CONTACT]"]}
{"loss": 1.027164101600647, "class_log_probabilities": [-0.7988287806510925, -1.4241492748260498, -7.233721733093262, -8.161026954650879], "predictions": [70, 14, 399, 15, 73, 4, 4], "target_tokens": ["[IN:GET_CONTACT", "[SL:LOCATION", "@ptr4", "SL:LOCATION]", "IN:GET_CONTACT]"], "predicted_tokens": ["[IN:GET_CONTACT", "[SL:LOCATION", "@ptr4", "SL:LOCATION]", "IN:GET_CONTACT]"]}
{"loss": 2.173351526260376, "class_log_probabilities": [-0.7533774375915527, -3.313321352005005, -5.830458164215088, -6.0696258544921875], "predictions": [70, 93, 396, 94, 73, 4, 4, 4, 4, 4, 4, 4], "target_tokens": ["[IN:GET_CONTACT", "[SL:CONTACT_RELATED", "@ptr1", "SL:CONTACT_RELATED]", "[SL:TYPE_RELATION", "@ptr0", "SL:TYPE_RELATION]", "IN:GET_CONTACT]"], "predicted_tokens": ["[IN:GET_CONTACT", "[SL:CONTACT_RELATED", "@ptr1", "SL:CONTACT_RELATED]", "IN:GET_CONTACT]"]}
{"loss": 2.20941162109375, "class_log_probabilities": [-0.5252425670623779, -5.888422012329102, -7.746015548706055, -9.138595581054688], "predictions": [70, 71, 396, 72, 93, 398, 94, 73, 4, 4, 4], "target_tokens": ["[IN:GET_CONTACT", "[SL:TYPE_RELATION", "@ptr0", "SL:TYPE_RELATION]", "[SL:CONTACT_RELATED", "@ptr2", "SL:CONTACT_RELATED]", "IN:GET_CONTACT]"], "predicted_tokens": ["[IN:GET_CONTACT", "[SL:TYPE_RELATION", "@ptr1", "SL:TYPE_RELATION]", "[SL:CONTACT_RELATED", "@ptr3", "SL:CONTACT_RELATED]", "IN:GET_CONTACT]"]}
{"loss": 1.8985909223556519, "class_log_probabilities": [-0.5794395208358765, -3.917963743209839, -6.72270393371582, -9.206599235534668], "predictions": [70, 71, 396, 72, 93, 398, 94, 73, 4, 4, 4], "target_tokens": ["[IN:GET_CONTACT", "[SL:TYPE_RELATION", "@ptr0", "SL:TYPE_RELATION]", "[SL:CONTACT_RELATED", "@ptr2", "SL:CONTACT_RELATED]", "IN:GET_CONTACT]"], "predicted_tokens": ["[IN:GET_CONTACT", "[SL:TYPE_RELATION", "@ptr1", "SL:TYPE_RELATION]", "[SL:CONTACT_RELATED", "@ptr3", "SL:CONTACT_RELATED]", "IN:GET_CONTACT]"]}
{"loss": 0.9675948023796082, "class_log_probabilities": [-0.36867889761924744, -6.977994441986084, -7.392479419708252, -7.910948753356934], "predictions": [51, 52, 396, 397, 53, 54, 4], "target_tokens": ["[IN:GET_RECIPES", "[SL:RECIPES_DISH", "@ptr1", "@ptr2", "SL:RECIPES_DISH]", "IN:GET_RECIPES]"], "predicted_tokens": ["[IN:GET_RECIPES", "[SL:RECIPES_DISH", "@ptr1", "@ptr2", "SL:RECIPES_DISH]", "IN:GET_RECIPES]"]}
{"loss": 0.9717264175415039, "class_log_probabilities": [-0.4931221008300781, -5.829362869262695, -6.897130489349365, -6.955373287200928], "predictions": [51, 129, 400, 130, 129, 402, 130, 54, 4, 4], "target_tokens": ["[IN:GET_RECIPES", "[SL:RECIPES_INCLUDED_INGREDIENT", "@ptr5", "SL:RECIPES_INCLUDED_INGREDIENT]", "[SL:RECIPES_INCLUDED_INGREDIENT", "@ptr7", "SL:RECIPES_INCLUDED_INGREDIENT]", "IN:GET_RECIPES]"], "predicted_tokens": ["[IN:GET_RECIPES", "[SL:RECIPES_INCLUDED_INGREDIENT", "@ptr5", "SL:RECIPES_INCLUDED_INGREDIENT]", "[SL:RECIPES_INCLUDED_INGREDIENT", "@ptr7", "SL:RECIPES_INCLUDED_INGREDIENT]", "IN:GET_RECIPES]"]}
{"loss": 1.7933422327041626, "class_log_probabilities": [-0.4614875614643097, -7.451450347900391, -7.733604431152344, -7.744665622711182], "predictions": [51, 52, 398, 399, 400, 401, 53, 54, 4], "target_tokens": ["[IN:GET_RECIPES", "[SL:RECIPES_DISH", "@ptr3", "@ptr4", "@ptr5", "SL:RECIPES_DISH]", "IN:GET_RECIPES]"], "predicted_tokens": ["[IN:GET_RECIPES", "[SL:RECIPES_DISH", "@ptr3", "@ptr4", "@ptr5", "@ptr6", "SL:RECIPES_DISH]", "IN:GET_RECIPES]"]}
{"loss": 0.9686873555183411, "class_log_probabilities": [-0.699192225933075, -5.979956150054932, -6.330611228942871, -6.994528293609619], "predictions": [27, 28, 395, 29, 52, 397, 398, 399, 400, 401, 53, 30, 4, 4], "target_tokens": ["[IN:GET_INFO_RECIPES", "[SL:RECIPES_ATTRIBUTE", "@ptr0", "SL:RECIPES_ATTRIBUTE]", "[SL:RECIPES_DISH", "@ptr2", "@ptr3", "@ptr4", "@ptr5", "@ptr6", "SL:RECIPES_DISH]", "IN:GET_INFO_RECIPES]"], "predicted_tokens": ["[IN:GET_INFO_RECIPES", "[SL:RECIPES_ATTRIBUTE", "@ptr0", "SL:RECIPES_ATTRIBUTE]", "[SL:RECIPES_DISH", "@ptr2", "@ptr3", "@ptr4", "@ptr5", "@ptr6", "SL:RECIPES_DISH]", "IN:GET_INFO_RECIPES]"]}
{"loss": 1.6685113906860352, "class_log_probabilities": [-0.669490396976471, -6.327007293701172, -6.8324785232543945, -7.145576477050781], "predictions": [45, 16, 399, 400, 401, 402, 403, 17, 46, 4], "target_tokens": ["[IN:CREATE_ALARM", "[SL:DATE_TIME", "@ptr4", "@ptr5", "@ptr6", "@ptr7", "SL:DATE_TIME]", "IN:CREATE_ALARM]"], "predicted_tokens": ["[IN:CREATE_ALARM", "[SL:DATE_TIME", "@ptr4", "@ptr5", "@ptr6", "@ptr7", "@ptr8", "SL:DATE_TIME]", "IN:CREATE_ALARM]"]}
{"loss": 3.126821279525757, "class_log_probabilities": [-2.7364518642425537, -4.018026828765869, -5.105456352233887, -6.640208721160889], "predictions": [27, 52, 395, 396, 397, 53, 52, 399, 400, 401, 53, 30, 4], "target_tokens": ["[IN:QUESTION_NEWS", "[SL:NEWS_TOPIC", "@ptr0", "@ptr1", "@ptr2", "@ptr3", "@ptr4", "@ptr5", "SL:NEWS_TOPIC]", "IN:QUESTION_NEWS]"], "predicted_tokens": ["[IN:GET_INFO_RECIPES", "[SL:RECIPES_DISH", "@ptr0", "@ptr1", "@ptr2", "SL:RECIPES_DISH]", "[SL:RECIPES_DISH", "@ptr4", "@ptr5", "@ptr6", "SL:RECIPES_DISH]", "IN:GET_INFO_RECIPES]"]}
{"loss": 3.24459171295166, "class_log_probabilities": [-0.8615211248397827, -4.687870025634766, -6.151028156280518, -7.110355854034424], "predictions": [183, 16, 396, 397, 17, 90, 402, 91, 16, 403, 404, 17, 184, 4, 4], "target_tokens": ["[IN:ADD_TIME_TIMER", "[SL:DATE_TIME", "@ptr1", "@ptr2", "SL:DATE_TIME]", "[SL:METHOD_TIMER", "@ptr5", "@ptr6", "@ptr7", "SL:METHOD_TIMER]", "IN:ADD_TIME_TIMER]"], "predicted_tokens": ["[IN:ADD_TIME_TIMER", "[SL:DATE_TIME", "@ptr1", "@ptr2", "SL:DATE_TIME]", "[SL:METHOD_TIMER", "@ptr7", "SL:METHOD_TIMER]", "[SL:DATE_TIME", "@ptr8", "@ptr9", "SL:DATE_TIME]", "IN:ADD_TIME_TIMER]"]}
{"loss": 3.508779287338257, "class_log_probabilities": [-1.1461889743804932, -3.182105779647827, -6.059137344360352, -7.41770601272583], "predictions": [39, 40, 395, 41, 16, 396, 17, 42, 4], "target_tokens": ["[IN:GET_STORIES_NEWS", "[SL:DATE_TIME", "@ptr1", "SL:DATE_TIME]", "[SL:NEWS_TYPE", "@ptr0", "SL:NEWS_TYPE]", "[SL:NEWS_TOPIC", "@ptr3", "@ptr4", "@ptr5", "SL:NEWS_TOPIC]", "IN:GET_STORIES_NEWS]"], "predicted_tokens": ["[IN:GET_STORIES_NEWS", "[SL:NEWS_TYPE", "@ptr0", "SL:NEWS_TYPE]", "[SL:DATE_TIME", "@ptr1", "SL:DATE_TIME]", "IN:GET_STORIES_NEWS]"]}
{"loss": 5.890316009521484, "class_log_probabilities": [-1.0426194667816162, -2.1964452266693115, -6.192924976348877, -6.224654674530029], "predictions": [13, 14, 397, 398, 399, 15, 16, 400, 401, 17, 18, 4], "target_tokens": ["[IN:GET_STORIES_NEWS", "[SL:DATE_TIME", "@ptr4", "@ptr5", "SL:DATE_TIME]", "[SL:NEWS_TOPIC", "@ptr2", "@ptr3", "SL:NEWS_TOPIC]", "[SL:NEWS_TYPE", "@ptr0", "SL:NEWS_TYPE]", "IN:GET_STORIES_NEWS]"], "predicted_tokens": ["[IN:GET_WEATHER", "[SL:LOCATION", "@ptr2", "@ptr3", "@ptr4", "SL:LOCATION]", "[SL:DATE_TIME", "@ptr5", "@ptr6", "SL:DATE_TIME]", "IN:GET_WEATHER]"]}
{"loss": 4.2006449699401855, "class_log_probabilities": [-1.0133018493652344, -1.7553644180297852, -6.646961688995361, -7.387537479400635], "predictions": [89, 90, 398, 91, 16, 404, 405, 406, 17, 92, 4], "target_tokens": ["[IN:CREATE_TIMER", "[SL:METHOD_TIMER", "@ptr1", "@ptr2", "@ptr3", "SL:METHOD_TIMER]", "[SL:DATE_TIME", "@ptr7", "@ptr8", "@ptr9", "@ptr10", "SL:DATE_TIME]", "IN:CREATE_TIMER]"], "predicted_tokens": ["[IN:CREATE_TIMER", "[SL:METHOD_TIMER", "@ptr3", "SL:METHOD_TIMER]", "[SL:DATE_TIME", "@ptr9", "@ptr10", "@ptr11", "SL:DATE_TIME]", "IN:CREATE_TIMER]"]}
{"loss": 3.5667672157287598, "class_log_probabilities": [-2.0808193683624268, -2.3830909729003906, -2.9758894443511963, -3.716993570327759], "predictions": [39, 40, 399, 41, 40, 400, 41, 16, 402, 403, 404, 17, 42, 4], "target_tokens": ["[IN:GET_STORIES_NEWS", "[SL:NEWS_REFERENCE", "@ptr5", "SL:NEWS_REFERENCE]", "[SL:NEWS_TYPE", "@ptr2", "@ptr3", "@ptr4", "SL:NEWS_TYPE]", "[SL:DATE_TIME", "@ptr6", "@ptr7", "@ptr8", "SL:DATE_TIME]", "IN:GET_STORIES_NEWS]"], "predicted_tokens": ["[IN:GET_STORIES_NEWS", "[SL:NEWS_TYPE", "@ptr4", "SL:NEWS_TYPE]", "[SL:NEWS_TYPE", "@ptr5", "SL:NEWS_TYPE]", "[SL:DATE_TIME", "@ptr7", "@ptr8", "@ptr9", "SL:DATE_TIME]", "IN:GET_STORIES_NEWS]"]}
{"loss": 3.9528186321258545, "class_log_probabilities": [-0.6484420895576477, -4.267268180847168, -6.929336071014404, -7.532510757446289], "predictions": [89, 90, 398, 91, 16, 401, 402, 17, 92, 4, 4], "target_tokens": ["[IN:CREATE_TIMER", "[SL:METHOD_TIMER", "@ptr1", "@ptr2", "@ptr3", "SL:METHOD_TIMER]", "[SL:DATE_TIME", "@ptr4", "@ptr5", "@ptr6", "@ptr7", "SL:DATE_TIME]", "IN:CREATE_TIMER]"], "predicted_tokens": ["[IN:CREATE_TIMER", "[SL:METHOD_TIMER", "@ptr3", "SL:METHOD_TIMER]", "[SL:DATE_TIME", "@ptr6", "@ptr7", "SL:DATE_TIME]", "IN:CREATE_TIMER]"]}
{"loss": 3.2265419960021973, "class_log_probabilities": [-0.7943199872970581, -3.6186649799346924, -3.6442344188690186, -4.250885486602783], "predictions": [55, 56, 395, 396, 397, 57, 58, 4, 4, 4, 4], "target_tokens": ["[IN:GET_STORIES_NEWS", "[SL:NEWS_TYPE", "@ptr0", "@ptr1", "SL:NEWS_TYPE]", "[SL:NEWS_TOPIC", "@ptr5", "SL:NEWS_TOPIC]", "IN:GET_STORIES_NEWS]"], "predicted_tokens": ["[IN:QUESTION_NEWS", "[SL:NEWS_TOPIC", "@ptr0", "@ptr1", "@ptr2", "SL:NEWS_TOPIC]", "IN:QUESTION_NEWS]"]}
{"loss": 4.866334438323975, "class_log_probabilities": [-0.7343669533729553, -5.097713470458984, -5.7999958992004395, -7.395628929138184], "predictions": [275, 90, 398, 91, 276, 4, 4, 4, 4], "target_tokens": ["[IN:CREATE_TIMER", "[SL:ORDINAL", "@ptr4", "@ptr5", "SL:ORDINAL]", "[SL:METHOD_TIMER", "@ptr1", "@ptr2", "@ptr3", "SL:METHOD_TIMER]", "IN:CREATE_TIMER]"], "predicted_tokens": ["[IN:RESUME_TIMER", "[SL:METHOD_TIMER", "@ptr3", "SL:METHOD_TIMER]", "IN:RESUME_TIMER]"]}
{"loss": 2.086087226867676, "class_log_probabilities": [-0.715944230556488, -4.331197261810303, -6.302800178527832, -8.294540405273438], "predictions": [45, 16, 399, 400, 401, 402, 403, 404, 17, 46, 4, 4], "target_tokens": ["[IN:CREATE_ALARM", "[SL:DATE_TIME", "@ptr3", "@ptr4", "@ptr5", "@ptr6", "@ptr7", "@ptr8", "SL:DATE_TIME]", "IN:CREATE_ALARM]"], "predicted_tokens": ["[IN:CREATE_ALARM", "[SL:DATE_TIME", "@ptr4", "@ptr5", "@ptr6", "@ptr7", "@ptr8", "@ptr9", "SL:DATE_TIME]", "IN:CREATE_ALARM]"]}
{"loss": 3.927964925765991, "class_log_probabilities": [-0.5375676155090332, -4.942227363586426, -5.187325954437256, -7.8431901931762695], "predictions": [13, 135, 397, 136, 14, 400, 15, 18, 4, 4, 4], "target_tokens": ["[IN:GET_WEATHER", "[SL:LOCATION", "@ptr4", "SL:LOCATION]", "[SL:WEATHER_TEMPERATURE_UNIT", "@ptr2", "SL:WEATHER_TEMPERATURE_UNIT]", "IN:GET_WEATHER]"], "predicted_tokens": ["[IN:GET_WEATHER", "[SL:WEATHER_TEMPERATURE_UNIT", "@ptr2", "SL:WEATHER_TEMPERATURE_UNIT]", "[SL:LOCATION", "@ptr5", "SL:LOCATION]", "IN:GET_WEATHER]"]}
{"loss": 2.919506549835205, "class_log_probabilities": [-0.722298800945282, -7.438488483428955, -7.6636528968811035, -7.717536926269531], "predictions": [13, 16, 396, 397, 17, 14, 399, 400, 401, 402, 15, 18, 4, 4], "target_tokens": ["[IN:GET_WEATHER", "[SL:DATE_TIME", "@ptr1", "@ptr2", "SL:DATE_TIME]", "[SL:LOCATION", "@ptr4", "@ptr5", "SL:LOCATION]", "[SL:WEATHER_TEMPERATURE_UNIT", "@ptr6", "SL:WEATHER_TEMPERATURE_UNIT]", "IN:GET_WEATHER]"], "predicted_tokens": ["[IN:GET_WEATHER", "[SL:DATE_TIME", "@ptr1", "@ptr2", "SL:DATE_TIME]", "[SL:LOCATION", "@ptr4", "@ptr5", "@ptr6", "@ptr7", "SL:LOCATION]", "IN:GET_WEATHER]"]}
{"loss": 0.9663527011871338, "class_log_probabilities": [-0.5087208151817322, -5.691861629486084, -6.146633625030518, -6.4372029304504395], "predictions": [51, 129, 399, 400, 401, 130, 54, 4, 4], "target_tokens": ["[IN:GET_RECIPES", "[SL:RECIPES_INCLUDED_INGREDIENT", "@ptr4", "@ptr5", "@ptr6", "SL:RECIPES_INCLUDED_INGREDIENT]", "IN:GET_RECIPES]"], "predicted_tokens": ["[IN:GET_RECIPES", "[SL:RECIPES_INCLUDED_INGREDIENT", "@ptr4", "@ptr5", "@ptr6", "SL:RECIPES_INCLUDED_INGREDIENT]", "IN:GET_RECIPES]"]}
{"loss": 4.256448268890381, "class_log_probabilities": [-2.6491947174072266, -2.6651175022125244, -4.565427303314209, -5.221757411956787], "predictions": [27, 52, 398, 399, 400, 401, 402, 403, 404, 405, 406, 407, 53, 30, 4, 4, 4, 4], "target_tokens": ["[IN:GET_RECIPES", "[SL:RECIPES_RATING", "@ptr9", "@ptr10", "@ptr11", "SL:RECIPES_RATING]", "[SL:RECIPES_DISH", "@ptr3", "@ptr4", "SL:RECIPES_DISH]", "IN:GET_RECIPES]"], "predicted_tokens": ["[IN:GET_INFO_RECIPES", "[SL:RECIPES_DISH", "@ptr3", "@ptr4", "@ptr5", "@ptr6", "@ptr7", "@ptr8", "@ptr9", "@ptr10", "@ptr11", "@ptr12", "SL:RECIPES_DISH]", "IN:GET_INFO_RECIPES]"]}
{"loss": 2.8986775875091553, "class_log_probabilities": [-0.5693550705909729, -4.2926530838012695, -4.744990348815918, -4.9639081954956055], "predictions": [27, 52, 406, 407, 408, 409, 53, 30, 4], "target_tokens": ["[IN:GET_INFO_RECIPES", "[SL:RECIPES_ATTRIBUTE", "@ptr3", "@ptr4", "SL:RECIPES_ATTRIBUTE]", "[SL:RECIPES_DISH", "@ptr10", "@ptr11", "@ptr12", "@ptr13", "SL:RECIPES_DISH]", "IN:GET_INFO_RECIPES]"], "predicted_tokens": ["[IN:GET_INFO_RECIPES", "[SL:RECIPES_DISH", "@ptr11", "@ptr12", "@ptr13", "@ptr14", "SL:RECIPES_DISH]", "IN:GET_INFO_RECIPES]"]}
{"loss": 1.2504048347473145, "class_log_probabilities": [-1.0264685153961182, -2.5887060165405273, -3.159188985824585, -6.4338226318359375], "predictions": [13, 79, 401, 402, 80, 18, 4], "target_tokens": ["[IN:GET_WEATHER", "[SL:WEATHER_ATTRIBUTE", "@ptr6", "SL:WEATHER_ATTRIBUTE]", "IN:GET_WEATHER]"], "predicted_tokens": ["[IN:GET_WEATHER", "[SL:WEATHER_ATTRIBUTE", "@ptr6", "@ptr7", "SL:WEATHER_ATTRIBUTE]", "IN:GET_WEATHER]"]}
{"loss": 2.054069757461548, "class_log_probabilities": [-1.0503277778625488, -3.2337088584899902, -5.667385578155518, -5.710410118103027], "predictions": [127, 16, 399, 400, 401, 402, 403, 404, 405, 406, 17, 128, 4], "target_tokens": ["[IN:GET_SUNRISE", "[SL:DATE_TIME", "@ptr6", "@ptr7", "@ptr8", "@ptr9", "@ptr10", "SL:DATE_TIME]", "IN:GET_SUNRISE]"], "predicted_tokens": ["[IN:GET_SUNRISE", "[SL:DATE_TIME", "@ptr4", "@ptr5", "@ptr6", "@ptr7", "@ptr8", "@ptr9", "@ptr10", "@ptr11", "SL:DATE_TIME]", "IN:GET_SUNRISE]"]}
{"loss": 0.9636510014533997, "class_log_probabilities": [-0.17125383019447327, -8.258564949035645, -8.492348670959473, -8.792369842529297], "predictions": [13, 18, 4, 4], "target_tokens": ["[IN:GET_WEATHER", "IN:GET_WEATHER]"], "predicted_tokens": ["[IN:GET_WEATHER", "IN:GET_WEATHER]"]}
{"loss": 3.223702907562256, "class_log_probabilities": [-1.5802116394042969, -2.870220422744751, -4.757689952850342, -5.37513542175293], "predictions": [49, 34, 401, 35, 16, 403, 404, 405, 406, 407, 17, 50, 4, 4], "target_tokens": ["[IN:CREATE_ALARM", "[SL:DATE_TIME", "@ptr7", "@ptr8", "@ptr9", "@ptr10", "@ptr11", "SL:DATE_TIME]", "IN:CREATE_ALARM]"], "predicted_tokens": ["[IN:CREATE_REMINDER", "[SL:PERSON_REMINDED", "@ptr6", "SL:PERSON_REMINDED]", "[SL:DATE_TIME", "@ptr8", "@ptr9", "@ptr10", "@ptr11", "@ptr12", "SL:DATE_TIME]", "IN:CREATE_REMINDER]"]}
{"loss": 0.9608674645423889, "class_log_probabilities": [-0.28924593329429626, -6.406573295593262, -6.56009578704834, -7.64827299118042], "predictions": [13, 18, 4, 4, 4, 4], "target_tokens": ["[IN:GET_WEATHER", "IN:GET_WEATHER]"], "predicted_tokens": ["[IN:GET_WEATHER", "IN:GET_WEATHER]"]}
{"loss": 0.9606174230575562, "class_log_probabilities": [-0.4896024465560913, -5.043123722076416, -8.475942611694336, -8.70434856414795], "predictions": [13, 16, 398, 399, 400, 17, 18, 4, 4], "target_tokens": ["[IN:GET_WEATHER", "[SL:DATE_TIME", "@ptr3", "@ptr4", "@ptr5", "SL:DATE_TIME]", "IN:GET_WEATHER]"], "predicted_tokens": ["[IN:GET_WEATHER", "[SL:DATE_TIME", "@ptr3", "@ptr4", "@ptr5", "SL:DATE_TIME]", "IN:GET_WEATHER]"]}
{"loss": 1.822119116783142, "class_log_probabilities": [-0.8500656485557556, -3.911587953567505, -8.259729385375977, -8.526039123535156], "predictions": [45, 16, 399, 400, 401, 402, 403, 404, 405, 17, 46, 4, 4, 4], "target_tokens": ["[IN:CREATE_ALARM", "[SL:DATE_TIME", "@ptr3", "@ptr4", "@ptr5", "@ptr6", "@ptr7", "@ptr8", "@ptr9", "SL:DATE_TIME]", "IN:CREATE_ALARM]"], "predicted_tokens": ["[IN:CREATE_ALARM", "[SL:DATE_TIME", "@ptr4", "@ptr5", "@ptr6", "@ptr7", "@ptr8", "@ptr9", "@ptr10", "SL:DATE_TIME]", "IN:CREATE_ALARM]"]}
{"loss": 4.664965629577637, "class_log_probabilities": [-0.699127197265625, -4.961733341217041, -7.096285820007324, -7.464690208435059], "predictions": [63, 64, 399, 65, 66, 402, 403, 67, 68, 4], "target_tokens": ["[IN:PLAY_MUSIC", "[SL:MUSIC_ARTIST_NAME", "@ptr6", "@ptr7", "SL:MUSIC_ARTIST_NAME]", "[SL:MUSIC_TYPE", "@ptr3", "SL:MUSIC_TYPE]", "IN:PLAY_MUSIC]"], "predicted_tokens": ["[IN:PLAY_MUSIC", "[SL:MUSIC_TYPE", "@ptr4", "SL:MUSIC_TYPE]", "[SL:MUSIC_ARTIST_NAME", "@ptr7", "@ptr8", "SL:MUSIC_ARTIST_NAME]", "IN:PLAY_MUSIC]"]}
{"loss": 1.0432854890823364, "class_log_probabilities": [-1.121863842010498, -2.0285491943359375, -3.050290822982788, -3.6860203742980957], "predictions": [287, 64, 397, 65, 288, 4], "target_tokens": ["[IN:REPLAY_MUSIC", "[SL:MUSIC_TYPE", "@ptr2", "SL:MUSIC_TYPE]", "IN:REPLAY_MUSIC]"], "predicted_tokens": ["[IN:REPLAY_MUSIC", "[SL:MUSIC_TYPE", "@ptr2", "SL:MUSIC_TYPE]", "IN:REPLAY_MUSIC]"]}
{"loss": 3.9398298263549805, "class_log_probabilities": [-0.14268535375595093, -8.606962203979492, -8.642863273620605, -8.785183906555176], "predictions": [115, 116, 4, 4, 4], "target_tokens": ["[IN:GET_TIMER", "[SL:METHOD_TIMER", "@ptr4", "@ptr5", "@ptr6", "SL:METHOD_TIMER]", "IN:GET_TIMER]"], "predicted_tokens": ["[IN:GET_TIMER", "IN:GET_TIMER]"]}
{"loss": 3.0423309803009033, "class_log_probabilities": [-1.7797327041625977, -4.807236671447754, -4.8991289138793945, -6.169450759887695], "predictions": [13, 16, 395, 396, 17, 79, 399, 400, 80, 79, 403, 80, 18, 4, 4, 4, 4], "target_tokens": ["[IN:GET_WEATHER", "[SL:WEATHER_ATTRIBUTE", "@ptr4", "@ptr5", "SL:WEATHER_ATTRIBUTE]", "[SL:WEATHER_ATTRIBUTE", "@ptr7", "SL:WEATHER_ATTRIBUTE]", "[SL:WEATHER_ATTRIBUTE", "@ptr4", "SL:WEATHER_ATTRIBUTE]", "[SL:DATE_TIME", "@ptr0", "@ptr1", "SL:DATE_TIME]", "IN:GET_WEATHER]"], "predicted_tokens": ["[IN:GET_WEATHER", "[SL:DATE_TIME", "@ptr0", "@ptr1", "SL:DATE_TIME]", "[SL:WEATHER_ATTRIBUTE", "@ptr4", "@ptr5", "SL:WEATHER_ATTRIBUTE]", "[SL:WEATHER_ATTRIBUTE", "@ptr8", "SL:WEATHER_ATTRIBUTE]", "IN:GET_WEATHER]"]}
{"loss": 4.673675537109375, "class_log_probabilities": [-1.1596955060958862, -4.4387969970703125, -4.865123271942139, -5.43245267868042], "predictions": [89, 20, 403, 21, 16, 406, 407, 17, 92, 4, 4], "target_tokens": ["[IN:CREATE_TIMER", "[SL:ORDINAL", "@ptr6", "@ptr7", "SL:ORDINAL]", "[SL:METHOD_TIMER", "@ptr2", "@ptr3", "@ptr4", "SL:METHOD_TIMER]", "[SL:DATE_TIME", "@ptr8", "@ptr9", "@ptr10", "@ptr11", "SL:DATE_TIME]", "IN:CREATE_TIMER]"], "predicted_tokens": ["[IN:CREATE_TIMER", "[SL:ORDINAL", "@ptr8", "SL:ORDINAL]", "[SL:DATE_TIME", "@ptr11", "@ptr12", "SL:DATE_TIME]", "IN:CREATE_TIMER]"]}
{"loss": 3.736297607421875, "class_log_probabilities": [-1.5011687278747559, -2.9880282878875732, -4.075232028961182, -5.103601932525635], "predictions": [13, 16, 403, 404, 17, 79, 406, 407, 80, 18, 4, 4, 4, 4], "target_tokens": ["[IN:GET_WEATHER", "[SL:WEATHER_ATTRIBUTE", "@ptr9", "SL:WEATHER_ATTRIBUTE]", "[SL:DATE_TIME", "@ptr6", "@ptr7", "SL:DATE_TIME]", "IN:GET_WEATHER]"], "predicted_tokens": ["[IN:GET_WEATHER", "[SL:DATE_TIME", "@ptr8", "@ptr9", "SL:DATE_TIME]", "[SL:WEATHER_ATTRIBUTE", "@ptr11", "@ptr12", "SL:WEATHER_ATTRIBUTE]", "IN:GET_WEATHER]"]}
{"loss": 2.1155877113342285, "class_log_probabilities": [-0.9313505291938782, -4.022470951080322, -4.5630083084106445, -6.006946086883545], "predictions": [49, 16, 400, 401, 402, 403, 404, 17, 50, 4], "target_tokens": ["[IN:CREATE_ALARM", "[SL:DATE_TIME", "@ptr5", "@ptr6", "@ptr7", "@ptr8", "SL:DATE_TIME]", "IN:CREATE_ALARM]"], "predicted_tokens": ["[IN:CREATE_REMINDER", "[SL:DATE_TIME", "@ptr5", "@ptr6", "@ptr7", "@ptr8", "@ptr9", "SL:DATE_TIME]", "IN:CREATE_REMINDER]"]}
{"loss": 2.7954318523406982, "class_log_probabilities": [-3.443812847137451, -4.911853790283203, -5.016811370849609, -5.677496433258057], "predictions": [13, 79, 398, 399, 80, 52, 402, 53, 16, 403, 404, 17, 18, 4, 4], "target_tokens": ["[IN:GET_WEATHER", "[SL:WEATHER_ATTRIBUTE", "@ptr3", "@ptr4", "SL:WEATHER_ATTRIBUTE]", "[SL:LOCATION", "@ptr6", "SL:LOCATION]", "[SL:DATE_TIME", "@ptr7", "@ptr8", "SL:DATE_TIME]", "IN:GET_WEATHER]"], "predicted_tokens": ["[IN:GET_WEATHER", "[SL:WEATHER_ATTRIBUTE", "@ptr3", "@ptr4", "SL:WEATHER_ATTRIBUTE]", "[SL:RECIPES_DISH", "@ptr7", "SL:RECIPES_DISH]", "[SL:DATE_TIME", "@ptr8", "@ptr9", "SL:DATE_TIME]", "IN:GET_WEATHER]"]}
{"loss": 3.2137091159820557, "class_log_probabilities": [-0.8198625445365906, -4.462687015533447, -4.5028181076049805, -6.1292266845703125], "predictions": [39, 40, 396, 397, 41, 133, 399, 134, 42, 4, 4], "target_tokens": ["[IN:GET_STORIES_NEWS", "[SL:NEWS_SOURCE", "@ptr4", "SL:NEWS_SOURCE]", "[SL:NEWS_TYPE", "@ptr0", "@ptr1", "@ptr2", "SL:NEWS_TYPE]", "IN:GET_STORIES_NEWS]"], "predicted_tokens": ["[IN:GET_STORIES_NEWS", "[SL:NEWS_TYPE", "@ptr1", "@ptr2", "SL:NEWS_TYPE]", "[SL:NEWS_SOURCE", "@ptr4", "SL:NEWS_SOURCE]", "IN:GET_STORIES_NEWS]"]}
{"loss": 3.8984971046447754, "class_log_probabilities": [-0.2924903631210327, -8.135513305664062, -8.280824661254883, -8.518193244934082], "predictions": [115, 90, 397, 91, 116, 4, 4], "target_tokens": ["[IN:GET_TIMER", "[SL:METHOD_TIMER", "@ptr0", "@ptr1", "@ptr2", "SL:METHOD_TIMER]", "IN:GET_TIMER]"], "predicted_tokens": ["[IN:GET_TIMER", "[SL:METHOD_TIMER", "@ptr2", "SL:METHOD_TIMER]", "IN:GET_TIMER]"]}
{"loss": 3.0087547302246094, "class_log_probabilities": [-1.7215968370437622, -2.0357167720794678, -5.214087963104248, -5.566154956817627], "predictions": [45, 249, 400, 401, 250, 16, 402, 403, 404, 405, 17, 46, 4], "target_tokens": ["[IN:CREATE_ALARM", "[SL:DATE_TIME", "@ptr7", "@ptr8", "@ptr9", "SL:DATE_TIME]", "IN:CREATE_ALARM]"], "predicted_tokens": ["[IN:CREATE_ALARM", "[SL:ALARM_NAME", "@ptr5", "@ptr6", "SL:ALARM_NAME]", "[SL:DATE_TIME", "@ptr7", "@ptr8", "@ptr9", "@ptr10", "SL:DATE_TIME]", "IN:CREATE_ALARM]"]}
{"loss": 2.1419904232025146, "class_log_probabilities": [-1.0287065505981445, -2.592423915863037, -3.9109740257263184, -4.972508430480957], "predictions": [13, 14, 398, 399, 400, 401, 402, 15, 16, 403, 404, 405, 17, 18, 4], "target_tokens": ["[IN:GET_WEATHER", "[SL:LOCATION", "@ptr3", "@ptr4", "@ptr5", "@ptr6", "SL:LOCATION]", "IN:GET_WEATHER]"], "predicted_tokens": ["[IN:GET_WEATHER", "[SL:LOCATION", "@ptr3", "@ptr4", "@ptr5", "@ptr6", "@ptr7", "SL:LOCATION]", "[SL:DATE_TIME", "@ptr8", "@ptr9", "@ptr10", "SL:DATE_TIME]", "IN:GET_WEATHER]"]}
{"loss": 0.9561713337898254, "class_log_probabilities": [-0.6385658383369446, -6.244003772735596, -6.6345415115356445, -7.381301403045654], "predictions": [45, 16, 400, 401, 402, 403, 17, 46, 4], "target_tokens": ["[IN:CREATE_ALARM", "[SL:DATE_TIME", "@ptr5", "@ptr6", "@ptr7", "@ptr8", "SL:DATE_TIME]", "IN:CREATE_ALARM]"], "predicted_tokens": ["[IN:CREATE_ALARM", "[SL:DATE_TIME", "@ptr5", "@ptr6", "@ptr7", "@ptr8", "SL:DATE_TIME]", "IN:CREATE_ALARM]"]}
{"loss": 4.4749627113342285, "class_log_probabilities": [-1.4989588260650635, -1.8879985809326172, -3.3953969478607178, -5.161722183227539], "predictions": [39, 40, 397, 41, 16, 399, 400, 401, 17, 42, 4, 4], "target_tokens": ["[IN:GET_STORIES_NEWS", "[SL:DATE_TIME", "@ptr4", "@ptr5", "SL:DATE_TIME]", "[SL:NEWS_CATEGORY", "@ptr3", "SL:NEWS_CATEGORY]", "[SL:NEWS_TYPE", "@ptr0", "@ptr1", "@ptr2", "SL:NEWS_TYPE]", "IN:GET_STORIES_NEWS]"], "predicted_tokens": ["[IN:GET_STORIES_NEWS", "[SL:NEWS_TYPE", "@ptr2", "SL:NEWS_TYPE]", "[SL:DATE_TIME", "@ptr4", "@ptr5", "@ptr6", "SL:DATE_TIME]", "IN:GET_STORIES_NEWS]"]}
{"loss": 0.9844478964805603, "class_log_probabilities": [-0.29808923602104187, -6.593112468719482, -7.9884138107299805, -8.177694320678711], "predictions": [217, 64, 399, 65, 218, 4], "target_tokens": ["[IN:GET_TRACK_INFO_MUSIC", "[SL:MUSIC_TYPE", "@ptr4", "SL:MUSIC_TYPE]", "IN:GET_TRACK_INFO_MUSIC]"], "predicted_tokens": ["[IN:GET_TRACK_INFO_MUSIC", "[SL:MUSIC_TYPE", "@ptr4", "SL:MUSIC_TYPE]", "IN:GET_TRACK_INFO_MUSIC]"]}
{"loss": 3.5841424465179443, "class_log_probabilities": [-0.507602870464325, -7.584222793579102, -8.354180335998535, -8.561654090881348], "predictions": [45, 16, 401, 402, 403, 404, 17, 46, 4], "target_tokens": ["[IN:CREATE_ALARM", "[SL:DATE_TIME", "@ptr5", "@ptr6", "@ptr7", "SL:DATE_TIME]", "IN:CREATE_ALARM]"], "predicted_tokens": ["[IN:CREATE_ALARM", "[SL:DATE_TIME", "@ptr6", "@ptr7", "@ptr8", "@ptr9", "SL:DATE_TIME]", "IN:CREATE_ALARM]"]}
{"loss": 2.1654446125030518, "class_log_probabilities": [-1.2081372737884521, -1.7595115900039673, -5.880767345428467, -6.336746692657471], "predictions": [39, 40, 395, 41, 56, 400, 401, 402, 403, 57, 42, 4, 4], "target_tokens": ["[IN:GET_STORIES_NEWS", "[SL:NEWS_TYPE", "@ptr0", "@ptr1", "SL:NEWS_TYPE]", "[SL:NEWS_TOPIC", "@ptr4", "@ptr5", "@ptr6", "@ptr7", "SL:NEWS_TOPIC]", "IN:GET_STORIES_NEWS]"], "predicted_tokens": ["[IN:GET_STORIES_NEWS", "[SL:NEWS_TYPE", "@ptr0", "SL:NEWS_TYPE]", "[SL:NEWS_TOPIC", "@ptr5", "@ptr6", "@ptr7", "@ptr8", "SL:NEWS_TOPIC]", "IN:GET_STORIES_NEWS]"]}
{"loss": 1.8169251680374146, "class_log_probabilities": [-1.1712312698364258, -2.6312222480773926, -3.231034278869629, -4.675305366516113], "predictions": [45, 16, 399, 400, 401, 402, 403, 404, 17, 46, 4, 4, 4], "target_tokens": ["[IN:CREATE_ALARM", "[SL:DATE_TIME", "@ptr3", "@ptr4", "@ptr5", "@ptr6", "@ptr7", "@ptr8", "SL:DATE_TIME]", "IN:CREATE_ALARM]"], "predicted_tokens": ["[IN:CREATE_ALARM", "[SL:DATE_TIME", "@ptr4", "@ptr5", "@ptr6", "@ptr7", "@ptr8", "@ptr9", "SL:DATE_TIME]", "IN:CREATE_ALARM]"]}
{"loss": 2.096477746963501, "class_log_probabilities": [-1.233589768409729, -1.801436185836792, -4.789008617401123, -5.017423152923584], "predictions": [39, 40, 397, 41, 16, 398, 399, 400, 17, 42, 4], "target_tokens": ["[IN:GET_STORIES_NEWS", "[SL:NEWS_TYPE", "@ptr0", "@ptr1", "@ptr2", "SL:NEWS_TYPE]", "[SL:DATE_TIME", "@ptr3", "@ptr4", "@ptr5", "SL:DATE_TIME]", "IN:GET_STORIES_NEWS]"], "predicted_tokens": ["[IN:GET_STORIES_NEWS", "[SL:NEWS_TYPE", "@ptr2", "SL:NEWS_TYPE]", "[SL:DATE_TIME", "@ptr3", "@ptr4", "@ptr5", "SL:DATE_TIME]", "IN:GET_STORIES_NEWS]"]}
{"loss": 5.849560737609863, "class_log_probabilities": [-1.9369068145751953, -3.877561569213867, -4.115792751312256, -4.821097373962402], "predictions": [39, 40, 397, 41, 56, 399, 400, 57, 16, 401, 402, 17, 42, 4, 4, 4, 4], "target_tokens": ["[IN:GET_STORIES_NEWS", "[SL:DATE_TIME", "@ptr5", "@ptr6", "SL:DATE_TIME]", "[SL:NEWS_REFERENCE", "@ptr3", "@ptr4", "SL:NEWS_REFERENCE]", "[SL:NEWS_TYPE", "@ptr0", "@ptr1", "@ptr2", "SL:NEWS_TYPE]", "IN:GET_STORIES_NEWS]"], "predicted_tokens": ["[IN:GET_STORIES_NEWS", "[SL:NEWS_TYPE", "@ptr2", "SL:NEWS_TYPE]", "[SL:NEWS_TOPIC", "@ptr4", "@ptr5", "SL:NEWS_TOPIC]", "[SL:DATE_TIME", "@ptr6", "@ptr7", "SL:DATE_TIME]", "IN:GET_STORIES_NEWS]"]}
{"loss": 2.132427215576172, "class_log_probabilities": [-1.7382370233535767, -5.436435222625732, -5.457828044891357, -5.490728378295898], "predictions": [191, 64, 396, 65, 206, 397, 398, 399, 400, 401, 402, 403, 404, 207, 192, 4], "target_tokens": ["[IN:ADD_TO_PLAYLIST_MUSIC", "[SL:MUSIC_TYPE", "@ptr1", "SL:MUSIC_TYPE]", "[SL:MUSIC_TYPE", "@ptr4", "@ptr5", "@ptr6", "@ptr7", "SL:MUSIC_TYPE]", "[SL:MUSIC_PLAYLIST_TITLE", "@ptr8", "@ptr9", "SL:MUSIC_PLAYLIST_TITLE]", "IN:ADD_TO_PLAYLIST_MUSIC]"], "predicted_tokens": ["[IN:ADD_TO_PLAYLIST_MUSIC", "[SL:MUSIC_TYPE", "@ptr1", "SL:MUSIC_TYPE]", "[SL:MUSIC_ALBUM_TITLE", "@ptr2", "@ptr3", "@ptr4", "@ptr5", "@ptr6", "@ptr7", "@ptr8", "@ptr9", "SL:MUSIC_ALBUM_TITLE]", "IN:ADD_TO_PLAYLIST_MUSIC]"]}
{"loss": 1.9019660949707031, "class_log_probabilities": [-1.5865999460220337, -2.194689989089966, -4.226965427398682, -4.990535736083984], "predictions": [49, 16, 399, 400, 401, 402, 403, 404, 405, 17, 50, 4], "target_tokens": ["[IN:CREATE_ALARM", "[SL:DATE_TIME", "@ptr4", "@ptr5", "@ptr6", "@ptr7", "@ptr8", "@ptr9", "SL:DATE_TIME]", "IN:CREATE_ALARM]"], "predicted_tokens": ["[IN:CREATE_REMINDER", "[SL:DATE_TIME", "@ptr4", "@ptr5", "@ptr6", "@ptr7", "@ptr8", "@ptr9", "@ptr10", "SL:DATE_TIME]", "IN:CREATE_REMINDER]"]}
{"loss": 2.487825393676758, "class_log_probabilities": [-2.5981645584106445, -3.4380874633789062, -3.5188405513763428, -3.7507026195526123], "predictions": [39, 40, 396, 397, 398, 399, 134, 16, 401, 17, 42, 4, 4, 4], "target_tokens": ["[IN:GET_STORIES_NEWS", "[SL:NEWS_SOURCE", "@ptr3", "@ptr4", "SL:NEWS_SOURCE]", "[SL:NEWS_TYPE", "@ptr0", "@ptr1", "@ptr2", "SL:NEWS_TYPE]", "[SL:DATE_TIME", "@ptr5", "@ptr6", "SL:DATE_TIME]", "IN:GET_STORIES_NEWS]"], "predicted_tokens": ["[IN:GET_STORIES_NEWS", "[SL:NEWS_TYPE", "@ptr1", "@ptr2", "@ptr3", "@ptr4", "SL:NEWS_SOURCE]", "[SL:DATE_TIME", "@ptr6", "SL:DATE_TIME]", "IN:GET_STORIES_NEWS]"]}
{"loss": 3.1449134349823, "class_log_probabilities": [-0.5504777431488037, -8.358452796936035, -8.361215591430664, -8.448369979858398], "predictions": [39, 40, 395, 41, 16, 396, 397, 17, 42, 4], "target_tokens": ["[IN:GET_STORIES_NEWS", "[SL:DATE_TIME", "@ptr1", "@ptr2", "SL:DATE_TIME]", "[SL:NEWS_TYPE", "@ptr0", "SL:NEWS_TYPE]", "IN:GET_STORIES_NEWS]"], "predicted_tokens": ["[IN:GET_STORIES_NEWS", "[SL:NEWS_TYPE", "@ptr0", "SL:NEWS_TYPE]", "[SL:DATE_TIME", "@ptr1", "@ptr2", "SL:DATE_TIME]", "IN:GET_STORIES_NEWS]"]}
{"loss": 4.469908237457275, "class_log_probabilities": [-0.5065262317657471, -5.693103790283203, -6.087456703186035, -6.290741443634033], "predictions": [13, 16, 404, 405, 17, 18, 4, 4], "target_tokens": ["[IN:GET_WEATHER", "[SL:DATE_TIME", "@ptr5", "@ptr8", "@ptr9", "SL:DATE_TIME]", "IN:GET_WEATHER]"], "predicted_tokens": ["[IN:GET_WEATHER", "[SL:DATE_TIME", "@ptr9", "@ptr10", "SL:DATE_TIME]", "IN:GET_WEATHER]"]}
{"loss": 0.9803896546363831, "class_log_probabilities": [-0.2899295687675476, -7.99606990814209, -8.097389221191406, -8.522133827209473], "predictions": [217, 64, 397, 65, 218, 4, 4, 4], "target_tokens": ["[IN:GET_TRACK_INFO_MUSIC", "[SL:MUSIC_TYPE", "@ptr2", "SL:MUSIC_TYPE]", "IN:GET_TRACK_INFO_MUSIC]"], "predicted_tokens": ["[IN:GET_TRACK_INFO_MUSIC", "[SL:MUSIC_TYPE", "@ptr2", "SL:MUSIC_TYPE]", "IN:GET_TRACK_INFO_MUSIC]"]}
{"loss": 2.9000961780548096, "class_log_probabilities": [-2.7907960414886475, -3.9942007064819336, -4.015072822570801, -4.374423980712891], "predictions": [13, 16, 395, 396, 17, 79, 400, 401, 80, 14, 406, 407, 15, 18, 4, 4], "target_tokens": ["[IN:GET_WEATHER", "[SL:WEATHER_ATTRIBUTE", "@ptr5", "@ptr6", "SL:WEATHER_ATTRIBUTE]", "[SL:LOCATION", "@ptr10", "@ptr11", "SL:LOCATION]", "[SL:DATE_TIME", "@ptr0", "@ptr1", "SL:DATE_TIME]", "IN:GET_WEATHER]"], "predicted_tokens": ["[IN:GET_WEATHER", "[SL:DATE_TIME", "@ptr0", "@ptr1", "SL:DATE_TIME]", "[SL:WEATHER_ATTRIBUTE", "@ptr5", "@ptr6", "SL:WEATHER_ATTRIBUTE]", "[SL:LOCATION", "@ptr11", "@ptr12", "SL:LOCATION]", "IN:GET_WEATHER]"]}
{"loss": 2.0698297023773193, "class_log_probabilities": [-0.7169545292854309, -5.551458835601807, -5.575246810913086, -6.79291296005249], "predictions": [61, 16, 395, 396, 17, 62, 4, 4, 4, 4], "target_tokens": ["[IN:GET_WEATHER", "[SL:DATE_TIME", "@ptr0", "@ptr1", "SL:DATE_TIME]", "IN:GET_WEATHER]"], "predicted_tokens": ["[IN:GET_EVENT", "[SL:DATE_TIME", "@ptr0", "@ptr1", "SL:DATE_TIME]", "IN:GET_EVENT]"]}
{"loss": 4.877200603485107, "class_log_probabilities": [-0.6671290397644043, -4.187615871429443, -4.9442033767700195, -6.241074562072754], "predictions": [287, 64, 402, 65, 288, 4, 4, 4], "target_tokens": ["[IN:REWIND_MUSIC", "[SL:ORDINAL", "@ptr4", "SL:ORDINAL]", "[SL:MUSIC_REWIND_TIME", "@ptr2", "@ptr3", "SL:MUSIC_REWIND_TIME]", "[SL:MUSIC_TYPE", "@ptr6", "SL:MUSIC_TYPE]", "IN:REWIND_MUSIC]"], "predicted_tokens": ["[IN:REPLAY_MUSIC", "[SL:MUSIC_TYPE", "@ptr7", "SL:MUSIC_TYPE]", "IN:REPLAY_MUSIC]"]}
{"loss": 2.0647175312042236, "class_log_probabilities": [-0.9915406107902527, -3.1104867458343506, -5.18563175201416, -7.4700140953063965], "predictions": [39, 40, 397, 41, 56, 401, 402, 403, 404, 405, 406, 57, 42, 4, 4], "target_tokens": ["[IN:GET_STORIES_NEWS", "[SL:NEWS_TYPE", "@ptr1", "@ptr2", "SL:NEWS_TYPE]", "[SL:NEWS_TOPIC", "@ptr5", "@ptr6", "@ptr7", "@ptr8", "@ptr9", "@ptr10", "SL:NEWS_TOPIC]", "IN:GET_STORIES_NEWS]"], "predicted_tokens": ["[IN:GET_STORIES_NEWS", "[SL:NEWS_TYPE", "@ptr2", "SL:NEWS_TYPE]", "[SL:NEWS_TOPIC", "@ptr6", "@ptr7", "@ptr8", "@ptr9", "@ptr10", "@ptr11", "SL:NEWS_TOPIC]", "IN:GET_STORIES_NEWS]"]}
{"loss": 5.014967918395996, "class_log_probabilities": [-0.1561153382062912, -7.7179155349731445, -7.925027847290039, -8.729472160339355], "predictions": [115, 116, 4, 4], "target_tokens": ["[IN:GET_ALARM", "IN:GET_ALARM]"], "predicted_tokens": ["[IN:GET_TIMER", "IN:GET_TIMER]"]}
{"loss": 2.6689090728759766, "class_log_probabilities": [-0.8284646272659302, -2.622828483581543, -6.444252014160156, -6.473062515258789], "predictions": [13, 79, 400, 401, 402, 80, 18, 4, 4], "target_tokens": ["[IN:GET_WEATHER", "[SL:WEATHER_ATTRIBUTE", "@ptr4", "@ptr5", "SL:WEATHER_ATTRIBUTE]", "IN:GET_WEATHER]"], "predicted_tokens": ["[IN:GET_WEATHER", "[SL:WEATHER_ATTRIBUTE", "@ptr5", "@ptr6", "@ptr7", "SL:WEATHER_ATTRIBUTE]", "IN:GET_WEATHER]"]}
{"loss": 4.321040630340576, "class_log_probabilities": [-0.6077907085418701, -6.752867698669434, -7.211978912353516, -7.370893478393555], "predictions": [89, 90, 398, 91, 16, 402, 403, 17, 92, 4], "target_tokens": ["[IN:CREATE_TIMER", "[SL:METHOD_TIMER", "@ptr1", "@ptr2", "@ptr3", "SL:METHOD_TIMER]", "[SL:DATE_TIME", "@ptr6", "@ptr7", "SL:DATE_TIME]", "IN:CREATE_TIMER]"], "predicted_tokens": ["[IN:CREATE_TIMER", "[SL:METHOD_TIMER", "@ptr3", "SL:METHOD_TIMER]", "[SL:DATE_TIME", "@ptr7", "@ptr8", "SL:DATE_TIME]", "IN:CREATE_TIMER]"]}
{"loss": 1.4162498712539673, "class_log_probabilities": [-0.45807504653930664, -3.5122580528259277, -5.632566928863525, -5.825938701629639], "predictions": [291, 64, 396, 65, 292, 4], "target_tokens": ["[IN:REPLAY_MUSIC", "[SL:MUSIC_TYPE", "@ptr1", "SL:MUSIC_TYPE]", "IN:REPLAY_MUSIC]"], "predicted_tokens": ["[IN:LOOP_MUSIC", "[SL:MUSIC_TYPE", "@ptr1", "SL:MUSIC_TYPE]", "IN:LOOP_MUSIC]"]}
{"loss": 1.7155346870422363, "class_log_probabilities": [-1.249733328819275, -2.0000720024108887, -8.100717544555664, -8.58110237121582], "predictions": [45, 16, 399, 400, 401, 402, 403, 404, 17, 46, 4, 4], "target_tokens": ["[IN:CREATE_ALARM", "[SL:DATE_TIME", "@ptr3", "@ptr4", "@ptr5", "@ptr6", "@ptr7", "@ptr8", "SL:DATE_TIME]", "IN:CREATE_ALARM]"], "predicted_tokens": ["[IN:CREATE_ALARM", "[SL:DATE_TIME", "@ptr4", "@ptr5", "@ptr6", "@ptr7", "@ptr8", "@ptr9", "SL:DATE_TIME]", "IN:CREATE_ALARM]"]}
{"loss": 3.7929258346557617, "class_log_probabilities": [-1.2561235427856445, -2.9145121574401855, -5.7602458000183105, -6.150277614593506], "predictions": [13, 16, 395, 396, 17, 79, 399, 80, 18, 4], "target_tokens": ["[IN:GET_WEATHER", "[SL:WEATHER_ATTRIBUTE", "@ptr2", "@ptr3", "SL:WEATHER_ATTRIBUTE]", "[SL:DATE_TIME", "@ptr0", "@ptr1", "SL:DATE_TIME]", "IN:GET_WEATHER]"], "predicted_tokens": ["[IN:GET_WEATHER", "[SL:DATE_TIME", "@ptr0", "@ptr1", "SL:DATE_TIME]", "[SL:WEATHER_ATTRIBUTE", "@ptr4", "SL:WEATHER_ATTRIBUTE]", "IN:GET_WEATHER]"]}
{"loss": 2.133326768875122, "class_log_probabilities": [-4.050806045532227, -5.57916784286499, -5.732211112976074, -6.67352294921875], "predictions": [191, 64, 396, 65, 206, 397, 207, 66, 399, 400, 67, 206, 402, 403, 404, 405, 406, 407, 408, 207, 192, 4], "target_tokens": ["[IN:ADD_TO_PLAYLIST_MUSIC", "[SL:MUSIC_TYPE", "@ptr1", "SL:MUSIC_TYPE]", "[SL:MUSIC_TRACK_TITLE", "@ptr2", "SL:MUSIC_TRACK_TITLE]", "[SL:MUSIC_ARTIST_NAME", "@ptr4", "@ptr5", "SL:MUSIC_ARTIST_NAME]", "[SL:MUSIC_TYPE", "@ptr7", "@ptr8", "@ptr9", "@ptr10", "SL:MUSIC_TYPE]", "[SL:MUSIC_PLAYLIST_TITLE", "@ptr16", "@ptr17", "SL:MUSIC_PLAYLIST_TITLE]", "IN:ADD_TO_PLAYLIST_MUSIC]"], "predicted_tokens": ["[IN:ADD_TO_PLAYLIST_MUSIC", "[SL:MUSIC_TYPE", "@ptr1", "SL:MUSIC_TYPE]", "[SL:MUSIC_ALBUM_TITLE", "@ptr2", "SL:MUSIC_ALBUM_TITLE]", "[SL:MUSIC_ARTIST_NAME", "@ptr4", "@ptr5", "SL:MUSIC_ARTIST_NAME]", "[SL:MUSIC_ALBUM_TITLE", "@ptr7", "@ptr8", "@ptr9", "@ptr10", "@ptr11", "@ptr12", "@ptr13", "SL:MUSIC_ALBUM_TITLE]", "IN:ADD_TO_PLAYLIST_MUSIC]"]}
{"loss": 2.6206881999969482, "class_log_probabilities": [-0.6127012968063354, -7.123466491699219, -7.274078369140625, -7.727487564086914], "predictions": [89, 90, 398, 91, 16, 402, 403, 404, 17, 92, 4], "target_tokens": ["[IN:CREATE_TIMER", "[SL:METHOD_TIMER", "@ptr1", "@ptr2", "@ptr3", "SL:METHOD_TIMER]", "[SL:DATE_TIME", "@ptr7", "@ptr8", "@ptr9", "SL:DATE_TIME]", "IN:CREATE_TIMER]"], "predicted_tokens": ["[IN:CREATE_TIMER", "[SL:METHOD_TIMER", "@ptr3", "SL:METHOD_TIMER]", "[SL:DATE_TIME", "@ptr7", "@ptr8", "@ptr9", "SL:DATE_TIME]", "IN:CREATE_TIMER]"]}
{"loss": 3.1275687217712402, "class_log_probabilities": [-1.372557520866394, -3.6915640830993652, -4.3032307624816895, -5.319484233856201], "predictions": [13, 16, 395, 396, 397, 17, 79, 402, 80, 18, 4], "target_tokens": ["[IN:GET_WEATHER", "[SL:WEATHER_ATTRIBUTE", "@ptr5", "SL:WEATHER_ATTRIBUTE]", "[SL:DATE_TIME", "@ptr0", "@ptr1", "@ptr2", "SL:DATE_TIME]", "IN:GET_WEATHER]"], "predicted_tokens": ["[IN:GET_WEATHER", "[SL:DATE_TIME", "@ptr0", "@ptr1", "@ptr2", "SL:DATE_TIME]", "[SL:WEATHER_ATTRIBUTE", "@ptr7", "SL:WEATHER_ATTRIBUTE]", "IN:GET_WEATHER]"]}
{"loss": 3.5836029052734375, "class_log_probabilities": [-0.6386060118675232, -8.07997989654541, -8.313648223876953, -8.431963920593262], "predictions": [13, 79, 395, 80, 16, 399, 400, 401, 17, 18, 4], "target_tokens": ["[IN:GET_WEATHER", "[SL:WEATHER_ATTRIBUTE", "@ptr0", "@ptr1", "@ptr2", "SL:WEATHER_ATTRIBUTE]", "[SL:DATE_TIME", "@ptr3", "@ptr4", "@ptr5", "SL:DATE_TIME]", "IN:GET_WEATHER]"], "predicted_tokens": ["[IN:GET_WEATHER", "[SL:WEATHER_ATTRIBUTE", "@ptr0", "SL:WEATHER_ATTRIBUTE]", "[SL:DATE_TIME", "@ptr4", "@ptr5", "@ptr6", "SL:DATE_TIME]", "IN:GET_WEATHER]"]}
{"loss": 3.04606556892395, "class_log_probabilities": [-0.6172882914543152, -6.852120399475098, -7.878598213195801, -8.027286529541016], "predictions": [39, 40, 395, 41, 131, 396, 132, 133, 398, 134, 42, 4], "target_tokens": ["[IN:GET_STORIES_NEWS", "[SL:NEWS_REFERENCE", "@ptr1", "SL:NEWS_REFERENCE]", "[SL:NEWS_TYPE", "@ptr0", "SL:NEWS_TYPE]", "[SL:NEWS_SOURCE", "@ptr3", "SL:NEWS_SOURCE]", "IN:GET_STORIES_NEWS]"], "predicted_tokens": ["[IN:GET_STORIES_NEWS", "[SL:NEWS_TYPE", "@ptr0", "SL:NEWS_TYPE]", "[SL:NEWS_REFERENCE", "@ptr1", "SL:NEWS_REFERENCE]", "[SL:NEWS_SOURCE", "@ptr3", "SL:NEWS_SOURCE]", "IN:GET_STORIES_NEWS]"]}
{"loss": 0.9819965362548828, "class_log_probabilities": [-0.3579484224319458, -3.220191240310669, -5.712740898132324, -6.170774459838867], "predictions": [213, 214, 4], "target_tokens": ["[IN:SILENCE_ALARM", "IN:SILENCE_ALARM]"], "predicted_tokens": ["[IN:SILENCE_ALARM", "IN:SILENCE_ALARM]"]}
{"loss": 3.8386788368225098, "class_log_probabilities": [-0.8852818012237549, -1.8653836250305176, -6.767578125, -7.1935296058654785], "predictions": [115, 90, 397, 91, 116, 4], "target_tokens": ["[IN:GET_TIMER", "[SL:METHOD_TIMER", "@ptr4", "@ptr5", "@ptr6", "SL:METHOD_TIMER]", "IN:GET_TIMER]"], "predicted_tokens": ["[IN:GET_TIMER", "[SL:METHOD_TIMER", "@ptr2", "SL:METHOD_TIMER]", "IN:GET_TIMER]"]}
{"loss": 1.0491365194320679, "class_log_probabilities": [-1.8546911478042603, -1.9534916877746582, -3.7313218116760254, -4.433300495147705], "predictions": [45, 16, 400, 401, 402, 17, 46, 4, 4], "target_tokens": ["[IN:CREATE_ALARM", "[SL:DATE_TIME", "@ptr4", "@ptr5", "@ptr6", "@ptr7", "SL:DATE_TIME]", "IN:CREATE_ALARM]"], "predicted_tokens": ["[IN:CREATE_ALARM", "[SL:DATE_TIME", "@ptr5", "@ptr6", "@ptr7", "SL:DATE_TIME]", "IN:CREATE_ALARM]"]}
{"loss": 3.230009078979492, "class_log_probabilities": [-1.133394479751587, -2.6546196937561035, -4.415982246398926, -5.808887004852295], "predictions": [13, 16, 395, 396, 397, 398, 17, 79, 400, 80, 18, 4, 4], "target_tokens": ["[IN:GET_WEATHER", "[SL:WEATHER_ATTRIBUTE", "@ptr4", "SL:WEATHER_ATTRIBUTE]", "[SL:DATE_TIME", "@ptr0", "@ptr1", "@ptr2", "@ptr3", "SL:DATE_TIME]", "IN:GET_WEATHER]"], "predicted_tokens": ["[IN:GET_WEATHER", "[SL:DATE_TIME", "@ptr0", "@ptr1", "@ptr2", "@ptr3", "SL:DATE_TIME]", "[SL:WEATHER_ATTRIBUTE", "@ptr5", "SL:WEATHER_ATTRIBUTE]", "IN:GET_WEATHER]"]}
{"loss": 2.354726791381836, "class_log_probabilities": [-0.3231697082519531, -8.611323356628418, -8.6162691116333, -8.72536849975586], "predictions": [13, 14, 399, 15, 18, 4], "target_tokens": ["[IN:GET_WEATHER", "[SL:LOCATION", "@ptr3", "SL:LOCATION]", "IN:GET_WEATHER]"], "predicted_tokens": ["[IN:GET_WEATHER", "[SL:LOCATION", "@ptr4", "SL:LOCATION]", "IN:GET_WEATHER]"]}
{"loss": 3.584850311279297, "class_log_probabilities": [-1.277036428451538, -4.795231819152832, -5.56079626083374, -5.598353862762451], "predictions": [45, 141, 399, 400, 401, 142, 16, 403, 404, 405, 406, 407, 17, 46, 4, 4, 4, 4], "target_tokens": ["[IN:CREATE_ALARM", "[SL:PERIOD", "@ptr3", "@ptr4", "@ptr5", "SL:PERIOD]", "[SL:DATE_TIME", "@ptr6", "@ptr7", "@ptr8", "@ptr9", "@ptr10", "SL:DATE_TIME]", "IN:CREATE_ALARM]"], "predicted_tokens": ["[IN:CREATE_ALARM", "[SL:PERIOD", "@ptr4", "@ptr5", "@ptr6", "SL:PERIOD]", "[SL:DATE_TIME", "@ptr8", "@ptr9", "@ptr10", "@ptr11", "@ptr12", "SL:DATE_TIME]", "IN:CREATE_ALARM]"]}
{"loss": 3.0424864292144775, "class_log_probabilities": [-1.3954325914382935, -2.5181312561035156, -3.5539960861206055, -4.651843547821045], "predictions": [13, 14, 399, 400, 401, 402, 15, 16, 403, 404, 405, 17, 18, 4, 4], "target_tokens": ["[IN:GET_WEATHER", "[SL:LOCATION", "@ptr3", "@ptr4", "@ptr5", "@ptr6", "SL:LOCATION]", "[SL:DATE_TIME", "@ptr7", "@ptr8", "SL:DATE_TIME]", "IN:GET_WEATHER]"], "predicted_tokens": ["[IN:GET_WEATHER", "[SL:LOCATION", "@ptr4", "@ptr5", "@ptr6", "@ptr7", "SL:LOCATION]", "[SL:DATE_TIME", "@ptr8", "@ptr9", "@ptr10", "SL:DATE_TIME]", "IN:GET_WEATHER]"]}
{"loss": 4.038724899291992, "class_log_probabilities": [-0.17109635472297668, -6.165036678314209, -6.999255657196045, -7.431900978088379], "predictions": [255, 256, 4], "target_tokens": ["[IN:PAUSE_TIMER", "[SL:METHOD_TIMER", "@ptr2", "@ptr3", "@ptr4", "SL:METHOD_TIMER]", "IN:PAUSE_TIMER]"], "predicted_tokens": ["[IN:PAUSE_TIMER", "IN:PAUSE_TIMER]"]}
{"loss": 2.4335505962371826, "class_log_probabilities": [-0.9393202066421509, -4.177745819091797, -4.604074954986572, -4.695863246917725], "predictions": [13, 79, 398, 80, 14, 403, 404, 405, 15, 16, 406, 407, 17, 18, 4], "target_tokens": ["[IN:GET_WEATHER", "[SL:WEATHER_ATTRIBUTE", "@ptr3", "SL:WEATHER_ATTRIBUTE]", "[SL:LOCATION", "@ptr7", "@ptr8", "@ptr9", "SL:LOCATION]", "[SL:DATE_TIME", "@ptr10", "@ptr11", "SL:DATE_TIME]", "IN:GET_WEATHER]"], "predicted_tokens": ["[IN:GET_WEATHER", "[SL:WEATHER_ATTRIBUTE", "@ptr3", "SL:WEATHER_ATTRIBUTE]", "[SL:LOCATION", "@ptr8", "@ptr9", "@ptr10", "SL:LOCATION]", "[SL:DATE_TIME", "@ptr11", "@ptr12", "SL:DATE_TIME]", "IN:GET_WEATHER]"]}
{"loss": 2.4747495651245117, "class_log_probabilities": [-0.3200543522834778, -6.993262767791748, -6.998732089996338, -7.017021656036377], "predictions": [287, 64, 396, 65, 288, 4], "target_tokens": ["[IN:RESUME_MUSIC", "[SL:MUSIC_TYPE", "@ptr1", "SL:MUSIC_TYPE]", "IN:RESUME_MUSIC]"], "predicted_tokens": ["[IN:REPLAY_MUSIC", "[SL:MUSIC_TYPE", "@ptr1", "SL:MUSIC_TYPE]", "IN:REPLAY_MUSIC]"]}
{"loss": 0.9916396737098694, "class_log_probabilities": [-0.17088574171066284, -6.3151984214782715, -7.256094932556152, -7.452910900115967], "predictions": [267, 268, 4], "target_tokens": ["[IN:LIKE_MUSIC", "IN:LIKE_MUSIC]"], "predicted_tokens": ["[IN:LIKE_MUSIC", "IN:LIKE_MUSIC]"]}
{"loss": 1.827029824256897, "class_log_probabilities": [-1.7172601222991943, -2.079162359237671, -4.0273027420043945, -6.145541667938232], "predictions": [13, 14, 397, 398, 399, 400, 15, 18, 4, 4, 4, 4, 4], "target_tokens": ["[IN:GET_WEATHER", "[SL:LOCATION", "@ptr2", "@ptr3", "@ptr4", "SL:LOCATION]", "IN:GET_WEATHER]"], "predicted_tokens": ["[IN:GET_WEATHER", "[SL:LOCATION", "@ptr2", "@ptr3", "@ptr4", "@ptr5", "SL:LOCATION]", "IN:GET_WEATHER]"]}
{"loss": 2.4678030014038086, "class_log_probabilities": [-0.5467717051506042, -6.067671298980713, -7.640148639678955, -7.753594398498535], "predictions": [89, 90, 396, 91, 16, 397, 398, 17, 92, 4, 4], "target_tokens": ["[IN:CREATE_TIMER", "[SL:METHOD_TIMER", "@ptr0", "@ptr1", "SL:METHOD_TIMER]", "[SL:DATE_TIME", "@ptr2", "@ptr3", "SL:DATE_TIME]", "IN:CREATE_TIMER]"], "predicted_tokens": ["[IN:CREATE_TIMER", "[SL:METHOD_TIMER", "@ptr1", "SL:METHOD_TIMER]", "[SL:DATE_TIME", "@ptr2", "@ptr3", "SL:DATE_TIME]", "IN:CREATE_TIMER]"]}
{"loss": 2.550102710723877, "class_log_probabilities": [-1.1198896169662476, -2.930433511734009, -7.271723747253418, -7.554965019226074], "predictions": [13, 14, 397, 398, 399, 15, 16, 400, 401, 402, 403, 17, 79, 405, 80, 18, 4, 4], "target_tokens": ["[IN:GET_WEATHER", "[SL:LOCATION", "@ptr2", "@ptr3", "@ptr4", "SL:LOCATION]", "[SL:WEATHER_ATTRIBUTE", "@ptr9", "SL:WEATHER_ATTRIBUTE]", "[SL:DATE_TIME", "@ptr5", "@ptr6", "@ptr7", "SL:DATE_TIME]", "IN:GET_WEATHER]"], "predicted_tokens": ["[IN:GET_WEATHER", "[SL:LOCATION", "@ptr2", "@ptr3", "@ptr4", "SL:LOCATION]", "[SL:DATE_TIME", "@ptr5", "@ptr6", "@ptr7", "@ptr8", "SL:DATE_TIME]", "[SL:WEATHER_ATTRIBUTE", "@ptr10", "SL:WEATHER_ATTRIBUTE]", "IN:GET_WEATHER]"]}
{"loss": 3.6105403900146484, "class_log_probabilities": [-0.6595501899719238, -3.8796651363372803, -6.32868766784668, -7.211973667144775], "predictions": [13, 16, 397, 398, 17, 18, 4, 4], "target_tokens": ["[IN:GET_WEATHER", "IN:GET_WEATHER]"], "predicted_tokens": ["[IN:GET_WEATHER", "[SL:DATE_TIME", "@ptr2", "@ptr3", "SL:DATE_TIME]", "IN:GET_WEATHER]"]}
{"loss": 1.7544116973876953, "class_log_probabilities": [-0.4922671914100647, -7.447249412536621, -7.858973026275635, -8.375580787658691], "predictions": [13, 16, 400, 401, 402, 403, 17, 18, 4, 4], "target_tokens": ["[IN:GET_WEATHER", "[SL:DATE_TIME", "@ptr5", "@ptr6", "@ptr7", "SL:DATE_TIME]", "IN:GET_WEATHER]"], "predicted_tokens": ["[IN:GET_WEATHER", "[SL:DATE_TIME", "@ptr5", "@ptr6", "@ptr7", "@ptr8", "SL:DATE_TIME]", "IN:GET_WEATHER]"]}
{"loss": 4.376701354980469, "class_log_probabilities": [-0.38791781663894653, -5.543863773345947, -6.354045391082764, -8.558921813964844], "predictions": [287, 64, 398, 65, 288, 4, 4, 4, 4], "target_tokens": ["[IN:PREVIOUS_TRACK_MUSIC", "[SL:ORDINAL", "@ptr4", "SL:ORDINAL]", "[SL:MUSIC_TYPE", "@ptr3", "SL:MUSIC_TYPE]", "IN:PREVIOUS_TRACK_MUSIC]"], "predicted_tokens": ["[IN:REPLAY_MUSIC", "[SL:MUSIC_TYPE", "@ptr3", "SL:MUSIC_TYPE]", "IN:REPLAY_MUSIC]"]}
{"loss": 0.9635686874389648, "class_log_probabilities": [-0.17103539407253265, -8.17794132232666, -8.778465270996094, -9.126255989074707], "predictions": [13, 18, 4, 4, 4], "target_tokens": ["[IN:GET_WEATHER", "IN:GET_WEATHER]"], "predicted_tokens": ["[IN:GET_WEATHER", "IN:GET_WEATHER]"]}
{"loss": 2.345019817352295, "class_log_probabilities": [-0.7429441809654236, -4.033448696136475, -5.284264087677002, -5.959875106811523], "predictions": [335, 337, 399, 400, 338, 336, 4, 4], "target_tokens": ["[IN:REWIND_MUSIC", "[SL:MUSIC_REWIND_TIME", "@ptr3", "@ptr4", "SL:MUSIC_REWIND_TIME]", "IN:REWIND_MUSIC]"], "predicted_tokens": ["[IN:REWIND_MUSIC", "[SL:MUSIC_REWIND_TIME", "@ptr4", "@ptr5", "SL:MUSIC_REWIND_TIME]", "IN:REWIND_MUSIC]"]}
{"loss": 4.790993690490723, "class_log_probabilities": [-0.4127078056335449, -3.1321463584899902, -6.131403923034668, -6.438547134399414], "predictions": [255, 90, 398, 91, 256, 4], "target_tokens": ["[IN:DELETE_TIMER", "[SL:METHOD_TIMER", "@ptr1", "@ptr2", "@ptr3", "SL:METHOD_TIMER]", "IN:DELETE_TIMER]"], "predicted_tokens": ["[IN:PAUSE_TIMER", "[SL:METHOD_TIMER", "@ptr3", "SL:METHOD_TIMER]", "IN:PAUSE_TIMER]"]}
{"loss": 3.5913102626800537, "class_log_probabilities": [-2.245344877243042, -2.473558187484741, -2.5536820888519287, -3.6939144134521484], "predictions": [39, 40, 398, 41, 43, 400, 44, 42, 4, 4, 4, 4, 4], "target_tokens": ["[IN:GET_STORIES_NEWS", "[SL:NEWS_CATEGORY", "@ptr4", "SL:NEWS_CATEGORY]", "[SL:NEWS_TYPE", "@ptr1", "@ptr2", "@ptr3", "SL:NEWS_TYPE]", "IN:GET_STORIES_NEWS]"], "predicted_tokens": ["[IN:GET_STORIES_NEWS", "[SL:NEWS_TYPE", "@ptr3", "SL:NEWS_TYPE]", "[SL:NEWS_CATEGORY", "@ptr5", "SL:NEWS_CATEGORY]", "IN:GET_STORIES_NEWS]"]}
{"loss": 3.352120876312256, "class_log_probabilities": [-0.547795832157135, -5.780601978302002, -7.146369934082031, -7.238037586212158], "predictions": [39, 40, 395, 41, 43, 397, 44, 42, 4], "target_tokens": ["[IN:GET_STORIES_NEWS", "[SL:NEWS_CATEGORY", "@ptr1", "@ptr2", "SL:NEWS_CATEGORY]", "[SL:NEWS_TYPE", "@ptr0", "SL:NEWS_TYPE]", "IN:GET_STORIES_NEWS]"], "predicted_tokens": ["[IN:GET_STORIES_NEWS", "[SL:NEWS_TYPE", "@ptr0", "SL:NEWS_TYPE]", "[SL:NEWS_CATEGORY", "@ptr2", "SL:NEWS_CATEGORY]", "IN:GET_STORIES_NEWS]"]}
{"loss": 4.17448091506958, "class_log_probabilities": [-0.4766782522201538, -6.1373419761657715, -6.785280704498291, -6.793149471282959], "predictions": [89, 16, 400, 401, 17, 92, 4, 4], "target_tokens": ["[IN:CREATE_TIMER", "[SL:METHOD_TIMER", "@ptr0", "@ptr1", "@ptr2", "SL:METHOD_TIMER]", "[SL:DATE_TIME", "@ptr3", "@ptr4", "@ptr5", "SL:DATE_TIME]", "IN:CREATE_TIMER]"], "predicted_tokens": ["[IN:CREATE_TIMER", "[SL:DATE_TIME", "@ptr5", "@ptr6", "SL:DATE_TIME]", "IN:CREATE_TIMER]"]}
{"loss": 0.9526271224021912, "class_log_probabilities": [-0.23306232690811157, -6.779720783233643, -7.1391119956970215, -7.252257347106934], "predictions": [45, 46, 4], "target_tokens": ["[IN:CREATE_ALARM", "IN:CREATE_ALARM]"], "predicted_tokens": ["[IN:CREATE_ALARM", "IN:CREATE_ALARM]"]}
{"loss": 3.3695099353790283, "class_log_probabilities": [-0.7333583235740662, -3.142181873321533, -5.640865325927734, -6.639693737030029], "predictions": [63, 64, 396, 65, 103, 399, 104, 68, 4, 4, 4, 4], "target_tokens": ["[IN:PLAY_MUSIC", "[SL:MUSIC_PROVIDER_NAME", "@ptr4", "SL:MUSIC_PROVIDER_NAME]", "[SL:MUSIC_TYPE", "@ptr1", "@ptr2", "SL:MUSIC_TYPE]", "IN:PLAY_MUSIC]"], "predicted_tokens": ["[IN:PLAY_MUSIC", "[SL:MUSIC_TYPE", "@ptr1", "SL:MUSIC_TYPE]", "[SL:MUSIC_PROVIDER_NAME", "@ptr4", "SL:MUSIC_PROVIDER_NAME]", "IN:PLAY_MUSIC]"]}
{"loss": 2.60347580909729, "class_log_probabilities": [-1.0091369152069092, -3.0926480293273926, -5.583906650543213, -5.937407970428467], "predictions": [39, 40, 395, 41, 56, 396, 397, 398, 399, 400, 401, 57, 42, 4, 4, 4], "target_tokens": ["[IN:GET_STORIES_NEWS", "[SL:NEWS_TOPIC", "@ptr1", "@ptr2", "@ptr3", "@ptr4", "@ptr5", "SL:NEWS_TOPIC]", "[SL:NEWS_TYPE", "@ptr0", "SL:NEWS_TYPE]", "IN:GET_STORIES_NEWS]"], "predicted_tokens": ["[IN:GET_STORIES_NEWS", "[SL:NEWS_TYPE", "@ptr0", "SL:NEWS_TYPE]", "[SL:NEWS_TOPIC", "@ptr1", "@ptr2", "@ptr3", "@ptr4", "@ptr5", "@ptr6", "SL:NEWS_TOPIC]", "IN:GET_STORIES_NEWS]"]}
{"loss": 3.378324270248413, "class_log_probabilities": [-0.7238713502883911, -5.7141923904418945, -7.2624969482421875, -7.536858081817627], "predictions": [259, 260, 4, 4, 4, 4, 4, 4, 4, 4, 4], "target_tokens": ["[IN:UPDATE_ALARM", "[SL:AMOUNT", "@ptr5", "SL:AMOUNT]", "[SL:DATE_TIME", "@ptr7", "@ptr8", "@ptr9", "SL:DATE_TIME]", "IN:UPDATE_ALARM]"], "predicted_tokens": ["[IN:UPDATE_ALARM", "IN:UPDATE_ALARM]"]}
{"loss": 3.05802321434021, "class_log_probabilities": [-0.8616276979446411, -6.205654621124268, -6.238855361938477, -6.3750104904174805], "predictions": [89, 90, 398, 91, 167, 400, 401, 402, 168, 92, 4], "target_tokens": ["[IN:CREATE_TIMER", "[SL:METHOD_TIMER", "@ptr1", "@ptr2", "@ptr3", "SL:METHOD_TIMER]", "[SL:TIMER_NAME", "@ptr5", "@ptr6", "SL:TIMER_NAME]", "IN:CREATE_TIMER]"], "predicted_tokens": ["[IN:CREATE_TIMER", "[SL:METHOD_TIMER", "@ptr3", "SL:METHOD_TIMER]", "[SL:TIMER_NAME", "@ptr5", "@ptr6", "@ptr7", "SL:TIMER_NAME]", "IN:CREATE_TIMER]"]}
{"loss": 1.0411216020584106, "class_log_probabilities": [-1.6888262033462524, -2.202173948287964, -5.177210807800293, -5.50810432434082], "predictions": [63, 101, 398, 399, 400, 102, 66, 402, 403, 404, 67, 103, 405, 104, 68, 4], "target_tokens": ["[IN:PLAY_MUSIC", "[SL:MUSIC_TRACK_TITLE", "@ptr3", "@ptr4", "@ptr5", "SL:MUSIC_TRACK_TITLE]", "[SL:MUSIC_ARTIST_NAME", "@ptr7", "@ptr8", "SL:MUSIC_ARTIST_NAME]", "[SL:MUSIC_PROVIDER_NAME", "@ptr10", "SL:MUSIC_PROVIDER_NAME]", "IN:PLAY_MUSIC]"], "predicted_tokens": ["[IN:PLAY_MUSIC", "[SL:MUSIC_TRACK_TITLE", "@ptr3", "@ptr4", "@ptr5", "SL:MUSIC_TRACK_TITLE]", "[SL:MUSIC_ARTIST_NAME", "@ptr7", "@ptr8", "@ptr9", "SL:MUSIC_ARTIST_NAME]", "[SL:MUSIC_PROVIDER_NAME", "@ptr10", "SL:MUSIC_PROVIDER_NAME]", "IN:PLAY_MUSIC]"]}
{"loss": 3.4519007205963135, "class_log_probabilities": [-1.5997517108917236, -3.135162830352783, -5.722801208496094, -6.16331148147583], "predictions": [255, 90, 399, 91, 256, 4], "target_tokens": ["[IN:PAUSE_TIMER", "[SL:METHOD_TIMER", "@ptr2", "@ptr3", "@ptr4", "SL:METHOD_TIMER]", "IN:PAUSE_TIMER]"], "predicted_tokens": ["[IN:PAUSE_TIMER", "[SL:METHOD_TIMER", "@ptr4", "SL:METHOD_TIMER]", "IN:PAUSE_TIMER]"]}
{"loss": 3.841517686843872, "class_log_probabilities": [-2.826516628265381, -3.7310829162597656, -5.189283847808838, -5.59442663192749], "predictions": [273, 36, 398, 399, 37, 34, 400, 35, 274, 4], "target_tokens": ["[IN:SILENCE_ALARM", "IN:SILENCE_ALARM]"], "predicted_tokens": ["[IN:RESTART_TIMER", "[SL:TODO", "@ptr3", "@ptr4", "SL:TODO]", "[SL:PERSON_REMINDED", "@ptr5", "SL:PERSON_REMINDED]", "IN:RESTART_TIMER]"]}
{"loss": 5.21472692489624, "class_log_probabilities": [-0.4025328755378723, -2.3904261589050293, -7.075253963470459, -7.236202239990234], "predictions": [33, 34, 402, 35, 38, 4, 4], "target_tokens": ["[IN:DELETE_ALARM", "[SL:AMOUNT", "@ptr5", "SL:AMOUNT]", "IN:DELETE_ALARM]"], "predicted_tokens": ["[IN:DELETE_REMINDER", "[SL:PERSON_REMINDED", "@ptr7", "SL:PERSON_REMINDED]", "IN:DELETE_REMINDER]"]}
{"loss": 0.9613504409790039, "class_log_probabilities": [-0.4225642681121826, -7.849185466766357, -8.118647575378418, -8.23462200164795], "predictions": [89, 16, 399, 400, 17, 92, 4], "target_tokens": ["[IN:CREATE_TIMER", "[SL:DATE_TIME", "@ptr4", "@ptr5", "SL:DATE_TIME]", "IN:CREATE_TIMER]"], "predicted_tokens": ["[IN:CREATE_TIMER", "[SL:DATE_TIME", "@ptr4", "@ptr5", "SL:DATE_TIME]", "IN:CREATE_TIMER]"]}
{"loss": 3.6896069049835205, "class_log_probabilities": [-0.48115068674087524, -4.448204040527344, -5.185873508453369, -6.00833797454834], "predictions": [51, 52, 395, 53, 54, 4, 4, 4, 4, 4], "target_tokens": ["[IN:GET_RECIPES", "[SL:RECIPES_COOKING_METHOD", "@ptr1", "@ptr2", "SL:RECIPES_COOKING_METHOD]", "[SL:RECIPES_DISH", "@ptr0", "SL:RECIPES_DISH]", "IN:GET_RECIPES]"], "predicted_tokens": ["[IN:GET_RECIPES", "[SL:RECIPES_DISH", "@ptr0", "SL:RECIPES_DISH]", "IN:GET_RECIPES]"]}
{"loss": 3.2880613803863525, "class_log_probabilities": [-0.526162326335907, -7.098385334014893, -7.959615707397461, -8.367222785949707], "predictions": [27, 52, 400, 401, 402, 403, 53, 30, 4, 4, 4, 4], "target_tokens": ["[IN:GET_INFO_RECIPES", "[SL:RECIPES_ATTRIBUTE", "@ptr9", "@ptr10", "@ptr11", "SL:RECIPES_ATTRIBUTE]", "[SL:RECIPES_DISH", "@ptr5", "@ptr6", "@ptr7", "@ptr8", "SL:RECIPES_DISH]", "IN:GET_INFO_RECIPES]"], "predicted_tokens": ["[IN:GET_INFO_RECIPES", "[SL:RECIPES_DISH", "@ptr5", "@ptr6", "@ptr7", "@ptr8", "SL:RECIPES_DISH]", "IN:GET_INFO_RECIPES]"]}
{"loss": 3.8383758068084717, "class_log_probabilities": [-0.9480224251747131, -2.354006052017212, -2.739133596420288, -5.1800312995910645], "predictions": [51, 52, 395, 53, 54, 4], "target_tokens": ["[IN:GET_RECIPES", "[SL:RECIPES_COOKING_METHOD", "@ptr1", "@ptr2", "SL:RECIPES_COOKING_METHOD]", "[SL:RECIPES_DISH", "@ptr0", "SL:RECIPES_DISH]", "IN:GET_RECIPES]"], "predicted_tokens": ["[IN:GET_RECIPES", "[SL:RECIPES_DISH", "@ptr0", "SL:RECIPES_DISH]", "IN:GET_RECIPES]"]}
{"loss": 0.9750121235847473, "class_log_probabilities": [-0.2904181182384491, -6.317395210266113, -7.076730251312256, -8.197074890136719], "predictions": [51, 52, 398, 53, 54, 4], "target_tokens": ["[IN:GET_RECIPES", "[SL:RECIPES_DISH", "@ptr3", "SL:RECIPES_DISH]", "IN:GET_RECIPES]"], "predicted_tokens": ["[IN:GET_RECIPES", "[SL:RECIPES_DISH", "@ptr3", "SL:RECIPES_DISH]", "IN:GET_RECIPES]"]}
{"loss": 2.853912353515625, "class_log_probabilities": [-0.7282583713531494, -5.312728404998779, -5.56486701965332, -5.922308444976807], "predictions": [27, 129, 397, 398, 130, 52, 401, 402, 403, 53, 30, 4], "target_tokens": ["[IN:IS_TRUE_RECIPES", "[SL:RECIPES_INCLUDED_INGREDIENT", "@ptr2", "@ptr3", "SL:RECIPES_INCLUDED_INGREDIENT]", "[SL:RECIPES_DISH", "@ptr5", "@ptr6", "@ptr7", "SL:RECIPES_DISH]", "IN:IS_TRUE_RECIPES]"], "predicted_tokens": ["[IN:GET_INFO_RECIPES", "[SL:RECIPES_INCLUDED_INGREDIENT", "@ptr2", "@ptr3", "SL:RECIPES_INCLUDED_INGREDIENT]", "[SL:RECIPES_DISH", "@ptr6", "@ptr7", "@ptr8", "SL:RECIPES_DISH]", "IN:GET_INFO_RECIPES]"]}
{"loss": 3.842104196548462, "class_log_probabilities": [-0.5372366309165955, -4.480667591094971, -6.030503749847412, -7.363643646240234], "predictions": [27, 52, 404, 405, 406, 53, 30, 4, 4], "target_tokens": ["[IN:GET_INFO_RECIPES", "[SL:RECIPES_ATTRIBUTE", "@ptr3", "@ptr4", "SL:RECIPES_ATTRIBUTE]", "[SL:RECIPES_DISH", "@ptr8", "@ptr9", "SL:RECIPES_DISH]", "IN:GET_INFO_RECIPES]"], "predicted_tokens": ["[IN:GET_INFO_RECIPES", "[SL:RECIPES_DISH", "@ptr9", "@ptr10", "@ptr11", "SL:RECIPES_DISH]", "IN:GET_INFO_RECIPES]"]}
{"loss": 3.770444869995117, "class_log_probabilities": [-2.583380937576294, -2.628699779510498, -2.8759424686431885, -3.6950294971466064], "predictions": [27, 52, 395, 396, 397, 398, 53, 129, 402, 403, 404, 130, 30, 4, 4, 4, 4, 4], "target_tokens": ["[IN:GET_INFO_RECIPES", "[SL:RECIPES_ATTRIBUTE", "@ptr8", "SL:RECIPES_ATTRIBUTE]", "[SL:RECIPES_INCLUDED_INGREDIENT", "@ptr2", "@ptr3", "SL:RECIPES_INCLUDED_INGREDIENT]", "[SL:RECIPES_DISH", "@ptr0", "@ptr1", "@ptr2", "@ptr3", "SL:RECIPES_DISH]", "IN:GET_INFO_RECIPES]"], "predicted_tokens": ["[IN:GET_INFO_RECIPES", "[SL:RECIPES_DISH", "@ptr0", "@ptr1", "@ptr2", "@ptr3", "SL:RECIPES_DISH]", "[SL:RECIPES_INCLUDED_INGREDIENT", "@ptr7", "@ptr8", "@ptr9", "SL:RECIPES_INCLUDED_INGREDIENT]", "IN:GET_INFO_RECIPES]"]}
{"loss": 0.9673769474029541, "class_log_probabilities": [-0.5743727087974548, -7.3387227058410645, -8.107290267944336, -8.19042682647705], "predictions": [51, 52, 398, 399, 400, 401, 402, 403, 53, 54, 4, 4, 4, 4], "target_tokens": ["[IN:GET_RECIPES", "[SL:RECIPES_DISH", "@ptr3", "@ptr4", "@ptr5", "@ptr6", "@ptr7", "@ptr8", "SL:RECIPES_DISH]", "IN:GET_RECIPES]"], "predicted_tokens": ["[IN:GET_RECIPES", "[SL:RECIPES_DISH", "@ptr3", "@ptr4", "@ptr5", "@ptr6", "@ptr7", "@ptr8", "SL:RECIPES_DISH]", "IN:GET_RECIPES]"]}
{"loss": 1.8211599588394165, "class_log_probabilities": [-0.6125234365463257, -4.429328918457031, -6.734877586364746, -6.899104595184326], "predictions": [51, 52, 399, 400, 401, 402, 53, 54, 4, 4], "target_tokens": ["[IN:GET_RECIPES", "[SL:RECIPES_DISH", "@ptr4", "@ptr5", "@ptr6", "SL:RECIPES_DISH]", "IN:GET_RECIPES]"], "predicted_tokens": ["[IN:GET_RECIPES", "[SL:RECIPES_DISH", "@ptr4", "@ptr5", "@ptr6", "@ptr7", "SL:RECIPES_DISH]", "IN:GET_RECIPES]"]}
{"loss": 2.2678658962249756, "class_log_probabilities": [-0.42636263370513916, -4.5691399574279785, -6.183710098266602, -6.811363220214844], "predictions": [27, 28, 403, 29, 30, 4], "target_tokens": ["[IN:GET_INFO_RECIPES", "[SL:RECIPES_ATTRIBUTE", "@ptr7", "SL:RECIPES_ATTRIBUTE]", "IN:GET_INFO_RECIPES]"], "predicted_tokens": ["[IN:GET_INFO_RECIPES", "[SL:RECIPES_ATTRIBUTE", "@ptr8", "SL:RECIPES_ATTRIBUTE]", "IN:GET_INFO_RECIPES]"]}
{"loss": 1.7968124151229858, "class_log_probabilities": [-0.6030839085578918, -4.141030311584473, -7.229612350463867, -7.270249843597412], "predictions": [27, 52, 400, 401, 53, 28, 402, 29, 30, 4], "target_tokens": ["[IN:GET_INFO_RECIPES", "[SL:RECIPES_ATTRIBUTE", "@ptr7", "SL:RECIPES_ATTRIBUTE]", "[SL:RECIPES_DISH", "@ptr5", "@ptr6", "SL:RECIPES_DISH]", "IN:GET_INFO_RECIPES]"], "predicted_tokens": ["[IN:GET_INFO_RECIPES", "[SL:RECIPES_DISH", "@ptr5", "@ptr6", "SL:RECIPES_DISH]", "[SL:RECIPES_ATTRIBUTE", "@ptr7", "SL:RECIPES_ATTRIBUTE]", "IN:GET_INFO_RECIPES]"]}
{"loss": 0.9795119762420654, "class_log_probabilities": [-0.2980218827724457, -7.045081615447998, -7.161180019378662, -7.269121170043945], "predictions": [51, 145, 397, 146, 54, 4], "target_tokens": ["[IN:GET_RECIPES", "[SL:RECIPES_TYPE", "@ptr2", "SL:RECIPES_TYPE]", "IN:GET_RECIPES]"], "predicted_tokens": ["[IN:GET_RECIPES", "[SL:RECIPES_TYPE", "@ptr2", "SL:RECIPES_TYPE]", "IN:GET_RECIPES]"]}
{"loss": 1.665649652481079, "class_log_probabilities": [-0.5450010299682617, -5.777641773223877, -5.95233678817749, -7.1410908699035645], "predictions": [51, 16, 403, 404, 405, 17, 54, 4], "target_tokens": ["[IN:GET_RECIPES", "[SL:DATE_TIME", "@ptr9", "@ptr10", "SL:DATE_TIME]", "IN:GET_RECIPES]"], "predicted_tokens": ["[IN:GET_RECIPES", "[SL:DATE_TIME", "@ptr8", "@ptr9", "@ptr10", "SL:DATE_TIME]", "IN:GET_RECIPES]"]}
{"loss": 2.748026132583618, "class_log_probabilities": [-1.0455305576324463, -2.874345064163208, -5.160014629364014, -5.824953556060791], "predictions": [23, 10, 70, 71, 401, 402, 403, 72, 93, 405, 94, 73, 11, 26, 4], "target_tokens": ["[IN:SEND_MESSAGE", "[SL:RECIPIENT", "[IN:GET_CONTACT", "[SL:CONTACT_RELATED", "@ptr8", "@ptr9", "SL:CONTACT_RELATED]", "[SL:TYPE_RELATION", "@ptr6", "@ptr7", "SL:TYPE_RELATION]", "IN:GET_CONTACT]", "SL:RECIPIENT]", "IN:SEND_MESSAGE]"], "predicted_tokens": ["[IN:SEND_MESSAGE", "[SL:RECIPIENT", "[IN:GET_CONTACT", "[SL:TYPE_RELATION", "@ptr6", "@ptr7", "@ptr8", "SL:TYPE_RELATION]", "[SL:CONTACT_RELATED", "@ptr10", "SL:CONTACT_RELATED]", "IN:GET_CONTACT]", "SL:RECIPIENT]", "IN:SEND_MESSAGE]"]}
{"loss": 2.498650074005127, "class_log_probabilities": [-2.102729558944702, -2.682237386703491, -4.113868236541748, -4.993828296661377], "predictions": [23, 10, 399, 400, 401, 11, 24, 403, 404, 405, 406, 407, 408, 409, 25, 26, 4, 4], "target_tokens": ["[IN:SEND_MESSAGE", "[SL:GROUP", "@ptr3", "@ptr4", "@ptr5", "SL:GROUP]", "[SL:CONTENT_EXACT", "@ptr7", "@ptr8", "@ptr9", "@ptr10", "@ptr11", "@ptr12", "SL:CONTENT_EXACT]", "IN:SEND_MESSAGE]"], "predicted_tokens": ["[IN:SEND_MESSAGE", "[SL:RECIPIENT", "@ptr4", "@ptr5", "@ptr6", "SL:RECIPIENT]", "[SL:CONTENT_EXACT", "@ptr8", "@ptr9", "@ptr10", "@ptr11", "@ptr12", "@ptr13", "@ptr14", "SL:CONTENT_EXACT]", "IN:SEND_MESSAGE]"]}
{"loss": 2.396052122116089, "class_log_probabilities": [-0.3027103543281555, -7.506018161773682, -7.751254558563232, -7.812546253204346], "predictions": [5, 76, 398, 77, 12, 4], "target_tokens": ["[IN:GET_MESSAGE", "[SL:NAME_APP", "@ptr2", "SL:NAME_APP]", "IN:GET_MESSAGE]"], "predicted_tokens": ["[IN:GET_MESSAGE", "[SL:NAME_APP", "@ptr3", "SL:NAME_APP]", "IN:GET_MESSAGE]"]}
{"loss": 1.0190496444702148, "class_log_probabilities": [-0.7218458652496338, -2.3328568935394287, -2.527766704559326, -6.240858554840088], "predictions": [75, 231, 399, 232, 78, 4, 4], "target_tokens": ["[IN:CREATE_CALL", "[SL:PHONE_NUMBER", "@ptr4", "SL:PHONE_NUMBER]", "IN:CREATE_CALL]"], "predicted_tokens": ["[IN:CREATE_CALL", "[SL:PHONE_NUMBER", "@ptr4", "SL:PHONE_NUMBER]", "IN:CREATE_CALL]"]}
{"loss": 1.4179482460021973, "class_log_probabilities": [-0.7072600722312927, -6.242123126983643, -7.013554096221924, -7.550605297088623], "predictions": [75, 6, 397, 398, 399, 400, 401, 402, 403, 7, 78, 4], "target_tokens": ["[IN:CREATE_CALL", "[SL:CONTACT", "@ptr2", "@ptr3", "@ptr4", "@ptr5", "@ptr6", "@ptr7", "SL:CONTACT]", "IN:CREATE_CALL]"], "predicted_tokens": ["[IN:CREATE_CALL", "[SL:CONTACT", "@ptr2", "@ptr3", "@ptr4", "@ptr5", "@ptr6", "@ptr7", "@ptr8", "SL:CONTACT]", "IN:CREATE_CALL]"]}
{"loss": 0.9694454669952393, "class_log_probabilities": [-0.6126574873924255, -7.777297019958496, -8.062378883361816, -8.068572044372559], "predictions": [75, 6, 397, 398, 399, 400, 7, 76, 402, 77, 78, 4, 4], "target_tokens": ["[IN:CREATE_CALL", "[SL:CONTACT", "@ptr2", "@ptr3", "@ptr4", "@ptr5", "SL:CONTACT]", "[SL:NAME_APP", "@ptr7", "SL:NAME_APP]", "IN:CREATE_CALL]"], "predicted_tokens": ["[IN:CREATE_CALL", "[SL:CONTACT", "@ptr2", "@ptr3", "@ptr4", "@ptr5", "SL:CONTACT]", "[SL:NAME_APP", "@ptr7", "SL:NAME_APP]", "IN:CREATE_CALL]"]}
{"loss": 4.34096097946167, "class_log_probabilities": [-1.1510363817214966, -3.819517135620117, -5.921954154968262, -7.640421390533447], "predictions": [13, 18, 4, 4, 4, 4], "target_tokens": ["[IN:GET_SUNSET", "IN:GET_SUNSET]"], "predicted_tokens": ["[IN:GET_WEATHER", "IN:GET_WEATHER]"]}
{"loss": 1.1921451091766357, "class_log_probabilities": [-1.2116433382034302, -2.7465085983276367, -6.939101219177246, -7.664740562438965], "predictions": [75, 6, 399, 400, 401, 7, 16, 403, 404, 17, 78, 4], "target_tokens": ["[IN:CREATE_CALL", "[SL:CONTACT", "@ptr4", "@ptr5", "@ptr6", "SL:CONTACT]", "IN:CREATE_CALL]"], "predicted_tokens": ["[IN:CREATE_CALL", "[SL:CONTACT", "@ptr4", "@ptr5", "@ptr6", "SL:CONTACT]", "[SL:DATE_TIME", "@ptr8", "@ptr9", "SL:DATE_TIME]", "IN:CREATE_CALL]"]}
{"loss": 2.6712656021118164, "class_log_probabilities": [-2.0104012489318848, -3.127352237701416, -3.731433153152466, -11.628459930419922], "predictions": [275, 90, 397, 91, 276, 4, 4, 4, 4, 4, 4, 4, 4, 4], "target_tokens": ["[IN:RESUME_TIMER", "[SL:METHOD_TIMER", "@ptr0", "@ptr1", "@ptr2", "SL:METHOD_TIMER]", "[SL:TIMER_NAME", "@ptr5", "@ptr6", "@ptr7", "@ptr8", "@ptr9", "@ptr10", "SL:TIMER_NAME]", "IN:RESUME_TIMER]"], "predicted_tokens": ["[IN:RESUME_TIMER", "[SL:METHOD_TIMER", "@ptr2", "SL:METHOD_TIMER]", "IN:RESUME_TIMER]"]}
{"loss": 3.917814254760742, "class_log_probabilities": [-3.89856219291687, -4.661111831665039, -4.667295455932617, -5.8219404220581055], "predictions": [61, 156, 397, 398, 399, 400, 401, 402, 403, 404, 405, 157, 62, 4], "target_tokens": ["[IN:GET_EVENT", "[SL:USER_ATTENDEE_EVENT", "@ptr8", "@ptr9", "SL:USER_ATTENDEE_EVENT]", "[SL:DATE_TIME", "@ptr5", "@ptr6", "@ptr7", "SL:DATE_TIME]", "IN:GET_EVENT]"], "predicted_tokens": ["[IN:GET_EVENT", "[SL:TITLE_EVENT", "@ptr2", "@ptr3", "@ptr4", "@ptr5", "@ptr6", "@ptr7", "@ptr8", "@ptr9", "@ptr10", "SL:TITLE_EVENT]", "IN:GET_EVENT]"]}
{"loss": 4.6794867515563965, "class_log_probabilities": [-3.3602328300476074, -3.396135091781616, -3.574336290359497, -5.467597007751465], "predictions": [105, 6, 398, 399, 400, 7, 106, 4], "target_tokens": ["[IN:GET_EVENT", "[SL:USER_ATTENDEE_EVENT", "@ptr6", "@ptr7", "SL:USER_ATTENDEE_EVENT]", "IN:GET_EVENT]"], "predicted_tokens": ["[IN:GET_INFO_CONTACT", "[SL:CONTACT", "@ptr3", "@ptr4", "@ptr5", "SL:CONTACT]", "IN:GET_INFO_CONTACT]"]}
{"loss": 2.419222354888916, "class_log_probabilities": [-0.5361388325691223, -5.277721405029297, -7.471547603607178, -7.604766845703125], "predictions": [13, 14, 400, 401, 402, 403, 404, 15, 18, 4, 4], "target_tokens": ["[IN:GET_WEATHER", "[SL:LOCATION", "@ptr4", "@ptr5", "@ptr6", "@ptr7", "@ptr8", "SL:LOCATION]", "IN:GET_WEATHER]"], "predicted_tokens": ["[IN:GET_WEATHER", "[SL:LOCATION", "@ptr5", "@ptr6", "@ptr7", "@ptr8", "@ptr9", "SL:LOCATION]", "IN:GET_WEATHER]"]}
{"loss": 1.1287164688110352, "class_log_probabilities": [-2.485827922821045, -3.4150142669677734, -3.4554481506347656, -3.5304651260375977], "predictions": [75, 6, 397, 398, 399, 400, 401, 402, 403, 7, 78, 4], "target_tokens": ["[IN:UPDATE_CALL", "[SL:CONTACT_ADDED", "@ptr2", "@ptr3", "@ptr4", "@ptr5", "@ptr6", "@ptr7", "@ptr8", "SL:CONTACT_ADDED]", "IN:UPDATE_CALL]"], "predicted_tokens": ["[IN:CREATE_CALL", "[SL:CONTACT", "@ptr2", "@ptr3", "@ptr4", "@ptr5", "@ptr6", "@ptr7", "@ptr8", "SL:CONTACT]", "IN:CREATE_CALL]"]}
{"loss": 0.9617086052894592, "class_log_probabilities": [-0.3942486047744751, -7.601546764373779, -8.415346145629883, -8.534392356872559], "predictions": [75, 6, 398, 399, 7, 78, 4], "target_tokens": ["[IN:CREATE_CALL", "[SL:CONTACT", "@ptr3", "@ptr4", "SL:CONTACT]", "IN:CREATE_CALL]"], "predicted_tokens": ["[IN:CREATE_CALL", "[SL:CONTACT", "@ptr3", "@ptr4", "SL:CONTACT]", "IN:CREATE_CALL]"]}
{"loss": 1.1086994409561157, "class_log_probabilities": [-1.0159978866577148, -2.846078872680664, -7.18108606338501, -9.29617691040039], "predictions": [75, 6, 397, 398, 399, 400, 401, 402, 403, 404, 7, 78, 4, 4, 4, 4, 4, 4], "target_tokens": ["[IN:CREATE_CALL", "[SL:CONTACT", "@ptr2", "@ptr3", "@ptr4", "@ptr5", "@ptr6", "@ptr7", "@ptr8", "SL:CONTACT]", "IN:CREATE_CALL]"], "predicted_tokens": ["[IN:CREATE_CALL", "[SL:CONTACT", "@ptr2", "@ptr3", "@ptr4", "@ptr5", "@ptr6", "@ptr7", "@ptr8", "@ptr9", "SL:CONTACT]", "IN:CREATE_CALL]"]}
{"loss": 2.4227256774902344, "class_log_probabilities": [-1.379945993423462, -1.9418741464614868, -6.655223846435547, -7.204577922821045], "predictions": [221, 14, 398, 399, 400, 401, 402, 15, 16, 403, 404, 405, 17, 222, 4], "target_tokens": ["[IN:GET_SUNSET", "[SL:LOCATION", "@ptr3", "@ptr4", "@ptr5", "@ptr6", "SL:LOCATION]", "IN:GET_SUNSET]"], "predicted_tokens": ["[IN:GET_SUNSET", "[SL:LOCATION", "@ptr3", "@ptr4", "@ptr5", "@ptr6", "@ptr7", "SL:LOCATION]", "[SL:DATE_TIME", "@ptr8", "@ptr9", "@ptr10", "SL:DATE_TIME]", "IN:GET_SUNSET]"]}
{"loss": 0.9966335296630859, "class_log_probabilities": [-0.624965250492096, -2.087355613708496, -7.511935234069824, -8.011344909667969], "predictions": [171, 6, 398, 7, 172, 4, 4, 4], "target_tokens": ["[IN:GET_AVAILABILITY", "[SL:CONTACT", "@ptr3", "SL:CONTACT]", "IN:GET_AVAILABILITY]"], "predicted_tokens": ["[IN:GET_AVAILABILITY", "[SL:CONTACT", "@ptr3", "SL:CONTACT]", "IN:GET_AVAILABILITY]"]}
{"loss": 1.111197829246521, "class_log_probabilities": [-2.730133533477783, -3.0180037021636963, -3.223355770111084, -5.181093215942383], "predictions": [95, 16, 404, 405, 406, 407, 408, 17, 96, 4], "target_tokens": ["[IN:GET_CALL", "[SL:DATE_TIME", "@ptr9", "@ptr10", "@ptr11", "@ptr12", "@ptr13", "SL:DATE_TIME]", "IN:GET_CALL]"], "predicted_tokens": ["[IN:IGNORE_CALL", "[SL:DATE_TIME", "@ptr9", "@ptr10", "@ptr11", "@ptr12", "@ptr13", "SL:DATE_TIME]", "IN:IGNORE_CALL]"]}
{"loss": 0.9629051089286804, "class_log_probabilities": [-0.3274993598461151, -8.742281913757324, -8.825301170349121, -11.318794250488281], "predictions": [75, 6, 397, 7, 78, 4, 4, 4, 4, 4], "target_tokens": ["[IN:CREATE_CALL", "[SL:CONTACT", "@ptr2", "SL:CONTACT]", "IN:CREATE_CALL]"], "predicted_tokens": ["[IN:CREATE_CALL", "[SL:CONTACT", "@ptr2", "SL:CONTACT]", "IN:CREATE_CALL]"]}
{"loss": 0.9625366926193237, "class_log_probabilities": [-0.3851441740989685, -7.72858190536499, -8.55605411529541, -8.67577075958252], "predictions": [75, 6, 397, 398, 7, 78, 4, 4, 4], "target_tokens": ["[IN:CREATE_CALL", "[SL:CONTACT", "@ptr2", "@ptr3", "SL:CONTACT]", "IN:CREATE_CALL]"], "predicted_tokens": ["[IN:CREATE_CALL", "[SL:CONTACT", "@ptr2", "@ptr3", "SL:CONTACT]", "IN:CREATE_CALL]"]}
{"loss": 0.9808425903320312, "class_log_probabilities": [-0.14474979043006897, -8.602885246276855, -8.687079429626465, -8.754128456115723], "predictions": [81, 82, 4, 4, 4], "target_tokens": ["[IN:END_CALL", "IN:END_CALL]"], "predicted_tokens": ["[IN:END_CALL", "IN:END_CALL]"]}
{"loss": 0.9641668796539307, "class_log_probabilities": [-0.16935403645038605, -8.713689804077148, -8.771031379699707, -8.951180458068848], "predictions": [13, 18, 4, 4, 4], "target_tokens": ["[IN:GET_WEATHER", "IN:GET_WEATHER]"], "predicted_tokens": ["[IN:GET_WEATHER", "IN:GET_WEATHER]"]}
{"loss": 2.5425286293029785, "class_log_probabilities": [-0.9774898290634155, -2.4638752937316895, -3.045525550842285, -7.177251815795898], "predictions": [13, 14, 402, 15, 18, 4, 4, 4], "target_tokens": ["[IN:GET_WEATHER", "[SL:LOCATION", "@ptr6", "SL:LOCATION]", "IN:GET_WEATHER]"], "predicted_tokens": ["[IN:GET_WEATHER", "[SL:LOCATION", "@ptr7", "SL:LOCATION]", "IN:GET_WEATHER]"]}
{"loss": 0.9598284959793091, "class_log_probabilities": [-0.525913417339325, -7.712410926818848, -8.29573917388916, -8.72604751586914], "predictions": [45, 16, 397, 398, 399, 400, 17, 46, 4, 4], "target_tokens": ["[IN:CREATE_ALARM", "[SL:DATE_TIME", "@ptr2", "@ptr3", "@ptr4", "@ptr5", "SL:DATE_TIME]", "IN:CREATE_ALARM]"], "predicted_tokens": ["[IN:CREATE_ALARM", "[SL:DATE_TIME", "@ptr2", "@ptr3", "@ptr4", "@ptr5", "SL:DATE_TIME]", "IN:CREATE_ALARM]"]}
{"loss": 3.4090182781219482, "class_log_probabilities": [-0.9995792508125305, -3.488494634628296, -5.673805236816406, -6.538457870483398], "predictions": [45, 249, 397, 398, 250, 16, 400, 401, 402, 403, 17, 46, 4, 4], "target_tokens": ["[IN:CREATE_ALARM", "[SL:DATE_TIME", "@ptr3", "@ptr4", "@ptr5", "@ptr6", "@ptr7", "SL:DATE_TIME]", "IN:CREATE_ALARM]"], "predicted_tokens": ["[IN:CREATE_ALARM", "[SL:ALARM_NAME", "@ptr2", "@ptr3", "SL:ALARM_NAME]", "[SL:DATE_TIME", "@ptr5", "@ptr6", "@ptr7", "@ptr8", "SL:DATE_TIME]", "IN:CREATE_ALARM]"]}
{"loss": 4.153715133666992, "class_log_probabilities": [-5.034663200378418, -5.3858723640441895, -5.78706169128418, -6.231614589691162], "predictions": [49, 120, 400, 121, 16, 406, 407, 408, 17, 16, 412, 413, 414, 416, 431, 50, 4, 4], "target_tokens": ["[IN:CREATE_ALARM", "[SL:AMOUNT", "@ptr4", "SL:AMOUNT]", "[SL:DATE_TIME", "@ptr6", "@ptr7", "SL:DATE_TIME]", "[SL:AMOUNT", "@ptr8", "@ptr9", "SL:AMOUNT]", "[SL:DATE_TIME", "@ptr10", "@ptr11", "@ptr12", "SL:DATE_TIME]", "[SL:AMOUNT", "@ptr8", "@ptr9", "SL:AMOUNT]", "[SL:DATE_TIME", "@ptr16", "@ptr17", "@ptr18", "@ptr19", "SL:DATE_TIME]", "[SL:DATE_TIME", "@ptr25", "@ptr26", "@ptr27", "SL:DATE_TIME]", "IN:CREATE_ALARM]"], "predicted_tokens": ["[IN:CREATE_REMINDER", "[SL:AMOUNT", "@ptr5", "SL:AMOUNT]", "[SL:DATE_TIME", "@ptr11", "@ptr12", "@ptr13", "SL:DATE_TIME]", "[SL:DATE_TIME", "@ptr17", "@ptr18", "@ptr19", "@ptr21", "@ptr36", "IN:CREATE_REMINDER]"]}
{"loss": 1.4577372074127197, "class_log_probabilities": [-5.278878211975098, -5.629591464996338, -5.750948905944824, -5.895105361938477], "predictions": [23, 10, 398, 399, 400, 11, 24, 403, 404, 405, 406, 407, 408, 409, 410, 411, 412, 413, 414, 415, 416, 417, 418, 25, 26, 4], "target_tokens": ["[IN:SEND_MESSAGE", "[SL:RECIPIENT", "@ptr3", "@ptr4", "SL:RECIPIENT]", "[SL:CONTENT_EXACT", "@ptr10", "@ptr11", "@ptr12", "@ptr13", "@ptr14", "@ptr15", "@ptr16", "@ptr17", "@ptr18", "@ptr19", "@ptr20", "@ptr21", "SL:CONTENT_EXACT]", "IN:SEND_MESSAGE]"], "predicted_tokens": ["[IN:SEND_MESSAGE", "[SL:RECIPIENT", "@ptr3", "@ptr4", "@ptr5", "SL:RECIPIENT]", "[SL:CONTENT_EXACT", "@ptr8", "@ptr9", "@ptr10", "@ptr11", "@ptr12", "@ptr13", "@ptr14", "@ptr15", "@ptr16", "@ptr17", "@ptr18", "@ptr19", "@ptr20", "@ptr21", "@ptr22", "@ptr23", "SL:CONTENT_EXACT]", "IN:SEND_MESSAGE]"]}
{"loss": 2.812563896179199, "class_log_probabilities": [-1.906851053237915, -3.071361780166626, -3.1791839599609375, -3.5470945835113525], "predictions": [75, 6, 397, 398, 7, 6, 70, 71, 400, 72, 93, 402, 94, 73, 7, 78, 4, 4], "target_tokens": ["[IN:CREATE_CALL", "[SL:CONTACT", "[IN:GET_CONTACT", "[SL:CONTACT", "@ptr2", "@ptr3", "SL:CONTACT]", "[SL:CONTACT_RELATED", "@ptr5", "@ptr6", "SL:CONTACT_RELATED]", "[SL:TYPE_RELATION", "@ptr4", "SL:TYPE_RELATION]", "IN:GET_CONTACT]", "SL:CONTACT]", "IN:CREATE_CALL]"], "predicted_tokens": ["[IN:CREATE_CALL", "[SL:CONTACT", "@ptr2", "@ptr3", "SL:CONTACT]", "[SL:CONTACT", "[IN:GET_CONTACT", "[SL:TYPE_RELATION", "@ptr5", "SL:TYPE_RELATION]", "[SL:CONTACT_RELATED", "@ptr7", "SL:CONTACT_RELATED]", "IN:GET_CONTACT]", "SL:CONTACT]", "IN:CREATE_CALL]"]}
{"loss": 2.2324421405792236, "class_log_probabilities": [-0.5379206538200378, -3.866607666015625, -7.411166191101074, -8.257165908813477], "predictions": [13, 16, 399, 400, 401, 17, 18, 4, 4], "target_tokens": ["[IN:GET_WEATHER", "[SL:DATE_TIME", "@ptr3", "@ptr4", "@ptr5", "SL:DATE_TIME]", "IN:GET_WEATHER]"], "predicted_tokens": ["[IN:GET_WEATHER", "[SL:DATE_TIME", "@ptr4", "@ptr5", "@ptr6", "SL:DATE_TIME]", "IN:GET_WEATHER]"]}
{"loss": 3.245394468307495, "class_log_probabilities": [-1.8346596956253052, -2.642228841781616, -3.015662670135498, -3.7219464778900146], "predictions": [13, 16, 395, 396, 17, 79, 399, 80, 79, 402, 403, 80, 18, 4, 4], "target_tokens": ["[IN:GET_WEATHER", "[SL:WEATHER_ATTRIBUTE", "@ptr4", "SL:WEATHER_ATTRIBUTE]", "[SL:DATE_TIME", "@ptr0", "@ptr1", "SL:DATE_TIME]", "IN:GET_WEATHER]"], "predicted_tokens": ["[IN:GET_WEATHER", "[SL:DATE_TIME", "@ptr0", "@ptr1", "SL:DATE_TIME]", "[SL:WEATHER_ATTRIBUTE", "@ptr4", "SL:WEATHER_ATTRIBUTE]", "[SL:WEATHER_ATTRIBUTE", "@ptr7", "@ptr8", "SL:WEATHER_ATTRIBUTE]", "IN:GET_WEATHER]"]}
{"loss": 1.7883853912353516, "class_log_probabilities": [-0.5983365178108215, -6.687782287597656, -7.0471649169921875, -7.498900890350342], "predictions": [13, 16, 397, 398, 399, 400, 401, 17, 18, 4, 4], "target_tokens": ["[IN:GET_WEATHER", "[SL:DATE_TIME", "@ptr2", "@ptr3", "@ptr4", "@ptr5", "SL:DATE_TIME]", "IN:GET_WEATHER]"], "predicted_tokens": ["[IN:GET_WEATHER", "[SL:DATE_TIME", "@ptr2", "@ptr3", "@ptr4", "@ptr5", "@ptr6", "SL:DATE_TIME]", "IN:GET_WEATHER]"]}
{"loss": 0.9758291840553284, "class_log_probabilities": [-0.15792374312877655, -8.140501976013184, -8.152688026428223, -8.66692066192627], "predictions": [213, 214, 4, 4], "target_tokens": ["[IN:SILENCE_ALARM", "IN:SILENCE_ALARM]"], "predicted_tokens": ["[IN:SILENCE_ALARM", "IN:SILENCE_ALARM]"]}
{"loss": 1.6078815460205078, "class_log_probabilities": [-1.5242784023284912, -2.1675126552581787, -3.5936076641082764, -4.201271057128906], "predictions": [45, 16, 400, 401, 402, 403, 404, 405, 406, 407, 17, 46, 4, 4], "target_tokens": ["[IN:CREATE_ALARM", "[SL:DATE_TIME", "@ptr4", "@ptr5", "@ptr6", "@ptr7", "@ptr8", "@ptr9", "@ptr10", "SL:DATE_TIME]", "IN:CREATE_ALARM]"], "predicted_tokens": ["[IN:CREATE_ALARM", "[SL:DATE_TIME", "@ptr5", "@ptr6", "@ptr7", "@ptr8", "@ptr9", "@ptr10", "@ptr11", "@ptr12", "SL:DATE_TIME]", "IN:CREATE_ALARM]"]}
{"loss": 2.671720027923584, "class_log_probabilities": [-0.8975521922111511, -2.5187835693359375, -7.9880290031433105, -8.0828218460083], "predictions": [45, 16, 399, 400, 401, 402, 403, 17, 46, 4, 4], "target_tokens": ["[IN:CREATE_ALARM", "[SL:ALARM_NAME", "@ptr2", "SL:ALARM_NAME]", "[SL:DATE_TIME", "@ptr3", "@ptr4", "@ptr5", "@ptr6", "@ptr7", "SL:DATE_TIME]", "IN:CREATE_ALARM]"], "predicted_tokens": ["[IN:CREATE_ALARM", "[SL:DATE_TIME", "@ptr4", "@ptr5", "@ptr6", "@ptr7", "@ptr8", "SL:DATE_TIME]", "IN:CREATE_ALARM]"]}
{"loss": 0.9666943550109863, "class_log_probabilities": [-0.40117210149765015, -4.510122299194336, -5.331317901611328, -6.937650680541992], "predictions": [107, 108, 396, 109, 110, 4], "target_tokens": ["[IN:UPDATE_CALL", "[SL:CONTACT_ADDED", "@ptr1", "SL:CONTACT_ADDED]", "IN:UPDATE_CALL]"], "predicted_tokens": ["[IN:UPDATE_CALL", "[SL:CONTACT_ADDED", "@ptr1", "SL:CONTACT_ADDED]", "IN:UPDATE_CALL]"]}
{"loss": 2.4763684272766113, "class_log_probabilities": [-1.4893158674240112, -2.643658399581909, -2.793724298477173, -2.832854747772217], "predictions": [75, 6, 70, 71, 395, 72, 73, 7, 6, 400, 7, 78, 4, 4, 4, 4], "target_tokens": ["[IN:GET_CALL_TIME", "[SL:CONTACT", "[IN:GET_CONTACT", "[SL:TYPE_RELATION", "@ptr0", "SL:TYPE_RELATION]", "IN:GET_CONTACT]", "SL:CONTACT]", "IN:GET_CALL_TIME]"], "predicted_tokens": ["[IN:CREATE_CALL", "[SL:CONTACT", "[IN:GET_CONTACT", "[SL:TYPE_RELATION", "@ptr0", "SL:TYPE_RELATION]", "IN:GET_CONTACT]", "SL:CONTACT]", "[SL:CONTACT", "@ptr5", "SL:CONTACT]", "IN:CREATE_CALL]"]}
{"loss": 1.0753328800201416, "class_log_probabilities": [-0.9140971302986145, -4.831731796264648, -5.153849124908447, -6.508629322052002], "predictions": [245, 246, 4, 4, 4, 4], "target_tokens": ["[IN:UPDATE_METHOD_CALL", "IN:UPDATE_METHOD_CALL]"], "predicted_tokens": ["[IN:UPDATE_METHOD_CALL", "IN:UPDATE_METHOD_CALL]"]}
{"loss": 4.293859481811523, "class_log_probabilities": [-3.801435708999634, -4.199795246124268, -4.839250087738037, -6.287995338439941], "predictions": [125, 71, 399, 72, 93, 401, 402, 94, 6, 404, 7, 126, 4, 4, 4], "target_tokens": ["[IN:GET_CONTACT", "[SL:CONTACT_RELATED", "@ptr5", "@ptr6", "SL:CONTACT_RELATED]", "[SL:TYPE_RELATION", "@ptr3", "SL:TYPE_RELATION]", "IN:GET_CONTACT]"], "predicted_tokens": ["[IN:GET_AGE", "[SL:TYPE_RELATION", "@ptr4", "SL:TYPE_RELATION]", "[SL:CONTACT_RELATED", "@ptr6", "@ptr7", "SL:CONTACT_RELATED]", "[SL:CONTACT", "@ptr9", "SL:CONTACT]", "IN:GET_AGE]"]}
{"loss": 1.500976324081421, "class_log_probabilities": [-4.719104290008545, -4.869507789611816, -6.460284233093262, -6.5859832763671875], "predictions": [23, 10, 398, 399, 400, 11, 24, 402, 403, 404, 405, 406, 407, 408, 409, 410, 411, 25, 26, 4, 4], "target_tokens": ["[IN:SEND_MESSAGE", "[SL:RECIPIENT", "@ptr3", "@ptr4", "@ptr5", "SL:RECIPIENT]", "[SL:CONTENT_EXACT", "@ptr6", "@ptr7", "@ptr8", "@ptr9", "@ptr10", "@ptr11", "@ptr12", "@ptr13", "@ptr14", "@ptr15", "SL:CONTENT_EXACT]", "IN:SEND_MESSAGE]"], "predicted_tokens": ["[IN:SEND_MESSAGE", "[SL:RECIPIENT", "@ptr3", "@ptr4", "@ptr5", "SL:RECIPIENT]", "[SL:CONTENT_EXACT", "@ptr7", "@ptr8", "@ptr9", "@ptr10", "@ptr11", "@ptr12", "@ptr13", "@ptr14", "@ptr15", "@ptr16", "SL:CONTENT_EXACT]", "IN:SEND_MESSAGE]"]}
{"loss": 1.4296506643295288, "class_log_probabilities": [-1.6314070224761963, -2.3399722576141357, -4.253114700317383, -4.7185187339782715], "predictions": [75, 6, 397, 398, 399, 400, 401, 7, 78, 4, 4, 4, 4, 4], "target_tokens": ["[IN:CREATE_CALL", "[SL:CONTACT", "@ptr2", "@ptr3", "@ptr4", "@ptr5", "SL:CONTACT]", "IN:CREATE_CALL]"], "predicted_tokens": ["[IN:CREATE_CALL", "[SL:CONTACT", "@ptr2", "@ptr3", "@ptr4", "@ptr5", "@ptr6", "SL:CONTACT]", "IN:CREATE_CALL]"]}
{"loss": 0.9682648777961731, "class_log_probabilities": [-0.3786594569683075, -6.384059429168701, -7.696187496185303, -7.9025774002075195], "predictions": [107, 108, 396, 397, 109, 110, 4], "target_tokens": ["[IN:UPDATE_CALL", "[SL:CONTACT_ADDED", "@ptr1", "@ptr2", "SL:CONTACT_ADDED]", "IN:UPDATE_CALL]"], "predicted_tokens": ["[IN:UPDATE_CALL", "[SL:CONTACT_ADDED", "@ptr1", "@ptr2", "SL:CONTACT_ADDED]", "IN:UPDATE_CALL]"]}
{"loss": 0.9740493893623352, "class_log_probabilities": [-0.4921104609966278, -7.168423175811768, -7.436439514160156, -7.485452175140381], "predictions": [107, 108, 70, 71, 396, 72, 73, 109, 110, 4], "target_tokens": ["[IN:UPDATE_CALL", "[SL:CONTACT_ADDED", "[IN:GET_CONTACT", "[SL:TYPE_RELATION", "@ptr1", "SL:TYPE_RELATION]", "IN:GET_CONTACT]", "SL:CONTACT_ADDED]", "IN:UPDATE_CALL]"], "predicted_tokens": ["[IN:UPDATE_CALL", "[SL:CONTACT_ADDED", "[IN:GET_CONTACT", "[SL:TYPE_RELATION", "@ptr1", "SL:TYPE_RELATION]", "IN:GET_CONTACT]", "SL:CONTACT_ADDED]", "IN:UPDATE_CALL]"]}
{"loss": 0.9638161659240723, "class_log_probabilities": [-0.36408114433288574, -4.014627456665039, -6.590311527252197, -7.7797017097473145], "predictions": [171, 172, 4], "target_tokens": ["[IN:GET_AVAILABILITY", "IN:GET_AVAILABILITY]"], "predicted_tokens": ["[IN:GET_AVAILABILITY", "IN:GET_AVAILABILITY]"]}
{"loss": 0.9621014595031738, "class_log_probabilities": [-0.17699486017227173, -8.439433097839355, -8.569415092468262, -8.683880805969238], "predictions": [171, 172, 4, 4], "target_tokens": ["[IN:GET_AVAILABILITY", "IN:GET_AVAILABILITY]"], "predicted_tokens": ["[IN:GET_AVAILABILITY", "IN:GET_AVAILABILITY]"]}
{"loss": 2.202671527862549, "class_log_probabilities": [-1.241457223892212, -1.8815969228744507, -4.092565536499023, -4.772481918334961], "predictions": [215, 216, 4], "target_tokens": ["[IN:CREATE_CALL", "IN:CREATE_CALL]"], "predicted_tokens": ["[IN:SWITCH_CALL", "IN:SWITCH_CALL]"]}
{"loss": 1.170802116394043, "class_log_probabilities": [-0.7693346738815308, -1.8301249742507935, -6.343099594116211, -7.022772312164307], "predictions": [107, 108, 399, 109, 110, 4], "target_tokens": ["[IN:UPDATE_CALL", "[SL:CONTACT_ADDED", "@ptr3", "SL:CONTACT_ADDED]", "IN:UPDATE_CALL]"], "predicted_tokens": ["[IN:UPDATE_CALL", "[SL:CONTACT_ADDED", "@ptr4", "SL:CONTACT_ADDED]", "IN:UPDATE_CALL]"]}
{"loss": 0.9633720517158508, "class_log_probabilities": [-0.34334278106689453, -5.373100757598877, -7.211076736450195, -8.372844696044922], "predictions": [75, 6, 400, 7, 78, 4, 4, 4], "target_tokens": ["[IN:CREATE_CALL", "[SL:CONTACT", "@ptr5", "SL:CONTACT]", "IN:CREATE_CALL]"], "predicted_tokens": ["[IN:CREATE_CALL", "[SL:CONTACT", "@ptr5", "SL:CONTACT]", "IN:CREATE_CALL]"]}
{"loss": 3.1276142597198486, "class_log_probabilities": [-0.7867557406425476, -5.996616840362549, -6.277596950531006, -7.590919494628906], "predictions": [75, 6, 70, 71, 397, 398, 72, 93, 400, 94, 73, 7, 78, 4], "target_tokens": ["[IN:CREATE_CALL", "[SL:CONTACT", "[IN:GET_CONTACT", "[SL:CONTACT_RELATED", "@ptr4", "@ptr5", "SL:CONTACT_RELATED]", "[SL:TYPE_RELATION", "@ptr2", "@ptr3", "SL:TYPE_RELATION]", "IN:GET_CONTACT]", "SL:CONTACT]", "IN:CREATE_CALL]"], "predicted_tokens": ["[IN:CREATE_CALL", "[SL:CONTACT", "[IN:GET_CONTACT", "[SL:TYPE_RELATION", "@ptr2", "@ptr3", "SL:TYPE_RELATION]", "[SL:CONTACT_RELATED", "@ptr5", "SL:CONTACT_RELATED]", "IN:GET_CONTACT]", "SL:CONTACT]", "IN:CREATE_CALL]"]}
{"loss": 1.8227030038833618, "class_log_probabilities": [-1.1933410167694092, -3.772587537765503, -4.342321395874023, -4.370284557342529], "predictions": [49, 34, 396, 35, 36, 75, 6, 401, 7, 78, 37, 16, 403, 404, 405, 406, 407, 17, 50, 4, 4, 4], "target_tokens": ["[IN:CREATE_REMINDER", "[SL:PERSON_REMINDED", "@ptr1", "SL:PERSON_REMINDED]", "[SL:TODO", "[IN:CREATE_CALL", "[SL:CONTACT", "@ptr6", "SL:CONTACT]", "IN:CREATE_CALL]", "SL:TODO]", "[SL:DATE_TIME", "@ptr7", "@ptr8", "@ptr9", "@ptr10", "@ptr11", "SL:DATE_TIME]", "IN:CREATE_REMINDER]"], "predicted_tokens": ["[IN:CREATE_REMINDER", "[SL:PERSON_REMINDED", "@ptr1", "SL:PERSON_REMINDED]", "[SL:TODO", "[IN:CREATE_CALL", "[SL:CONTACT", "@ptr6", "SL:CONTACT]", "IN:CREATE_CALL]", "SL:TODO]", "[SL:DATE_TIME", "@ptr8", "@ptr9", "@ptr10", "@ptr11", "@ptr12", "SL:DATE_TIME]", "IN:CREATE_REMINDER]"]}
{"loss": 2.43231201171875, "class_log_probabilities": [-0.7426168322563171, -4.333012104034424, -4.758130073547363, -4.912844657897949], "predictions": [331, 36, 402, 403, 404, 405, 37, 332, 4], "target_tokens": ["[IN:UPDATE_REMINDER", "[SL:TODO", "@ptr6", "@ptr7", "@ptr8", "@ptr9", "SL:TODO]", "IN:UPDATE_REMINDER]"], "predicted_tokens": ["[IN:UPDATE_REMINDER", "[SL:TODO", "@ptr7", "@ptr8", "@ptr9", "@ptr10", "SL:TODO]", "IN:UPDATE_REMINDER]"]}
{"loss": 3.0428786277770996, "class_log_probabilities": [-1.828384280204773, -3.6307036876678467, -4.5254387855529785, -4.910125255584717], "predictions": [49, 36, 400, 401, 402, 403, 404, 405, 37, 16, 406, 407, 408, 409, 410, 411, 17, 50, 4, 4, 4, 4, 4, 4], "target_tokens": ["[IN:CREATE_REMINDER", "[SL:TODO", "[IN:GET_TODO", "[SL:TODO", "@ptr5", "@ptr6", "@ptr7", "@ptr8", "@ptr9", "SL:TODO]", "[SL:DATE_TIME", "@ptr13", "@ptr14", "SL:DATE_TIME]", "[SL:TODO", "@ptr10", "@ptr11", "@ptr12", "SL:TODO]", "IN:GET_TODO]", "SL:TODO]", "IN:CREATE_REMINDER]"], "predicted_tokens": ["[IN:CREATE_REMINDER", "[SL:TODO", "@ptr5", "@ptr6", "@ptr7", "@ptr8", "@ptr9", "@ptr10", "SL:TODO]", "[SL:DATE_TIME", "@ptr11", "@ptr12", "@ptr13", "@ptr14", "@ptr15", "@ptr16", "SL:DATE_TIME]", "IN:CREATE_REMINDER]"]}
{"loss": 3.7680106163024902, "class_log_probabilities": [-1.309628963470459, -3.786105155944824, -6.340664386749268, -6.447813987731934], "predictions": [47, 199, 396, 200, 16, 404, 405, 406, 17, 34, 408, 35, 48, 4, 4], "target_tokens": ["[IN:GET_REMINDER", "[SL:METHOD_RETRIEVAL_REMINDER", "@ptr0", "SL:METHOD_RETRIEVAL_REMINDER]", "[SL:PERSON_REMINDED", "@ptr12", "SL:PERSON_REMINDED]", "[SL:AMOUNT", "@ptr4", "SL:AMOUNT]", "[SL:DATE_TIME", "@ptr9", "@ptr10", "SL:DATE_TIME]", "IN:GET_REMINDER]"], "predicted_tokens": ["[IN:GET_REMINDER", "[SL:METHOD_RETRIEVAL_REMINDER", "@ptr1", "SL:METHOD_RETRIEVAL_REMINDER]", "[SL:DATE_TIME", "@ptr9", "@ptr10", "@ptr11", "SL:DATE_TIME]", "[SL:PERSON_REMINDED", "@ptr13", "SL:PERSON_REMINDED]", "IN:GET_REMINDER]"]}
{"loss": 1.9520187377929688, "class_log_probabilities": [-1.1805572509765625, -5.428689956665039, -6.3543572425842285, -7.088192462921143], "predictions": [49, 34, 396, 35, 36, 398, 399, 400, 37, 16, 401, 402, 403, 404, 17, 50, 4, 4, 4, 4], "target_tokens": ["[IN:CREATE_REMINDER", "[SL:PERSON_REMINDED", "@ptr1", "SL:PERSON_REMINDED]", "[SL:TODO", "@ptr3", "@ptr4", "SL:TODO]", "[SL:DATE_TIME", "@ptr5", "@ptr6", "@ptr7", "@ptr8", "SL:DATE_TIME]", "IN:CREATE_REMINDER]"], "predicted_tokens": ["[IN:CREATE_REMINDER", "[SL:PERSON_REMINDED", "@ptr1", "SL:PERSON_REMINDED]", "[SL:TODO", "@ptr3", "@ptr4", "@ptr5", "SL:TODO]", "[SL:DATE_TIME", "@ptr6", "@ptr7", "@ptr8", "@ptr9", "SL:DATE_TIME]", "IN:CREATE_REMINDER]"]}
{"loss": 2.0559756755828857, "class_log_probabilities": [-1.1646602153778076, -7.556029796600342, -8.06050968170166, -8.262344360351562], "predictions": [49, 34, 396, 35, 36, 399, 400, 401, 402, 403, 404, 405, 37, 16, 406, 407, 408, 409, 17, 50, 4, 4, 4], "target_tokens": ["[IN:CREATE_REMINDER", "[SL:PERSON_REMINDED", "@ptr1", "SL:PERSON_REMINDED]", "[SL:TODO", "@ptr4", "@ptr5", "@ptr6", "@ptr7", "@ptr8", "@ptr9", "SL:TODO]", "[SL:DATE_TIME", "@ptr10", "@ptr11", "@ptr12", "@ptr13", "SL:DATE_TIME]", "IN:CREATE_REMINDER]"], "predicted_tokens": ["[IN:CREATE_REMINDER", "[SL:PERSON_REMINDED", "@ptr1", "SL:PERSON_REMINDED]", "[SL:TODO", "@ptr4", "@ptr5", "@ptr6", "@ptr7", "@ptr8", "@ptr9", "@ptr10", "SL:TODO]", "[SL:DATE_TIME", "@ptr11", "@ptr12", "@ptr13", "@ptr14", "SL:DATE_TIME]", "IN:CREATE_REMINDER]"]}
{"loss": 1.6974334716796875, "class_log_probabilities": [-2.542782783508301, -3.377821445465088, -3.732109546661377, -3.946746826171875], "predictions": [33, 34, 395, 35, 36, 143, 36, 404, 405, 406, 407, 408, 409, 410, 37, 16, 411, 412, 413, 414, 17, 144, 37, 38, 4], "target_tokens": ["[IN:DELETE_REMINDER", "[SL:PERSON_REMINDED", "@ptr0", "SL:PERSON_REMINDED]", "[SL:TODO", "[IN:GET_TODO", "[SL:TODO", "@ptr8", "@ptr9", "@ptr10", "@ptr11", "@ptr12", "@ptr13", "@ptr14", "SL:TODO]", "[SL:DATE_TIME", "@ptr15", "@ptr16", "@ptr17", "SL:DATE_TIME]", "IN:GET_TODO]", "SL:TODO]", "IN:DELETE_REMINDER]"], "predicted_tokens": ["[IN:DELETE_REMINDER", "[SL:PERSON_REMINDED", "@ptr0", "SL:PERSON_REMINDED]", "[SL:TODO", "[IN:GET_TODO", "[SL:TODO", "@ptr9", "@ptr10", "@ptr11", "@ptr12", "@ptr13", "@ptr14", "@ptr15", "SL:TODO]", "[SL:DATE_TIME", "@ptr16", "@ptr17", "@ptr18", "@ptr19", "SL:DATE_TIME]", "IN:GET_TODO]", "SL:TODO]", "IN:DELETE_REMINDER]"]}
{"loss": 2.210052967071533, "class_log_probabilities": [-1.7569984197616577, -4.440437316894531, -5.304656982421875, -5.650430202484131], "predictions": [47, 36, 401, 402, 403, 404, 405, 406, 407, 408, 409, 410, 37, 48, 4, 4, 4, 4], "target_tokens": ["[IN:GET_REMINDER", "[SL:METHOD_RETRIEVAL_REMINDER", "@ptr0", "SL:METHOD_RETRIEVAL_REMINDER]", "[SL:TODO", "@ptr6", "@ptr7", "@ptr8", "@ptr9", "@ptr10", "@ptr11", "@ptr12", "@ptr13", "@ptr14", "SL:TODO]", "IN:GET_REMINDER]"], "predicted_tokens": ["[IN:GET_REMINDER", "[SL:TODO", "@ptr6", "@ptr7", "@ptr8", "@ptr9", "@ptr10", "@ptr11", "@ptr12", "@ptr13", "@ptr14", "@ptr15", "SL:TODO]", "IN:GET_REMINDER]"]}
{"loss": 2.8732569217681885, "class_log_probabilities": [-2.399998664855957, -4.217730522155762, -4.431151866912842, -4.840516090393066], "predictions": [49, 34, 396, 35, 16, 397, 398, 17, 36, 143, 36, 401, 402, 403, 404, 405, 406, 37, 144, 37, 50, 4, 4, 4, 4, 4, 4, 4, 4, 4, 4, 4], "target_tokens": ["[IN:CREATE_REMINDER", "[SL:PERSON_REMINDED", "@ptr1", "SL:PERSON_REMINDED]", "[SL:DATE_TIME", "@ptr2", "@ptr3", "SL:DATE_TIME]", "[SL:TODO", "[IN:GET_TODO", "[SL:TODO", "@ptr8", "@ptr9", "SL:TODO]", "[SL:ATTENDEE", "[IN:GET_CONTACT", "[SL:CONTACT_RELATED", "@ptr13", "@ptr14", "SL:CONTACT_RELATED]", "[SL:TYPE_RELATION", "@ptr11", "@ptr12", "SL:TYPE_RELATION]", "IN:GET_CONTACT]", "SL:ATTENDEE]", "IN:GET_TODO]", "SL:TODO]", "IN:CREATE_REMINDER]"], "predicted_tokens": ["[IN:CREATE_REMINDER", "[SL:PERSON_REMINDED", "@ptr1", "SL:PERSON_REMINDED]", "[SL:DATE_TIME", "@ptr2", "@ptr3", "SL:DATE_TIME]", "[SL:TODO", "[IN:GET_TODO", "[SL:TODO", "@ptr6", "@ptr7", "@ptr8", "@ptr9", "@ptr10", "@ptr11", "SL:TODO]", "IN:GET_TODO]", "SL:TODO]", "IN:CREATE_REMINDER]"]}
{"loss": 2.4046308994293213, "class_log_probabilities": [-2.9818613529205322, -3.0783402919769287, -4.288012504577637, -5.099122047424316], "predictions": [111, 36, 75, 6, 402, 403, 7, 78, 37, 16, 405, 406, 407, 17, 16, 410, 411, 412, 17, 112, 4, 4], "target_tokens": ["[IN:UPDATE_REMINDER_DATE_TIME", "[SL:TODO", "[IN:CREATE_CALL", "[SL:CONTACT", "@ptr7", "@ptr8", "SL:CONTACT]", "IN:CREATE_CALL]", "SL:TODO]", "[SL:DATE_TIME", "@ptr9", "@ptr10", "@ptr11", "SL:DATE_TIME]", "[SL:DATE_TIME", "@ptr12", "@ptr13", "@ptr14", "@ptr15", "SL:DATE_TIME]", "IN:UPDATE_REMINDER_DATE_TIME]"], "predicted_tokens": ["[IN:UPDATE_REMINDER_DATE_TIME", "[SL:TODO", "[IN:CREATE_CALL", "[SL:CONTACT", "@ptr7", "@ptr8", "SL:CONTACT]", "IN:CREATE_CALL]", "SL:TODO]", "[SL:DATE_TIME", "@ptr10", "@ptr11", "@ptr12", "SL:DATE_TIME]", "[SL:DATE_TIME", "@ptr15", "@ptr16", "@ptr17", "SL:DATE_TIME]", "IN:UPDATE_REMINDER_DATE_TIME]"]}
{"loss": 1.8307982683181763, "class_log_probabilities": [-5.698666095733643, -6.29300594329834, -6.906623840332031, -6.920884609222412], "predictions": [49, 34, 397, 35, 36, 143, 36, 75, 6, 70, 71, 400, 401, 402, 403, 94, 73, 7, 78, 37, 36, 405, 406, 407, 408, 409, 410, 411, 37, 16, 412, 413, 414, 415, 416, 417, 17, 50, 4, 4], "target_tokens": ["[IN:CREATE_REMINDER", "[SL:PERSON_REMINDED", "@ptr2", "SL:PERSON_REMINDED]", "[SL:TODO", "[IN:GET_TODO", "[SL:TODO", "[IN:CREATE_CALL", "[SL:CONTACT", "[IN:GET_CONTACT", "[SL:CONTACT_RELATED", "@ptr7", "@ptr8", "SL:CONTACT_RELATED]", "[SL:TYPE_RELATION", "@ptr5", "@ptr6", "SL:TYPE_RELATION]", "IN:GET_CONTACT]", "SL:CONTACT]", "IN:CREATE_CALL]", "SL:TODO]", "[SL:TODO", "@ptr10", "@ptr11", "@ptr12", "@ptr13", "@ptr14", "@ptr15", "SL:TODO]", "IN:GET_TODO]", "SL:TODO]", "[SL:DATE_TIME", "@ptr16", "@ptr17", "@ptr18", "@ptr19", "@ptr20", "SL:DATE_TIME]", "IN:CREATE_REMINDER]"], "predicted_tokens": ["[IN:CREATE_REMINDER", "[SL:PERSON_REMINDED", "@ptr2", "SL:PERSON_REMINDED]", "[SL:TODO", "[IN:GET_TODO", "[SL:TODO", "[IN:CREATE_CALL", "[SL:CONTACT", "[IN:GET_CONTACT", "[SL:TYPE_RELATION", "@ptr5", "@ptr6", "@ptr7", "@ptr8", "SL:CONTACT_RELATED]", "IN:GET_CONTACT]", "SL:CONTACT]", "IN:CREATE_CALL]", "SL:TODO]", "[SL:TODO", "@ptr10", "@ptr11", "@ptr12", "@ptr13", "@ptr14", "@ptr15", "@ptr16", "SL:TODO]", "[SL:DATE_TIME", "@ptr17", "@ptr18", "@ptr19", "@ptr20", "@ptr21", "@ptr22", "SL:DATE_TIME]", "IN:CREATE_REMINDER]"]}
{"loss": 3.01302433013916, "class_log_probabilities": [-1.5885928869247437, -4.206601142883301, -4.687036037445068, -5.251980781555176], "predictions": [33, 36, 399, 400, 401, 37, 34, 403, 35, 36, 406, 407, 408, 37, 38, 4, 4, 4], "target_tokens": ["[IN:DELETE_REMINDER", "[SL:PERSON_REMINDED", "@ptr7", "@ptr8", "SL:PERSON_REMINDED]", "[SL:TODO", "@ptr11", "@ptr12", "SL:TODO]", "IN:DELETE_REMINDER]"], "predicted_tokens": ["[IN:DELETE_REMINDER", "[SL:TODO", "@ptr4", "@ptr5", "@ptr6", "SL:TODO]", "[SL:PERSON_REMINDED", "@ptr8", "SL:PERSON_REMINDED]", "[SL:TODO", "@ptr11", "@ptr12", "@ptr13", "SL:TODO]", "IN:DELETE_REMINDER]"]}
{"loss": 3.1241085529327393, "class_log_probabilities": [-2.9135167598724365, -3.4388763904571533, -3.46378493309021, -4.050553321838379], "predictions": [111, 36, 400, 401, 37, 16, 402, 403, 404, 405, 406, 407, 408, 409, 410, 17, 16, 413, 17, 112, 4, 4], "target_tokens": ["[IN:UPDATE_REMINDER_DATE_TIME", "[SL:TODO", "@ptr4", "@ptr5", "SL:TODO]", "[SL:DATE_TIME", "@ptr6", "@ptr7", "@ptr8", "@ptr9", "@ptr10", "@ptr11", "@ptr12", "SL:DATE_TIME]", "[SL:DATE_TIME", "@ptr13", "@ptr14", "@ptr15", "@ptr16", "@ptr17", "@ptr18", "@ptr19", "SL:DATE_TIME]", "IN:UPDATE_REMINDER_DATE_TIME]"], "predicted_tokens": ["[IN:UPDATE_REMINDER_DATE_TIME", "[SL:TODO", "@ptr5", "@ptr6", "SL:TODO]", "[SL:DATE_TIME", "@ptr7", "@ptr8", "@ptr9", "@ptr10", "@ptr11", "@ptr12", "@ptr13", "@ptr14", "@ptr15", "SL:DATE_TIME]", "[SL:DATE_TIME", "@ptr18", "SL:DATE_TIME]", "IN:UPDATE_REMINDER_DATE_TIME]"]}
{"loss": 2.1856534481048584, "class_log_probabilities": [-1.391823172569275, -3.0434303283691406, -3.5949888229370117, -4.5636749267578125], "predictions": [49, 36, 400, 401, 402, 37, 16, 403, 404, 405, 406, 17, 50, 4], "target_tokens": ["[IN:CREATE_REMINDER", "[SL:TODO", "@ptr5", "@ptr6", "SL:TODO]", "[SL:DATE_TIME", "@ptr7", "@ptr8", "@ptr9", "@ptr10", "SL:DATE_TIME]", "IN:CREATE_REMINDER]"], "predicted_tokens": ["[IN:CREATE_REMINDER", "[SL:TODO", "@ptr5", "@ptr6", "@ptr7", "SL:TODO]", "[SL:DATE_TIME", "@ptr8", "@ptr9", "@ptr10", "@ptr11", "SL:DATE_TIME]", "IN:CREATE_REMINDER]"]}
{"loss": 2.351205348968506, "class_log_probabilities": [-2.7158188819885254, -2.8499386310577393, -3.474550247192383, -5.212358474731445], "predictions": [33, 34, 400, 35, 36, 75, 6, 404, 405, 406, 7, 78, 37, 38, 4, 4, 4, 4, 4, 4], "target_tokens": ["[IN:DELETE_REMINDER", "[SL:PERSON_REMINDED", "@ptr4", "@ptr5", "SL:PERSON_REMINDED]", "[SL:TODO", "[IN:CREATE_CALL", "[SL:CONTACT", "@ptr10", "SL:CONTACT]", "IN:CREATE_CALL]", "SL:TODO]", "IN:DELETE_REMINDER]"], "predicted_tokens": ["[IN:DELETE_REMINDER", "[SL:PERSON_REMINDED", "@ptr5", "SL:PERSON_REMINDED]", "[SL:TODO", "[IN:CREATE_CALL", "[SL:CONTACT", "@ptr9", "@ptr10", "@ptr11", "SL:CONTACT]", "IN:CREATE_CALL]", "SL:TODO]", "IN:DELETE_REMINDER]"]}
{"loss": 3.1276142597198486, "class_log_probabilities": [-0.7867557406425476, -5.996616840362549, -6.277596950531006, -7.590919494628906], "predictions": [75, 6, 70, 71, 397, 398, 72, 93, 400, 94, 73, 7, 78, 4], "target_tokens": ["[IN:CREATE_CALL", "[SL:CONTACT", "[IN:GET_CONTACT", "[SL:CONTACT_RELATED", "@ptr4", "@ptr5", "SL:CONTACT_RELATED]", "[SL:TYPE_RELATION", "@ptr2", "@ptr3", "SL:TYPE_RELATION]", "IN:GET_CONTACT]", "SL:CONTACT]", "IN:CREATE_CALL]"], "predicted_tokens": ["[IN:CREATE_CALL", "[SL:CONTACT", "[IN:GET_CONTACT", "[SL:TYPE_RELATION", "@ptr2", "@ptr3", "SL:TYPE_RELATION]", "[SL:CONTACT_RELATED", "@ptr5", "SL:CONTACT_RELATED]", "IN:GET_CONTACT]", "SL:CONTACT]", "IN:CREATE_CALL]"]}
{"loss": 3.341569662094116, "class_log_probabilities": [-0.8487648963928223, -3.5496530532836914, -5.468463897705078, -5.665024280548096], "predictions": [75, 6, 70, 71, 399, 72, 93, 401, 94, 73, 7, 78, 4, 4], "target_tokens": ["[IN:CREATE_CALL", "[SL:CONTACT", "[IN:GET_CONTACT", "[SL:CONTACT_RELATED", "@ptr5", "@ptr6", "SL:CONTACT_RELATED]", "[SL:TYPE_RELATION", "@ptr4", "SL:TYPE_RELATION]", "IN:GET_CONTACT]", "SL:CONTACT]", "IN:CREATE_CALL]"], "predicted_tokens": ["[IN:CREATE_CALL", "[SL:CONTACT", "[IN:GET_CONTACT", "[SL:TYPE_RELATION", "@ptr4", "SL:TYPE_RELATION]", "[SL:CONTACT_RELATED", "@ptr6", "SL:CONTACT_RELATED]", "IN:GET_CONTACT]", "SL:CONTACT]", "IN:CREATE_CALL]"]}
{"loss": 0.9624159336090088, "class_log_probabilities": [-0.18138885498046875, -7.287111282348633, -7.494664669036865, -7.943505764007568], "predictions": [61, 62, 4], "target_tokens": ["[IN:GET_EVENT", "IN:GET_EVENT]"], "predicted_tokens": ["[IN:GET_EVENT", "IN:GET_EVENT]"]}
{"loss": 0.9634130597114563, "class_log_probabilities": [-0.39238762855529785, -8.324718475341797, -8.743863105773926, -8.769904136657715], "predictions": [61, 16, 395, 396, 17, 62, 4], "target_tokens": ["[IN:GET_EVENT", "[SL:DATE_TIME", "@ptr0", "@ptr1", "SL:DATE_TIME]", "IN:GET_EVENT]"], "predicted_tokens": ["[IN:GET_EVENT", "[SL:DATE_TIME", "@ptr0", "@ptr1", "SL:DATE_TIME]", "IN:GET_EVENT]"]}
{"loss": 1.6127475500106812, "class_log_probabilities": [-0.778266429901123, -5.628567695617676, -5.681448936462402, -6.734833717346191], "predictions": [61, 14, 400, 401, 402, 403, 15, 16, 404, 405, 406, 407, 408, 17, 62, 4, 4], "target_tokens": ["[IN:GET_EVENT", "[SL:LOCATION", "@ptr5", "@ptr6", "@ptr7", "@ptr8", "SL:LOCATION]", "[SL:DATE_TIME", "@ptr10", "@ptr11", "@ptr12", "SL:DATE_TIME]", "IN:GET_EVENT]"], "predicted_tokens": ["[IN:GET_EVENT", "[SL:LOCATION", "@ptr5", "@ptr6", "@ptr7", "@ptr8", "SL:LOCATION]", "[SL:DATE_TIME", "@ptr9", "@ptr10", "@ptr11", "@ptr12", "@ptr13", "SL:DATE_TIME]", "IN:GET_EVENT]"]}
{"loss": 0.9715657830238342, "class_log_probabilities": [-0.7225313782691956, -3.2724945545196533, -5.876484394073486, -7.267791748046875], "predictions": [13, 14, 398, 399, 400, 401, 402, 403, 15, 18, 4, 4], "target_tokens": ["[IN:GET_WEATHER", "[SL:LOCATION", "@ptr3", "@ptr4", "@ptr5", "@ptr6", "@ptr7", "@ptr8", "SL:LOCATION]", "IN:GET_WEATHER]"], "predicted_tokens": ["[IN:GET_WEATHER", "[SL:LOCATION", "@ptr3", "@ptr4", "@ptr5", "@ptr6", "@ptr7", "@ptr8", "SL:LOCATION]", "IN:GET_WEATHER]"]}
{"loss": 1.9316459894180298, "class_log_probabilities": [-0.9240809679031372, -2.483140468597412, -4.9892258644104, -7.155531883239746], "predictions": [105, 6, 400, 401, 402, 7, 106, 4, 4], "target_tokens": ["[IN:GET_INFO_CONTACT", "[SL:CONTACT", "@ptr4", "@ptr5", "@ptr6", "SL:CONTACT]", "IN:GET_INFO_CONTACT]"], "predicted_tokens": ["[IN:GET_INFO_CONTACT", "[SL:CONTACT", "@ptr5", "@ptr6", "@ptr7", "SL:CONTACT]", "IN:GET_INFO_CONTACT]"]}
{"loss": 1.5902738571166992, "class_log_probabilities": [-1.0402687788009644, -5.308741092681885, -5.449793815612793, -5.867134094238281], "predictions": [137, 6, 395, 396, 7, 138, 400, 401, 402, 403, 404, 405, 139, 140, 4], "target_tokens": ["[IN:GET_EMPLOYER", "[SL:CONTACT", "@ptr0", "@ptr1", "SL:CONTACT]", "[SL:EMPLOYER", "@ptr5", "@ptr6", "@ptr7", "SL:EMPLOYER]", "IN:GET_EMPLOYER]"], "predicted_tokens": ["[IN:GET_EMPLOYER", "[SL:CONTACT", "@ptr0", "@ptr1", "SL:CONTACT]", "[SL:EMPLOYER", "@ptr5", "@ptr6", "@ptr7", "@ptr8", "@ptr9", "@ptr10", "SL:EMPLOYER]", "IN:GET_EMPLOYER]"]}
{"loss": 2.6463282108306885, "class_log_probabilities": [-0.4138208329677582, -5.7085771560668945, -6.05785608291626, -7.7992119789123535], "predictions": [211, 6, 397, 398, 7, 212, 4], "target_tokens": ["[IN:GET_EMPLOYER", "[SL:CONTACT", "@ptr2", "@ptr3", "SL:CONTACT]", "IN:GET_EMPLOYER]"], "predicted_tokens": ["[IN:GET_LOCATION", "[SL:CONTACT", "@ptr2", "@ptr3", "SL:CONTACT]", "IN:GET_LOCATION]"]}
{"loss": 2.079458236694336, "class_log_probabilities": [-0.6667221188545227, -4.652488708496094, -4.9783549308776855, -7.651610851287842], "predictions": [70, 16, 398, 399, 400, 401, 17, 73, 4], "target_tokens": ["[IN:GET_CONTACT", "[SL:DATE_TIME", "@ptr4", "@ptr5", "SL:DATE_TIME]", "IN:GET_CONTACT]"], "predicted_tokens": ["[IN:GET_CONTACT", "[SL:DATE_TIME", "@ptr3", "@ptr4", "@ptr5", "@ptr6", "SL:DATE_TIME]", "IN:GET_CONTACT]"]}
{"loss": 2.2379133701324463, "class_log_probabilities": [-2.466456651687622, -2.8523247241973877, -3.477367401123047, -3.980217218399048], "predictions": [70, 93, 395, 94, 138, 403, 404, 405, 406, 139, 138, 408, 409, 410, 139, 73, 4], "target_tokens": ["[IN:GET_CONTACT", "[SL:CONTACT_RELATED", "@ptr0", "SL:CONTACT_RELATED]", "[SL:EMPLOYER", "@ptr12", "@ptr13", "@ptr14", "SL:EMPLOYER]", "IN:GET_CONTACT]"], "predicted_tokens": ["[IN:GET_CONTACT", "[SL:CONTACT_RELATED", "@ptr0", "SL:CONTACT_RELATED]", "[SL:EMPLOYER", "@ptr8", "@ptr9", "@ptr10", "@ptr11", "SL:EMPLOYER]", "[SL:EMPLOYER", "@ptr13", "@ptr14", "@ptr15", "SL:EMPLOYER]", "IN:GET_CONTACT]"]}
{"loss": 3.9273741245269775, "class_log_probabilities": [-1.2574480772018433, -3.18644380569458, -3.651495933532715, -3.6847121715545654], "predictions": [70, 71, 395, 72, 93, 397, 94, 138, 404, 405, 406, 139, 73, 4, 4], "target_tokens": ["[IN:GET_CONTACT", "[SL:CONTACT_RELATED", "@ptr2", "SL:CONTACT_RELATED]", "[SL:TYPE_RELATION", "@ptr0", "SL:TYPE_RELATION]", "[SL:EMPLOYER", "@ptr8", "@ptr9", "SL:EMPLOYER]", "IN:GET_CONTACT]"], "predicted_tokens": ["[IN:GET_CONTACT", "[SL:TYPE_RELATION", "@ptr0", "SL:TYPE_RELATION]", "[SL:CONTACT_RELATED", "@ptr2", "SL:CONTACT_RELATED]", "[SL:EMPLOYER", "@ptr9", "@ptr10", "@ptr11", "SL:EMPLOYER]", "IN:GET_CONTACT]"]}
{"loss": 3.827566385269165, "class_log_probabilities": [-0.4301833510398865, -5.6619133949279785, -7.261419773101807, -7.478492736816406], "predictions": [70, 138, 401, 402, 139, 73, 4, 4], "target_tokens": ["[IN:GET_CONTACT", "[SL:EMPLOYER", "@ptr5", "@ptr6", "SL:EMPLOYER]", "IN:GET_CONTACT]"], "predicted_tokens": ["[IN:GET_CONTACT", "[SL:EMPLOYER", "@ptr6", "@ptr7", "SL:EMPLOYER]", "IN:GET_CONTACT]"]}
{"loss": 3.076643943786621, "class_log_probabilities": [-4.124721527099609, -4.585842132568359, -4.838722229003906, -5.328359603881836], "predictions": [23, 24, 402, 403, 404, 405, 406, 407, 408, 409, 410, 411, 412, 413, 414, 415, 416, 25, 26, 4], "target_tokens": ["[IN:GET_CONTACT", "[SL:EMPLOYER", "@ptr14", "@ptr15", "@ptr16", "@ptr17", "@ptr18", "@ptr19", "SL:EMPLOYER]", "IN:GET_CONTACT]"], "predicted_tokens": ["[IN:SEND_MESSAGE", "[SL:CONTENT_EXACT", "@ptr7", "@ptr8", "@ptr9", "@ptr10", "@ptr11", "@ptr12", "@ptr13", "@ptr14", "@ptr15", "@ptr16", "@ptr17", "@ptr18", "@ptr19", "@ptr20", "@ptr21", "SL:CONTENT_EXACT]", "IN:SEND_MESSAGE]"]}
{"loss": 3.7402713298797607, "class_log_probabilities": [-0.9604783654212952, -2.4305408000946045, -3.301191568374634, -5.567641735076904], "predictions": [70, 71, 400, 72, 93, 401, 94, 14, 407, 15, 73, 4, 4, 4, 4], "target_tokens": ["[IN:GET_CONTACT", "[SL:CONTACT_RELATED", "@ptr5", "@ptr6", "SL:CONTACT_RELATED]", "[SL:TYPE_RELATION", "@ptr4", "SL:TYPE_RELATION]", "[SL:LOCATION", "@ptr11", "SL:LOCATION]", "IN:GET_CONTACT]"], "predicted_tokens": ["[IN:GET_CONTACT", "[SL:TYPE_RELATION", "@ptr5", "SL:TYPE_RELATION]", "[SL:CONTACT_RELATED", "@ptr6", "SL:CONTACT_RELATED]", "[SL:LOCATION", "@ptr12", "SL:LOCATION]", "IN:GET_CONTACT]"]}
{"loss": 3.5675008296966553, "class_log_probabilities": [-3.710836172103882, -4.667250633239746, -4.894298553466797, -5.870190620422363], "predictions": [45, 16, 400, 401, 402, 17, 46, 4, 4, 4, 4], "target_tokens": ["[IN:CREATE_ALARM", "[SL:DATE_TIME", "@ptr4", "@ptr5", "@ptr6", "SL:DATE_TIME]", "IN:CREATE_ALARM]"], "predicted_tokens": ["[IN:CREATE_ALARM", "[SL:DATE_TIME", "@ptr5", "@ptr6", "@ptr7", "SL:DATE_TIME]", "IN:CREATE_ALARM]"]}
{"loss": 5.107694625854492, "class_log_probabilities": [-0.3894144296646118, -5.849107265472412, -7.622172832489014, -7.846258163452148], "predictions": [183, 90, 398, 91, 184, 4], "target_tokens": ["[IN:CREATE_TIMER", "[SL:METHOD_TIMER", "@ptr1", "@ptr2", "@ptr3", "SL:METHOD_TIMER]", "IN:CREATE_TIMER]"], "predicted_tokens": ["[IN:ADD_TIME_TIMER", "[SL:METHOD_TIMER", "@ptr3", "SL:METHOD_TIMER]", "IN:ADD_TIME_TIMER]"]}
{"loss": 2.8994650840759277, "class_log_probabilities": [-0.8366365432739258, -3.518117904663086, -6.469906330108643, -7.267824649810791], "predictions": [89, 90, 396, 91, 16, 398, 399, 400, 17, 92, 4], "target_tokens": ["[IN:CREATE_TIMER", "[SL:METHOD_TIMER", "@ptr0", "@ptr1", "SL:METHOD_TIMER]", "[SL:DATE_TIME", "@ptr3", "@ptr4", "SL:DATE_TIME]", "IN:CREATE_TIMER]"], "predicted_tokens": ["[IN:CREATE_TIMER", "[SL:METHOD_TIMER", "@ptr1", "SL:METHOD_TIMER]", "[SL:DATE_TIME", "@ptr3", "@ptr4", "@ptr5", "SL:DATE_TIME]", "IN:CREATE_TIMER]"]}
{"loss": 3.4826765060424805, "class_log_probabilities": [-0.9483846426010132, -2.8129360675811768, -4.775311470031738, -7.219557762145996], "predictions": [89, 90, 397, 91, 16, 399, 400, 17, 92, 4, 4], "target_tokens": ["[IN:CREATE_TIMER", "[SL:METHOD_TIMER", "@ptr1", "@ptr2", "SL:METHOD_TIMER]", "[SL:DATE_TIME", "@ptr3", "@ptr4", "SL:DATE_TIME]", "IN:CREATE_TIMER]"], "predicted_tokens": ["[IN:CREATE_TIMER", "[SL:METHOD_TIMER", "@ptr2", "SL:METHOD_TIMER]", "[SL:DATE_TIME", "@ptr4", "@ptr5", "SL:DATE_TIME]", "IN:CREATE_TIMER]"]}
{"loss": 2.2923197746276855, "class_log_probabilities": [-0.43190377950668335, -4.513851165771484, -8.398484230041504, -8.481223106384277], "predictions": [45, 16, 397, 398, 17, 46, 4, 4], "target_tokens": ["[IN:CREATE_ALARM", "[SL:DATE_TIME", "@ptr2", "@ptr3", "@ptr4", "@ptr5", "@ptr6", "SL:DATE_TIME]", "IN:CREATE_ALARM]"], "predicted_tokens": ["[IN:CREATE_ALARM", "[SL:DATE_TIME", "@ptr2", "@ptr3", "SL:DATE_TIME]", "IN:CREATE_ALARM]"]}
{"loss": 4.49913215637207, "class_log_probabilities": [-1.4425524473190308, -2.49251651763916, -5.119379043579102, -5.151562213897705], "predictions": [39, 40, 397, 41, 16, 399, 17, 56, 401, 402, 403, 57, 42, 4, 4], "target_tokens": ["[IN:GET_STORIES_NEWS", "[SL:DATE_TIME", "@ptr3", "SL:DATE_TIME]", "[SL:NEWS_SOURCE", "@ptr5", "@ptr6", "@ptr7", "SL:NEWS_SOURCE]", "[SL:NEWS_TYPE", "@ptr0", "@ptr1", "@ptr2", "SL:NEWS_TYPE]", "IN:GET_STORIES_NEWS]"], "predicted_tokens": ["[IN:GET_STORIES_NEWS", "[SL:NEWS_TYPE", "@ptr2", "SL:NEWS_TYPE]", "[SL:DATE_TIME", "@ptr4", "SL:DATE_TIME]", "[SL:NEWS_TOPIC", "@ptr6", "@ptr7", "@ptr8", "SL:NEWS_TOPIC]", "IN:GET_STORIES_NEWS]"]}
{"loss": 0.981797456741333, "class_log_probabilities": [-0.9279797077178955, -2.727445363998413, -4.921386241912842, -5.6060261726379395], "predictions": [51, 52, 398, 399, 400, 401, 402, 403, 53, 54, 4], "target_tokens": ["[IN:GET_RECIPES", "[SL:RECIPES_DISH", "@ptr3", "@ptr4", "@ptr5", "@ptr6", "@ptr7", "@ptr8", "SL:RECIPES_DISH]", "IN:GET_RECIPES]"], "predicted_tokens": ["[IN:GET_RECIPES", "[SL:RECIPES_DISH", "@ptr3", "@ptr4", "@ptr5", "@ptr6", "@ptr7", "@ptr8", "SL:RECIPES_DISH]", "IN:GET_RECIPES]"]}
{"loss": 3.4313266277313232, "class_log_probabilities": [-2.3453116416931152, -2.3846542835235596, -3.6703267097473145, -3.8465611934661865], "predictions": [27, 52, 397, 398, 399, 53, 30, 4], "target_tokens": ["[IN:GET_RECIPES", "[SL:RECIPES_TYPE", "@ptr2", "SL:RECIPES_TYPE]", "[SL:RECIPES_DISH", "@ptr3", "@ptr4", "SL:RECIPES_DISH]", "IN:GET_RECIPES]"], "predicted_tokens": ["[IN:GET_INFO_RECIPES", "[SL:RECIPES_DISH", "@ptr2", "@ptr3", "@ptr4", "SL:RECIPES_DISH]", "IN:GET_INFO_RECIPES]"]}
{"loss": 3.212563991546631, "class_log_probabilities": [-0.6330245137214661, -3.3526628017425537, -4.2979021072387695, -4.379822254180908], "predictions": [51, 52, 395, 53, 28, 399, 29, 54, 4, 4], "target_tokens": ["[IN:GET_RECIPES", "[SL:RECIPES_ATTRIBUTE", "@ptr3", "@ptr4", "SL:RECIPES_ATTRIBUTE]", "[SL:RECIPES_DISH", "@ptr0", "SL:RECIPES_DISH]", "IN:GET_RECIPES]"], "predicted_tokens": ["[IN:GET_RECIPES", "[SL:RECIPES_DISH", "@ptr0", "SL:RECIPES_DISH]", "[SL:RECIPES_ATTRIBUTE", "@ptr4", "SL:RECIPES_ATTRIBUTE]", "IN:GET_RECIPES]"]}
{"loss": 2.8448374271392822, "class_log_probabilities": [-0.4760791063308716, -8.21621322631836, -8.358245849609375, -8.466754913330078], "predictions": [63, 64, 396, 65, 151, 397, 152, 68, 4], "target_tokens": ["[IN:PLAY_MUSIC", "[SL:MUSIC_GENRE", "@ptr2", "SL:MUSIC_GENRE]", "[SL:MUSIC_TYPE", "@ptr1", "SL:MUSIC_TYPE]", "IN:PLAY_MUSIC]"], "predicted_tokens": ["[IN:PLAY_MUSIC", "[SL:MUSIC_TYPE", "@ptr1", "SL:MUSIC_TYPE]", "[SL:MUSIC_GENRE", "@ptr2", "SL:MUSIC_GENRE]", "IN:PLAY_MUSIC]"]}
{"loss": 2.907963275909424, "class_log_probabilities": [-1.3360563516616821, -2.6803183555603027, -4.011518955230713, -5.518702030181885], "predictions": [63, 64, 396, 65, 86, 397, 398, 87, 68, 4], "target_tokens": ["[IN:PLAY_MUSIC", "[SL:MUSIC_GENRE", "@ptr2", "@ptr3", "SL:MUSIC_GENRE]", "[SL:MUSIC_TYPE", "@ptr1", "SL:MUSIC_TYPE]", "IN:PLAY_MUSIC]"], "predicted_tokens": ["[IN:PLAY_MUSIC", "[SL:MUSIC_TYPE", "@ptr1", "SL:MUSIC_TYPE]", "[SL:MUSIC_PLAYLIST_TITLE", "@ptr2", "@ptr3", "SL:MUSIC_PLAYLIST_TITLE]", "IN:PLAY_MUSIC]"]}
{"loss": 2.3423705101013184, "class_log_probabilities": [-1.4327136278152466, -2.3030498027801514, -3.2739391326904297, -6.603090763092041], "predictions": [13, 14, 398, 15, 16, 400, 401, 17, 18, 4, 4], "target_tokens": ["[IN:GET_WEATHER", "[SL:LOCATION", "@ptr3", "SL:LOCATION]", "IN:GET_WEATHER]"], "predicted_tokens": ["[IN:GET_WEATHER", "[SL:LOCATION", "@ptr3", "SL:LOCATION]", "[SL:DATE_TIME", "@ptr5", "@ptr6", "SL:DATE_TIME]", "IN:GET_WEATHER]"]}
{"loss": 4.1159138679504395, "class_log_probabilities": [-1.2825007438659668, -2.6344988346099854, -4.723360061645508, -5.324741840362549], "predictions": [63, 64, 396, 65, 206, 397, 398, 399, 207, 103, 401, 104, 68, 4, 4], "target_tokens": ["[IN:PLAY_MUSIC", "[SL:MUSIC_GENRE", "@ptr4", "SL:MUSIC_GENRE]", "[SL:MUSIC_TYPE", "@ptr1", "@ptr2", "@ptr3", "SL:MUSIC_TYPE]", "[SL:MUSIC_PROVIDER_NAME", "@ptr6", "SL:MUSIC_PROVIDER_NAME]", "IN:PLAY_MUSIC]"], "predicted_tokens": ["[IN:PLAY_MUSIC", "[SL:MUSIC_TYPE", "@ptr1", "SL:MUSIC_TYPE]", "[SL:MUSIC_ALBUM_TITLE", "@ptr2", "@ptr3", "@ptr4", "SL:MUSIC_ALBUM_TITLE]", "[SL:MUSIC_PROVIDER_NAME", "@ptr6", "SL:MUSIC_PROVIDER_NAME]", "IN:PLAY_MUSIC]"]}
{"loss": 3.5585291385650635, "class_log_probabilities": [-1.4540460109710693, -1.8653963804244995, -3.019026517868042, -4.010924339294434], "predictions": [89, 90, 398, 91, 92, 4], "target_tokens": ["[IN:CREATE_TIMER", "[SL:METHOD_TIMER", "@ptr2", "@ptr3", "SL:METHOD_TIMER]", "IN:CREATE_TIMER]"], "predicted_tokens": ["[IN:CREATE_TIMER", "[SL:METHOD_TIMER", "@ptr3", "SL:METHOD_TIMER]", "IN:CREATE_TIMER]"]}
{"loss": 2.39184832572937, "class_log_probabilities": [-0.8956754207611084, -4.925227165222168, -5.434271812438965, -5.598569869995117], "predictions": [39, 56, 395, 396, 57, 40, 397, 41, 42, 4], "target_tokens": ["[IN:GET_STORIES_NEWS", "[SL:NEWS_TYPE", "@ptr0", "@ptr1", "@ptr2", "SL:NEWS_TYPE]", "IN:GET_STORIES_NEWS]"], "predicted_tokens": ["[IN:GET_STORIES_NEWS", "[SL:NEWS_TOPIC", "@ptr0", "@ptr1", "SL:NEWS_TOPIC]", "[SL:NEWS_TYPE", "@ptr2", "SL:NEWS_TYPE]", "IN:GET_STORIES_NEWS]"]}
{"loss": 0.9953646659851074, "class_log_probabilities": [-0.2803434133529663, -7.828559875488281, -8.000995635986328, -8.016687393188477], "predictions": [169, 64, 397, 65, 170, 4, 4], "target_tokens": ["[IN:REMOVE_FROM_PLAYLIST_MUSIC", "[SL:MUSIC_TYPE", "@ptr2", "SL:MUSIC_TYPE]", "IN:REMOVE_FROM_PLAYLIST_MUSIC]"], "predicted_tokens": ["[IN:REMOVE_FROM_PLAYLIST_MUSIC", "[SL:MUSIC_TYPE", "@ptr2", "SL:MUSIC_TYPE]", "IN:REMOVE_FROM_PLAYLIST_MUSIC]"]}
{"loss": 2.073186159133911, "class_log_probabilities": [-0.32406535744667053, -7.698469161987305, -8.381563186645508, -8.614800453186035], "predictions": [39, 40, 400, 41, 42, 4, 4, 4], "target_tokens": ["[IN:GET_STORIES_NEWS", "[SL:NEWS_TYPE", "@ptr4", "SL:NEWS_TYPE]", "IN:GET_STORIES_NEWS]"], "predicted_tokens": ["[IN:GET_STORIES_NEWS", "[SL:NEWS_TYPE", "@ptr5", "SL:NEWS_TYPE]", "IN:GET_STORIES_NEWS]"]}
{"loss": 2.0434231758117676, "class_log_probabilities": [-0.7223608493804932, -3.6717584133148193, -5.263704776763916, -5.337365627288818], "predictions": [63, 64, 398, 65, 151, 399, 400, 401, 152, 68, 4, 4], "target_tokens": ["[IN:PLAY_MUSIC", "[SL:MUSIC_GENRE", "@ptr4", "@ptr5", "@ptr6", "SL:MUSIC_GENRE]", "IN:PLAY_MUSIC]"], "predicted_tokens": ["[IN:PLAY_MUSIC", "[SL:MUSIC_TYPE", "@ptr3", "SL:MUSIC_TYPE]", "[SL:MUSIC_GENRE", "@ptr4", "@ptr5", "@ptr6", "SL:MUSIC_GENRE]", "IN:PLAY_MUSIC]"]}
{"loss": 2.306696653366089, "class_log_probabilities": [-0.6020556092262268, -3.56791615486145, -5.6093339920043945, -6.092482089996338], "predictions": [13, 79, 395, 80, 79, 402, 80, 18, 4, 4, 4, 4], "target_tokens": ["[IN:GET_WEATHER", "[SL:WEATHER_ATTRIBUTE", "@ptr0", "@ptr1", "SL:WEATHER_ATTRIBUTE]", "[SL:WEATHER_ATTRIBUTE", "@ptr6", "SL:WEATHER_ATTRIBUTE]", "IN:GET_WEATHER]"], "predicted_tokens": ["[IN:GET_WEATHER", "[SL:WEATHER_ATTRIBUTE", "@ptr0", "SL:WEATHER_ATTRIBUTE]", "[SL:WEATHER_ATTRIBUTE", "@ptr7", "SL:WEATHER_ATTRIBUTE]", "IN:GET_WEATHER]"]}
{"loss": 0.9615790247917175, "class_log_probabilities": [-0.35570669174194336, -6.864835262298584, -7.620833396911621, -7.704768657684326], "predictions": [13, 79, 396, 80, 18, 4], "target_tokens": ["[IN:GET_WEATHER", "[SL:WEATHER_ATTRIBUTE", "@ptr1", "SL:WEATHER_ATTRIBUTE]", "IN:GET_WEATHER]"], "predicted_tokens": ["[IN:GET_WEATHER", "[SL:WEATHER_ATTRIBUTE", "@ptr1", "SL:WEATHER_ATTRIBUTE]", "IN:GET_WEATHER]"]}
{"loss": 2.68803071975708, "class_log_probabilities": [-0.601101279258728, -8.547033309936523, -8.634159088134766, -8.648812294006348], "predictions": [39, 40, 397, 41, 16, 402, 403, 404, 17, 42, 4], "target_tokens": ["[IN:GET_STORIES_NEWS", "[SL:NEWS_TYPE", "@ptr2", "SL:NEWS_TYPE]", "[SL:DATE_TIME", "@ptr6", "@ptr7", "SL:DATE_TIME]", "IN:GET_STORIES_NEWS]"], "predicted_tokens": ["[IN:GET_STORIES_NEWS", "[SL:NEWS_TYPE", "@ptr2", "SL:NEWS_TYPE]", "[SL:DATE_TIME", "@ptr7", "@ptr8", "@ptr9", "SL:DATE_TIME]", "IN:GET_STORIES_NEWS]"]}
{"loss": 5.271228313446045, "class_log_probabilities": [-3.008493661880493, -4.235647201538086, -4.95055627822876, -5.47897481918335], "predictions": [49, 34, 396, 35, 36, 399, 400, 401, 402, 403, 404, 405, 406, 407, 408, 409, 410, 37, 50, 4], "target_tokens": ["[IN:GET_ALARM", "[SL:ORDINAL", "@ptr12", "@ptr13", "SL:ORDINAL]", "IN:GET_ALARM]"], "predicted_tokens": ["[IN:CREATE_REMINDER", "[SL:PERSON_REMINDED", "@ptr1", "SL:PERSON_REMINDED]", "[SL:TODO", "@ptr4", "@ptr5", "@ptr6", "@ptr7", "@ptr8", "@ptr9", "@ptr10", "@ptr11", "@ptr12", "@ptr13", "@ptr14", "@ptr15", "SL:TODO]", "IN:CREATE_REMINDER]"]}
{"loss": 4.173232078552246, "class_log_probabilities": [-0.6913910508155823, -5.152061939239502, -5.330450534820557, -5.544906139373779], "predictions": [19, 120, 400, 121, 22, 4], "target_tokens": ["[IN:CREATE_ALARM", "[SL:AMOUNT", "@ptr4", "SL:AMOUNT]", "IN:CREATE_ALARM]"], "predicted_tokens": ["[IN:GET_ALARM", "[SL:AMOUNT", "@ptr5", "SL:AMOUNT]", "IN:GET_ALARM]"]}
{"loss": 2.468067169189453, "class_log_probabilities": [-0.6357395052909851, -6.7378058433532715, -6.74213171005249, -6.772565841674805], "predictions": [63, 64, 396, 65, 101, 398, 102, 66, 401, 67, 68, 4, 4, 4, 4], "target_tokens": ["[IN:PLAY_MUSIC", "[SL:MUSIC_ARTIST_NAME", "@ptr6", "SL:MUSIC_ARTIST_NAME]", "[SL:MUSIC_TRACK_TITLE", "@ptr3", "SL:MUSIC_TRACK_TITLE]", "IN:PLAY_MUSIC]"], "predicted_tokens": ["[IN:PLAY_MUSIC", "[SL:MUSIC_TYPE", "@ptr1", "SL:MUSIC_TYPE]", "[SL:MUSIC_TRACK_TITLE", "@ptr3", "SL:MUSIC_TRACK_TITLE]", "[SL:MUSIC_ARTIST_NAME", "@ptr6", "SL:MUSIC_ARTIST_NAME]", "IN:PLAY_MUSIC]"]}
{"loss": 2.8780834674835205, "class_log_probabilities": [-0.517712414264679, -8.088278770446777, -8.290241241455078, -8.576053619384766], "predictions": [45, 16, 399, 400, 401, 402, 17, 46, 4, 4], "target_tokens": ["[IN:CREATE_ALARM", "[SL:DATE_TIME", "@ptr3", "@ptr4", "@ptr5", "@ptr6", "SL:DATE_TIME]", "IN:CREATE_ALARM]"], "predicted_tokens": ["[IN:CREATE_ALARM", "[SL:DATE_TIME", "@ptr4", "@ptr5", "@ptr6", "@ptr7", "SL:DATE_TIME]", "IN:CREATE_ALARM]"]}
{"loss": 2.0133795738220215, "class_log_probabilities": [-1.6327039003372192, -2.4773833751678467, -4.088003158569336, -4.818716526031494], "predictions": [63, 64, 396, 65, 101, 397, 398, 399, 400, 152, 68, 4], "target_tokens": ["[IN:PLAY_MUSIC", "[SL:MUSIC_GENRE", "@ptr2", "@ptr3", "@ptr4", "@ptr5", "SL:MUSIC_GENRE]", "IN:PLAY_MUSIC]"], "predicted_tokens": ["[IN:PLAY_MUSIC", "[SL:MUSIC_TYPE", "@ptr1", "SL:MUSIC_TYPE]", "[SL:MUSIC_TRACK_TITLE", "@ptr2", "@ptr3", "@ptr4", "@ptr5", "SL:MUSIC_GENRE]", "IN:PLAY_MUSIC]"]}
{"loss": 2.089035749435425, "class_log_probabilities": [-2.632685899734497, -3.750915765762329, -4.604545593261719, -4.747457504272461], "predictions": [241, 64, 397, 65, 242, 4, 4, 4, 4, 4, 4, 4, 4, 4, 4, 4, 4], "target_tokens": ["[IN:SKIP_TRACK_MUSIC", "[SL:MUSIC_TYPE", "@ptr2", "SL:MUSIC_TYPE]", "[SL:MUSIC_TYPE", "@ptr6", "@ptr7", "@ptr8", "@ptr9", "SL:MUSIC_TYPE]", "IN:SKIP_TRACK_MUSIC]"], "predicted_tokens": ["[IN:SKIP_TRACK_MUSIC", "[SL:MUSIC_TYPE", "@ptr2", "SL:MUSIC_TYPE]", "IN:SKIP_TRACK_MUSIC]"]}
{"loss": 0.9627750515937805, "class_log_probabilities": [-0.34080931544303894, -7.746915340423584, -8.162217140197754, -8.265490531921387], "predictions": [13, 79, 398, 80, 18, 4], "target_tokens": ["[IN:GET_WEATHER", "[SL:WEATHER_ATTRIBUTE", "@ptr3", "SL:WEATHER_ATTRIBUTE]", "IN:GET_WEATHER]"], "predicted_tokens": ["[IN:GET_WEATHER", "[SL:WEATHER_ATTRIBUTE", "@ptr3", "SL:WEATHER_ATTRIBUTE]", "IN:GET_WEATHER]"]}
{"loss": 3.845252513885498, "class_log_probabilities": [-1.3116765022277832, -2.6572701930999756, -4.34834623336792, -4.690051078796387], "predictions": [39, 40, 396, 41, 56, 397, 398, 399, 400, 401, 402, 403, 57, 42, 4], "target_tokens": ["[IN:GET_STORIES_NEWS", "[SL:NEWS_CATEGORY", "@ptr2", "@ptr3", "SL:NEWS_CATEGORY]", "[SL:NEWS_TYPE", "@ptr1", "SL:NEWS_TYPE]", "IN:GET_STORIES_NEWS]"], "predicted_tokens": ["[IN:GET_STORIES_NEWS", "[SL:NEWS_TYPE", "@ptr1", "SL:NEWS_TYPE]", "[SL:NEWS_TOPIC", "@ptr2", "@ptr3", "@ptr4", "@ptr5", "@ptr6", "@ptr7", "@ptr8", "SL:NEWS_TOPIC]", "IN:GET_STORIES_NEWS]"]}
{"loss": 1.1978851556777954, "class_log_probabilities": [-1.7706551551818848, -1.9403575658798218, -2.172769069671631, -6.561819076538086], "predictions": [13, 14, 399, 15, 18, 4, 4], "target_tokens": ["[IN:GET_WEATHER", "[SL:LOCATION", "@ptr3", "SL:LOCATION]", "IN:GET_WEATHER]"], "predicted_tokens": ["[IN:GET_WEATHER", "[SL:LOCATION", "@ptr4", "SL:LOCATION]", "IN:GET_WEATHER]"]}
{"loss": 4.207515239715576, "class_log_probabilities": [-1.3682516813278198, -1.5313348770141602, -5.6143083572387695, -5.740480899810791], "predictions": [33, 34, 404, 35, 38, 4], "target_tokens": ["[IN:DELETE_ALARM", "[SL:AMOUNT", "@ptr6", "SL:AMOUNT]", "IN:DELETE_ALARM]"], "predicted_tokens": ["[IN:DELETE_REMINDER", "[SL:PERSON_REMINDED", "@ptr9", "SL:PERSON_REMINDED]", "IN:DELETE_REMINDER]"]}
{"loss": 2.272123336791992, "class_log_probabilities": [-0.3697517514228821, -6.497601509094238, -7.114684104919434, -7.177221775054932], "predictions": [63, 64, 397, 65, 68, 4], "target_tokens": ["[IN:PLAY_MUSIC", "[SL:MUSIC_TYPE", "@ptr1", "SL:MUSIC_TYPE]", "IN:PLAY_MUSIC]"], "predicted_tokens": ["[IN:PLAY_MUSIC", "[SL:MUSIC_TYPE", "@ptr2", "SL:MUSIC_TYPE]", "IN:PLAY_MUSIC]"]}
{"loss": 3.9905357360839844, "class_log_probabilities": [-2.349668502807617, -5.037679672241211, -5.225074291229248, -6.7328410148620605], "predictions": [23, 24, 399, 400, 401, 402, 403, 404, 405, 406, 407, 408, 409, 410, 25, 26, 4, 4, 4], "target_tokens": ["[IN:GET_TIMER", "[SL:METHOD_TIMER", "@ptr11", "@ptr12", "@ptr13", "SL:METHOD_TIMER]", "IN:GET_TIMER]"], "predicted_tokens": ["[IN:SEND_MESSAGE", "[SL:CONTENT_EXACT", "@ptr4", "@ptr5", "@ptr6", "@ptr7", "@ptr8", "@ptr9", "@ptr10", "@ptr11", "@ptr12", "@ptr13", "@ptr14", "@ptr15", "SL:CONTENT_EXACT]", "IN:SEND_MESSAGE]"]}
{"loss": 2.6981563568115234, "class_log_probabilities": [-0.21761877834796906, -5.63764762878418, -6.175599575042725, -6.623995780944824], "predictions": [115, 116, 4], "target_tokens": ["[IN:GET_ALARM", "IN:GET_ALARM]"], "predicted_tokens": ["[IN:GET_TIMER", "IN:GET_TIMER]"]}
{"loss": 4.0511064529418945, "class_log_probabilities": [-0.3004266023635864, -8.14390754699707, -8.356085777282715, -8.475312232971191], "predictions": [115, 90, 399, 91, 116, 4, 4], "target_tokens": ["[IN:GET_TIMER", "[SL:METHOD_TIMER", "@ptr2", "@ptr3", "@ptr4", "SL:METHOD_TIMER]", "IN:GET_TIMER]"], "predicted_tokens": ["[IN:GET_TIMER", "[SL:METHOD_TIMER", "@ptr4", "SL:METHOD_TIMER]", "IN:GET_TIMER]"]}
{"loss": 2.045811653137207, "class_log_probabilities": [-1.8619356155395508, -2.78786039352417, -3.52421236038208, -4.1815714836120605], "predictions": [39, 40, 396, 41, 56, 399, 400, 401, 402, 403, 404, 57, 16, 406, 407, 408, 409, 17, 42, 4, 4], "target_tokens": ["[IN:GET_STORIES_NEWS", "[SL:NEWS_TYPE", "@ptr1", "SL:NEWS_TYPE]", "[SL:NEWS_TOPIC", "@ptr4", "@ptr5", "@ptr6", "@ptr7", "@ptr8", "SL:NEWS_TOPIC]", "[SL:DATE_TIME", "@ptr10", "@ptr11", "@ptr12", "SL:DATE_TIME]", "IN:GET_STORIES_NEWS]"], "predicted_tokens": ["[IN:GET_STORIES_NEWS", "[SL:NEWS_TYPE", "@ptr1", "SL:NEWS_TYPE]", "[SL:NEWS_TOPIC", "@ptr4", "@ptr5", "@ptr6", "@ptr7", "@ptr8", "@ptr9", "SL:NEWS_TOPIC]", "[SL:DATE_TIME", "@ptr11", "@ptr12", "@ptr13", "@ptr14", "SL:DATE_TIME]", "IN:GET_STORIES_NEWS]"]}
{"loss": 3.1948530673980713, "class_log_probabilities": [-0.46279722452163696, -8.302953720092773, -8.403773307800293, -8.550124168395996], "predictions": [45, 16, 399, 400, 401, 17, 46, 4], "target_tokens": ["[IN:CREATE_ALARM", "[SL:DATE_TIME", "@ptr3", "@ptr4", "@ptr5", "SL:DATE_TIME]", "IN:CREATE_ALARM]"], "predicted_tokens": ["[IN:CREATE_ALARM", "[SL:DATE_TIME", "@ptr4", "@ptr5", "@ptr6", "SL:DATE_TIME]", "IN:CREATE_ALARM]"]}
{"loss": 2.848417043685913, "class_log_probabilities": [-0.6988708972930908, -4.543604373931885, -4.971673488616943, -5.4029693603515625], "predictions": [39, 40, 397, 41, 56, 404, 405, 57, 42, 4, 4], "target_tokens": ["[IN:GET_STORIES_NEWS", "[SL:NEWS_TYPE", "@ptr1", "@ptr2", "SL:NEWS_TYPE]", "[SL:NEWS_TOPIC", "@ptr8", "SL:NEWS_TOPIC]", "IN:GET_STORIES_NEWS]"], "predicted_tokens": ["[IN:GET_STORIES_NEWS", "[SL:NEWS_TYPE", "@ptr2", "SL:NEWS_TYPE]", "[SL:NEWS_TOPIC", "@ptr9", "@ptr10", "SL:NEWS_TOPIC]", "IN:GET_STORIES_NEWS]"]}
{"loss": 0.967492938041687, "class_log_probabilities": [-0.3701954782009125, -7.759603023529053, -8.011961936950684, -8.21189022064209], "predictions": [51, 52, 397, 398, 53, 54, 4, 4, 4, 4], "target_tokens": ["[IN:GET_RECIPES", "[SL:RECIPES_DISH", "@ptr2", "@ptr3", "SL:RECIPES_DISH]", "IN:GET_RECIPES]"], "predicted_tokens": ["[IN:GET_RECIPES", "[SL:RECIPES_DISH", "@ptr2", "@ptr3", "SL:RECIPES_DISH]", "IN:GET_RECIPES]"]}
{"loss": 2.496638536453247, "class_log_probabilities": [-1.623964548110962, -2.0189576148986816, -2.5157248973846436, -3.993169069290161], "predictions": [23, 10, 70, 71, 399, 72, 93, 400, 94, 73, 11, 26, 4], "target_tokens": ["[IN:SEND_MESSAGE", "[SL:RECIPIENT", "[IN:GET_CONTACT", "[SL:CONTACT_RELATED", "@ptr4", "@ptr5", "SL:CONTACT_RELATED]", "[SL:TYPE_RELATION", "@ptr3", "SL:TYPE_RELATION]", "IN:GET_CONTACT]", "SL:RECIPIENT]", "IN:SEND_MESSAGE]"], "predicted_tokens": ["[IN:SEND_MESSAGE", "[SL:RECIPIENT", "[IN:GET_CONTACT", "[SL:TYPE_RELATION", "@ptr4", "SL:TYPE_RELATION]", "[SL:CONTACT_RELATED", "@ptr5", "SL:CONTACT_RELATED]", "IN:GET_CONTACT]", "SL:RECIPIENT]", "IN:SEND_MESSAGE]"]}
{"loss": 1.972818374633789, "class_log_probabilities": [-0.6871205568313599, -4.881124973297119, -5.473669052124023, -5.960007667541504], "predictions": [23, 10, 400, 401, 402, 11, 10, 404, 11, 26, 4], "target_tokens": ["[IN:SEND_MESSAGE", "[SL:RECIPIENT", "@ptr5", "@ptr6", "SL:RECIPIENT]", "[SL:RECIPIENT", "@ptr8", "SL:RECIPIENT]", "IN:SEND_MESSAGE]"], "predicted_tokens": ["[IN:SEND_MESSAGE", "[SL:RECIPIENT", "@ptr5", "@ptr6", "@ptr7", "SL:RECIPIENT]", "[SL:RECIPIENT", "@ptr9", "SL:RECIPIENT]", "IN:SEND_MESSAGE]"]}
{"loss": 2.1156506538391113, "class_log_probabilities": [-0.5625123381614685, -7.287958145141602, -7.583924293518066, -7.8169169425964355], "predictions": [5, 59, 70, 71, 401, 72, 6, 402, 7, 73, 60, 12, 4, 4, 4, 4], "target_tokens": ["[IN:GET_MESSAGE", "[SL:SENDER", "[IN:GET_CONTACT", "[SL:TYPE_RELATION", "@ptr5", "SL:TYPE_RELATION]", "[SL:CONTACT", "@ptr6", "SL:CONTACT]", "IN:GET_CONTACT]", "SL:SENDER]", "IN:GET_MESSAGE]"], "predicted_tokens": ["[IN:GET_MESSAGE", "[SL:SENDER", "[IN:GET_CONTACT", "[SL:TYPE_RELATION", "@ptr6", "SL:TYPE_RELATION]", "[SL:CONTACT", "@ptr7", "SL:CONTACT]", "IN:GET_CONTACT]", "SL:SENDER]", "IN:GET_MESSAGE]"]}
{"loss": 3.883509874343872, "class_log_probabilities": [-0.4135134220123291, -6.735530376434326, -6.876921653747559, -7.244021415710449], "predictions": [283, 10, 401, 11, 76, 403, 77, 284, 4, 4], "target_tokens": ["[IN:GET_MESSAGE_CONTACT", "[SL:NAME_APP", "@ptr7", "SL:NAME_APP]", "IN:GET_MESSAGE_CONTACT]"], "predicted_tokens": ["[IN:GET_MESSAGE_CONTACT", "[SL:RECIPIENT", "@ptr6", "SL:RECIPIENT]", "[SL:NAME_APP", "@ptr8", "SL:NAME_APP]", "IN:GET_MESSAGE_CONTACT]"]}
{"loss": 2.300434112548828, "class_log_probabilities": [-0.307350754737854, -7.696242809295654, -7.916833877563477, -8.181843757629395], "predictions": [23, 76, 400, 77, 26, 4, 4, 4], "target_tokens": ["[IN:SEND_MESSAGE", "[SL:NAME_APP", "@ptr4", "SL:NAME_APP]", "IN:SEND_MESSAGE]"], "predicted_tokens": ["[IN:SEND_MESSAGE", "[SL:NAME_APP", "@ptr5", "SL:NAME_APP]", "IN:SEND_MESSAGE]"]}
{"loss": 0.9696086049079895, "class_log_probabilities": [-0.3666938841342926, -4.651785373687744, -6.607257843017578, -8.263731956481934], "predictions": [23, 76, 398, 77, 26, 4, 4, 4], "target_tokens": ["[IN:SEND_MESSAGE", "[SL:NAME_APP", "@ptr3", "SL:NAME_APP]", "IN:SEND_MESSAGE]"], "predicted_tokens": ["[IN:SEND_MESSAGE", "[SL:NAME_APP", "@ptr3", "SL:NAME_APP]", "IN:SEND_MESSAGE]"]}
{"loss": 3.885197877883911, "class_log_probabilities": [-1.0090934038162231, -1.837870717048645, -4.25009822845459, -5.611454963684082], "predictions": [23, 10, 398, 11, 76, 406, 77, 26, 4], "target_tokens": ["[IN:SEND_MESSAGE", "[SL:NAME_APP", "@ptr9", "SL:NAME_APP]", "IN:SEND_MESSAGE]"], "predicted_tokens": ["[IN:SEND_MESSAGE", "[SL:RECIPIENT", "@ptr3", "SL:RECIPIENT]", "[SL:NAME_APP", "@ptr11", "SL:NAME_APP]", "IN:SEND_MESSAGE]"]}
{"loss": 1.0903072357177734, "class_log_probabilities": [-2.8244941234588623, -3.0709893703460693, -4.846482753753662, -5.3697285652160645], "predictions": [39, 133, 396, 397, 134, 40, 398, 41, 42, 4], "target_tokens": ["[IN:GET_STORIES_NEWS", "[SL:NEWS_SOURCE", "@ptr1", "@ptr2", "SL:NEWS_SOURCE]", "[SL:NEWS_TYPE", "@ptr3", "SL:NEWS_TYPE]", "IN:GET_STORIES_NEWS]"], "predicted_tokens": ["[IN:GET_STORIES_NEWS", "[SL:NEWS_SOURCE", "@ptr1", "@ptr2", "SL:NEWS_SOURCE]", "[SL:NEWS_TYPE", "@ptr3", "SL:NEWS_TYPE]", "IN:GET_STORIES_NEWS]"]}
{"loss": 0.9639556407928467, "class_log_probabilities": [-0.6148377656936646, -5.867371559143066, -6.885749816894531, -7.421936511993408], "predictions": [75, 6, 397, 398, 399, 400, 401, 402, 7, 78, 4], "target_tokens": ["[IN:CREATE_CALL", "[SL:CONTACT", "@ptr2", "@ptr3", "@ptr4", "@ptr5", "@ptr6", "@ptr7", "SL:CONTACT]", "IN:CREATE_CALL]"], "predicted_tokens": ["[IN:CREATE_CALL", "[SL:CONTACT", "@ptr2", "@ptr3", "@ptr4", "@ptr5", "@ptr6", "@ptr7", "SL:CONTACT]", "IN:CREATE_CALL]"]}
{"loss": 2.846794366836548, "class_log_probabilities": [-0.5102762579917908, -4.920895576477051, -6.328912734985352, -6.695970058441162], "predictions": [75, 231, 401, 402, 403, 232, 76, 405, 77, 78, 4, 4], "target_tokens": ["[IN:CREATE_CALL", "[SL:PHONE_NUMBER", "@ptr5", "@ptr6", "@ptr7", "SL:PHONE_NUMBER]", "[SL:NAME_APP", "@ptr9", "SL:NAME_APP]", "IN:CREATE_CALL]"], "predicted_tokens": ["[IN:CREATE_CALL", "[SL:PHONE_NUMBER", "@ptr6", "@ptr7", "@ptr8", "SL:PHONE_NUMBER]", "[SL:NAME_APP", "@ptr10", "SL:NAME_APP]", "IN:CREATE_CALL]"]}
{"loss": 1.6670490503311157, "class_log_probabilities": [-0.5710728764533997, -6.203501224517822, -7.0672526359558105, -7.3869194984436035], "predictions": [75, 231, 399, 400, 401, 402, 403, 404, 232, 78, 4], "target_tokens": ["[IN:CREATE_CALL", "[SL:PHONE_NUMBER", "@ptr4", "@ptr5", "@ptr6", "@ptr7", "@ptr8", "SL:PHONE_NUMBER]", "IN:CREATE_CALL]"], "predicted_tokens": ["[IN:CREATE_CALL", "[SL:PHONE_NUMBER", "@ptr4", "@ptr5", "@ptr6", "@ptr7", "@ptr8", "@ptr9", "SL:PHONE_NUMBER]", "IN:CREATE_CALL]"]}
{"loss": 0.9955227971076965, "class_log_probabilities": [-0.13607698678970337, -8.05515193939209, -8.19758129119873, -8.201661109924316], "predictions": [153, 154, 4], "target_tokens": ["[IN:ANSWER_CALL", "IN:ANSWER_CALL]"], "predicted_tokens": ["[IN:ANSWER_CALL", "IN:ANSWER_CALL]"]}
{"loss": 1.7925958633422852, "class_log_probabilities": [-0.7091243863105774, -3.288383722305298, -5.869416236877441, -6.779937744140625], "predictions": [75, 269, 400, 401, 402, 403, 270, 78, 4, 4], "target_tokens": ["[IN:CREATE_CALL", "[SL:GROUP", "@ptr5", "@ptr6", "@ptr7", "SL:GROUP]", "IN:CREATE_CALL]"], "predicted_tokens": ["[IN:CREATE_CALL", "[SL:GROUP", "@ptr5", "@ptr6", "@ptr7", "@ptr8", "SL:GROUP]", "IN:CREATE_CALL]"]}
{"loss": 4.087216854095459, "class_log_probabilities": [-4.360289096832275, -4.385915279388428, -4.476804256439209, -5.776553630828857], "predictions": [75, 6, 402, 7, 6, 403, 404, 405, 406, 7, 6, 408, 409, 410, 7, 78, 4, 4], "target_tokens": ["[IN:CREATE_CALL", "[SL:GROUP", "@ptr7", "@ptr8", "@ptr9", "SL:GROUP]", "[SL:NAME_APP", "@ptr13", "@ptr14", "SL:NAME_APP]", "IN:CREATE_CALL]"], "predicted_tokens": ["[IN:CREATE_CALL", "[SL:CONTACT", "@ptr7", "SL:CONTACT]", "[SL:CONTACT", "@ptr8", "@ptr9", "@ptr10", "@ptr11", "SL:CONTACT]", "[SL:CONTACT", "@ptr13", "@ptr14", "@ptr15", "SL:CONTACT]", "IN:CREATE_CALL]"]}
{"loss": 2.1957151889801025, "class_log_probabilities": [-4.049156665802002, -4.6677165031433105, -4.836612701416016, -4.928142070770264], "predictions": [155, 156, 398, 399, 400, 401, 402, 403, 404, 405, 157, 158, 4, 4, 4], "target_tokens": ["[IN:SET_RSVP_YES", "[SL:TITLE_EVENT", "@ptr5", "@ptr6", "@ptr7", "@ptr8", "@ptr9", "SL:TITLE_EVENT]", "IN:SET_RSVP_YES]"], "predicted_tokens": ["[IN:SET_RSVP_YES", "[SL:TITLE_EVENT", "@ptr3", "@ptr4", "@ptr5", "@ptr6", "@ptr7", "@ptr8", "@ptr9", "@ptr10", "SL:TITLE_EVENT]", "IN:SET_RSVP_YES]"]}
{"loss": 1.6504764556884766, "class_log_probabilities": [-2.4784789085388184, -4.254732608795166, -4.995030879974365, -5.076750755310059], "predictions": [23, 24, 398, 399, 400, 401, 402, 403, 404, 405, 406, 407, 408, 409, 410, 411, 412, 413, 414, 25, 26, 4, 4], "target_tokens": ["[IN:SET_RSVP_INTERESTED", "[SL:TITLE_EVENT", "@ptr5", "@ptr6", "@ptr7", "@ptr8", "@ptr9", "@ptr10", "@ptr11", "@ptr12", "@ptr13", "@ptr14", "@ptr15", "@ptr16", "@ptr17", "@ptr18", "@ptr19", "SL:TITLE_EVENT]", "IN:SET_RSVP_INTERESTED]"], "predicted_tokens": ["[IN:SEND_MESSAGE", "[SL:CONTENT_EXACT", "@ptr3", "@ptr4", "@ptr5", "@ptr6", "@ptr7", "@ptr8", "@ptr9", "@ptr10", "@ptr11", "@ptr12", "@ptr13", "@ptr14", "@ptr15", "@ptr16", "@ptr17", "@ptr18", "@ptr19", "SL:CONTENT_EXACT]", "IN:SEND_MESSAGE]"]}
{"loss": 3.7722690105438232, "class_log_probabilities": [-1.04790461063385, -1.8747626543045044, -5.347280979156494, -5.961189270019531], "predictions": [183, 16, 402, 403, 17, 184, 4, 4], "target_tokens": ["[IN:ADD_TIME_TIMER", "[SL:METHOD_TIMER", "@ptr1", "@ptr2", "@ptr3", "@ptr4", "SL:METHOD_TIMER]", "[SL:DATE_TIME", "@ptr5", "@ptr6", "@ptr7", "SL:DATE_TIME]", "IN:ADD_TIME_TIMER]"], "predicted_tokens": ["[IN:ADD_TIME_TIMER", "[SL:DATE_TIME", "@ptr7", "@ptr8", "SL:DATE_TIME]", "IN:ADD_TIME_TIMER]"]}
{"loss": 5.686975002288818, "class_log_probabilities": [-0.7581440806388855, -4.576639175415039, -5.746876239776611, -7.852823734283447], "predictions": [49, 34, 397, 35, 36, 399, 400, 401, 402, 37, 50, 4, 4, 4], "target_tokens": ["[IN:GET_ALARM", "IN:GET_ALARM]"], "predicted_tokens": ["[IN:CREATE_REMINDER", "[SL:PERSON_REMINDED", "@ptr2", "SL:PERSON_REMINDED]", "[SL:TODO", "@ptr4", "@ptr5", "@ptr6", "@ptr7", "SL:TODO]", "IN:CREATE_REMINDER]"]}
{"loss": 2.32753586769104, "class_log_probabilities": [-2.087705135345459, -2.753347873687744, -3.028731346130371, -4.831479072570801], "predictions": [75, 6, 70, 71, 397, 398, 72, 93, 400, 401, 402, 403, 404, 7, 73, 7, 78, 4], "target_tokens": ["[IN:CREATE_CALL", "[SL:CONTACT", "[IN:GET_CONTACT", "[SL:CONTACT_RELATED", "@ptr5", "@ptr6", "@ptr7", "@ptr8", "SL:CONTACT_RELATED]", "[SL:TYPE_RELATION", "@ptr2", "@ptr3", "SL:TYPE_RELATION]", "IN:GET_CONTACT]", "SL:CONTACT]", "IN:CREATE_CALL]"], "predicted_tokens": ["[IN:CREATE_CALL", "[SL:CONTACT", "[IN:GET_CONTACT", "[SL:TYPE_RELATION", "@ptr2", "@ptr3", "SL:TYPE_RELATION]", "[SL:CONTACT_RELATED", "@ptr5", "@ptr6", "@ptr7", "@ptr8", "@ptr9", "SL:CONTACT]", "IN:GET_CONTACT]", "SL:CONTACT]", "IN:CREATE_CALL]"]}
{"loss": 1.7532317638397217, "class_log_probabilities": [-0.5659880042076111, -5.18407678604126, -5.797752380371094, -6.50144100189209], "predictions": [75, 6, 397, 398, 7, 76, 405, 77, 78, 4, 4, 4, 4, 4], "target_tokens": ["[IN:CREATE_CALL", "[SL:CONTACT", "@ptr2", "@ptr3", "SL:CONTACT]", "[SL:NAME_APP", "@ptr9", "SL:NAME_APP]", "IN:CREATE_CALL]"], "predicted_tokens": ["[IN:CREATE_CALL", "[SL:CONTACT", "@ptr2", "@ptr3", "SL:CONTACT]", "[SL:NAME_APP", "@ptr10", "SL:NAME_APP]", "IN:CREATE_CALL]"]}
{"loss": 1.2573691606521606, "class_log_probabilities": [-0.6876850128173828, -2.807098865509033, -7.418717384338379, -7.69346809387207], "predictions": [13, 16, 397, 398, 399, 17, 18, 4], "target_tokens": ["[IN:GET_WEATHER", "[SL:DATE_TIME", "@ptr2", "@ptr3", "SL:DATE_TIME]", "IN:GET_WEATHER]"], "predicted_tokens": ["[IN:GET_WEATHER", "[SL:DATE_TIME", "@ptr2", "@ptr3", "@ptr4", "SL:DATE_TIME]", "IN:GET_WEATHER]"]}
{"loss": 2.5350470542907715, "class_log_probabilities": [-2.2495100498199463, -4.086606502532959, -4.212771415710449, -4.660579204559326], "predictions": [227, 167, 399, 400, 401, 168, 228, 4], "target_tokens": ["[IN:UPDATE_TIMER", "[SL:TIMER_NAME", "@ptr4", "@ptr5", "@ptr6", "SL:TIMER_NAME]", "[SL:METHOD_TIMER", "@ptr1", "@ptr2", "@ptr3", "SL:METHOD_TIMER]", "IN:UPDATE_TIMER]"], "predicted_tokens": ["[IN:UPDATE_TIMER", "[SL:TIMER_NAME", "@ptr4", "@ptr5", "@ptr6", "SL:TIMER_NAME]", "IN:UPDATE_TIMER]"]}
{"loss": 3.1369690895080566, "class_log_probabilities": [-0.8370732069015503, -4.548364162445068, -5.407654285430908, -6.230015277862549], "predictions": [89, 90, 396, 91, 16, 397, 398, 17, 167, 403, 404, 168, 92, 4], "target_tokens": ["[IN:CREATE_TIMER", "[SL:METHOD_TIMER", "@ptr0", "@ptr1", "SL:METHOD_TIMER]", "[SL:DATE_TIME", "@ptr2", "@ptr3", "SL:DATE_TIME]", "[SL:TIMER_NAME", "@ptr7", "@ptr8", "SL:TIMER_NAME]", "IN:CREATE_TIMER]"], "predicted_tokens": ["[IN:CREATE_TIMER", "[SL:METHOD_TIMER", "@ptr1", "SL:METHOD_TIMER]", "[SL:DATE_TIME", "@ptr2", "@ptr3", "SL:DATE_TIME]", "[SL:TIMER_NAME", "@ptr8", "@ptr9", "SL:TIMER_NAME]", "IN:CREATE_TIMER]"]}
{"loss": 3.113369941711426, "class_log_probabilities": [-2.195376396179199, -2.655153751373291, -3.420725107192993, -4.532110691070557], "predictions": [89, 90, 398, 91, 167, 400, 401, 402, 168, 92, 4], "target_tokens": ["[IN:CREATE_TIMER", "[SL:METHOD_TIMER", "@ptr1", "@ptr2", "@ptr3", "SL:METHOD_TIMER]", "[SL:TIMER_NAME", "@ptr5", "@ptr6", "SL:TIMER_NAME]", "IN:CREATE_TIMER]"], "predicted_tokens": ["[IN:CREATE_TIMER", "[SL:METHOD_TIMER", "@ptr3", "SL:METHOD_TIMER]", "[SL:TIMER_NAME", "@ptr5", "@ptr6", "@ptr7", "SL:TIMER_NAME]", "IN:CREATE_TIMER]"]}
{"loss": 4.964176654815674, "class_log_probabilities": [-0.5303407907485962, -7.735998153686523, -7.78176736831665, -8.228296279907227], "predictions": [63, 64, 396, 65, 66, 398, 399, 67, 68, 4], "target_tokens": ["[IN:SET_DEFAULT_PROVIDER_MUSIC", "[SL:MUSIC_PROVIDER_NAME", "@ptr3", "@ptr4", "SL:MUSIC_PROVIDER_NAME]", "IN:SET_DEFAULT_PROVIDER_MUSIC]"], "predicted_tokens": ["[IN:PLAY_MUSIC", "[SL:MUSIC_TYPE", "@ptr1", "SL:MUSIC_TYPE]", "[SL:MUSIC_ARTIST_NAME", "@ptr3", "@ptr4", "SL:MUSIC_ARTIST_NAME]", "IN:PLAY_MUSIC]"]}
{"loss": 2.9680471420288086, "class_log_probabilities": [-3.8924498558044434, -3.903850793838501, -4.801863670349121, -5.285472393035889], "predictions": [27, 52, 396, 397, 398, 399, 53, 30, 4, 4, 4, 4, 4, 4], "target_tokens": ["[IN:SET_DEFAULT_PROVIDER_MUSIC", "[SL:MUSIC_PROVIDER_NAME", "@ptr1", "@ptr2", "@ptr3", "@ptr4", "SL:MUSIC_PROVIDER_NAME]", "IN:SET_DEFAULT_PROVIDER_MUSIC]"], "predicted_tokens": ["[IN:GET_INFO_RECIPES", "[SL:RECIPES_DISH", "@ptr1", "@ptr2", "@ptr3", "@ptr4", "SL:RECIPES_DISH]", "IN:GET_INFO_RECIPES]"]}
{"loss": 2.363604784011841, "class_log_probabilities": [-1.8416764736175537, -2.849684238433838, -4.5593791007995605, -6.488450050354004], "predictions": [45, 16, 398, 399, 400, 401, 17, 46, 4, 4, 4, 4, 4, 4], "target_tokens": ["[IN:CREATE_ALARM", "[SL:DATE_TIME", "@ptr3", "@ptr4", "@ptr5", "@ptr6", "@ptr7", "@ptr8", "@ptr9", "SL:DATE_TIME]", "IN:CREATE_ALARM]"], "predicted_tokens": ["[IN:CREATE_ALARM", "[SL:DATE_TIME", "@ptr3", "@ptr4", "@ptr5", "@ptr6", "SL:DATE_TIME]", "IN:CREATE_ALARM]"]}
{"loss": 3.5285861492156982, "class_log_probabilities": [-1.6253161430358887, -3.445244312286377, -5.497259140014648, -6.269922256469727], "predictions": [89, 92, 4, 4, 4, 4, 4, 4], "target_tokens": ["[IN:CREATE_TIMER", "[SL:TIMER_NAME", "@ptr4", "@ptr5", "SL:TIMER_NAME]", "[SL:METHOD_TIMER", "@ptr1", "@ptr2", "@ptr3", "SL:METHOD_TIMER]", "IN:CREATE_TIMER]"], "predicted_tokens": ["[IN:CREATE_TIMER", "IN:CREATE_TIMER]"]}
{"loss": 4.113755226135254, "class_log_probabilities": [-4.053941249847412, -4.574550151824951, -4.808605194091797, -4.834738731384277], "predictions": [89, 90, 398, 91, 167, 399, 400, 114, 16, 401, 402, 403, 17, 92, 4], "target_tokens": ["[IN:CREATE_TIMER", "[SL:TIMER_NAME", "@ptr3", "@ptr4", "SL:TIMER_NAME]", "[SL:METHOD_TIMER", "@ptr1", "@ptr2", "SL:METHOD_TIMER]", "[SL:DATE_TIME", "@ptr5", "@ptr6", "@ptr7", "SL:DATE_TIME]", "IN:CREATE_TIMER]"], "predicted_tokens": ["[IN:CREATE_TIMER", "[SL:METHOD_TIMER", "@ptr3", "SL:METHOD_TIMER]", "[SL:TIMER_NAME", "@ptr4", "@ptr5", "SL:RECIPES_COOKING_METHOD]", "[SL:DATE_TIME", "@ptr6", "@ptr7", "@ptr8", "SL:DATE_TIME]", "IN:CREATE_TIMER]"]}
{"loss": 1.3036015033721924, "class_log_probabilities": [-0.6671048998832703, -5.441593647003174, -6.682938575744629, -6.875843048095703], "predictions": [75, 6, 398, 399, 400, 401, 402, 7, 76, 405, 77, 78, 4], "target_tokens": ["[IN:CREATE_CALL", "[SL:CONTACT", "@ptr3", "@ptr4", "@ptr5", "@ptr6", "@ptr7", "SL:CONTACT]", "[SL:NAME_APP", "@ptr9", "SL:NAME_APP]", "IN:CREATE_CALL]"], "predicted_tokens": ["[IN:CREATE_CALL", "[SL:CONTACT", "@ptr3", "@ptr4", "@ptr5", "@ptr6", "@ptr7", "SL:CONTACT]", "[SL:NAME_APP", "@ptr10", "SL:NAME_APP]", "IN:CREATE_CALL]"]}
{"loss": 1.4993890523910522, "class_log_probabilities": [-1.0666203498840332, -2.365997552871704, -5.695650577545166, -5.867324352264404], "predictions": [75, 6, 399, 400, 401, 7, 76, 403, 77, 78, 4], "target_tokens": ["[IN:CREATE_CALL", "[SL:CONTACT", "@ptr4", "@ptr5", "SL:CONTACT]", "[SL:NAME_APP", "@ptr7", "SL:NAME_APP]", "IN:CREATE_CALL]"], "predicted_tokens": ["[IN:CREATE_CALL", "[SL:CONTACT", "@ptr4", "@ptr5", "@ptr6", "SL:CONTACT]", "[SL:NAME_APP", "@ptr8", "SL:NAME_APP]", "IN:CREATE_CALL]"]}
{"loss": 2.9953951835632324, "class_log_probabilities": [-1.335723638534546, -2.077787399291992, -5.359400272369385, -6.067373752593994], "predictions": [23, 8, 401, 9, 10, 403, 404, 11, 26, 4], "target_tokens": ["[IN:SEND_MESSAGE", "[SL:TYPE_CONTENT", "@ptr4", "SL:TYPE_CONTENT]", "[SL:RECIPIENT", "@ptr6", "@ptr7", "SL:RECIPIENT]", "IN:SEND_MESSAGE]"], "predicted_tokens": ["[IN:SEND_MESSAGE", "[SL:TYPE_CONTENT", "@ptr6", "SL:TYPE_CONTENT]", "[SL:RECIPIENT", "@ptr8", "@ptr9", "SL:RECIPIENT]", "IN:SEND_MESSAGE]"]}
{"loss": 1.1686468124389648, "class_log_probabilities": [-1.8603692054748535, -1.8662443161010742, -3.9382405281066895, -4.946508884429932], "predictions": [75, 6, 397, 398, 399, 400, 401, 7, 6, 404, 405, 406, 407, 7, 78, 4, 4, 4], "target_tokens": ["[IN:CREATE_CALL", "[SL:CONTACT", "@ptr2", "@ptr3", "@ptr4", "@ptr5", "@ptr6", "SL:CONTACT]", "[SL:CONTACT", "@ptr8", "@ptr9", "@ptr10", "@ptr11", "@ptr12", "SL:CONTACT]", "IN:CREATE_CALL]"], "predicted_tokens": ["[IN:CREATE_CALL", "[SL:CONTACT", "@ptr2", "@ptr3", "@ptr4", "@ptr5", "@ptr6", "SL:CONTACT]", "[SL:CONTACT", "@ptr9", "@ptr10", "@ptr11", "@ptr12", "SL:CONTACT]", "IN:CREATE_CALL]"]}
{"loss": 0.9685571789741516, "class_log_probabilities": [-0.7360684275627136, -5.17816162109375, -6.0170063972473145, -6.254809379577637], "predictions": [107, 203, 396, 397, 398, 399, 400, 204, 110, 4], "target_tokens": ["[IN:UPDATE_CALL", "[SL:CONTACT_REMOVED", "@ptr1", "@ptr2", "@ptr3", "@ptr4", "@ptr5", "SL:CONTACT_REMOVED]", "IN:UPDATE_CALL]"], "predicted_tokens": ["[IN:UPDATE_CALL", "[SL:CONTACT_REMOVED", "@ptr1", "@ptr2", "@ptr3", "@ptr4", "@ptr5", "SL:CONTACT_REMOVED]", "IN:UPDATE_CALL]"]}
{"loss": 0.9656512141227722, "class_log_probabilities": [-0.18793247640132904, -5.700925827026367, -6.7501654624938965, -7.482491970062256], "predictions": [19, 22, 4], "target_tokens": ["[IN:GET_ALARM", "IN:GET_ALARM]"], "predicted_tokens": ["[IN:GET_ALARM", "IN:GET_ALARM]"]}
{"loss": 3.1126983165740967, "class_log_probabilities": [-0.5209455490112305, -6.886533737182617, -7.912930011749268, -8.2746000289917], "predictions": [75, 6, 397, 398, 399, 400, 7, 78, 4, 4], "target_tokens": ["[IN:CREATE_CALL", "[SL:CONTACT", "@ptr2", "@ptr3", "@ptr4", "SL:CONTACT]", "[SL:ORDINAL", "@ptr5", "SL:ORDINAL]", "IN:CREATE_CALL]"], "predicted_tokens": ["[IN:CREATE_CALL", "[SL:CONTACT", "@ptr2", "@ptr3", "@ptr4", "@ptr5", "SL:CONTACT]", "IN:CREATE_CALL]"]}
{"loss": 2.2570016384124756, "class_log_probabilities": [-3.5240697860717773, -4.0519256591796875, -4.423827648162842, -5.119602680206299], "predictions": [183, 156, 397, 157, 184, 4], "target_tokens": ["[IN:GET_EVENT", "[SL:CATEGORY_EVENT", "@ptr2", "SL:CATEGORY_EVENT]", "IN:GET_EVENT]"], "predicted_tokens": ["[IN:ADD_TIME_TIMER", "[SL:TITLE_EVENT", "@ptr2", "SL:TITLE_EVENT]", "IN:ADD_TIME_TIMER]"]}
{"loss": 3.512728691101074, "class_log_probabilities": [-0.18828298151493073, -7.766717433929443, -7.841898441314697, -13.995129585266113], "predictions": [61, 62, 4, 4, 4, 4, 4], "target_tokens": ["[IN:GET_EVENT", "[SL:CATEGORY_EVENT", "@ptr2", "@ptr3", "@ptr4", "SL:CATEGORY_EVENT]", "IN:GET_EVENT]"], "predicted_tokens": ["[IN:GET_EVENT", "IN:GET_EVENT]"]}
{"loss": 2.1322219371795654, "class_log_probabilities": [-2.112891435623169, -3.759425401687622, -4.169429302215576, -5.087614059448242], "predictions": [251, 252, 4], "target_tokens": ["[IN:GET_EVENT", "IN:GET_EVENT]"], "predicted_tokens": ["[IN:QUESTION_MUSIC", "IN:QUESTION_MUSIC]"]}
{"loss": 0.9649817943572998, "class_log_probabilities": [-0.4384004473686218, -7.61475133895874, -7.807446002960205, -7.817771911621094], "predictions": [23, 10, 399, 400, 401, 11, 26, 4], "target_tokens": ["[IN:SEND_MESSAGE", "[SL:RECIPIENT", "@ptr4", "@ptr5", "@ptr6", "SL:RECIPIENT]", "IN:SEND_MESSAGE]"], "predicted_tokens": ["[IN:SEND_MESSAGE", "[SL:RECIPIENT", "@ptr4", "@ptr5", "@ptr6", "SL:RECIPIENT]", "IN:SEND_MESSAGE]"]}
{"loss": 1.977687120437622, "class_log_probabilities": [-0.7675773501396179, -4.576845169067383, -6.096677780151367, -6.316461563110352], "predictions": [23, 8, 397, 9, 10, 400, 401, 402, 11, 26, 4], "target_tokens": ["[IN:SEND_MESSAGE", "[SL:TYPE_CONTENT", "@ptr2", "SL:TYPE_CONTENT]", "[SL:RECIPIENT", "@ptr4", "@ptr5", "@ptr6", "SL:RECIPIENT]", "IN:SEND_MESSAGE]"], "predicted_tokens": ["[IN:SEND_MESSAGE", "[SL:TYPE_CONTENT", "@ptr2", "SL:TYPE_CONTENT]", "[SL:RECIPIENT", "@ptr5", "@ptr6", "@ptr7", "SL:RECIPIENT]", "IN:SEND_MESSAGE]"]}
{"loss": 2.0216426849365234, "class_log_probabilities": [-1.4918203353881836, -2.3514742851257324, -6.6190266609191895, -6.641864776611328], "predictions": [23, 8, 399, 9, 10, 402, 403, 404, 405, 406, 11, 26, 4, 4, 4, 4], "target_tokens": ["[IN:SEND_MESSAGE", "[SL:TYPE_CONTENT", "@ptr4", "SL:TYPE_CONTENT]", "[SL:RECIPIENT", "@ptr6", "@ptr7", "@ptr8", "@ptr9", "@ptr10", "SL:RECIPIENT]", "IN:SEND_MESSAGE]"], "predicted_tokens": ["[IN:SEND_MESSAGE", "[SL:TYPE_CONTENT", "@ptr4", "SL:TYPE_CONTENT]", "[SL:RECIPIENT", "@ptr7", "@ptr8", "@ptr9", "@ptr10", "@ptr11", "SL:RECIPIENT]", "IN:SEND_MESSAGE]"]}
{"loss": 1.7034213542938232, "class_log_probabilities": [-1.5564336776733398, -2.1242482662200928, -2.164785861968994, -2.2315120697021484], "predictions": [75, 6, 397, 7, 76, 400, 77, 78, 4], "target_tokens": ["[IN:CREATE_CALL", "[SL:CONTACT", "@ptr2", "@ptr3", "SL:CONTACT]", "[SL:NAME_APP", "@ptr5", "SL:NAME_APP]", "IN:CREATE_CALL]"], "predicted_tokens": ["[IN:CREATE_CALL", "[SL:CONTACT", "@ptr2", "SL:CONTACT]", "[SL:NAME_APP", "@ptr5", "SL:NAME_APP]", "IN:CREATE_CALL]"]}
{"loss": 1.17587411403656, "class_log_probabilities": [-0.8621801733970642, -3.120112895965576, -7.612290382385254, -8.542736053466797], "predictions": [75, 6, 397, 398, 399, 400, 401, 402, 7, 78, 4, 4, 4, 4], "target_tokens": ["[IN:CREATE_CALL", "[SL:CONTACT", "@ptr2", "@ptr3", "@ptr4", "@ptr5", "@ptr6", "SL:CONTACT]", "IN:CREATE_CALL]"], "predicted_tokens": ["[IN:CREATE_CALL", "[SL:CONTACT", "@ptr2", "@ptr3", "@ptr4", "@ptr5", "@ptr6", "@ptr7", "SL:CONTACT]", "IN:CREATE_CALL]"]}
{"loss": 1.4714336395263672, "class_log_probabilities": [-0.7194527983665466, -6.901905059814453, -7.416561126708984, -9.454830169677734], "predictions": [75, 6, 397, 398, 399, 400, 401, 402, 403, 7, 78, 4, 4, 4], "target_tokens": ["[IN:CREATE_CALL", "[SL:CONTACT", "@ptr2", "@ptr3", "@ptr4", "@ptr5", "@ptr6", "@ptr7", "SL:CONTACT]", "IN:CREATE_CALL]"], "predicted_tokens": ["[IN:CREATE_CALL", "[SL:CONTACT", "@ptr2", "@ptr3", "@ptr4", "@ptr5", "@ptr6", "@ptr7", "@ptr8", "SL:CONTACT]", "IN:CREATE_CALL]"]}
{"loss": 0.9818053841590881, "class_log_probabilities": [-1.1952277421951294, -2.7127814292907715, -5.978322505950928, -10.846979141235352], "predictions": [75, 6, 399, 400, 401, 402, 403, 404, 405, 406, 7, 78, 4, 4, 4, 4, 4, 4], "target_tokens": ["[IN:CREATE_CALL", "[SL:CONTACT", "@ptr4", "@ptr5", "@ptr6", "@ptr7", "@ptr8", "@ptr9", "@ptr10", "@ptr11", "SL:CONTACT]", "IN:CREATE_CALL]"], "predicted_tokens": ["[IN:CREATE_CALL", "[SL:CONTACT", "@ptr4", "@ptr5", "@ptr6", "@ptr7", "@ptr8", "@ptr9", "@ptr10", "@ptr11", "SL:CONTACT]", "IN:CREATE_CALL]"]}
{"loss": 3.40191388130188, "class_log_probabilities": [-0.3187102675437927, -8.767753601074219, -8.803422927856445, -11.011962890625], "predictions": [75, 6, 397, 7, 78, 4, 4, 4, 4, 4], "target_tokens": ["[IN:END_CALL", "[SL:CONTACT", "@ptr2", "SL:CONTACT]", "IN:END_CALL]"], "predicted_tokens": ["[IN:CREATE_CALL", "[SL:CONTACT", "@ptr2", "SL:CONTACT]", "IN:CREATE_CALL]"]}
{"loss": 3.2981460094451904, "class_log_probabilities": [-0.38597071170806885, -3.8464016914367676, -5.716993808746338, -6.492718696594238], "predictions": [81, 82, 4], "target_tokens": ["[IN:HOLD_CALL", "IN:HOLD_CALL]"], "predicted_tokens": ["[IN:END_CALL", "IN:END_CALL]"]}
{"loss": 1.1701620817184448, "class_log_probabilities": [-0.736419141292572, -2.8522720336914062, -6.7218241691589355, -7.907190799713135], "predictions": [171, 6, 70, 71, 396, 72, 73, 7, 172, 4], "target_tokens": ["[IN:GET_AVAILABILITY", "[SL:CONTACT", "[IN:GET_CONTACT", "[SL:TYPE_RELATION", "@ptr0", "SL:TYPE_RELATION]", "IN:GET_CONTACT]", "SL:CONTACT]", "IN:GET_AVAILABILITY]"], "predicted_tokens": ["[IN:GET_AVAILABILITY", "[SL:CONTACT", "[IN:GET_CONTACT", "[SL:TYPE_RELATION", "@ptr1", "SL:TYPE_RELATION]", "IN:GET_CONTACT]", "SL:CONTACT]", "IN:GET_AVAILABILITY]"]}
{"loss": 0.9837296605110168, "class_log_probabilities": [-0.17957744002342224, -4.998387813568115, -6.444878101348877, -6.811244964599609], "predictions": [69, 74, 4], "target_tokens": ["[IN:GET_CALL_TIME", "IN:GET_CALL_TIME]"], "predicted_tokens": ["[IN:GET_CALL_TIME", "IN:GET_CALL_TIME]"]}
{"loss": 3.281548023223877, "class_log_probabilities": [-0.8088037967681885, -3.541278123855591, -3.8654978275299072, -5.705504417419434], "predictions": [75, 6, 70, 71, 398, 72, 93, 400, 94, 73, 7, 78, 4], "target_tokens": ["[IN:CREATE_CALL", "[SL:CONTACT", "[IN:GET_CONTACT", "[SL:CONTACT_RELATED", "@ptr3", "@ptr4", "SL:CONTACT_RELATED]", "[SL:TYPE_RELATION", "@ptr2", "SL:TYPE_RELATION]", "IN:GET_CONTACT]", "SL:CONTACT]", "IN:CREATE_CALL]"], "predicted_tokens": ["[IN:CREATE_CALL", "[SL:CONTACT", "[IN:GET_CONTACT", "[SL:TYPE_RELATION", "@ptr3", "SL:TYPE_RELATION]", "[SL:CONTACT_RELATED", "@ptr5", "SL:CONTACT_RELATED]", "IN:GET_CONTACT]", "SL:CONTACT]", "IN:CREATE_CALL]"]}
{"loss": 0.9625006318092346, "class_log_probabilities": [-0.3301749527454376, -8.709147453308105, -8.734219551086426, -10.526351928710938], "predictions": [75, 6, 396, 7, 78, 4, 4, 4, 4, 4], "target_tokens": ["[IN:CREATE_CALL", "[SL:CONTACT", "@ptr1", "SL:CONTACT]", "IN:CREATE_CALL]"], "predicted_tokens": ["[IN:CREATE_CALL", "[SL:CONTACT", "@ptr1", "SL:CONTACT]", "IN:CREATE_CALL]"]}
{"loss": 3.38836669921875, "class_log_probabilities": [-0.8229215145111084, -3.27469539642334, -5.23382043838501, -5.5367302894592285], "predictions": [75, 6, 70, 71, 397, 72, 93, 399, 94, 73, 7, 78, 4], "target_tokens": ["[IN:CREATE_CALL", "[SL:CONTACT", "[IN:GET_CONTACT", "[SL:CONTACT_RELATED", "@ptr3", "@ptr4", "SL:CONTACT_RELATED]", "[SL:TYPE_RELATION", "@ptr2", "SL:TYPE_RELATION]", "IN:GET_CONTACT]", "SL:CONTACT]", "IN:CREATE_CALL]"], "predicted_tokens": ["[IN:CREATE_CALL", "[SL:CONTACT", "[IN:GET_CONTACT", "[SL:TYPE_RELATION", "@ptr2", "SL:TYPE_RELATION]", "[SL:CONTACT_RELATED", "@ptr4", "SL:CONTACT_RELATED]", "IN:GET_CONTACT]", "SL:CONTACT]", "IN:CREATE_CALL]"]}
{"loss": 0.9695112705230713, "class_log_probabilities": [-0.16361099481582642, -8.585437774658203, -8.63050651550293, -8.804198265075684], "predictions": [81, 82, 4, 4, 4], "target_tokens": ["[IN:END_CALL", "IN:END_CALL]"], "predicted_tokens": ["[IN:END_CALL", "IN:END_CALL]"]}
{"loss": 0.9635047316551208, "class_log_probabilities": [-0.32580628991127014, -8.750372886657715, -8.770805358886719, -13.244697570800781], "predictions": [75, 6, 398, 7, 78, 4, 4, 4, 4, 4], "target_tokens": ["[IN:CREATE_CALL", "[SL:CONTACT", "@ptr3", "SL:CONTACT]", "IN:CREATE_CALL]"], "predicted_tokens": ["[IN:CREATE_CALL", "[SL:CONTACT", "@ptr3", "SL:CONTACT]", "IN:CREATE_CALL]"]}
{"loss": 2.4299612045288086, "class_log_probabilities": [-1.259385585784912, -2.19480562210083, -2.8516886234283447, -5.11575174331665], "predictions": [63, 101, 396, 397, 398, 399, 400, 401, 102, 68, 4, 4], "target_tokens": ["[IN:PLAY_MUSIC", "[SL:MUSIC_ALBUM_TITLE", "@ptr1", "@ptr2", "SL:MUSIC_ALBUM_TITLE]", "[SL:MUSIC_PROVIDER_NAME", "@ptr4", "@ptr5", "@ptr6", "SL:MUSIC_PROVIDER_NAME]", "IN:PLAY_MUSIC]"], "predicted_tokens": ["[IN:PLAY_MUSIC", "[SL:MUSIC_TRACK_TITLE", "@ptr1", "@ptr2", "@ptr3", "@ptr4", "@ptr5", "@ptr6", "SL:MUSIC_TRACK_TITLE]", "IN:PLAY_MUSIC]"]}
{"loss": 1.8030036687850952, "class_log_probabilities": [-0.764471709728241, -4.154356479644775, -6.683074951171875, -7.768338203430176], "predictions": [13, 14, 397, 15, 16, 399, 400, 401, 402, 17, 18, 4, 4], "target_tokens": ["[IN:GET_WEATHER", "[SL:LOCATION", "@ptr2", "SL:LOCATION]", "[SL:DATE_TIME", "@ptr3", "@ptr4", "@ptr5", "@ptr6", "SL:DATE_TIME]", "IN:GET_WEATHER]"], "predicted_tokens": ["[IN:GET_WEATHER", "[SL:LOCATION", "@ptr2", "SL:LOCATION]", "[SL:DATE_TIME", "@ptr4", "@ptr5", "@ptr6", "@ptr7", "SL:DATE_TIME]", "IN:GET_WEATHER]"]}
{"loss": 1.4381133317947388, "class_log_probabilities": [-0.6766684651374817, -7.093991279602051, -7.9232048988342285, -8.103564262390137], "predictions": [13, 16, 396, 397, 398, 399, 17, 14, 402, 15, 18, 4, 4], "target_tokens": ["[IN:GET_WEATHER", "[SL:DATE_TIME", "@ptr1", "@ptr2", "@ptr3", "@ptr4", "SL:DATE_TIME]", "[SL:LOCATION", "@ptr6", "SL:LOCATION]", "IN:GET_WEATHER]"], "predicted_tokens": ["[IN:GET_WEATHER", "[SL:DATE_TIME", "@ptr1", "@ptr2", "@ptr3", "@ptr4", "SL:DATE_TIME]", "[SL:LOCATION", "@ptr7", "SL:LOCATION]", "IN:GET_WEATHER]"]}
{"loss": 1.7699185609817505, "class_log_probabilities": [-0.647379457950592, -4.271242618560791, -6.1537957191467285, -7.133543968200684], "predictions": [13, 14, 398, 399, 400, 401, 15, 18, 4], "target_tokens": ["[IN:GET_WEATHER", "[SL:LOCATION", "@ptr3", "@ptr4", "@ptr5", "SL:LOCATION]", "IN:GET_WEATHER]"], "predicted_tokens": ["[IN:GET_WEATHER", "[SL:LOCATION", "@ptr3", "@ptr4", "@ptr5", "@ptr6", "SL:LOCATION]", "IN:GET_WEATHER]"]}
{"loss": 0.9610549211502075, "class_log_probabilities": [-0.4018469452857971, -8.183696746826172, -8.35861873626709, -8.639445304870605], "predictions": [13, 16, 396, 397, 17, 18, 4, 4], "target_tokens": ["[IN:GET_WEATHER", "[SL:DATE_TIME", "@ptr1", "@ptr2", "SL:DATE_TIME]", "IN:GET_WEATHER]"], "predicted_tokens": ["[IN:GET_WEATHER", "[SL:DATE_TIME", "@ptr1", "@ptr2", "SL:DATE_TIME]", "IN:GET_WEATHER]"]}
{"loss": 1.57631254196167, "class_log_probabilities": [-0.5240833759307861, -5.918257236480713, -7.254550933837891, -7.849884986877441], "predictions": [13, 16, 397, 398, 399, 400, 17, 18, 4, 4], "target_tokens": ["[IN:GET_WEATHER", "[SL:DATE_TIME", "@ptr2", "@ptr3", "@ptr4", "SL:DATE_TIME]", "IN:GET_WEATHER]"], "predicted_tokens": ["[IN:GET_WEATHER", "[SL:DATE_TIME", "@ptr2", "@ptr3", "@ptr4", "@ptr5", "SL:DATE_TIME]", "IN:GET_WEATHER]"]}
{"loss": 3.3397023677825928, "class_log_probabilities": [-3.080564022064209, -3.1105093955993652, -3.3375778198242188, -5.465968608856201], "predictions": [105, 6, 395, 396, 397, 7, 106, 4, 4, 4, 4, 4, 4, 4], "target_tokens": ["[IN:GET_WEATHER", "[SL:LOCATION", "@ptr3", "@ptr4", "@ptr5", "@ptr6", "SL:LOCATION]", "IN:GET_WEATHER]"], "predicted_tokens": ["[IN:GET_INFO_CONTACT", "[SL:CONTACT", "@ptr0", "@ptr1", "@ptr2", "SL:CONTACT]", "IN:GET_INFO_CONTACT]"]}
{"loss": 3.4410407543182373, "class_log_probabilities": [-1.905521035194397, -2.2022926807403564, -3.4635088443756104, -3.627371311187744], "predictions": [213, 16, 402, 403, 17, 214, 4], "target_tokens": ["[IN:SNOOZE_ALARM", "[SL:DATE_TIME", "@ptr4", "@ptr5", "@ptr6", "@ptr7", "SL:DATE_TIME]", "IN:SNOOZE_ALARM]"], "predicted_tokens": ["[IN:SILENCE_ALARM", "[SL:DATE_TIME", "@ptr7", "@ptr8", "SL:DATE_TIME]", "IN:SILENCE_ALARM]"]}
{"loss": 0.9631659984588623, "class_log_probabilities": [-0.17609110474586487, -7.866535663604736, -8.231627464294434, -8.699098587036133], "predictions": [45, 46, 4, 4], "target_tokens": ["[IN:CREATE_ALARM", "IN:CREATE_ALARM]"], "predicted_tokens": ["[IN:CREATE_ALARM", "IN:CREATE_ALARM]"]}
{"loss": 0.9727784991264343, "class_log_probabilities": [-0.1649332046508789, -7.688760280609131, -7.914937973022461, -8.172828674316406], "predictions": [213, 214, 4], "target_tokens": ["[IN:SILENCE_ALARM", "IN:SILENCE_ALARM]"], "predicted_tokens": ["[IN:SILENCE_ALARM", "IN:SILENCE_ALARM]"]}
{"loss": 2.2638096809387207, "class_log_probabilities": [-0.5794370174407959, -5.02895975112915, -7.938056468963623, -8.277788162231445], "predictions": [45, 16, 402, 403, 404, 405, 17, 46, 4, 4], "target_tokens": ["[IN:CREATE_ALARM", "[SL:DATE_TIME", "@ptr6", "@ptr7", "@ptr8", "@ptr9", "SL:DATE_TIME]", "IN:CREATE_ALARM]"], "predicted_tokens": ["[IN:CREATE_ALARM", "[SL:DATE_TIME", "@ptr7", "@ptr8", "@ptr9", "@ptr10", "SL:DATE_TIME]", "IN:CREATE_ALARM]"]}
{"loss": 0.9621941447257996, "class_log_probabilities": [-0.5907731652259827, -3.4964020252227783, -5.816262245178223, -6.370633125305176], "predictions": [45, 16, 398, 399, 17, 46, 4, 4], "target_tokens": ["[IN:CREATE_ALARM", "[SL:DATE_TIME", "@ptr3", "@ptr4", "SL:DATE_TIME]", "IN:CREATE_ALARM]"], "predicted_tokens": ["[IN:CREATE_ALARM", "[SL:DATE_TIME", "@ptr3", "@ptr4", "SL:DATE_TIME]", "IN:CREATE_ALARM]"]}
{"loss": 2.2769124507904053, "class_log_probabilities": [-1.36305832862854, -2.2455124855041504, -4.94293737411499, -5.18119478225708], "predictions": [49, 16, 399, 400, 401, 402, 403, 17, 50, 4], "target_tokens": ["[IN:CREATE_ALARM", "[SL:DATE_TIME", "@ptr3", "@ptr4", "@ptr5", "@ptr6", "@ptr7", "SL:DATE_TIME]", "IN:CREATE_ALARM]"], "predicted_tokens": ["[IN:CREATE_REMINDER", "[SL:DATE_TIME", "@ptr4", "@ptr5", "@ptr6", "@ptr7", "@ptr8", "SL:DATE_TIME]", "IN:CREATE_REMINDER]"]}
{"loss": 2.852475166320801, "class_log_probabilities": [-1.7983814477920532, -2.830854654312134, -3.257478952407837, -3.575985908508301], "predictions": [45, 16, 403, 404, 405, 406, 407, 17, 16, 409, 410, 411, 412, 17, 46, 4, 4], "target_tokens": ["[IN:CREATE_ALARM", "[SL:DATE_TIME", "@ptr6", "@ptr7", "@ptr8", "@ptr9", "@ptr10", "@ptr11", "@ptr12", "@ptr13", "@ptr14", "@ptr15", "@ptr16", "SL:DATE_TIME]", "IN:CREATE_ALARM]"], "predicted_tokens": ["[IN:CREATE_ALARM", "[SL:DATE_TIME", "@ptr8", "@ptr9", "@ptr10", "@ptr11", "@ptr12", "SL:DATE_TIME]", "[SL:DATE_TIME", "@ptr14", "@ptr15", "@ptr16", "@ptr17", "SL:DATE_TIME]", "IN:CREATE_ALARM]"]}
{"loss": 2.1492176055908203, "class_log_probabilities": [-1.0647132396697998, -3.8764500617980957, -5.293117046356201, -5.57028341293335], "predictions": [45, 16, 395, 396, 17, 16, 400, 401, 402, 403, 404, 405, 406, 17, 46, 4], "target_tokens": ["[IN:CREATE_ALARM", "[SL:DATE_TIME", "@ptr0", "@ptr1", "@ptr4", "@ptr5", "@ptr6", "@ptr7", "@ptr8", "@ptr9", "@ptr10", "SL:DATE_TIME]", "IN:CREATE_ALARM]"], "predicted_tokens": ["[IN:CREATE_ALARM", "[SL:DATE_TIME", "@ptr0", "@ptr1", "SL:DATE_TIME]", "[SL:DATE_TIME", "@ptr5", "@ptr6", "@ptr7", "@ptr8", "@ptr9", "@ptr10", "@ptr11", "SL:DATE_TIME]", "IN:CREATE_ALARM]"]}
{"loss": 3.230523109436035, "class_log_probabilities": [-0.5384920239448547, -5.0035719871521, -7.256030559539795, -7.366078853607178], "predictions": [259, 16, 401, 402, 403, 404, 17, 260, 4], "target_tokens": ["[IN:UPDATE_ALARM", "[SL:DATE_TIME", "@ptr5", "@ptr6", "@ptr7", "@ptr8", "SL:DATE_TIME]", "IN:UPDATE_ALARM]"], "predicted_tokens": ["[IN:UPDATE_ALARM", "[SL:DATE_TIME", "@ptr6", "@ptr7", "@ptr8", "@ptr9", "SL:DATE_TIME]", "IN:UPDATE_ALARM]"]}
{"loss": 2.655716896057129, "class_log_probabilities": [-0.5472137928009033, -6.860935688018799, -7.4051833152771, -7.824169158935547], "predictions": [259, 16, 401, 402, 403, 404, 17, 260, 4], "target_tokens": ["[IN:UPDATE_ALARM", "[SL:DATE_TIME", "@ptr5", "@ptr6", "@ptr7", "@ptr8", "SL:DATE_TIME]", "IN:UPDATE_ALARM]"], "predicted_tokens": ["[IN:UPDATE_ALARM", "[SL:DATE_TIME", "@ptr6", "@ptr7", "@ptr8", "@ptr9", "SL:DATE_TIME]", "IN:UPDATE_ALARM]"]}
{"loss": 0.9835929870605469, "class_log_probabilities": [-0.1448344886302948, -8.43593692779541, -8.505467414855957, -8.74413776397705], "predictions": [5, 12, 4, 4, 4], "target_tokens": ["[IN:GET_MESSAGE", "IN:GET_MESSAGE]"], "predicted_tokens": ["[IN:GET_MESSAGE", "IN:GET_MESSAGE]"]}
{"loss": 0.9804203510284424, "class_log_probabilities": [-0.1489989161491394, -8.504902839660645, -8.52397346496582, -8.731538772583008], "predictions": [5, 12, 4, 4, 4], "target_tokens": ["[IN:GET_MESSAGE", "IN:GET_MESSAGE]"], "predicted_tokens": ["[IN:GET_MESSAGE", "IN:GET_MESSAGE]"]}
{"loss": 2.0294289588928223, "class_log_probabilities": [-0.8890627026557922, -5.300034046173096, -6.650961875915527, -6.6714982986450195], "predictions": [23, 10, 398, 11, 24, 404, 405, 25, 26, 4, 4], "target_tokens": ["[IN:SEND_MESSAGE", "[SL:RECIPIENT", "@ptr3", "SL:RECIPIENT]", "[SL:CONTENT_EXACT", "@ptr8", "@ptr9", "SL:CONTENT_EXACT]", "IN:SEND_MESSAGE]"], "predicted_tokens": ["[IN:SEND_MESSAGE", "[SL:RECIPIENT", "@ptr3", "SL:RECIPIENT]", "[SL:CONTENT_EXACT", "@ptr9", "@ptr10", "SL:CONTENT_EXACT]", "IN:SEND_MESSAGE]"]}
{"loss": 1.984872817993164, "class_log_probabilities": [-0.48383405804634094, -7.993326187133789, -8.076248168945312, -8.402538299560547], "predictions": [45, 16, 399, 400, 401, 17, 46, 4], "target_tokens": ["[IN:CREATE_ALARM", "[SL:DATE_TIME", "@ptr3", "@ptr4", "@ptr5", "@ptr6", "SL:DATE_TIME]", "IN:CREATE_ALARM]"], "predicted_tokens": ["[IN:CREATE_ALARM", "[SL:DATE_TIME", "@ptr4", "@ptr5", "@ptr6", "SL:DATE_TIME]", "IN:CREATE_ALARM]"]}
{"loss": 4.381390571594238, "class_log_probabilities": [-1.1692191362380981, -2.7651798725128174, -2.964163064956665, -4.46497917175293], "predictions": [185, 6, 407, 409, 7, 186, 4], "target_tokens": ["[IN:GET_CALL", "[SL:AMOUNT", "@ptr9", "SL:AMOUNT]", "[SL:CONTACT", "@ptr11", "@ptr12", "SL:CONTACT]", "IN:GET_CALL]"], "predicted_tokens": ["[IN:GET_CALL", "[SL:CONTACT", "@ptr12", "@ptr14", "SL:CONTACT]", "IN:GET_CALL]"]}
{"loss": 0.9624919891357422, "class_log_probabilities": [-0.384037584066391, -7.8264360427856445, -8.71839427947998, -8.819397926330566], "predictions": [75, 6, 397, 398, 7, 78, 4, 4, 4], "target_tokens": ["[IN:CREATE_CALL", "[SL:CONTACT", "@ptr2", "@ptr3", "SL:CONTACT]", "IN:CREATE_CALL]"], "predicted_tokens": ["[IN:CREATE_CALL", "[SL:CONTACT", "@ptr2", "@ptr3", "SL:CONTACT]", "IN:CREATE_CALL]"]}
{"loss": 2.0246081352233887, "class_log_probabilities": [-1.6202430725097656, -2.5409677028656006, -4.712996006011963, -5.0416975021362305], "predictions": [45, 249, 397, 398, 250, 16, 399, 400, 401, 402, 403, 17, 46, 4], "target_tokens": ["[IN:CREATE_ALARM", "[SL:ALARM_NAME", "@ptr1", "@ptr2", "@ptr3", "SL:ALARM_NAME]", "[SL:DATE_TIME", "@ptr4", "@ptr5", "@ptr6", "@ptr7", "SL:DATE_TIME]", "IN:CREATE_ALARM]"], "predicted_tokens": ["[IN:CREATE_ALARM", "[SL:ALARM_NAME", "@ptr2", "@ptr3", "SL:ALARM_NAME]", "[SL:DATE_TIME", "@ptr4", "@ptr5", "@ptr6", "@ptr7", "@ptr8", "SL:DATE_TIME]", "IN:CREATE_ALARM]"]}
{"loss": 5.148408889770508, "class_log_probabilities": [-2.5348317623138428, -2.8608031272888184, -3.1007699966430664, -3.2349724769592285], "predictions": [345, 337, 397, 398, 399, 338, 346, 4], "target_tokens": ["[IN:SNOOZE_ALARM", "IN:SNOOZE_ALARM]"], "predicted_tokens": ["[IN:FAST_FORWARD_MUSIC", "[SL:MUSIC_REWIND_TIME", "@ptr2", "@ptr3", "@ptr4", "SL:MUSIC_REWIND_TIME]", "IN:FAST_FORWARD_MUSIC]"]}
{"loss": 3.2246623039245605, "class_log_probabilities": [-1.4312376976013184, -2.544001340866089, -4.674037456512451, -5.042508602142334], "predictions": [227, 16, 404, 405, 406, 17, 228, 4], "target_tokens": ["[IN:UPDATE_ALARM", "[SL:DATE_TIME", "@ptr7", "@ptr8", "@ptr9", "@ptr10", "SL:DATE_TIME]", "IN:UPDATE_ALARM]"], "predicted_tokens": ["[IN:UPDATE_TIMER", "[SL:DATE_TIME", "@ptr9", "@ptr10", "@ptr11", "SL:DATE_TIME]", "IN:UPDATE_TIMER]"]}
{"loss": 4.290452003479004, "class_log_probabilities": [-1.522769570350647, -2.496703624725342, -3.2259671688079834, -3.7497270107269287], "predictions": [117, 118, 4], "target_tokens": ["[IN:GET_ALARM", "[SL:ORDINAL", "@ptr3", "@ptr4", "@ptr5", "SL:ORDINAL]", "IN:GET_ALARM]"], "predicted_tokens": ["[IN:GET_REMINDER_DATE_TIME", "IN:GET_REMINDER_DATE_TIME]"]}
{"loss": 2.975235939025879, "class_log_probabilities": [-0.4755512475967407, -8.309464454650879, -8.5189208984375, -8.533493995666504], "predictions": [13, 16, 399, 400, 401, 17, 18, 4], "target_tokens": ["[IN:GET_WEATHER", "[SL:DATE_TIME", "@ptr3", "@ptr4", "@ptr5", "SL:DATE_TIME]", "IN:GET_WEATHER]"], "predicted_tokens": ["[IN:GET_WEATHER", "[SL:DATE_TIME", "@ptr4", "@ptr5", "@ptr6", "SL:DATE_TIME]", "IN:GET_WEATHER]"]}
{"loss": 3.3217179775238037, "class_log_probabilities": [-1.0970460176467896, -1.2990350723266602, -7.7721710205078125, -8.737907409667969], "predictions": [13, 16, 402, 403, 404, 17, 18, 4, 4], "target_tokens": ["[IN:GET_WEATHER", "[SL:DATE_TIME", "@ptr6", "@ptr7", "@ptr8", "SL:DATE_TIME]", "IN:GET_WEATHER]"], "predicted_tokens": ["[IN:GET_WEATHER", "[SL:DATE_TIME", "@ptr7", "@ptr8", "@ptr9", "SL:DATE_TIME]", "IN:GET_WEATHER]"]}
{"loss": 1.3295637369155884, "class_log_probabilities": [-1.7214829921722412, -1.8050593137741089, -5.107830047607422, -5.150001049041748], "predictions": [13, 79, 398, 80, 16, 401, 402, 17, 18, 4, 4], "target_tokens": ["[IN:GET_WEATHER", "[SL:WEATHER_ATTRIBUTE", "@ptr3", "SL:WEATHER_ATTRIBUTE]", "[SL:DATE_TIME", "@ptr5", "@ptr6", "SL:DATE_TIME]", "IN:GET_WEATHER]"], "predicted_tokens": ["[IN:GET_WEATHER", "[SL:WEATHER_ATTRIBUTE", "@ptr3", "SL:WEATHER_ATTRIBUTE]", "[SL:DATE_TIME", "@ptr6", "@ptr7", "SL:DATE_TIME]", "IN:GET_WEATHER]"]}
{"loss": 3.53086256980896, "class_log_probabilities": [-1.0187125205993652, -2.452284812927246, -7.44246244430542, -7.70358419418335], "predictions": [13, 14, 400, 15, 16, 401, 402, 403, 404, 405, 406, 407, 408, 17, 18, 4, 4, 4, 4], "target_tokens": ["[IN:GET_WEATHER", "[SL:DATE_TIME", "@ptr6", "@ptr7", "@ptr8", "@ptr9", "@ptr10", "@ptr11", "SL:DATE_TIME]", "[SL:LOCATION", "@ptr4", "SL:LOCATION]", "IN:GET_WEATHER]"], "predicted_tokens": ["[IN:GET_WEATHER", "[SL:LOCATION", "@ptr5", "SL:LOCATION]", "[SL:DATE_TIME", "@ptr6", "@ptr7", "@ptr8", "@ptr9", "@ptr10", "@ptr11", "@ptr12", "@ptr13", "SL:DATE_TIME]", "IN:GET_WEATHER]"]}
{"loss": 4.595458030700684, "class_log_probabilities": [-1.100111722946167, -3.124898672103882, -4.260307312011719, -5.944966793060303], "predictions": [13, 16, 395, 396, 17, 14, 402, 403, 15, 79, 406, 80, 18, 4, 4, 4, 4], "target_tokens": ["[IN:GET_WEATHER", "[SL:WEATHER_ATTRIBUTE", "@ptr9", "@ptr10", "SL:WEATHER_ATTRIBUTE]", "[SL:DATE_TIME", "@ptr0", "@ptr1", "@ptr2", "SL:DATE_TIME]", "[SL:LOCATION", "@ptr7", "SL:LOCATION]", "IN:GET_WEATHER]"], "predicted_tokens": ["[IN:GET_WEATHER", "[SL:DATE_TIME", "@ptr0", "@ptr1", "SL:DATE_TIME]", "[SL:LOCATION", "@ptr7", "@ptr8", "SL:LOCATION]", "[SL:WEATHER_ATTRIBUTE", "@ptr11", "SL:WEATHER_ATTRIBUTE]", "IN:GET_WEATHER]"]}
{"loss": 2.9735300540924072, "class_log_probabilities": [-0.6288111209869385, -6.647414207458496, -7.24976921081543, -7.565031051635742], "predictions": [13, 16, 395, 396, 397, 17, 79, 402, 80, 18, 4, 4], "target_tokens": ["[IN:GET_WEATHER", "[SL:WEATHER_ATTRIBUTE", "@ptr6", "SL:WEATHER_ATTRIBUTE]", "[SL:DATE_TIME", "@ptr0", "@ptr1", "@ptr2", "SL:DATE_TIME]", "IN:GET_WEATHER]"], "predicted_tokens": ["[IN:GET_WEATHER", "[SL:DATE_TIME", "@ptr0", "@ptr1", "@ptr2", "SL:DATE_TIME]", "[SL:WEATHER_ATTRIBUTE", "@ptr7", "SL:WEATHER_ATTRIBUTE]", "IN:GET_WEATHER]"]}
{"loss": 0.9664085507392883, "class_log_probabilities": [-0.36314457654953003, -5.781508922576904, -7.640971660614014, -7.825228691101074], "predictions": [13, 135, 398, 136, 18, 4, 4, 4], "target_tokens": ["[IN:GET_WEATHER", "[SL:WEATHER_TEMPERATURE_UNIT", "@ptr3", "SL:WEATHER_TEMPERATURE_UNIT]", "IN:GET_WEATHER]"], "predicted_tokens": ["[IN:GET_WEATHER", "[SL:WEATHER_TEMPERATURE_UNIT", "@ptr3", "SL:WEATHER_TEMPERATURE_UNIT]", "IN:GET_WEATHER]"]}
{"loss": 3.2066872119903564, "class_log_probabilities": [-2.3314049243927, -2.460571527481079, -3.885643482208252, -3.9355010986328125], "predictions": [13, 79, 397, 80, 14, 401, 402, 403, 15, 14, 405, 15, 18, 4, 4, 4], "target_tokens": ["[IN:GET_WEATHER", "[SL:LOCATION", "@ptr5", "@ptr6", "@ptr7", "@ptr8", "@ptr9", "SL:LOCATION]", "IN:GET_WEATHER]"], "predicted_tokens": ["[IN:GET_WEATHER", "[SL:WEATHER_ATTRIBUTE", "@ptr2", "SL:WEATHER_ATTRIBUTE]", "[SL:LOCATION", "@ptr6", "@ptr7", "@ptr8", "SL:LOCATION]", "[SL:LOCATION", "@ptr10", "SL:LOCATION]", "IN:GET_WEATHER]"]}
{"loss": 1.9851652383804321, "class_log_probabilities": [-0.8585758805274963, -5.822643756866455, -6.994840621948242, -7.287155628204346], "predictions": [13, 79, 396, 397, 80, 14, 399, 400, 401, 402, 403, 404, 405, 406, 407, 15, 18, 4], "target_tokens": ["[IN:GET_WEATHER", "[SL:LOCATION", "@ptr4", "@ptr5", "@ptr6", "@ptr7", "@ptr8", "@ptr9", "@ptr10", "@ptr11", "SL:LOCATION]", "IN:GET_WEATHER]"], "predicted_tokens": ["[IN:GET_WEATHER", "[SL:WEATHER_ATTRIBUTE", "@ptr1", "@ptr2", "SL:WEATHER_ATTRIBUTE]", "[SL:LOCATION", "@ptr4", "@ptr5", "@ptr6", "@ptr7", "@ptr8", "@ptr9", "@ptr10", "@ptr11", "@ptr12", "SL:LOCATION]", "IN:GET_WEATHER]"]}
{"loss": 0.9634478688240051, "class_log_probabilities": [-0.33602088689804077, -6.231736660003662, -8.058034896850586, -8.529967308044434], "predictions": [13, 14, 397, 15, 18, 4, 4], "target_tokens": ["[IN:GET_WEATHER", "[SL:LOCATION", "@ptr2", "SL:LOCATION]", "IN:GET_WEATHER]"], "predicted_tokens": ["[IN:GET_WEATHER", "[SL:LOCATION", "@ptr2", "SL:LOCATION]", "IN:GET_WEATHER]"]}
{"loss": 1.2656959295272827, "class_log_probabilities": [-1.2684388160705566, -2.628479242324829, -3.002258539199829, -8.055326461791992], "predictions": [13, 14, 398, 399, 15, 18, 4, 4, 4], "target_tokens": ["[IN:GET_WEATHER", "[SL:LOCATION", "@ptr3", "SL:LOCATION]", "IN:GET_WEATHER]"], "predicted_tokens": ["[IN:GET_WEATHER", "[SL:LOCATION", "@ptr3", "@ptr4", "SL:LOCATION]", "IN:GET_WEATHER]"]}
{"loss": 4.259702682495117, "class_log_probabilities": [-1.0193957090377808, -3.2255678176879883, -5.287193298339844, -7.910922527313232], "predictions": [13, 14, 403, 404, 405, 15, 18, 4, 4, 4, 4], "target_tokens": ["[IN:GET_WEATHER", "[SL:WEATHER_ATTRIBUTE", "@ptr10", "SL:WEATHER_ATTRIBUTE]", "[SL:LOCATION", "@ptr7", "@ptr8", "@ptr9", "SL:LOCATION]", "IN:GET_WEATHER]"], "predicted_tokens": ["[IN:GET_WEATHER", "[SL:LOCATION", "@ptr8", "@ptr9", "@ptr10", "SL:LOCATION]", "IN:GET_WEATHER]"]}
{"loss": 1.7039618492126465, "class_log_probabilities": [-0.8382828235626221, -4.516515254974365, -4.766416549682617, -5.557978630065918], "predictions": [13, 14, 399, 400, 401, 402, 403, 404, 405, 406, 15, 18, 4, 4], "target_tokens": ["[IN:GET_WEATHER", "[SL:LOCATION", "@ptr3", "@ptr4", "@ptr5", "@ptr6", "@ptr7", "@ptr8", "@ptr9", "@ptr10", "SL:LOCATION]", "IN:GET_WEATHER]"], "predicted_tokens": ["[IN:GET_WEATHER", "[SL:LOCATION", "@ptr4", "@ptr5", "@ptr6", "@ptr7", "@ptr8", "@ptr9", "@ptr10", "@ptr11", "SL:LOCATION]", "IN:GET_WEATHER]"]}
{"loss": 1.676378846168518, "class_log_probabilities": [-0.8801126480102539, -2.371243476867676, -5.462404727935791, -6.261997699737549], "predictions": [13, 16, 402, 403, 404, 17, 14, 406, 407, 408, 15, 18, 4], "target_tokens": ["[IN:GET_WEATHER", "[SL:DATE_TIME", "@ptr8", "@ptr9", "SL:DATE_TIME]", "[SL:LOCATION", "@ptr11", "@ptr12", "@ptr13", "SL:LOCATION]", "IN:GET_WEATHER]"], "predicted_tokens": ["[IN:GET_WEATHER", "[SL:DATE_TIME", "@ptr7", "@ptr8", "@ptr9", "SL:DATE_TIME]", "[SL:LOCATION", "@ptr11", "@ptr12", "@ptr13", "SL:LOCATION]", "IN:GET_WEATHER]"]}
{"loss": 0.9745943546295166, "class_log_probabilities": [-0.3378552198410034, -4.272870063781738, -5.72292947769165, -6.824653625488281], "predictions": [213, 214, 4], "target_tokens": ["[IN:SILENCE_ALARM", "IN:SILENCE_ALARM]"], "predicted_tokens": ["[IN:SILENCE_ALARM", "IN:SILENCE_ALARM]"]}
{"loss": 2.352585792541504, "class_log_probabilities": [-0.7400051355361938, -4.806186676025391, -6.355130195617676, -6.677689075469971], "predictions": [45, 16, 401, 402, 403, 17, 46, 4, 4], "target_tokens": ["[IN:CREATE_ALARM", "[SL:DATE_TIME", "@ptr5", "@ptr6", "@ptr7", "SL:DATE_TIME]", "IN:CREATE_ALARM]"], "predicted_tokens": ["[IN:CREATE_ALARM", "[SL:DATE_TIME", "@ptr6", "@ptr7", "@ptr8", "SL:DATE_TIME]", "IN:CREATE_ALARM]"]}
{"loss": 1.6669193506240845, "class_log_probabilities": [-0.7565686106681824, -4.496403694152832, -4.94973611831665, -8.495427131652832], "predictions": [45, 16, 398, 399, 400, 401, 402, 403, 404, 17, 46, 4, 4], "target_tokens": ["[IN:CREATE_ALARM", "[SL:DATE_TIME", "@ptr3", "@ptr4", "@ptr5", "@ptr6", "@ptr7", "@ptr8", "SL:DATE_TIME]", "IN:CREATE_ALARM]"], "predicted_tokens": ["[IN:CREATE_ALARM", "[SL:DATE_TIME", "@ptr3", "@ptr4", "@ptr5", "@ptr6", "@ptr7", "@ptr8", "@ptr9", "SL:DATE_TIME]", "IN:CREATE_ALARM]"]}
{"loss": 1.7829794883728027, "class_log_probabilities": [-1.5514618158340454, -1.5712573528289795, -5.345965385437012, -5.357368469238281], "predictions": [45, 16, 399, 400, 401, 402, 403, 404, 405, 406, 17, 46, 4, 4, 4], "target_tokens": ["[IN:CREATE_ALARM", "[SL:DATE_TIME", "@ptr3", "@ptr4", "@ptr5", "@ptr6", "@ptr7", "@ptr8", "@ptr9", "@ptr10", "SL:DATE_TIME]", "IN:CREATE_ALARM]"], "predicted_tokens": ["[IN:CREATE_ALARM", "[SL:DATE_TIME", "@ptr4", "@ptr5", "@ptr6", "@ptr7", "@ptr8", "@ptr9", "@ptr10", "@ptr11", "SL:DATE_TIME]", "IN:CREATE_ALARM]"]}
{"loss": 2.1977498531341553, "class_log_probabilities": [-5.538859844207764, -5.651744365692139, -5.674924373626709, -5.880891799926758], "predictions": [45, 120, 401, 121, 16, 403, 404, 405, 17, 16, 406, 407, 408, 409, 410, 411, 412, 413, 414, 416, 17, 46, 4, 4], "target_tokens": ["[IN:CREATE_ALARM", "[SL:AMOUNT", "@ptr5", "@ptr6", "SL:AMOUNT]", "[SL:DATE_TIME", "@ptr7", "@ptr8", "@ptr9", "@ptr10", "@ptr11", "@ptr12", "@ptr13", "@ptr14", "@ptr15", "@ptr16", "@ptr17", "@ptr18", "@ptr19", "@ptr20", "@ptr21", "SL:DATE_TIME]", "IN:CREATE_ALARM]"], "predicted_tokens": ["[IN:CREATE_ALARM", "[SL:AMOUNT", "@ptr6", "SL:AMOUNT]", "[SL:DATE_TIME", "@ptr8", "@ptr9", "@ptr10", "SL:DATE_TIME]", "[SL:DATE_TIME", "@ptr11", "@ptr12", "@ptr13", "@ptr14", "@ptr15", "@ptr16", "@ptr17", "@ptr18", "@ptr19", "@ptr21", "SL:DATE_TIME]", "IN:CREATE_ALARM]"]}
{"loss": 2.4688355922698975, "class_log_probabilities": [-6.885115146636963, -7.748091220855713, -8.285861015319824, -8.744012832641602], "predictions": [45, 120, 401, 121, 16, 404, 405, 406, 407, 408, 409, 410, 411, 412, 17, 16, 410, 412, 17, 46, 4, 4, 4], "target_tokens": ["[IN:CREATE_ALARM", "[SL:AMOUNT", "@ptr5", "@ptr6", "SL:AMOUNT]", "[SL:DATE_TIME", "@ptr7", "@ptr8", "@ptr9", "@ptr10", "@ptr11", "@ptr12", "@ptr13", "@ptr14", "@ptr15", "SL:DATE_TIME]", "IN:CREATE_ALARM]"], "predicted_tokens": ["[IN:CREATE_ALARM", "[SL:AMOUNT", "@ptr6", "SL:AMOUNT]", "[SL:DATE_TIME", "@ptr9", "@ptr10", "@ptr11", "@ptr12", "@ptr13", "@ptr14", "@ptr15", "@ptr16", "@ptr17", "SL:DATE_TIME]", "[SL:DATE_TIME", "@ptr15", "@ptr17", "SL:DATE_TIME]", "IN:CREATE_ALARM]"]}
{"loss": 2.9543821811676025, "class_log_probabilities": [-0.8655011653900146, -7.334547519683838, -7.721723556518555, -8.28253173828125], "predictions": [45, 16, 397, 398, 399, 400, 401, 402, 403, 404, 405, 17, 46, 4, 4, 4, 4, 4, 4, 4], "target_tokens": ["[IN:CREATE_ALARM", "[SL:ALARM_NAME", "@ptr1", "SL:ALARM_NAME]", "[SL:DATE_TIME", "@ptr2", "@ptr3", "@ptr4", "@ptr5", "SL:DATE_TIME]", "[SL:DATE_TIME", "@ptr6", "@ptr7", "@ptr8", "@ptr9", "SL:DATE_TIME]", "IN:CREATE_ALARM]"], "predicted_tokens": ["[IN:CREATE_ALARM", "[SL:DATE_TIME", "@ptr2", "@ptr3", "@ptr4", "@ptr5", "@ptr6", "@ptr7", "@ptr8", "@ptr9", "@ptr10", "SL:DATE_TIME]", "IN:CREATE_ALARM]"]}
{"loss": 2.6790883541107178, "class_log_probabilities": [-0.9184327721595764, -4.314403057098389, -4.773614883422852, -11.084057807922363], "predictions": [45, 16, 400, 401, 402, 403, 404, 405, 406, 407, 408, 409, 17, 46, 4, 4, 4, 4, 4], "target_tokens": ["[IN:CREATE_ALARM", "[SL:ALARM_NAME", "@ptr3", "@ptr4", "@ptr5", "SL:ALARM_NAME]", "[SL:DATE_TIME", "@ptr6", "@ptr7", "@ptr8", "@ptr9", "@ptr10", "@ptr11", "@ptr12", "@ptr13", "SL:DATE_TIME]", "IN:CREATE_ALARM]"], "predicted_tokens": ["[IN:CREATE_ALARM", "[SL:DATE_TIME", "@ptr5", "@ptr6", "@ptr7", "@ptr8", "@ptr9", "@ptr10", "@ptr11", "@ptr12", "@ptr13", "@ptr14", "SL:DATE_TIME]", "IN:CREATE_ALARM]"]}
{"loss": 4.26902437210083, "class_log_probabilities": [-0.4696418046951294, -4.090762138366699, -5.680633544921875, -5.7779316902160645], "predictions": [117, 34, 398, 35, 118, 4], "target_tokens": ["[IN:GET_ALARM", "IN:GET_ALARM]"], "predicted_tokens": ["[IN:GET_REMINDER_DATE_TIME", "[SL:PERSON_REMINDED", "@ptr3", "SL:PERSON_REMINDED]", "IN:GET_REMINDER_DATE_TIME]"]}
{"loss": 3.42976450920105, "class_log_probabilities": [-0.5875675082206726, -2.444927215576172, -3.3067681789398193, -4.532351970672607], "predictions": [225, 226, 4], "target_tokens": ["[IN:DELETE_ALARM", "[SL:AMOUNT", "@ptr3", "SL:AMOUNT]", "IN:DELETE_ALARM]"], "predicted_tokens": ["[IN:DELETE_TIMER", "IN:DELETE_TIMER]"]}
{"loss": 3.7382843494415283, "class_log_probabilities": [-0.5335699319839478, -5.403697490692139, -7.624818801879883, -8.106637001037598], "predictions": [45, 16, 401, 402, 403, 404, 17, 46, 4, 4], "target_tokens": ["[IN:CREATE_ALARM", "[SL:DATE_TIME", "@ptr5", "@ptr6", "@ptr7", "@ptr8", "SL:DATE_TIME]", "[SL:ALARM_NAME", "@ptr4", "SL:ALARM_NAME]", "IN:CREATE_ALARM]"], "predicted_tokens": ["[IN:CREATE_ALARM", "[SL:DATE_TIME", "@ptr6", "@ptr7", "@ptr8", "@ptr9", "SL:DATE_TIME]", "IN:CREATE_ALARM]"]}
{"loss": 0.9732652306556702, "class_log_probabilities": [-0.7113052010536194, -4.630487442016602, -4.643306255340576, -4.972708702087402], "predictions": [107, 203, 396, 397, 204, 110, 4], "target_tokens": ["[IN:UPDATE_CALL", "[SL:CONTACT_REMOVED", "@ptr1", "@ptr2", "SL:CONTACT_REMOVED]", "IN:UPDATE_CALL]"], "predicted_tokens": ["[IN:UPDATE_CALL", "[SL:CONTACT_REMOVED", "@ptr1", "@ptr2", "SL:CONTACT_REMOVED]", "IN:UPDATE_CALL]"]}
{"loss": 0.9618464112281799, "class_log_probabilities": [-0.1779181957244873, -8.54269027709961, -8.649099349975586, -8.674664497375488], "predictions": [171, 172, 4, 4], "target_tokens": ["[IN:GET_AVAILABILITY", "IN:GET_AVAILABILITY]"], "predicted_tokens": ["[IN:GET_AVAILABILITY", "IN:GET_AVAILABILITY]"]}
{"loss": 3.085070848464966, "class_log_probabilities": [-2.1865310668945312, -2.3100273609161377, -2.320948362350464, -2.8883824348449707], "predictions": [185, 16, 395, 396, 397, 17, 6, 70, 71, 402, 72, 93, 404, 94, 73, 7, 186, 4], "target_tokens": ["[IN:GET_CALL", "[SL:CONTACT", "[IN:GET_CONTACT", "[SL:CONTACT_RELATED", "@ptr8", "@ptr9", "SL:CONTACT_RELATED]", "[SL:TYPE_RELATION", "@ptr7", "SL:TYPE_RELATION]", "IN:GET_CONTACT]", "SL:CONTACT]", "[SL:DATE_TIME", "@ptr0", "@ptr1", "@ptr2", "SL:DATE_TIME]", "IN:GET_CALL]"], "predicted_tokens": ["[IN:GET_CALL", "[SL:DATE_TIME", "@ptr0", "@ptr1", "@ptr2", "SL:DATE_TIME]", "[SL:CONTACT", "[IN:GET_CONTACT", "[SL:TYPE_RELATION", "@ptr7", "SL:TYPE_RELATION]", "[SL:CONTACT_RELATED", "@ptr9", "SL:CONTACT_RELATED]", "IN:GET_CONTACT]", "SL:CONTACT]", "IN:GET_CALL]"]}
{"loss": 0.9632177352905273, "class_log_probabilities": [-0.3267342746257782, -8.785054206848145, -8.86881160736084, -8.873679161071777], "predictions": [75, 6, 399, 7, 78, 4, 4, 4], "target_tokens": ["[IN:CREATE_CALL", "[SL:CONTACT", "@ptr4", "SL:CONTACT]", "IN:CREATE_CALL]"], "predicted_tokens": ["[IN:CREATE_CALL", "[SL:CONTACT", "@ptr4", "SL:CONTACT]", "IN:CREATE_CALL]"]}
{"loss": 3.3003790378570557, "class_log_probabilities": [-0.7012783288955688, -6.023402690887451, -6.295189380645752, -7.765265464782715], "predictions": [75, 6, 70, 71, 398, 72, 93, 400, 94, 73, 7, 78, 4, 4], "target_tokens": ["[IN:CREATE_CALL", "[SL:CONTACT", "[IN:GET_CONTACT", "[SL:CONTACT_RELATED", "@ptr4", "@ptr5", "SL:CONTACT_RELATED]", "[SL:TYPE_RELATION", "@ptr3", "SL:TYPE_RELATION]", "IN:GET_CONTACT]", "SL:CONTACT]", "IN:CREATE_CALL]"], "predicted_tokens": ["[IN:CREATE_CALL", "[SL:CONTACT", "[IN:GET_CONTACT", "[SL:TYPE_RELATION", "@ptr3", "SL:TYPE_RELATION]", "[SL:CONTACT_RELATED", "@ptr5", "SL:CONTACT_RELATED]", "IN:GET_CONTACT]", "SL:CONTACT]", "IN:CREATE_CALL]"]}
{"loss": 2.6347508430480957, "class_log_probabilities": [-0.34673523902893066, -5.731899261474609, -6.0916900634765625, -6.546943187713623], "predictions": [75, 78, 4], "target_tokens": ["[IN:UPDATE_METHOD_CALL", "IN:UPDATE_METHOD_CALL]"], "predicted_tokens": ["[IN:CREATE_CALL", "IN:CREATE_CALL]"]}
{"loss": 1.5057140588760376, "class_log_probabilities": [-2.2420363426208496, -2.467409133911133, -3.4821102619171143, -3.7036445140838623], "predictions": [63, 64, 396, 65, 64, 398, 65, 206, 399, 400, 401, 402, 403, 404, 405, 406, 407, 408, 207, 103, 409, 104, 68, 4], "target_tokens": ["[IN:PLAY_MUSIC", "[SL:MUSIC_TYPE", "@ptr3", "SL:MUSIC_TYPE]", "[SL:MUSIC_ALBUM_TITLE", "@ptr4", "@ptr5", "@ptr6", "@ptr7", "@ptr8", "@ptr9", "@ptr10", "@ptr11", "@ptr12", "SL:MUSIC_ALBUM_TITLE]", "[SL:MUSIC_PROVIDER_NAME", "@ptr14", "SL:MUSIC_PROVIDER_NAME]", "IN:PLAY_MUSIC]"], "predicted_tokens": ["[IN:PLAY_MUSIC", "[SL:MUSIC_TYPE", "@ptr1", "SL:MUSIC_TYPE]", "[SL:MUSIC_TYPE", "@ptr3", "SL:MUSIC_TYPE]", "[SL:MUSIC_ALBUM_TITLE", "@ptr4", "@ptr5", "@ptr6", "@ptr7", "@ptr8", "@ptr9", "@ptr10", "@ptr11", "@ptr12", "@ptr13", "SL:MUSIC_ALBUM_TITLE]", "[SL:MUSIC_PROVIDER_NAME", "@ptr14", "SL:MUSIC_PROVIDER_NAME]", "IN:PLAY_MUSIC]"]}
{"loss": 2.8839950561523438, "class_log_probabilities": [-0.47798871994018555, -7.66786527633667, -7.738615036010742, -7.8416852951049805], "predictions": [63, 64, 398, 65, 151, 399, 152, 68, 4, 4], "target_tokens": ["[IN:PLAY_MUSIC", "[SL:MUSIC_GENRE", "@ptr4", "SL:MUSIC_GENRE]", "[SL:MUSIC_TYPE", "@ptr3", "SL:MUSIC_TYPE]", "IN:PLAY_MUSIC]"], "predicted_tokens": ["[IN:PLAY_MUSIC", "[SL:MUSIC_TYPE", "@ptr3", "SL:MUSIC_TYPE]", "[SL:MUSIC_GENRE", "@ptr4", "SL:MUSIC_GENRE]", "IN:PLAY_MUSIC]"]}
{"loss": 2.630044937133789, "class_log_probabilities": [-1.9165065288543701, -1.9329845905303955, -4.23142671585083, -5.482175350189209], "predictions": [75, 6, 70, 71, 397, 72, 93, 400, 401, 402, 403, 94, 73, 7, 78, 4, 4], "target_tokens": ["[IN:CREATE_CALL", "[SL:CONTACT", "[IN:GET_CONTACT", "[SL:CONTACT_RELATED", "@ptr4", "@ptr5", "@ptr6", "@ptr7", "SL:CONTACT_RELATED]", "[SL:TYPE_RELATION", "@ptr2", "SL:TYPE_RELATION]", "IN:GET_CONTACT]", "SL:CONTACT]", "IN:CREATE_CALL]"], "predicted_tokens": ["[IN:CREATE_CALL", "[SL:CONTACT", "[IN:GET_CONTACT", "[SL:TYPE_RELATION", "@ptr2", "SL:TYPE_RELATION]", "[SL:CONTACT_RELATED", "@ptr5", "@ptr6", "@ptr7", "@ptr8", "SL:CONTACT_RELATED]", "IN:GET_CONTACT]", "SL:CONTACT]", "IN:CREATE_CALL]"]}
{"loss": 3.307776689529419, "class_log_probabilities": [-1.0503888130187988, -4.176276206970215, -6.050023078918457, -6.168537616729736], "predictions": [75, 6, 70, 71, 397, 398, 72, 93, 401, 402, 94, 73, 7, 78, 4], "target_tokens": ["[IN:CREATE_CALL", "[SL:CONTACT", "[IN:GET_CONTACT", "[SL:CONTACT_RELATED", "@ptr5", "@ptr6", "SL:CONTACT_RELATED]", "[SL:TYPE_RELATION", "@ptr2", "@ptr3", "SL:TYPE_RELATION]", "IN:GET_CONTACT]", "SL:CONTACT]", "IN:CREATE_CALL]"], "predicted_tokens": ["[IN:CREATE_CALL", "[SL:CONTACT", "[IN:GET_CONTACT", "[SL:TYPE_RELATION", "@ptr2", "@ptr3", "SL:TYPE_RELATION]", "[SL:CONTACT_RELATED", "@ptr6", "@ptr7", "SL:CONTACT_RELATED]", "IN:GET_CONTACT]", "SL:CONTACT]", "IN:CREATE_CALL]"]}
{"loss": 0.9623330235481262, "class_log_probabilities": [-0.3886442184448242, -7.676191329956055, -7.884848594665527, -8.309832572937012], "predictions": [75, 6, 397, 398, 7, 78, 4, 4], "target_tokens": ["[IN:CREATE_CALL", "[SL:CONTACT", "@ptr2", "@ptr3", "SL:CONTACT]", "IN:CREATE_CALL]"], "predicted_tokens": ["[IN:CREATE_CALL", "[SL:CONTACT", "@ptr2", "@ptr3", "SL:CONTACT]", "IN:CREATE_CALL]"]}
{"loss": 1.8425465822219849, "class_log_probabilities": [-1.6702880859375, -3.3657619953155518, -3.9346659183502197, -5.698182582855225], "predictions": [61, 83, 396, 397, 398, 84, 16, 400, 401, 402, 403, 17, 62, 4], "target_tokens": ["[IN:GET_EVENT", "[SL:CATEGORY_EVENT", "@ptr1", "@ptr2", "@ptr3", "SL:CATEGORY_EVENT]", "[SL:DATE_TIME", "@ptr4", "@ptr5", "@ptr6", "@ptr7", "SL:DATE_TIME]", "IN:GET_EVENT]"], "predicted_tokens": ["[IN:GET_EVENT", "[SL:CATEGORY_EVENT", "@ptr1", "@ptr2", "@ptr3", "SL:CATEGORY_EVENT]", "[SL:DATE_TIME", "@ptr5", "@ptr6", "@ptr7", "@ptr8", "SL:DATE_TIME]", "IN:GET_EVENT]"]}
{"loss": 2.0195045471191406, "class_log_probabilities": [-0.9049400091171265, -3.8190066814422607, -5.1944756507873535, -5.219019889831543], "predictions": [61, 83, 399, 400, 84, 62, 4, 4], "target_tokens": ["[IN:GET_EVENT", "[SL:CATEGORY_EVENT", "@ptr2", "@ptr3", "@ptr4", "SL:CATEGORY_EVENT]", "IN:GET_EVENT]"], "predicted_tokens": ["[IN:GET_EVENT", "[SL:CATEGORY_EVENT", "@ptr4", "@ptr5", "SL:CATEGORY_EVENT]", "IN:GET_EVENT]"]}
{"loss": 2.2409491539001465, "class_log_probabilities": [-1.7369766235351562, -3.4162182807922363, -5.8756561279296875, -6.071591854095459], "predictions": [70, 71, 395, 72, 6, 397, 7, 73, 4, 4, 4], "target_tokens": ["[IN:GET_CONTACT", "[SL:CONTACT_RELATED", "@ptr1", "@ptr2", "SL:CONTACT_RELATED]", "[SL:TYPE_RELATION", "@ptr0", "SL:TYPE_RELATION]", "IN:GET_CONTACT]"], "predicted_tokens": ["[IN:GET_CONTACT", "[SL:TYPE_RELATION", "@ptr0", "SL:TYPE_RELATION]", "[SL:CONTACT", "@ptr2", "SL:CONTACT]", "IN:GET_CONTACT]"]}
{"loss": 2.7421836853027344, "class_log_probabilities": [-1.0240991115570068, -2.6737143993377686, -5.496641159057617, -6.784440040588379], "predictions": [33, 34, 400, 35, 16, 401, 402, 403, 404, 17, 38, 4], "target_tokens": ["[IN:DELETE_REMINDER", "[SL:PERSON_REMINDED", "@ptr4", "@ptr5", "SL:PERSON_REMINDED]", "[SL:DATE_TIME", "@ptr6", "@ptr7", "@ptr8", "SL:DATE_TIME]", "IN:DELETE_REMINDER]"], "predicted_tokens": ["[IN:DELETE_REMINDER", "[SL:PERSON_REMINDED", "@ptr5", "SL:PERSON_REMINDED]", "[SL:DATE_TIME", "@ptr6", "@ptr7", "@ptr8", "@ptr9", "SL:DATE_TIME]", "IN:DELETE_REMINDER]"]}
{"loss": 0.9608294367790222, "class_log_probabilities": [-0.5169112086296082, -7.795948028564453, -8.096475601196289, -8.158721923828125], "predictions": [75, 6, 397, 398, 399, 400, 7, 78, 4, 4], "target_tokens": ["[IN:CREATE_CALL", "[SL:CONTACT", "@ptr2", "@ptr3", "@ptr4", "@ptr5", "SL:CONTACT]", "IN:CREATE_CALL]"], "predicted_tokens": ["[IN:CREATE_CALL", "[SL:CONTACT", "@ptr2", "@ptr3", "@ptr4", "@ptr5", "SL:CONTACT]", "IN:CREATE_CALL]"]}
{"loss": 0.9791556000709534, "class_log_probabilities": [-1.0036969184875488, -4.287775993347168, -5.19285249710083, -7.54437780380249], "predictions": [75, 6, 70, 71, 397, 398, 72, 73, 7, 78, 4, 4, 4, 4, 4, 4], "target_tokens": ["[IN:CREATE_CALL", "[SL:CONTACT", "[IN:GET_CONTACT", "[SL:TYPE_RELATION", "@ptr2", "@ptr3", "SL:TYPE_RELATION]", "IN:GET_CONTACT]", "SL:CONTACT]", "IN:CREATE_CALL]"], "predicted_tokens": ["[IN:CREATE_CALL", "[SL:CONTACT", "[IN:GET_CONTACT", "[SL:TYPE_RELATION", "@ptr2", "@ptr3", "SL:TYPE_RELATION]", "IN:GET_CONTACT]", "SL:CONTACT]", "IN:CREATE_CALL]"]}
{"loss": 0.9681661128997803, "class_log_probabilities": [-0.16511227190494537, -8.506359100341797, -8.618343353271484, -8.785066604614258], "predictions": [81, 82, 4, 4, 4], "target_tokens": ["[IN:END_CALL", "IN:END_CALL]"], "predicted_tokens": ["[IN:END_CALL", "IN:END_CALL]"]}
{"loss": 2.6611270904541016, "class_log_probabilities": [-4.402380466461182, -4.852482795715332, -7.332784175872803, -7.460481643676758], "predictions": [23, 24, 398, 399, 400, 401, 402, 403, 404, 405, 25, 26, 4], "target_tokens": ["[IN:SET_AVAILABLE", "IN:SET_AVAILABLE]"], "predicted_tokens": ["[IN:SEND_MESSAGE", "[SL:CONTENT_EXACT", "@ptr3", "@ptr4", "@ptr5", "@ptr6", "@ptr7", "@ptr8", "@ptr9", "@ptr10", "SL:CONTENT_EXACT]", "IN:SEND_MESSAGE]"]}
{"loss": 0.9664096832275391, "class_log_probabilities": [-0.1751706302165985, -7.6201171875, -7.659928798675537, -8.26449966430664], "predictions": [189, 190, 4, 4], "target_tokens": ["[IN:SET_AVAILABLE", "IN:SET_AVAILABLE]"], "predicted_tokens": ["[IN:SET_AVAILABLE", "IN:SET_AVAILABLE]"]}
{"loss": 2.370851755142212, "class_log_probabilities": [-2.1732840538024902, -3.521084785461426, -4.403284549713135, -5.040879726409912], "predictions": [70, 73, 4], "target_tokens": ["[IN:GET_AVAILABILITY", "IN:GET_AVAILABILITY]"], "predicted_tokens": ["[IN:GET_CONTACT", "IN:GET_CONTACT]"]}
{"loss": 0.965631902217865, "class_log_probabilities": [-0.16960690915584564, -8.454939842224121, -8.671154022216797, -8.74809455871582], "predictions": [171, 172, 4, 4], "target_tokens": ["[IN:GET_AVAILABILITY", "IN:GET_AVAILABILITY]"], "predicted_tokens": ["[IN:GET_AVAILABILITY", "IN:GET_AVAILABILITY]"]}
{"loss": 0.9804041981697083, "class_log_probabilities": [-0.5064040422439575, -3.9835665225982666, -5.544745445251465, -6.050942897796631], "predictions": [171, 172, 4], "target_tokens": ["[IN:GET_AVAILABILITY", "IN:GET_AVAILABILITY]"], "predicted_tokens": ["[IN:GET_AVAILABILITY", "IN:GET_AVAILABILITY]"]}
{"loss": 0.9634975790977478, "class_log_probabilities": [-0.17781999707221985, -8.13971996307373, -8.251232147216797, -8.462591171264648], "predictions": [81, 82, 4], "target_tokens": ["[IN:END_CALL", "IN:END_CALL]"], "predicted_tokens": ["[IN:END_CALL", "IN:END_CALL]"]}
{"loss": 0.9634799361228943, "class_log_probabilities": [-0.38919979333877563, -7.4110331535339355, -7.772473335266113, -8.052189826965332], "predictions": [75, 6, 397, 398, 7, 78, 4], "target_tokens": ["[IN:CREATE_CALL", "[SL:CONTACT", "@ptr2", "@ptr3", "SL:CONTACT]", "IN:CREATE_CALL]"], "predicted_tokens": ["[IN:CREATE_CALL", "[SL:CONTACT", "@ptr2", "@ptr3", "SL:CONTACT]", "IN:CREATE_CALL]"]}
{"loss": 0.9867163300514221, "class_log_probabilities": [-0.14431247115135193, -8.1222562789917, -8.20160961151123, -8.380546569824219], "predictions": [215, 216, 4], "target_tokens": ["[IN:SWITCH_CALL", "IN:SWITCH_CALL]"], "predicted_tokens": ["[IN:SWITCH_CALL", "IN:SWITCH_CALL]"]}
{"loss": 0.9884901642799377, "class_log_probabilities": [-0.14036843180656433, -8.008126258850098, -8.482181549072266, -8.550443649291992], "predictions": [215, 216, 4, 4], "target_tokens": ["[IN:SWITCH_CALL", "IN:SWITCH_CALL]"], "predicted_tokens": ["[IN:SWITCH_CALL", "IN:SWITCH_CALL]"]}
{"loss": 2.362466335296631, "class_log_probabilities": [-0.24308884143829346, -5.0506720542907715, -7.411574363708496, -7.72189998626709], "predictions": [31, 32, 4], "target_tokens": ["[IN:SET_AVAILABLE", "IN:SET_AVAILABLE]"], "predicted_tokens": ["[IN:SET_UNAVAILABLE", "IN:SET_UNAVAILABLE]"]}
{"loss": 0.9754896759986877, "class_log_probabilities": [-0.15184783935546875, -8.599595069885254, -8.655803680419922, -8.757519721984863], "predictions": [81, 82, 4, 4, 4], "target_tokens": ["[IN:END_CALL", "IN:END_CALL]"], "predicted_tokens": ["[IN:END_CALL", "IN:END_CALL]"]}
{"loss": 0.9646928906440735, "class_log_probabilities": [-0.17337581515312195, -8.737593650817871, -8.898943901062012, -11.357043266296387], "predictions": [31, 32, 4, 4, 4], "target_tokens": ["[IN:SET_UNAVAILABLE", "IN:SET_UNAVAILABLE]"], "predicted_tokens": ["[IN:SET_UNAVAILABLE", "IN:SET_UNAVAILABLE]"]}
{"loss": 2.158651351928711, "class_log_probabilities": [-0.42596468329429626, -5.785548686981201, -7.29417085647583, -7.745567321777344], "predictions": [75, 6, 404, 7, 78, 4, 4, 4, 4], "target_tokens": ["[IN:CREATE_CALL", "[SL:CONTACT", "@ptr8", "SL:CONTACT]", "IN:CREATE_CALL]"], "predicted_tokens": ["[IN:CREATE_CALL", "[SL:CONTACT", "@ptr9", "SL:CONTACT]", "IN:CREATE_CALL]"]}
{"loss": 1.0220646858215332, "class_log_probabilities": [-0.9250904321670532, -2.26921010017395, -5.039416313171387, -8.474152565002441], "predictions": [75, 6, 397, 7, 78, 4, 4, 4], "target_tokens": ["[IN:CREATE_CALL", "[SL:CONTACT", "@ptr2", "SL:CONTACT]", "IN:CREATE_CALL]"], "predicted_tokens": ["[IN:CREATE_CALL", "[SL:CONTACT", "@ptr2", "SL:CONTACT]", "IN:CREATE_CALL]"]}
{"loss": 0.9625595211982727, "class_log_probabilities": [-0.33008643984794617, -8.685505867004395, -8.81298542022705, -11.636281967163086], "predictions": [75, 6, 397, 7, 78, 4, 4, 4, 4, 4], "target_tokens": ["[IN:CREATE_CALL", "[SL:CONTACT", "@ptr2", "SL:CONTACT]", "IN:CREATE_CALL]"], "predicted_tokens": ["[IN:CREATE_CALL", "[SL:CONTACT", "@ptr2", "SL:CONTACT]", "IN:CREATE_CALL]"]}
{"loss": 0.9624301791191101, "class_log_probabilities": [-0.38582202792167664, -7.830182075500488, -8.56973934173584, -8.653482437133789], "predictions": [75, 6, 398, 399, 7, 78, 4, 4], "target_tokens": ["[IN:CREATE_CALL", "[SL:CONTACT", "@ptr3", "@ptr4", "SL:CONTACT]", "IN:CREATE_CALL]"], "predicted_tokens": ["[IN:CREATE_CALL", "[SL:CONTACT", "@ptr3", "@ptr4", "SL:CONTACT]", "IN:CREATE_CALL]"]}
{"loss": 3.2903976440429688, "class_log_probabilities": [-1.5498968362808228, -2.0774824619293213, -2.622964382171631, -2.9301083087921143], "predictions": [75, 6, 70, 71, 397, 72, 93, 399, 94, 73, 7, 78, 4], "target_tokens": ["[IN:CREATE_CALL", "[SL:CONTACT", "[IN:GET_CONTACT", "[SL:CONTACT_RELATED", "@ptr3", "@ptr4", "SL:CONTACT_RELATED]", "[SL:TYPE_RELATION", "@ptr2", "SL:TYPE_RELATION]", "IN:GET_CONTACT]", "SL:CONTACT]", "IN:CREATE_CALL]"], "predicted_tokens": ["[IN:CREATE_CALL", "[SL:CONTACT", "[IN:GET_CONTACT", "[SL:TYPE_RELATION", "@ptr2", "SL:TYPE_RELATION]", "[SL:CONTACT_RELATED", "@ptr4", "SL:CONTACT_RELATED]", "IN:GET_CONTACT]", "SL:CONTACT]", "IN:CREATE_CALL]"]}
{"loss": 0.9654321670532227, "class_log_probabilities": [-0.5599550008773804, -4.6498122215271, -8.16993236541748, -8.781383514404297], "predictions": [75, 6, 70, 71, 398, 72, 73, 7, 78, 4], "target_tokens": ["[IN:CREATE_CALL", "[SL:CONTACT", "[IN:GET_CONTACT", "[SL:TYPE_RELATION", "@ptr3", "SL:TYPE_RELATION]", "IN:GET_CONTACT]", "SL:CONTACT]", "IN:CREATE_CALL]"], "predicted_tokens": ["[IN:CREATE_CALL", "[SL:CONTACT", "[IN:GET_CONTACT", "[SL:TYPE_RELATION", "@ptr3", "SL:TYPE_RELATION]", "IN:GET_CONTACT]", "SL:CONTACT]", "IN:CREATE_CALL]"]}
{"loss": 3.5277304649353027, "class_log_probabilities": [-1.1239356994628906, -1.9233720302581787, -6.755195617675781, -7.215078830718994], "predictions": [153, 6, 70, 71, 397, 398, 399, 72, 93, 401, 94, 73, 7, 154, 4], "target_tokens": ["[IN:ANSWER_CALL", "[SL:CONTACT", "[IN:GET_CONTACT", "[SL:CONTACT_RELATED", "@ptr4", "@ptr5", "SL:CONTACT_RELATED]", "[SL:TYPE_RELATION", "@ptr2", "@ptr3", "SL:TYPE_RELATION]", "IN:GET_CONTACT]", "SL:CONTACT]", "IN:ANSWER_CALL]"], "predicted_tokens": ["[IN:ANSWER_CALL", "[SL:CONTACT", "[IN:GET_CONTACT", "[SL:TYPE_RELATION", "@ptr2", "@ptr3", "@ptr4", "SL:TYPE_RELATION]", "[SL:CONTACT_RELATED", "@ptr6", "SL:CONTACT_RELATED]", "IN:GET_CONTACT]", "SL:CONTACT]", "IN:ANSWER_CALL]"]}
{"loss": 1.4033164978027344, "class_log_probabilities": [-1.008865237236023, -5.910948753356934, -6.73366117477417, -6.75981330871582], "predictions": [23, 10, 398, 399, 11, 24, 402, 403, 404, 405, 406, 407, 408, 409, 410, 411, 25, 26, 4], "target_tokens": ["[IN:SEND_MESSAGE", "[SL:RECIPIENT", "@ptr3", "@ptr4", "SL:RECIPIENT]", "[SL:CONTENT_EXACT", "@ptr7", "@ptr8", "@ptr9", "@ptr10", "@ptr11", "@ptr12", "@ptr13", "@ptr14", "SL:CONTENT_EXACT]", "IN:SEND_MESSAGE]"], "predicted_tokens": ["[IN:SEND_MESSAGE", "[SL:RECIPIENT", "@ptr3", "@ptr4", "SL:RECIPIENT]", "[SL:CONTENT_EXACT", "@ptr7", "@ptr8", "@ptr9", "@ptr10", "@ptr11", "@ptr12", "@ptr13", "@ptr14", "@ptr15", "@ptr16", "SL:CONTENT_EXACT]", "IN:SEND_MESSAGE]"]}
{"loss": 1.5285621881484985, "class_log_probabilities": [-2.5630247592926025, -3.593400478363037, -4.73307466506958, -5.4456658363342285], "predictions": [23, 10, 70, 71, 399, 400, 72, 73, 11, 24, 402, 403, 404, 405, 406, 407, 408, 409, 410, 411, 412, 413, 25, 26, 4], "target_tokens": ["[IN:SEND_MESSAGE", "[SL:RECIPIENT", "[IN:GET_CONTACT", "[SL:TYPE_RELATION", "@ptr3", "@ptr4", "SL:TYPE_RELATION]", "IN:GET_CONTACT]", "SL:RECIPIENT]", "[SL:CONTENT_EXACT", "@ptr6", "@ptr7", "@ptr8", "@ptr9", "@ptr10", "@ptr11", "@ptr12", "@ptr13", "@ptr14", "@ptr15", "@ptr16", "SL:CONTENT_EXACT]", "IN:SEND_MESSAGE]"], "predicted_tokens": ["[IN:SEND_MESSAGE", "[SL:RECIPIENT", "[IN:GET_CONTACT", "[SL:TYPE_RELATION", "@ptr4", "@ptr5", "SL:TYPE_RELATION]", "IN:GET_CONTACT]", "SL:RECIPIENT]", "[SL:CONTENT_EXACT", "@ptr7", "@ptr8", "@ptr9", "@ptr10", "@ptr11", "@ptr12", "@ptr13", "@ptr14", "@ptr15", "@ptr16", "@ptr17", "@ptr18", "SL:CONTENT_EXACT]", "IN:SEND_MESSAGE]"]}
{"loss": 1.6783703565597534, "class_log_probabilities": [-1.568802833557129, -2.4577276706695557, -3.378937005996704, -3.5176353454589844], "predictions": [23, 10, 399, 11, 24, 404, 405, 406, 407, 408, 409, 410, 411, 412, 413, 25, 26, 4], "target_tokens": ["[IN:SEND_MESSAGE", "[SL:RECIPIENT", "@ptr4", "SL:RECIPIENT]", "[SL:CONTENT_EXACT", "@ptr8", "@ptr9", "@ptr10", "@ptr11", "@ptr12", "@ptr13", "@ptr14", "@ptr15", "@ptr16", "SL:CONTENT_EXACT]", "IN:SEND_MESSAGE]"], "predicted_tokens": ["[IN:SEND_MESSAGE", "[SL:RECIPIENT", "@ptr4", "SL:RECIPIENT]", "[SL:CONTENT_EXACT", "@ptr9", "@ptr10", "@ptr11", "@ptr12", "@ptr13", "@ptr14", "@ptr15", "@ptr16", "@ptr17", "@ptr18", "SL:CONTENT_EXACT]", "IN:SEND_MESSAGE]"]}
{"loss": 2.9443442821502686, "class_log_probabilities": [-0.660984218120575, -6.830663681030273, -7.448394775390625, -8.032574653625488], "predictions": [39, 40, 396, 41, 56, 399, 400, 401, 402, 57, 42, 4], "target_tokens": ["[IN:GET_STORIES_NEWS", "[SL:NEWS_SOURCE", "@ptr4", "@ptr5", "@ptr6", "SL:NEWS_SOURCE]", "IN:GET_STORIES_NEWS]"], "predicted_tokens": ["[IN:GET_STORIES_NEWS", "[SL:NEWS_TYPE", "@ptr1", "SL:NEWS_TYPE]", "[SL:NEWS_TOPIC", "@ptr4", "@ptr5", "@ptr6", "@ptr7", "SL:NEWS_TOPIC]", "IN:GET_STORIES_NEWS]"]}
{"loss": 2.1195437908172607, "class_log_probabilities": [-1.0973687171936035, -4.722243785858154, -5.4685444831848145, -6.110866546630859], "predictions": [49, 34, 397, 35, 36, 75, 6, 400, 401, 402, 403, 404, 7, 78, 37, 16, 405, 406, 17, 50, 4, 4, 4, 4, 4, 4, 4, 4], "target_tokens": ["[IN:CREATE_REMINDER", "[SL:PERSON_REMINDED", "@ptr2", "SL:PERSON_REMINDED]", "[SL:TODO", "[IN:CREATE_CALL", "[SL:CONTACT", "@ptr5", "@ptr6", "@ptr7", "@ptr8", "SL:CONTACT]", "IN:CREATE_CALL]", "SL:TODO]", "[SL:DATE_TIME", "@ptr9", "@ptr10", "SL:DATE_TIME]", "IN:CREATE_REMINDER]"], "predicted_tokens": ["[IN:CREATE_REMINDER", "[SL:PERSON_REMINDED", "@ptr2", "SL:PERSON_REMINDED]", "[SL:TODO", "[IN:CREATE_CALL", "[SL:CONTACT", "@ptr5", "@ptr6", "@ptr7", "@ptr8", "@ptr9", "SL:CONTACT]", "IN:CREATE_CALL]", "SL:TODO]", "[SL:DATE_TIME", "@ptr10", "@ptr11", "SL:DATE_TIME]", "IN:CREATE_REMINDER]"]}
{"loss": 1.6971343755722046, "class_log_probabilities": [-3.1467103958129883, -3.63733172416687, -5.14267110824585, -5.991880893707275], "predictions": [49, 34, 400, 35, 36, 401, 402, 403, 404, 405, 37, 50, 4], "target_tokens": ["[IN:CREATE_REMINDER", "[SL:PERSON_REMINDED", "@ptr5", "SL:PERSON_REMINDED]", "[SL:TODO", "@ptr6", "@ptr7", "@ptr8", "@ptr9", "SL:TODO]", "IN:CREATE_REMINDER]"], "predicted_tokens": ["[IN:CREATE_REMINDER", "[SL:PERSON_REMINDED", "@ptr5", "SL:PERSON_REMINDED]", "[SL:TODO", "@ptr6", "@ptr7", "@ptr8", "@ptr9", "@ptr10", "SL:TODO]", "IN:CREATE_REMINDER]"]}
{"loss": 2.361090660095215, "class_log_probabilities": [-4.890132427215576, -5.144044876098633, -5.316300868988037, -6.872859477996826], "predictions": [49, 34, 396, 35, 36, 75, 6, 70, 71, 400, 401, 72, 93, 402, 94, 73, 7, 78, 37, 16, 403, 404, 405, 17, 50, 4, 4, 4, 4, 4, 4, 4, 4, 4], "target_tokens": ["[IN:CREATE_REMINDER", "[SL:PERSON_REMINDED", "@ptr1", "SL:PERSON_REMINDED]", "[SL:TODO", "[IN:GET_TODO", "[SL:TODO", "[IN:CREATE_CALL", "[SL:CONTACT", "[IN:GET_CONTACT", "[SL:CONTACT_RELATED", "@ptr6", "@ptr7", "SL:CONTACT_RELATED]", "[SL:TYPE_RELATION", "@ptr5", "SL:TYPE_RELATION]", "IN:GET_CONTACT]", "SL:CONTACT]", "IN:CREATE_CALL]", "SL:TODO]", "[SL:DATE_TIME", "@ptr8", "@ptr9", "SL:DATE_TIME]", "[SL:TODO", "@ptr10", "@ptr11", "@ptr12", "@ptr13", "@ptr14", "SL:TODO]", "IN:GET_TODO]", "SL:TODO]", "IN:CREATE_REMINDER]"], "predicted_tokens": ["[IN:CREATE_REMINDER", "[SL:PERSON_REMINDED", "@ptr1", "SL:PERSON_REMINDED]", "[SL:TODO", "[IN:CREATE_CALL", "[SL:CONTACT", "[IN:GET_CONTACT", "[SL:TYPE_RELATION", "@ptr5", "@ptr6", "SL:TYPE_RELATION]", "[SL:CONTACT_RELATED", "@ptr7", "SL:CONTACT_RELATED]", "IN:GET_CONTACT]", "SL:CONTACT]", "IN:CREATE_CALL]", "SL:TODO]", "[SL:DATE_TIME", "@ptr8", "@ptr9", "@ptr10", "SL:DATE_TIME]", "IN:CREATE_REMINDER]"]}
{"loss": 1.7654178142547607, "class_log_probabilities": [-1.1304445266723633, -3.2997710704803467, -4.674502849578857, -5.649211406707764], "predictions": [49, 34, 396, 35, 36, 75, 6, 400, 7, 78, 37, 16, 402, 403, 404, 405, 406, 407, 408, 409, 17, 50, 4, 4, 4, 4], "target_tokens": ["[IN:CREATE_REMINDER", "[SL:PERSON_REMINDED", "@ptr1", "SL:PERSON_REMINDED]", "[SL:TODO", "[IN:CREATE_CALL", "[SL:CONTACT", "@ptr5", "SL:CONTACT]", "IN:CREATE_CALL]", "SL:TODO]", "[SL:DATE_TIME", "@ptr6", "@ptr7", "@ptr8", "@ptr9", "@ptr10", "@ptr11", "@ptr12", "@ptr13", "SL:DATE_TIME]", "IN:CREATE_REMINDER]"], "predicted_tokens": ["[IN:CREATE_REMINDER", "[SL:PERSON_REMINDED", "@ptr1", "SL:PERSON_REMINDED]", "[SL:TODO", "[IN:CREATE_CALL", "[SL:CONTACT", "@ptr5", "SL:CONTACT]", "IN:CREATE_CALL]", "SL:TODO]", "[SL:DATE_TIME", "@ptr7", "@ptr8", "@ptr9", "@ptr10", "@ptr11", "@ptr12", "@ptr13", "@ptr14", "SL:DATE_TIME]", "IN:CREATE_REMINDER]"]}
{"loss": 2.0151641368865967, "class_log_probabilities": [-1.72694993019104, -2.0747978687286377, -6.012358665466309, -6.472318649291992], "predictions": [49, 34, 396, 35, 36, 398, 399, 400, 401, 402, 403, 404, 405, 406, 37, 16, 407, 408, 409, 410, 411, 17, 50, 4], "target_tokens": ["[IN:CREATE_REMINDER", "[SL:PERSON_REMINDED", "@ptr1", "SL:PERSON_REMINDED]", "[SL:TODO", "@ptr3", "@ptr4", "@ptr5", "@ptr6", "@ptr7", "@ptr8", "@ptr9", "@ptr10", "SL:TODO]", "[SL:DATE_TIME", "@ptr11", "@ptr12", "@ptr13", "@ptr14", "SL:DATE_TIME]", "IN:CREATE_REMINDER]"], "predicted_tokens": ["[IN:CREATE_REMINDER", "[SL:PERSON_REMINDED", "@ptr1", "SL:PERSON_REMINDED]", "[SL:TODO", "@ptr3", "@ptr4", "@ptr5", "@ptr6", "@ptr7", "@ptr8", "@ptr9", "@ptr10", "@ptr11", "SL:TODO]", "[SL:DATE_TIME", "@ptr12", "@ptr13", "@ptr14", "@ptr15", "@ptr16", "SL:DATE_TIME]", "IN:CREATE_REMINDER]"]}
{"loss": 2.0646328926086426, "class_log_probabilities": [-0.6591970920562744, -6.042510986328125, -7.5478196144104, -7.733523845672607], "predictions": [33, 16, 400, 401, 402, 403, 404, 405, 17, 38, 4], "target_tokens": ["[IN:DELETE_REMINDER", "[SL:DATE_TIME", "@ptr4", "@ptr5", "@ptr6", "@ptr7", "@ptr8", "@ptr9", "SL:DATE_TIME]", "IN:DELETE_REMINDER]"], "predicted_tokens": ["[IN:DELETE_REMINDER", "[SL:DATE_TIME", "@ptr5", "@ptr6", "@ptr7", "@ptr8", "@ptr9", "@ptr10", "SL:DATE_TIME]", "IN:DELETE_REMINDER]"]}
{"loss": 1.6798679828643799, "class_log_probabilities": [-1.152783751487732, -1.9967645406723022, -7.543456554412842, -7.7821245193481445], "predictions": [47, 34, 395, 35, 16, 402, 403, 404, 17, 48, 4, 4], "target_tokens": ["[IN:GET_REMINDER", "[SL:PERSON_REMINDED", "@ptr0", "SL:PERSON_REMINDED]", "[SL:DATE_TIME", "@ptr6", "@ptr7", "@ptr8", "SL:DATE_TIME]", "IN:GET_REMINDER]"], "predicted_tokens": ["[IN:GET_REMINDER", "[SL:PERSON_REMINDED", "@ptr0", "SL:PERSON_REMINDED]", "[SL:DATE_TIME", "@ptr7", "@ptr8", "@ptr9", "SL:DATE_TIME]", "IN:GET_REMINDER]"]}
{"loss": 1.8627228736877441, "class_log_probabilities": [-1.0754916667938232, -6.138805866241455, -6.300331115722656, -6.842117786407471], "predictions": [49, 34, 397, 35, 36, 398, 399, 400, 401, 402, 37, 16, 403, 404, 405, 406, 17, 50, 4, 4], "target_tokens": ["[IN:CREATE_REMINDER", "[SL:PERSON_REMINDED", "@ptr2", "SL:PERSON_REMINDED]", "[SL:TODO", "@ptr3", "@ptr4", "@ptr5", "@ptr6", "SL:TODO]", "[SL:DATE_TIME", "@ptr7", "@ptr8", "@ptr9", "@ptr10", "SL:DATE_TIME]", "IN:CREATE_REMINDER]"], "predicted_tokens": ["[IN:CREATE_REMINDER", "[SL:PERSON_REMINDED", "@ptr2", "SL:PERSON_REMINDED]", "[SL:TODO", "@ptr3", "@ptr4", "@ptr5", "@ptr6", "@ptr7", "SL:TODO]", "[SL:DATE_TIME", "@ptr8", "@ptr9", "@ptr10", "@ptr11", "SL:DATE_TIME]", "IN:CREATE_REMINDER]"]}
{"loss": 3.0073578357696533, "class_log_probabilities": [-1.1639480590820312, -3.348341941833496, -4.034402847290039, -4.9481306076049805], "predictions": [33, 36, 400, 401, 402, 403, 404, 405, 406, 407, 408, 37, 34, 409, 35, 38, 4, 4], "target_tokens": ["[IN:DELETE_REMINDER", "[SL:PERSON_REMINDED", "@ptr11", "@ptr12", "SL:PERSON_REMINDED]", "[SL:TODO", "@ptr4", "@ptr5", "@ptr6", "@ptr7", "@ptr8", "@ptr9", "@ptr10", "SL:TODO]", "IN:DELETE_REMINDER]"], "predicted_tokens": ["[IN:DELETE_REMINDER", "[SL:TODO", "@ptr5", "@ptr6", "@ptr7", "@ptr8", "@ptr9", "@ptr10", "@ptr11", "@ptr12", "@ptr13", "SL:TODO]", "[SL:PERSON_REMINDED", "@ptr14", "SL:PERSON_REMINDED]", "IN:DELETE_REMINDER]"]}
{"loss": 0.958674430847168, "class_log_probabilities": [-0.5139371752738953, -6.532581329345703, -7.226812362670898, -7.298285484313965], "predictions": [49, 16, 398, 399, 400, 17, 50, 4], "target_tokens": ["[IN:CREATE_REMINDER", "[SL:DATE_TIME", "@ptr3", "@ptr4", "@ptr5", "SL:DATE_TIME]", "IN:CREATE_REMINDER]"], "predicted_tokens": ["[IN:CREATE_REMINDER", "[SL:DATE_TIME", "@ptr3", "@ptr4", "@ptr5", "SL:DATE_TIME]", "IN:CREATE_REMINDER]"]}
{"loss": 1.6212114095687866, "class_log_probabilities": [-1.7959460020065308, -4.677728176116943, -4.961173057556152, -6.277364730834961], "predictions": [49, 36, 399, 37, 16, 401, 402, 403, 404, 405, 406, 17, 50, 4, 4, 4], "target_tokens": ["[IN:CREATE_REMINDER", "[SL:TODO", "@ptr4", "SL:TODO]", "[SL:DATE_TIME", "@ptr5", "@ptr6", "@ptr7", "@ptr8", "@ptr9", "@ptr10", "SL:DATE_TIME]", "IN:CREATE_REMINDER]"], "predicted_tokens": ["[IN:CREATE_REMINDER", "[SL:TODO", "@ptr4", "SL:TODO]", "[SL:DATE_TIME", "@ptr6", "@ptr7", "@ptr8", "@ptr9", "@ptr10", "@ptr11", "SL:DATE_TIME]", "IN:CREATE_REMINDER]"]}
{"loss": 3.5136830806732178, "class_log_probabilities": [-0.5133858323097229, -7.554471015930176, -8.01954174041748, -9.691947937011719], "predictions": [33, 16, 398, 399, 400, 401, 17, 38, 4, 4, 4, 4], "target_tokens": ["[IN:DELETE_REMINDER", "[SL:AMOUNT", "@ptr6", "SL:AMOUNT]", "[SL:DATE_TIME", "@ptr3", "@ptr4", "@ptr5", "SL:DATE_TIME]", "IN:DELETE_REMINDER]"], "predicted_tokens": ["[IN:DELETE_REMINDER", "[SL:DATE_TIME", "@ptr3", "@ptr4", "@ptr5", "@ptr6", "SL:DATE_TIME]", "IN:DELETE_REMINDER]"]}
{"loss": 1.5651708841323853, "class_log_probabilities": [-1.3000422716140747, -2.497403860092163, -4.027650356292725, -6.068501949310303], "predictions": [49, 34, 396, 35, 36, 398, 399, 400, 37, 16, 402, 403, 404, 17, 50, 4, 4, 4], "target_tokens": ["[IN:CREATE_REMINDER", "[SL:PERSON_REMINDED", "@ptr1", "SL:PERSON_REMINDED]", "[SL:TODO", "@ptr3", "@ptr4", "@ptr5", "SL:TODO]", "[SL:DATE_TIME", "@ptr6", "@ptr7", "@ptr8", "SL:DATE_TIME]", "IN:CREATE_REMINDER]"], "predicted_tokens": ["[IN:CREATE_REMINDER", "[SL:PERSON_REMINDED", "@ptr1", "SL:PERSON_REMINDED]", "[SL:TODO", "@ptr3", "@ptr4", "@ptr5", "SL:TODO]", "[SL:DATE_TIME", "@ptr7", "@ptr8", "@ptr9", "SL:DATE_TIME]", "IN:CREATE_REMINDER]"]}
{"loss": 2.90332293510437, "class_log_probabilities": [-0.6229236125946045, -4.11808443069458, -4.766144275665283, -7.24705171585083], "predictions": [33, 34, 400, 35, 36, 403, 404, 405, 37, 38, 4, 4], "target_tokens": ["[IN:DELETE_REMINDER", "[SL:PERSON_REMINDED", "@ptr4", "@ptr5", "SL:PERSON_REMINDED]", "[SL:TODO", "@ptr8", "@ptr9", "SL:TODO]", "IN:DELETE_REMINDER]"], "predicted_tokens": ["[IN:DELETE_REMINDER", "[SL:PERSON_REMINDED", "@ptr5", "SL:PERSON_REMINDED]", "[SL:TODO", "@ptr8", "@ptr9", "@ptr10", "SL:TODO]", "IN:DELETE_REMINDER]"]}
{"loss": 4.294887542724609, "class_log_probabilities": [-3.02150821685791, -3.0319323539733887, -3.113884687423706, -3.3484392166137695], "predictions": [47, 199, 396, 200, 36, 397, 398, 399, 400, 401, 37, 34, 408, 35, 48, 4], "target_tokens": ["[IN:GET_REMINDER", "[SL:METHOD_RETRIEVAL_REMINDER", "@ptr0", "SL:METHOD_RETRIEVAL_REMINDER]", "[SL:AMOUNT", "@ptr10", "SL:AMOUNT]", "[SL:PERSON_REMINDED", "@ptr11", "@ptr12", "SL:PERSON_REMINDED]", "[SL:TODO", "@ptr4", "@ptr5", "SL:TODO]", "IN:GET_REMINDER]"], "predicted_tokens": ["[IN:GET_REMINDER", "[SL:METHOD_RETRIEVAL_REMINDER", "@ptr1", "SL:METHOD_RETRIEVAL_REMINDER]", "[SL:TODO", "@ptr2", "@ptr3", "@ptr4", "@ptr5", "@ptr6", "SL:TODO]", "[SL:PERSON_REMINDED", "@ptr13", "SL:PERSON_REMINDED]", "IN:GET_REMINDER]"]}
{"loss": 2.0441854000091553, "class_log_probabilities": [-2.306972026824951, -2.7492125034332275, -3.2213528156280518, -4.8944478034973145], "predictions": [49, 34, 402, 35, 36, 75, 6, 404, 405, 406, 7, 78, 37, 16, 408, 409, 410, 411, 17, 50, 4, 4], "target_tokens": ["[IN:CREATE_REMINDER", "[SL:PERSON_REMINDED", "@ptr6", "SL:PERSON_REMINDED]", "[SL:TODO", "[IN:CREATE_CALL", "[SL:CONTACT", "@ptr9", "@ptr10", "@ptr11", "SL:CONTACT]", "IN:CREATE_CALL]", "SL:TODO]", "[SL:DATE_TIME", "@ptr12", "@ptr13", "@ptr14", "@ptr15", "SL:DATE_TIME]", "IN:CREATE_REMINDER]"], "predicted_tokens": ["[IN:CREATE_REMINDER", "[SL:PERSON_REMINDED", "@ptr7", "SL:PERSON_REMINDED]", "[SL:TODO", "[IN:CREATE_CALL", "[SL:CONTACT", "@ptr9", "@ptr10", "@ptr11", "SL:CONTACT]", "IN:CREATE_CALL]", "SL:TODO]", "[SL:DATE_TIME", "@ptr13", "@ptr14", "@ptr15", "@ptr16", "SL:DATE_TIME]", "IN:CREATE_REMINDER]"]}
{"loss": 2.301694393157959, "class_log_probabilities": [-1.0826107263565063, -5.009452819824219, -5.500524997711182, -6.234982490539551], "predictions": [49, 34, 397, 35, 36, 398, 399, 400, 401, 402, 403, 404, 405, 406, 407, 37, 16, 408, 409, 410, 17, 50, 4, 4], "target_tokens": ["[IN:CREATE_REMINDER", "[SL:PERSON_REMINDED", "@ptr2", "SL:PERSON_REMINDED]", "[SL:TODO", "@ptr4", "@ptr5", "@ptr6", "@ptr7", "@ptr8", "@ptr9", "@ptr10", "SL:TODO]", "[SL:DATE_TIME", "@ptr11", "@ptr12", "SL:DATE_TIME]", "IN:CREATE_REMINDER]"], "predicted_tokens": ["[IN:CREATE_REMINDER", "[SL:PERSON_REMINDED", "@ptr2", "SL:PERSON_REMINDED]", "[SL:TODO", "@ptr3", "@ptr4", "@ptr5", "@ptr6", "@ptr7", "@ptr8", "@ptr9", "@ptr10", "@ptr11", "@ptr12", "SL:TODO]", "[SL:DATE_TIME", "@ptr13", "@ptr14", "@ptr15", "SL:DATE_TIME]", "IN:CREATE_REMINDER]"]}
{"loss": 3.4777863025665283, "class_log_probabilities": [-0.4043193459510803, -6.111493110656738, -7.7326483726501465, -7.815646171569824], "predictions": [33, 36, 398, 399, 37, 38, 4, 4], "target_tokens": ["[IN:DELETE_REMINDER", "IN:DELETE_REMINDER]"], "predicted_tokens": ["[IN:DELETE_REMINDER", "[SL:TODO", "@ptr3", "@ptr4", "SL:TODO]", "IN:DELETE_REMINDER]"]}
{"loss": 2.452660083770752, "class_log_probabilities": [-2.6768336296081543, -3.035963296890259, -3.10402250289917, -3.270374059677124], "predictions": [33, 34, 400, 35, 36, 402, 403, 404, 405, 406, 407, 408, 37, 16, 410, 411, 412, 413, 17, 38, 4, 4, 4, 4, 4, 4], "target_tokens": ["[IN:DELETE_REMINDER", "[SL:PERSON_REMINDED", "@ptr4", "@ptr5", "SL:PERSON_REMINDED]", "[SL:TODO", "@ptr7", "@ptr8", "@ptr9", "@ptr10", "@ptr11", "@ptr12", "SL:TODO]", "[SL:DATE_TIME", "@ptr13", "@ptr14", "@ptr15", "@ptr16", "SL:DATE_TIME]", "IN:DELETE_REMINDER]"], "predicted_tokens": ["[IN:DELETE_REMINDER", "[SL:PERSON_REMINDED", "@ptr5", "SL:PERSON_REMINDED]", "[SL:TODO", "@ptr7", "@ptr8", "@ptr9", "@ptr10", "@ptr11", "@ptr12", "@ptr13", "SL:TODO]", "[SL:DATE_TIME", "@ptr15", "@ptr16", "@ptr17", "@ptr18", "SL:DATE_TIME]", "IN:DELETE_REMINDER]"]}
{"loss": 1.7877048254013062, "class_log_probabilities": [-1.837813138961792, -2.386000394821167, -4.135107517242432, -6.125397682189941], "predictions": [47, 199, 395, 200, 16, 400, 401, 402, 17, 48, 4], "target_tokens": ["[IN:GET_REMINDER", "[SL:METHOD_RETRIEVAL_REMINDER", "@ptr0", "SL:METHOD_RETRIEVAL_REMINDER]", "[SL:DATE_TIME", "@ptr5", "@ptr6", "SL:DATE_TIME]", "IN:GET_REMINDER]"], "predicted_tokens": ["[IN:GET_REMINDER", "[SL:METHOD_RETRIEVAL_REMINDER", "@ptr0", "SL:METHOD_RETRIEVAL_REMINDER]", "[SL:DATE_TIME", "@ptr5", "@ptr6", "@ptr7", "SL:DATE_TIME]", "IN:GET_REMINDER]"]}
{"loss": 2.3960297107696533, "class_log_probabilities": [-5.141835689544678, -5.517954349517822, -5.5985918045043945, -6.212127208709717], "predictions": [49, 34, 399, 35, 36, 401, 402, 403, 37, 16, 404, 405, 406, 407, 408, 17, 50, 4, 4, 4, 4, 4, 4], "target_tokens": ["[IN:UPDATE_REMINDER_DATE_TIME", "[SL:PERSON_REMINDED", "@ptr4", "SL:PERSON_REMINDED]", "[SL:TODO", "@ptr6", "@ptr7", "SL:TODO]", "[SL:DATE_TIME", "@ptr8", "@ptr9", "@ptr10", "@ptr11", "@ptr12", "SL:DATE_TIME]", "[SL:DATE_TIME", "@ptr13", "@ptr14", "@ptr15", "@ptr16", "@ptr17", "SL:DATE_TIME]", "IN:UPDATE_REMINDER_DATE_TIME]"], "predicted_tokens": ["[IN:CREATE_REMINDER", "[SL:PERSON_REMINDED", "@ptr4", "SL:PERSON_REMINDED]", "[SL:TODO", "@ptr6", "@ptr7", "@ptr8", "SL:TODO]", "[SL:DATE_TIME", "@ptr9", "@ptr10", "@ptr11", "@ptr12", "@ptr13", "SL:DATE_TIME]", "IN:CREATE_REMINDER]"]}
{"loss": 3.8045456409454346, "class_log_probabilities": [-1.3317714929580688, -4.216487884521484, -4.262284755706787, -4.52021598815918], "predictions": [111, 36, 400, 401, 402, 37, 16, 403, 404, 405, 406, 17, 16, 408, 409, 410, 411, 17, 112, 4, 4, 4, 4, 4, 4], "target_tokens": ["[IN:UPDATE_REMINDER_DATE_TIME", "[SL:TODO", "@ptr4", "@ptr5", "@ptr6", "SL:TODO]", "[SL:DATE_TIME", "@ptr7", "@ptr8", "@ptr9", "@ptr10", "SL:DATE_TIME]", "[SL:DATE_TIME", "@ptr11", "@ptr12", "@ptr13", "@ptr14", "SL:DATE_TIME]", "IN:UPDATE_REMINDER_DATE_TIME]"], "predicted_tokens": ["[IN:UPDATE_REMINDER_DATE_TIME", "[SL:TODO", "@ptr5", "@ptr6", "@ptr7", "SL:TODO]", "[SL:DATE_TIME", "@ptr8", "@ptr9", "@ptr10", "@ptr11", "SL:DATE_TIME]", "[SL:DATE_TIME", "@ptr13", "@ptr14", "@ptr15", "@ptr16", "SL:DATE_TIME]", "IN:UPDATE_REMINDER_DATE_TIME]"]}
{"loss": 1.684307336807251, "class_log_probabilities": [-0.5520821809768677, -6.415868759155273, -7.6291327476501465, -7.915490627288818], "predictions": [33, 36, 400, 401, 402, 403, 404, 37, 38, 4, 4], "target_tokens": ["[IN:DELETE_REMINDER", "[SL:TODO", "@ptr5", "@ptr6", "@ptr7", "@ptr8", "SL:TODO]", "IN:DELETE_REMINDER]"], "predicted_tokens": ["[IN:DELETE_REMINDER", "[SL:TODO", "@ptr5", "@ptr6", "@ptr7", "@ptr8", "@ptr9", "SL:TODO]", "IN:DELETE_REMINDER]"]}
{"loss": 3.8354249000549316, "class_log_probabilities": [-0.9203398823738098, -7.729296684265137, -8.186065673828125, -8.571854591369629], "predictions": [49, 34, 397, 35, 36, 398, 399, 400, 401, 402, 37, 16, 403, 404, 405, 17, 50, 4], "target_tokens": ["[IN:CREATE_REMINDER", "[SL:PERSON_REMINDED", "@ptr2", "SL:PERSON_REMINDED]", "[SL:DATE_TIME", "@ptr7", "@ptr8", "@ptr9", "SL:DATE_TIME]", "[SL:TODO", "@ptr3", "@ptr4", "@ptr5", "@ptr6", "SL:TODO]", "IN:CREATE_REMINDER]"], "predicted_tokens": ["[IN:CREATE_REMINDER", "[SL:PERSON_REMINDED", "@ptr2", "SL:PERSON_REMINDED]", "[SL:TODO", "@ptr3", "@ptr4", "@ptr5", "@ptr6", "@ptr7", "SL:TODO]", "[SL:DATE_TIME", "@ptr8", "@ptr9", "@ptr10", "SL:DATE_TIME]", "IN:CREATE_REMINDER]"]}
{"loss": 2.618086814880371, "class_log_probabilities": [-3.850480318069458, -4.3015594482421875, -4.9535956382751465, -5.068563938140869], "predictions": [111, 34, 401, 35, 36, 403, 404, 405, 406, 37, 16, 407, 408, 409, 410, 411, 412, 17, 112, 4, 4, 4, 4, 4], "target_tokens": ["[IN:UPDATE_REMINDER_DATE_TIME", "[SL:PERSON_REMINDED", "@ptr4", "@ptr5", "SL:PERSON_REMINDED]", "[SL:TODO", "[IN:CREATE_CALL", "[SL:CONTACT", "@ptr9", "@ptr10", "SL:CONTACT]", "IN:CREATE_CALL]", "SL:TODO]", "[SL:DATE_TIME", "@ptr11", "@ptr12", "@ptr13", "@ptr14", "@ptr15", "SL:DATE_TIME]", "IN:UPDATE_REMINDER_DATE_TIME]"], "predicted_tokens": ["[IN:UPDATE_REMINDER_DATE_TIME", "[SL:PERSON_REMINDED", "@ptr6", "SL:PERSON_REMINDED]", "[SL:TODO", "@ptr8", "@ptr9", "@ptr10", "@ptr11", "SL:TODO]", "[SL:DATE_TIME", "@ptr12", "@ptr13", "@ptr14", "@ptr15", "@ptr16", "@ptr17", "SL:DATE_TIME]", "IN:UPDATE_REMINDER_DATE_TIME]"]}
{"loss": 1.7459418773651123, "class_log_probabilities": [-3.4925849437713623, -4.1514387130737305, -4.2882609367370605, -4.822899341583252], "predictions": [13, 16, 403, 404, 405, 406, 407, 17, 18, 4, 4], "target_tokens": ["[IN:GET_CONTACT", "[SL:DATE_TIME", "@ptr7", "@ptr8", "@ptr9", "@ptr10", "@ptr11", "@ptr12", "SL:DATE_TIME]", "IN:GET_CONTACT]"], "predicted_tokens": ["[IN:GET_WEATHER", "[SL:DATE_TIME", "@ptr8", "@ptr9", "@ptr10", "@ptr11", "@ptr12", "SL:DATE_TIME]", "IN:GET_WEATHER]"]}
{"loss": 2.523709297180176, "class_log_probabilities": [-1.046746015548706, -3.597594738006592, -7.096778392791748, -8.308969497680664], "predictions": [49, 36, 398, 399, 400, 401, 402, 37, 16, 403, 404, 405, 406, 407, 17, 50, 4], "target_tokens": ["[IN:CREATE_REMINDER", "[SL:TODO", "@ptr3", "@ptr4", "@ptr5", "@ptr6", "SL:TODO]", "[SL:DATE_TIME", "@ptr7", "@ptr8", "@ptr9", "@ptr10", "@ptr11", "SL:DATE_TIME]", "IN:CREATE_REMINDER]"], "predicted_tokens": ["[IN:CREATE_REMINDER", "[SL:TODO", "@ptr3", "@ptr4", "@ptr5", "@ptr6", "@ptr7", "SL:TODO]", "[SL:DATE_TIME", "@ptr8", "@ptr9", "@ptr10", "@ptr11", "@ptr12", "SL:DATE_TIME]", "IN:CREATE_REMINDER]"]}
{"loss": 1.3478878736495972, "class_log_probabilities": [-1.0644999742507935, -5.738961696624756, -5.751138687133789, -6.11605167388916], "predictions": [49, 34, 396, 35, 36, 398, 399, 400, 401, 402, 403, 404, 405, 406, 407, 408, 409, 37, 50, 4, 4, 4], "target_tokens": ["[IN:CREATE_REMINDER", "[SL:PERSON_REMINDED", "@ptr1", "SL:PERSON_REMINDED]", "[SL:TODO", "@ptr3", "@ptr4", "@ptr5", "@ptr6", "@ptr7", "@ptr8", "@ptr9", "@ptr10", "@ptr11", "@ptr12", "SL:TODO]", "IN:CREATE_REMINDER]"], "predicted_tokens": ["[IN:CREATE_REMINDER", "[SL:PERSON_REMINDED", "@ptr1", "SL:PERSON_REMINDED]", "[SL:TODO", "@ptr3", "@ptr4", "@ptr5", "@ptr6", "@ptr7", "@ptr8", "@ptr9", "@ptr10", "@ptr11", "@ptr12", "@ptr13", "@ptr14", "SL:TODO]", "IN:CREATE_REMINDER]"]}
{"loss": 1.9432677030563354, "class_log_probabilities": [-1.1941726207733154, -5.116177558898926, -5.896526336669922, -6.076666831970215], "predictions": [49, 34, 396, 35, 36, 398, 399, 400, 401, 402, 403, 404, 405, 406, 407, 37, 16, 408, 409, 410, 17, 50, 4, 4], "target_tokens": ["[IN:CREATE_REMINDER", "[SL:PERSON_REMINDED", "@ptr1", "SL:PERSON_REMINDED]", "[SL:TODO", "@ptr3", "@ptr4", "@ptr5", "@ptr6", "@ptr7", "@ptr8", "@ptr9", "@ptr10", "@ptr11", "SL:TODO]", "[SL:DATE_TIME", "@ptr12", "@ptr13", "@ptr14", "SL:DATE_TIME]", "IN:CREATE_REMINDER]"], "predicted_tokens": ["[IN:CREATE_REMINDER", "[SL:PERSON_REMINDED", "@ptr1", "SL:PERSON_REMINDED]", "[SL:TODO", "@ptr3", "@ptr4", "@ptr5", "@ptr6", "@ptr7", "@ptr8", "@ptr9", "@ptr10", "@ptr11", "@ptr12", "SL:TODO]", "[SL:DATE_TIME", "@ptr13", "@ptr14", "@ptr15", "SL:DATE_TIME]", "IN:CREATE_REMINDER]"]}
{"loss": 0.969122052192688, "class_log_probabilities": [-0.7754433751106262, -5.625826358795166, -7.282699108123779, -9.34382152557373], "predictions": [49, 34, 397, 35, 36, 398, 399, 400, 37, 16, 401, 402, 17, 50, 4, 4], "target_tokens": ["[IN:CREATE_REMINDER", "[SL:PERSON_REMINDED", "@ptr2", "SL:PERSON_REMINDED]", "[SL:TODO", "@ptr3", "@ptr4", "@ptr5", "SL:TODO]", "[SL:DATE_TIME", "@ptr6", "@ptr7", "SL:DATE_TIME]", "IN:CREATE_REMINDER]"], "predicted_tokens": ["[IN:CREATE_REMINDER", "[SL:PERSON_REMINDED", "@ptr2", "SL:PERSON_REMINDED]", "[SL:TODO", "@ptr3", "@ptr4", "@ptr5", "SL:TODO]", "[SL:DATE_TIME", "@ptr6", "@ptr7", "SL:DATE_TIME]", "IN:CREATE_REMINDER]"]}
{"loss": 2.6503312587738037, "class_log_probabilities": [-1.5134227275848389, -2.9949519634246826, -4.5428009033203125, -4.652197360992432], "predictions": [49, 16, 395, 396, 397, 17, 34, 406, 35, 50, 4], "target_tokens": ["[IN:GET_REMINDER", "[SL:PERSON_REMINDED", "@ptr10", "SL:PERSON_REMINDED]", "[SL:DATE_TIME", "@ptr0", "@ptr1", "@ptr2", "SL:DATE_TIME]", "IN:GET_REMINDER]"], "predicted_tokens": ["[IN:CREATE_REMINDER", "[SL:DATE_TIME", "@ptr0", "@ptr1", "@ptr2", "SL:DATE_TIME]", "[SL:PERSON_REMINDED", "@ptr11", "SL:PERSON_REMINDED]", "IN:CREATE_REMINDER]"]}
{"loss": 1.8674805164337158, "class_log_probabilities": [-0.5210081338882446, -7.356343746185303, -7.910758972167969, -8.094771385192871], "predictions": [33, 36, 400, 401, 402, 403, 37, 38, 4, 4], "target_tokens": ["[IN:DELETE_REMINDER", "[SL:TODO", "@ptr5", "@ptr6", "@ptr7", "SL:TODO]", "IN:DELETE_REMINDER]"], "predicted_tokens": ["[IN:DELETE_REMINDER", "[SL:TODO", "@ptr5", "@ptr6", "@ptr7", "@ptr8", "SL:TODO]", "IN:DELETE_REMINDER]"]}
{"loss": 1.910273551940918, "class_log_probabilities": [-1.106818675994873, -5.388089656829834, -5.452498912811279, -5.63412618637085], "predictions": [49, 34, 396, 35, 36, 398, 399, 400, 401, 402, 403, 404, 405, 406, 407, 37, 16, 408, 409, 17, 50, 4, 4], "target_tokens": ["[IN:CREATE_REMINDER", "[SL:PERSON_REMINDED", "@ptr1", "SL:PERSON_REMINDED]", "[SL:TODO", "@ptr3", "@ptr4", "@ptr5", "@ptr6", "@ptr7", "@ptr8", "@ptr9", "@ptr10", "SL:TODO]", "[SL:DATE_TIME", "@ptr11", "@ptr12", "SL:DATE_TIME]", "IN:CREATE_REMINDER]"], "predicted_tokens": ["[IN:CREATE_REMINDER", "[SL:PERSON_REMINDED", "@ptr1", "SL:PERSON_REMINDED]", "[SL:TODO", "@ptr3", "@ptr4", "@ptr5", "@ptr6", "@ptr7", "@ptr8", "@ptr9", "@ptr10", "@ptr11", "@ptr12", "SL:TODO]", "[SL:DATE_TIME", "@ptr13", "@ptr14", "SL:DATE_TIME]", "IN:CREATE_REMINDER]"]}
{"loss": 1.3992807865142822, "class_log_probabilities": [-2.216484308242798, -3.212930917739868, -3.941760540008545, -6.7451300621032715], "predictions": [47, 34, 395, 35, 36, 400, 401, 402, 37, 16, 404, 405, 406, 407, 408, 409, 410, 17, 48, 4, 4, 4, 4, 4, 4, 4, 4, 4, 4], "target_tokens": ["[IN:GET_REMINDER", "[SL:PERSON_REMINDED", "@ptr0", "SL:PERSON_REMINDED]", "[SL:TODO", "@ptr5", "@ptr6", "SL:TODO]", "[SL:DATE_TIME", "@ptr9", "@ptr10", "@ptr11", "@ptr12", "@ptr13", "@ptr14", "SL:DATE_TIME]", "IN:GET_REMINDER]"], "predicted_tokens": ["[IN:GET_REMINDER", "[SL:PERSON_REMINDED", "@ptr0", "SL:PERSON_REMINDED]", "[SL:TODO", "@ptr5", "@ptr6", "@ptr7", "SL:TODO]", "[SL:DATE_TIME", "@ptr9", "@ptr10", "@ptr11", "@ptr12", "@ptr13", "@ptr14", "@ptr15", "SL:DATE_TIME]", "IN:GET_REMINDER]"]}
{"loss": 2.220996618270874, "class_log_probabilities": [-0.959781289100647, -7.157168865203857, -8.47752571105957, -8.532413482666016], "predictions": [49, 34, 396, 35, 36, 398, 399, 400, 401, 402, 37, 16, 403, 404, 405, 17, 50, 4], "target_tokens": ["[IN:CREATE_REMINDER", "[SL:PERSON_REMINDED", "@ptr1", "SL:PERSON_REMINDED]", "[SL:TODO", "@ptr3", "@ptr4", "@ptr5", "@ptr6", "SL:TODO]", "[SL:DATE_TIME", "@ptr7", "@ptr8", "@ptr9", "SL:DATE_TIME]", "IN:CREATE_REMINDER]"], "predicted_tokens": ["[IN:CREATE_REMINDER", "[SL:PERSON_REMINDED", "@ptr1", "SL:PERSON_REMINDED]", "[SL:TODO", "@ptr3", "@ptr4", "@ptr5", "@ptr6", "@ptr7", "SL:TODO]", "[SL:DATE_TIME", "@ptr8", "@ptr9", "@ptr10", "SL:DATE_TIME]", "IN:CREATE_REMINDER]"]}
{"loss": 2.0864667892456055, "class_log_probabilities": [-1.5485514402389526, -3.573302745819092, -3.7793149948120117, -3.8852741718292236], "predictions": [49, 34, 397, 35, 36, 399, 400, 401, 37, 16, 402, 403, 404, 405, 406, 17, 50, 4, 4], "target_tokens": ["[IN:CREATE_REMINDER", "[SL:PERSON_REMINDED", "@ptr2", "SL:PERSON_REMINDED]", "[SL:TODO", "@ptr3", "@ptr4", "@ptr5", "SL:TODO]", "[SL:DATE_TIME", "@ptr6", "@ptr7", "@ptr8", "@ptr9", "SL:DATE_TIME]", "IN:CREATE_REMINDER]"], "predicted_tokens": ["[IN:CREATE_REMINDER", "[SL:PERSON_REMINDED", "@ptr2", "SL:PERSON_REMINDED]", "[SL:TODO", "@ptr4", "@ptr5", "@ptr6", "SL:TODO]", "[SL:DATE_TIME", "@ptr7", "@ptr8", "@ptr9", "@ptr10", "@ptr11", "SL:DATE_TIME]", "IN:CREATE_REMINDER]"]}
{"loss": 2.2835135459899902, "class_log_probabilities": [-1.8116154670715332, -3.21990966796875, -3.356783151626587, -3.9756662845611572], "predictions": [49, 34, 397, 35, 36, 23, 271, 401, 272, 10, 403, 404, 11, 24, 406, 407, 25, 26, 37, 50, 4, 4], "target_tokens": ["[IN:CREATE_REMINDER", "[SL:PERSON_REMINDED", "@ptr2", "SL:PERSON_REMINDED]", "[SL:TODO", "[IN:SEND_MESSAGE", "[SL:METHOD_MESSAGE", "@ptr5", "SL:METHOD_MESSAGE]", "[SL:RECIPIENT", "@ptr7", "@ptr8", "SL:RECIPIENT]", "[SL:CONTENT_EXACT", "@ptr10", "SL:CONTENT_EXACT]", "IN:SEND_MESSAGE]", "SL:TODO]", "IN:CREATE_REMINDER]"], "predicted_tokens": ["[IN:CREATE_REMINDER", "[SL:PERSON_REMINDED", "@ptr2", "SL:PERSON_REMINDED]", "[SL:TODO", "[IN:SEND_MESSAGE", "[SL:METHOD_MESSAGE", "@ptr6", "SL:METHOD_MESSAGE]", "[SL:RECIPIENT", "@ptr8", "@ptr9", "SL:RECIPIENT]", "[SL:CONTENT_EXACT", "@ptr11", "@ptr12", "SL:CONTENT_EXACT]", "IN:SEND_MESSAGE]", "SL:TODO]", "IN:CREATE_REMINDER]"]}
{"loss": 3.6538519859313965, "class_log_probabilities": [-3.768280506134033, -4.383938789367676, -4.520671367645264, -5.335652828216553], "predictions": [33, 36, 143, 16, 401, 402, 403, 17, 36, 406, 407, 408, 409, 37, 144, 37, 38, 4, 4], "target_tokens": ["[IN:DELETE_REMINDER", "[SL:AMOUNT", "@ptr4", "SL:AMOUNT]", "[SL:DATE_TIME", "@ptr5", "@ptr6", "@ptr7", "SL:DATE_TIME]", "IN:DELETE_REMINDER]"], "predicted_tokens": ["[IN:DELETE_REMINDER", "[SL:TODO", "[IN:GET_TODO", "[SL:DATE_TIME", "@ptr6", "@ptr7", "@ptr8", "SL:DATE_TIME]", "[SL:TODO", "@ptr11", "@ptr12", "@ptr13", "@ptr14", "SL:TODO]", "IN:GET_TODO]", "SL:TODO]", "IN:DELETE_REMINDER]"]}
{"loss": 1.6386147737503052, "class_log_probabilities": [-0.605578601360321, -4.203434944152832, -7.814992904663086, -7.96492862701416], "predictions": [33, 36, 399, 400, 401, 402, 403, 404, 405, 37, 38, 4, 4], "target_tokens": ["[IN:DELETE_REMINDER", "[SL:TODO", "@ptr4", "@ptr5", "@ptr6", "@ptr7", "@ptr8", "@ptr9", "SL:TODO]", "IN:DELETE_REMINDER]"], "predicted_tokens": ["[IN:DELETE_REMINDER", "[SL:TODO", "@ptr4", "@ptr5", "@ptr6", "@ptr7", "@ptr8", "@ptr9", "@ptr10", "SL:TODO]", "IN:DELETE_REMINDER]"]}
{"loss": 3.5834717750549316, "class_log_probabilities": [-1.2507691383361816, -3.6064064502716064, -3.7814574241638184, -4.721600532531738], "predictions": [33, 36, 399, 400, 37, 34, 401, 35, 38, 4], "target_tokens": ["[IN:DELETE_REMINDER", "[SL:PERSON_REMINDED", "@ptr5", "@ptr6", "SL:PERSON_REMINDED]", "[SL:TODO", "@ptr4", "SL:TODO]", "IN:DELETE_REMINDER]"], "predicted_tokens": ["[IN:DELETE_REMINDER", "[SL:TODO", "@ptr4", "@ptr5", "SL:TODO]", "[SL:PERSON_REMINDED", "@ptr6", "SL:PERSON_REMINDED]", "IN:DELETE_REMINDER]"]}
{"loss": 0.9722325205802917, "class_log_probabilities": [-0.446145623922348, -4.3868818283081055, -7.387917995452881, -7.522365570068359], "predictions": [33, 36, 399, 400, 37, 38, 4, 4], "target_tokens": ["[IN:DELETE_REMINDER", "[SL:TODO", "@ptr4", "@ptr5", "SL:TODO]", "IN:DELETE_REMINDER]"], "predicted_tokens": ["[IN:DELETE_REMINDER", "[SL:TODO", "@ptr4", "@ptr5", "SL:TODO]", "IN:DELETE_REMINDER]"]}
{"loss": 2.1272079944610596, "class_log_probabilities": [-3.9861645698547363, -5.071544170379639, -5.194868087768555, -5.490879058837891], "predictions": [49, 36, 143, 36, 397, 398, 399, 400, 401, 37, 16, 403, 404, 405, 406, 17, 144, 37, 34, 414, 35, 50, 4, 4, 4, 4, 4], "target_tokens": ["[IN:CREATE_REMINDER", "[SL:TODO", "[IN:GET_TODO", "[SL:TODO", "@ptr4", "@ptr5", "@ptr6", "SL:TODO]", "[SL:DATE_TIME", "@ptr7", "@ptr8", "@ptr9", "@ptr10", "@ptr11", "@ptr12", "SL:DATE_TIME]", "IN:GET_TODO]", "SL:TODO]", "[SL:PERSON_REMINDED", "@ptr0", "SL:PERSON_REMINDED]", "[SL:DATE_TIME", "@ptr19", "@ptr20", "@ptr21", "@ptr22", "SL:DATE_TIME]", "IN:CREATE_REMINDER]"], "predicted_tokens": ["[IN:CREATE_REMINDER", "[SL:TODO", "[IN:GET_TODO", "[SL:TODO", "@ptr2", "@ptr3", "@ptr4", "@ptr5", "@ptr6", "SL:TODO]", "[SL:DATE_TIME", "@ptr8", "@ptr9", "@ptr10", "@ptr11", "SL:DATE_TIME]", "IN:GET_TODO]", "SL:TODO]", "[SL:PERSON_REMINDED", "@ptr19", "SL:PERSON_REMINDED]", "IN:CREATE_REMINDER]"]}
{"loss": 2.0859580039978027, "class_log_probabilities": [-1.4207741022109985, -3.1004395484924316, -4.836427688598633, -6.500771522521973], "predictions": [49, 34, 396, 35, 36, 398, 399, 400, 401, 402, 403, 404, 37, 16, 405, 406, 407, 408, 17, 50, 4, 4, 4, 4, 4], "target_tokens": ["[IN:CREATE_REMINDER", "[SL:PERSON_REMINDED", "@ptr1", "SL:PERSON_REMINDED]", "[SL:TODO", "@ptr3", "@ptr4", "@ptr5", "@ptr6", "@ptr7", "@ptr8", "SL:TODO]", "[SL:DATE_TIME", "@ptr9", "@ptr10", "@ptr11", "SL:DATE_TIME]", "IN:CREATE_REMINDER]"], "predicted_tokens": ["[IN:CREATE_REMINDER", "[SL:PERSON_REMINDED", "@ptr1", "SL:PERSON_REMINDED]", "[SL:TODO", "@ptr3", "@ptr4", "@ptr5", "@ptr6", "@ptr7", "@ptr8", "@ptr9", "SL:TODO]", "[SL:DATE_TIME", "@ptr10", "@ptr11", "@ptr12", "@ptr13", "SL:DATE_TIME]", "IN:CREATE_REMINDER]"]}
{"loss": 2.4113070964813232, "class_log_probabilities": [-0.776614785194397, -3.9732303619384766, -6.243712425231934, -7.012506484985352], "predictions": [39, 40, 396, 41, 56, 400, 401, 57, 42, 4], "target_tokens": ["[IN:GET_STORIES_NEWS", "[SL:NEWS_TYPE", "@ptr1", "SL:NEWS_TYPE]", "[SL:NEWS_TOPIC", "@ptr4", "@ptr5", "SL:NEWS_TOPIC]", "IN:GET_STORIES_NEWS]"], "predicted_tokens": ["[IN:GET_STORIES_NEWS", "[SL:NEWS_TYPE", "@ptr1", "SL:NEWS_TYPE]", "[SL:NEWS_TOPIC", "@ptr5", "@ptr6", "SL:NEWS_TOPIC]", "IN:GET_STORIES_NEWS]"]}
{"loss": 3.7580366134643555, "class_log_probabilities": [-0.41449442505836487, -7.521419048309326, -8.292543411254883, -11.586337089538574], "predictions": [75, 6, 398, 399, 7, 78, 4, 4, 4, 4, 4, 4], "target_tokens": ["[IN:END_CALL", "[SL:CONTACT", "@ptr2", "@ptr3", "@ptr4", "SL:CONTACT]", "IN:END_CALL]"], "predicted_tokens": ["[IN:CREATE_CALL", "[SL:CONTACT", "@ptr3", "@ptr4", "SL:CONTACT]", "IN:CREATE_CALL]"]}
{"loss": 0.9957448840141296, "class_log_probabilities": [-0.13534215092658997, -7.6796088218688965, -8.345519065856934, -8.408909797668457], "predictions": [95, 96, 4], "target_tokens": ["[IN:IGNORE_CALL", "IN:IGNORE_CALL]"], "predicted_tokens": ["[IN:IGNORE_CALL", "IN:IGNORE_CALL]"]}
{"loss": 0.9666422009468079, "class_log_probabilities": [-0.33132046461105347, -8.044075012207031, -8.282261848449707, -8.69480037689209], "predictions": [107, 108, 396, 109, 110, 4, 4, 4], "target_tokens": ["[IN:UPDATE_CALL", "[SL:CONTACT_ADDED", "@ptr1", "SL:CONTACT_ADDED]", "IN:UPDATE_CALL]"], "predicted_tokens": ["[IN:UPDATE_CALL", "[SL:CONTACT_ADDED", "@ptr1", "SL:CONTACT_ADDED]", "IN:UPDATE_CALL]"]}
{"loss": 0.9791043400764465, "class_log_probabilities": [-0.2987426817417145, -8.231636047363281, -8.445152282714844, -8.536474227905273], "predictions": [153, 6, 399, 7, 154, 4, 4, 4], "target_tokens": ["[IN:ANSWER_CALL", "[SL:CONTACT", "@ptr4", "SL:CONTACT]", "IN:ANSWER_CALL]"], "predicted_tokens": ["[IN:ANSWER_CALL", "[SL:CONTACT", "@ptr4", "SL:CONTACT]", "IN:ANSWER_CALL]"]}
{"loss": 0.9628846049308777, "class_log_probabilities": [-0.6917283535003662, -6.451751708984375, -6.577004909515381, -7.796491622924805], "predictions": [13, 14, 397, 398, 399, 15, 16, 400, 401, 17, 18, 4], "target_tokens": ["[IN:GET_WEATHER", "[SL:LOCATION", "@ptr2", "@ptr3", "@ptr4", "SL:LOCATION]", "[SL:DATE_TIME", "@ptr5", "@ptr6", "SL:DATE_TIME]", "IN:GET_WEATHER]"], "predicted_tokens": ["[IN:GET_WEATHER", "[SL:LOCATION", "@ptr2", "@ptr3", "@ptr4", "SL:LOCATION]", "[SL:DATE_TIME", "@ptr5", "@ptr6", "SL:DATE_TIME]", "IN:GET_WEATHER]"]}
{"loss": 0.9877219200134277, "class_log_probabilities": [-0.30114346742630005, -6.798660755157471, -6.919656753540039, -7.0772600173950195], "predictions": [267, 64, 397, 65, 268, 4], "target_tokens": ["[IN:LIKE_MUSIC", "[SL:MUSIC_TYPE", "@ptr2", "SL:MUSIC_TYPE]", "IN:LIKE_MUSIC]"], "predicted_tokens": ["[IN:LIKE_MUSIC", "[SL:MUSIC_TYPE", "@ptr2", "SL:MUSIC_TYPE]", "IN:LIKE_MUSIC]"]}
{"loss": 3.4137308597564697, "class_log_probabilities": [-2.036512613296509, -2.208752393722534, -3.357119083404541, -3.829517126083374], "predictions": [61, 16, 395, 396, 17, 14, 401, 402, 403, 404, 405, 15, 62, 4, 4], "target_tokens": ["[IN:GET_EVENT", "[SL:LOCATION", "@ptr5", "@ptr6", "@ptr7", "@ptr8", "@ptr9", "@ptr10", "SL:LOCATION]", "[SL:DATE_TIME", "@ptr0", "@ptr1", "SL:DATE_TIME]", "IN:GET_EVENT]"], "predicted_tokens": ["[IN:GET_EVENT", "[SL:DATE_TIME", "@ptr0", "@ptr1", "SL:DATE_TIME]", "[SL:LOCATION", "@ptr6", "@ptr7", "@ptr8", "@ptr9", "@ptr10", "SL:LOCATION]", "IN:GET_EVENT]"]}
{"loss": 4.091905117034912, "class_log_probabilities": [-1.6040444374084473, -3.5851030349731445, -4.5435614585876465, -5.028100967407227], "predictions": [61, 16, 395, 396, 17, 14, 400, 401, 402, 403, 15, 62, 4, 4, 4, 4, 4], "target_tokens": ["[IN:GET_EVENT", "[SL:CATEGORY_EVENT", "@ptr10", "SL:CATEGORY_EVENT]", "[SL:LOCATION", "@ptr4", "@ptr5", "@ptr6", "@ptr7", "SL:LOCATION]", "[SL:DATE_TIME", "@ptr0", "@ptr1", "SL:DATE_TIME]", "IN:GET_EVENT]"], "predicted_tokens": ["[IN:GET_EVENT", "[SL:DATE_TIME", "@ptr0", "@ptr1", "SL:DATE_TIME]", "[SL:LOCATION", "@ptr5", "@ptr6", "@ptr7", "@ptr8", "SL:LOCATION]", "IN:GET_EVENT]"]}
{"loss": 3.1453001499176025, "class_log_probabilities": [-1.1452192068099976, -2.5390684604644775, -3.6980860233306885, -4.57816219329834], "predictions": [61, 14, 402, 403, 404, 15, 16, 405, 406, 17, 62, 4, 4], "target_tokens": ["[IN:GET_EVENT", "[SL:LOCATION", "@ptr7", "@ptr8", "SL:LOCATION]", "[SL:DATE_TIME", "@ptr9", "@ptr10", "SL:DATE_TIME]", "IN:GET_EVENT]"], "predicted_tokens": ["[IN:GET_EVENT", "[SL:LOCATION", "@ptr7", "@ptr8", "@ptr9", "SL:LOCATION]", "[SL:DATE_TIME", "@ptr10", "@ptr11", "SL:DATE_TIME]", "IN:GET_EVENT]"]}
{"loss": 1.3914058208465576, "class_log_probabilities": [-2.1037659645080566, -3.165748119354248, -3.5295650959014893, -4.444788455963135], "predictions": [61, 14, 399, 15, 16, 400, 401, 402, 403, 404, 405, 17, 62, 4, 4, 4, 4], "target_tokens": ["[IN:GET_EVENT", "[SL:LOCATION", "@ptr4", "SL:LOCATION]", "[SL:DATE_TIME", "@ptr5", "@ptr6", "@ptr7", "@ptr8", "@ptr9", "SL:DATE_TIME]", "IN:GET_EVENT]"], "predicted_tokens": ["[IN:GET_EVENT", "[SL:LOCATION", "@ptr4", "SL:LOCATION]", "[SL:DATE_TIME", "@ptr5", "@ptr6", "@ptr7", "@ptr8", "@ptr9", "@ptr10", "SL:DATE_TIME]", "IN:GET_EVENT]"]}
{"loss": 3.022214412689209, "class_log_probabilities": [-0.5756414532661438, -4.699102878570557, -7.613204002380371, -7.763215065002441], "predictions": [61, 83, 396, 84, 16, 400, 401, 17, 62, 4, 4], "target_tokens": ["[IN:GET_EVENT", "[SL:CATEGORY_EVENT", "@ptr1", "SL:CATEGORY_EVENT]", "[SL:DATE_TIME", "@ptr4", "@ptr5", "SL:DATE_TIME]", "IN:GET_EVENT]"], "predicted_tokens": ["[IN:GET_EVENT", "[SL:CATEGORY_EVENT", "@ptr1", "SL:CATEGORY_EVENT]", "[SL:DATE_TIME", "@ptr5", "@ptr6", "SL:DATE_TIME]", "IN:GET_EVENT]"]}
{"loss": 2.0639145374298096, "class_log_probabilities": [-0.5168762803077698, -7.160337448120117, -8.150106430053711, -8.173150062561035], "predictions": [61, 16, 399, 400, 401, 402, 17, 62, 4, 4], "target_tokens": ["[IN:GET_EVENT", "[SL:DATE_TIME", "@ptr5", "@ptr6", "@ptr7", "SL:DATE_TIME]", "IN:GET_EVENT]"], "predicted_tokens": ["[IN:GET_EVENT", "[SL:DATE_TIME", "@ptr4", "@ptr5", "@ptr6", "@ptr7", "SL:DATE_TIME]", "IN:GET_EVENT]"]}
{"loss": 2.3283638954162598, "class_log_probabilities": [-0.9779849052429199, -4.961833953857422, -7.36509370803833, -7.40676212310791], "predictions": [61, 83, 395, 396, 397, 84, 14, 399, 400, 401, 402, 15, 16, 403, 404, 405, 17, 62, 4], "target_tokens": ["[IN:GET_EVENT", "[SL:CATEGORY_EVENT", "@ptr1", "@ptr2", "SL:CATEGORY_EVENT]", "[SL:LOCATION", "@ptr4", "@ptr5", "@ptr6", "SL:LOCATION]", "[SL:DATE_TIME", "@ptr7", "@ptr8", "@ptr9", "SL:DATE_TIME]", "IN:GET_EVENT]"], "predicted_tokens": ["[IN:GET_EVENT", "[SL:CATEGORY_EVENT", "@ptr0", "@ptr1", "@ptr2", "SL:CATEGORY_EVENT]", "[SL:LOCATION", "@ptr4", "@ptr5", "@ptr6", "@ptr7", "SL:LOCATION]", "[SL:DATE_TIME", "@ptr8", "@ptr9", "@ptr10", "SL:DATE_TIME]", "IN:GET_EVENT]"]}
{"loss": 3.205383777618408, "class_log_probabilities": [-0.7602222561836243, -5.808780670166016, -5.918403625488281, -6.781854629516602], "predictions": [70, 71, 396, 397, 72, 6, 399, 400, 401, 7, 73, 4], "target_tokens": ["[IN:GET_CONTACT", "[SL:CONTACT", "@ptr4", "@ptr5", "@ptr6", "@ptr7", "SL:CONTACT]", "[SL:TYPE_RELATION", "@ptr1", "@ptr2", "SL:TYPE_RELATION]", "IN:GET_CONTACT]"], "predicted_tokens": ["[IN:GET_CONTACT", "[SL:TYPE_RELATION", "@ptr1", "@ptr2", "SL:TYPE_RELATION]", "[SL:CONTACT", "@ptr4", "@ptr5", "@ptr6", "SL:CONTACT]", "IN:GET_CONTACT]"]}
{"loss": 3.5604889392852783, "class_log_probabilities": [-1.9674450159072876, -2.3441009521484375, -3.996058940887451, -5.273327350616455], "predictions": [39, 40, 396, 41, 16, 397, 17, 133, 400, 401, 402, 403, 134, 42, 4, 4], "target_tokens": ["[IN:GET_STORIES_NEWS", "[SL:DATE_TIME", "@ptr2", "SL:DATE_TIME]", "[SL:NEWS_TYPE", "@ptr1", "SL:NEWS_TYPE]", "[SL:NEWS_SOURCE", "@ptr4", "@ptr5", "@ptr6", "@ptr7", "SL:NEWS_SOURCE]", "IN:GET_STORIES_NEWS]"], "predicted_tokens": ["[IN:GET_STORIES_NEWS", "[SL:NEWS_TYPE", "@ptr1", "SL:NEWS_TYPE]", "[SL:DATE_TIME", "@ptr2", "SL:DATE_TIME]", "[SL:NEWS_SOURCE", "@ptr5", "@ptr6", "@ptr7", "@ptr8", "SL:NEWS_SOURCE]", "IN:GET_STORIES_NEWS]"]}
{"loss": 2.330496311187744, "class_log_probabilities": [-1.3608715534210205, -1.7592445611953735, -4.7101335525512695, -4.7499237060546875], "predictions": [63, 206, 397, 398, 399, 400, 207, 103, 402, 104, 68, 4], "target_tokens": ["[IN:PLAY_MUSIC", "[SL:MUSIC_RADIO_ID", "@ptr4", "@ptr5", "SL:MUSIC_RADIO_ID]", "[SL:MUSIC_PROVIDER_NAME", "@ptr7", "SL:MUSIC_PROVIDER_NAME]", "IN:PLAY_MUSIC]"], "predicted_tokens": ["[IN:PLAY_MUSIC", "[SL:MUSIC_ALBUM_TITLE", "@ptr2", "@ptr3", "@ptr4", "@ptr5", "SL:MUSIC_ALBUM_TITLE]", "[SL:MUSIC_PROVIDER_NAME", "@ptr7", "SL:MUSIC_PROVIDER_NAME]", "IN:PLAY_MUSIC]"]}
{"loss": 1.7791224718093872, "class_log_probabilities": [-0.811957836151123, -3.1226277351379395, -4.557113170623779, -4.85851526260376], "predictions": [251, 66, 395, 396, 67, 252, 4, 4, 4, 4, 4], "target_tokens": ["[IN:GET_INFO_CONTACT", "[SL:CONTACT", "@ptr0", "@ptr1", "SL:CONTACT]", "IN:GET_INFO_CONTACT]"], "predicted_tokens": ["[IN:QUESTION_MUSIC", "[SL:MUSIC_ARTIST_NAME", "@ptr0", "@ptr1", "SL:MUSIC_ARTIST_NAME]", "IN:QUESTION_MUSIC]"]}
{"loss": 2.469104051589966, "class_log_probabilities": [-2.5362396240234375, -5.022693634033203, -5.290764808654785, -5.668581008911133], "predictions": [55, 6, 395, 396, 397, 398, 7, 58, 4, 4, 4, 4, 4], "target_tokens": ["[IN:GET_LIFE_EVENT_TIME", "[SL:CONTACT", "@ptr0", "@ptr1", "@ptr2", "SL:CONTACT]", "[SL:LIFE_EVENT", "@ptr3", "@ptr4", "SL:LIFE_EVENT]", "IN:GET_LIFE_EVENT_TIME]"], "predicted_tokens": ["[IN:QUESTION_NEWS", "[SL:CONTACT", "@ptr0", "@ptr1", "@ptr2", "@ptr3", "SL:CONTACT]", "IN:QUESTION_NEWS]"]}
{"loss": 1.0077826976776123, "class_log_probabilities": [-0.9951698780059814, -2.571650505065918, -2.9441440105438232, -7.016139984130859], "predictions": [105, 6, 395, 396, 7, 106, 4], "target_tokens": ["[IN:GET_INFO_CONTACT", "[SL:CONTACT", "@ptr0", "@ptr1", "SL:CONTACT]", "IN:GET_INFO_CONTACT]"], "predicted_tokens": ["[IN:GET_INFO_CONTACT", "[SL:CONTACT", "@ptr0", "@ptr1", "SL:CONTACT]", "IN:GET_INFO_CONTACT]"]}
{"loss": 0.9725200533866882, "class_log_probabilities": [-0.3883528411388397, -5.5094075202941895, -6.829761981964111, -8.019277572631836], "predictions": [137, 6, 395, 396, 7, 140, 4], "target_tokens": ["[IN:GET_EMPLOYER", "[SL:CONTACT", "@ptr0", "@ptr1", "SL:CONTACT]", "IN:GET_EMPLOYER]"], "predicted_tokens": ["[IN:GET_EMPLOYER", "[SL:CONTACT", "@ptr0", "@ptr1", "SL:CONTACT]", "IN:GET_EMPLOYER]"]}
{"loss": 2.970569372177124, "class_log_probabilities": [-3.975937843322754, -4.073063373565674, -6.011589050292969, -6.606804370880127], "predictions": [97, 6, 395, 7, 138, 401, 402, 403, 139, 196, 4, 4, 4, 4, 4, 4], "target_tokens": ["[IN:GET_EMPLOYER", "[SL:CONTACT", "@ptr0", "SL:CONTACT]", "[SL:EMPLOYER", "@ptr5", "@ptr6", "SL:EMPLOYER]", "IN:GET_EMPLOYER]"], "predicted_tokens": ["[IN:GET_LIFE_EVENT", "[SL:CONTACT", "@ptr0", "SL:CONTACT]", "[SL:EMPLOYER", "@ptr6", "@ptr7", "@ptr8", "SL:EMPLOYER]", "IN:GET_EMPLOYMENT_TIME]"]}
{"loss": 0.9719361662864685, "class_log_probabilities": [-0.3132726550102234, -7.384599685668945, -8.094999313354492, -8.778351783752441], "predictions": [137, 6, 395, 7, 140, 4, 4], "target_tokens": ["[IN:GET_EMPLOYER", "[SL:CONTACT", "@ptr0", "SL:CONTACT]", "IN:GET_EMPLOYER]"], "predicted_tokens": ["[IN:GET_EMPLOYER", "[SL:CONTACT", "@ptr0", "SL:CONTACT]", "IN:GET_EMPLOYER]"]}
{"loss": 2.6847877502441406, "class_log_probabilities": [-1.4046963453292847, -1.918076992034912, -3.0498504638671875, -7.014576435089111], "predictions": [211, 6, 395, 7, 16, 403, 17, 212, 4, 4], "target_tokens": ["[IN:GET_EMPLOYER", "[SL:CONTACT", "@ptr0", "SL:CONTACT]", "IN:GET_EMPLOYER]"], "predicted_tokens": ["[IN:GET_LOCATION", "[SL:CONTACT", "@ptr0", "SL:CONTACT]", "[SL:DATE_TIME", "@ptr8", "SL:DATE_TIME]", "IN:GET_LOCATION]"]}
{"loss": 1.114723563194275, "class_log_probabilities": [-1.2220410108566284, -2.4026546478271484, -3.793397903442383, -4.557773590087891], "predictions": [193, 6, 395, 7, 138, 398, 399, 400, 139, 196, 4], "target_tokens": ["[IN:GET_EMPLOYMENT_TIME", "[SL:CONTACT", "@ptr0", "SL:CONTACT]", "[SL:EMPLOYER", "@ptr3", "@ptr4", "SL:EMPLOYER]", "IN:GET_EMPLOYMENT_TIME]"], "predicted_tokens": ["[IN:GET_EMPLOYMENT_TIME", "[SL:CONTACT", "@ptr0", "SL:CONTACT]", "[SL:EMPLOYER", "@ptr3", "@ptr4", "@ptr5", "SL:EMPLOYER]", "IN:GET_EMPLOYMENT_TIME]"]}
{"loss": 0.9836404323577881, "class_log_probabilities": [-0.41239169239997864, -6.381236553192139, -7.0632147789001465, -7.537187099456787], "predictions": [193, 6, 395, 7, 138, 398, 139, 196, 4, 4], "target_tokens": ["[IN:GET_EMPLOYMENT_TIME", "[SL:CONTACT", "@ptr0", "SL:CONTACT]", "[SL:EMPLOYER", "@ptr3", "SL:EMPLOYER]", "IN:GET_EMPLOYMENT_TIME]"], "predicted_tokens": ["[IN:GET_EMPLOYMENT_TIME", "[SL:CONTACT", "@ptr0", "SL:CONTACT]", "[SL:EMPLOYER", "@ptr3", "SL:EMPLOYER]", "IN:GET_EMPLOYMENT_TIME]"]}
{"loss": 0.9683998227119446, "class_log_probabilities": [-0.36473238468170166, -7.765733242034912, -7.811740398406982, -8.179847717285156], "predictions": [211, 6, 398, 399, 7, 212, 4], "target_tokens": ["[IN:GET_LOCATION", "[SL:CONTACT", "@ptr3", "@ptr4", "SL:CONTACT]", "IN:GET_LOCATION]"], "predicted_tokens": ["[IN:GET_LOCATION", "[SL:CONTACT", "@ptr3", "@ptr4", "SL:CONTACT]", "IN:GET_LOCATION]"]}
{"loss": 1.9346529245376587, "class_log_probabilities": [-2.6345560550689697, -2.6399502754211426, -4.298708915710449, -4.497681617736816], "predictions": [70, 14, 399, 15, 73, 4, 4, 4, 4], "target_tokens": ["[IN:GET_LOCATION", "[SL:CONTACT_RELATED", "@ptr0", "SL:CONTACT_RELATED]", "[SL:LOCATION", "@ptr4", "SL:LOCATION]", "IN:GET_LOCATION]"], "predicted_tokens": ["[IN:GET_CONTACT", "[SL:LOCATION", "@ptr4", "SL:LOCATION]", "IN:GET_CONTACT]"]}
{"loss": 1.2977354526519775, "class_log_probabilities": [-0.7976564764976501, -4.318492889404297, -5.35471248626709, -5.405791282653809], "predictions": [211, 6, 395, 396, 7, 14, 400, 401, 15, 212, 4], "target_tokens": ["[IN:GET_LOCATION", "[SL:CONTACT", "@ptr0", "@ptr1", "SL:CONTACT]", "[SL:LOCATION", "@ptr5", "SL:LOCATION]", "IN:GET_LOCATION]"], "predicted_tokens": ["[IN:GET_LOCATION", "[SL:CONTACT", "@ptr0", "@ptr1", "SL:CONTACT]", "[SL:LOCATION", "@ptr5", "@ptr6", "SL:LOCATION]", "IN:GET_LOCATION]"]}
{"loss": 0.9739689230918884, "class_log_probabilities": [-0.4357396364212036, -3.880626916885376, -6.2655816078186035, -6.317238807678223], "predictions": [70, 138, 399, 400, 139, 73, 4, 4], "target_tokens": ["[IN:GET_CONTACT", "[SL:EMPLOYER", "@ptr4", "@ptr5", "SL:EMPLOYER]", "IN:GET_CONTACT]"], "predicted_tokens": ["[IN:GET_CONTACT", "[SL:EMPLOYER", "@ptr4", "@ptr5", "SL:EMPLOYER]", "IN:GET_CONTACT]"]}
{"loss": 3.0727484226226807, "class_log_probabilities": [-1.4861607551574707, -3.404805898666382, -3.5679564476013184, -3.9295687675476074], "predictions": [70, 138, 403, 404, 405, 406, 139, 73, 4], "target_tokens": ["[IN:GET_CONTACT", "[SL:EMPLOYER", "@ptr7", "@ptr8", "@ptr9", "@ptr10", "SL:EMPLOYER]", "IN:GET_CONTACT]"], "predicted_tokens": ["[IN:GET_CONTACT", "[SL:EMPLOYER", "@ptr8", "@ptr9", "@ptr10", "@ptr11", "SL:EMPLOYER]", "IN:GET_CONTACT]"]}
{"loss": 4.4218034744262695, "class_log_probabilities": [-1.7863762378692627, -2.162968635559082, -3.6301848888397217, -4.375769138336182], "predictions": [70, 71, 401, 72, 93, 403, 94, 138, 406, 407, 408, 139, 73, 4], "target_tokens": ["[IN:GET_CONTACT", "[SL:CONTACT_RELATED", "@ptr6", "@ptr7", "SL:CONTACT_RELATED]", "[SL:TYPE_RELATION", "@ptr5", "SL:TYPE_RELATION]", "[SL:EMPLOYER", "@ptr10", "@ptr11", "SL:EMPLOYER]", "IN:GET_CONTACT]"], "predicted_tokens": ["[IN:GET_CONTACT", "[SL:TYPE_RELATION", "@ptr6", "SL:TYPE_RELATION]", "[SL:CONTACT_RELATED", "@ptr8", "SL:CONTACT_RELATED]", "[SL:EMPLOYER", "@ptr11", "@ptr12", "@ptr13", "SL:EMPLOYER]", "IN:GET_CONTACT]"]}
{"loss": 0.9654697775840759, "class_log_probabilities": [-0.3490366041660309, -5.968175888061523, -6.200841903686523, -7.69297981262207], "predictions": [70, 138, 398, 139, 73, 4, 4, 4], "target_tokens": ["[IN:GET_CONTACT", "[SL:EMPLOYER", "@ptr3", "SL:EMPLOYER]", "IN:GET_CONTACT]"], "predicted_tokens": ["[IN:GET_CONTACT", "[SL:EMPLOYER", "@ptr3", "SL:EMPLOYER]", "IN:GET_CONTACT]"]}
{"loss": 2.062506914138794, "class_log_probabilities": [-0.3109061121940613, -7.573849201202393, -7.840157985687256, -8.22974681854248], "predictions": [70, 257, 401, 258, 73, 4, 4, 4], "target_tokens": ["[IN:GET_CONTACT", "[SL:SCHOOL", "@ptr5", "SL:SCHOOL]", "IN:GET_CONTACT]"], "predicted_tokens": ["[IN:GET_CONTACT", "[SL:SCHOOL", "@ptr6", "SL:SCHOOL]", "IN:GET_CONTACT]"]}
{"loss": 3.8281922340393066, "class_log_probabilities": [-1.6388798952102661, -1.7417657375335693, -5.663580894470215, -5.756045341491699], "predictions": [70, 71, 395, 72, 93, 396, 94, 257, 402, 403, 258, 73, 4], "target_tokens": ["[IN:GET_CONTACT", "[SL:CONTACT_RELATED", "@ptr1", "SL:CONTACT_RELATED]", "[SL:TYPE_RELATION", "@ptr0", "SL:TYPE_RELATION]", "[SL:SCHOOL", "@ptr6", "@ptr7", "SL:SCHOOL]", "IN:GET_CONTACT]"], "predicted_tokens": ["[IN:GET_CONTACT", "[SL:TYPE_RELATION", "@ptr0", "SL:TYPE_RELATION]", "[SL:CONTACT_RELATED", "@ptr1", "SL:CONTACT_RELATED]", "[SL:SCHOOL", "@ptr7", "@ptr8", "SL:SCHOOL]", "IN:GET_CONTACT]"]}
{"loss": 3.4885103702545166, "class_log_probabilities": [-0.396480917930603, -5.538520812988281, -7.366567611694336, -7.566125869750977], "predictions": [70, 6, 402, 7, 73, 4], "target_tokens": ["[IN:GET_CONTACT", "[SL:LOCATION", "@ptr6", "SL:LOCATION]", "IN:GET_CONTACT]"], "predicted_tokens": ["[IN:GET_CONTACT", "[SL:CONTACT", "@ptr7", "SL:CONTACT]", "IN:GET_CONTACT]"]}
{"loss": 3.5951602458953857, "class_log_probabilities": [-0.8479866981506348, -3.0492489337921143, -6.417470455169678, -6.622307300567627], "predictions": [70, 71, 398, 72, 93, 399, 94, 14, 402, 403, 404, 405, 15, 73, 4, 4, 4, 4], "target_tokens": ["[IN:GET_CONTACT", "[SL:CONTACT_RELATED", "@ptr3", "@ptr4", "SL:CONTACT_RELATED]", "[SL:TYPE_RELATION", "@ptr2", "SL:TYPE_RELATION]", "[SL:LOCATION", "@ptr6", "@ptr7", "@ptr8", "@ptr9", "SL:LOCATION]", "IN:GET_CONTACT]"], "predicted_tokens": ["[IN:GET_CONTACT", "[SL:TYPE_RELATION", "@ptr3", "SL:TYPE_RELATION]", "[SL:CONTACT_RELATED", "@ptr4", "SL:CONTACT_RELATED]", "[SL:LOCATION", "@ptr7", "@ptr8", "@ptr9", "@ptr10", "SL:LOCATION]", "IN:GET_CONTACT]"]}
{"loss": 1.8774571418762207, "class_log_probabilities": [-0.5035244822502136, -5.784076690673828, -7.494986057281494, -7.536048889160156], "predictions": [70, 93, 395, 94, 14, 403, 15, 73, 4, 4, 4, 4], "target_tokens": ["[IN:GET_CONTACT", "[SL:CONTACT_RELATED", "@ptr0", "SL:CONTACT_RELATED]", "[SL:LOCATION", "@ptr7", "SL:LOCATION]", "IN:GET_CONTACT]"], "predicted_tokens": ["[IN:GET_CONTACT", "[SL:CONTACT_RELATED", "@ptr0", "SL:CONTACT_RELATED]", "[SL:LOCATION", "@ptr8", "SL:LOCATION]", "IN:GET_CONTACT]"]}
{"loss": 1.94210684299469, "class_log_probabilities": [-1.0527310371398926, -2.2750661373138428, -3.9947080612182617, -4.427590370178223], "predictions": [70, 14, 400, 401, 402, 15, 73, 4], "target_tokens": ["[IN:GET_CONTACT", "[SL:LOCATION", "@ptr5", "@ptr6", "SL:LOCATION]", "IN:GET_CONTACT]"], "predicted_tokens": ["[IN:GET_CONTACT", "[SL:LOCATION", "@ptr5", "@ptr6", "@ptr7", "SL:LOCATION]", "IN:GET_CONTACT]"]}
{"loss": 2.977891206741333, "class_log_probabilities": [-1.0524728298187256, -1.6165111064910889, -7.312351703643799, -7.341037750244141], "predictions": [70, 71, 396, 72, 93, 399, 400, 401, 94, 73, 4], "target_tokens": ["[IN:GET_CONTACT", "[SL:CONTACT_RELATED", "@ptr4", "@ptr5", "@ptr6", "SL:CONTACT_RELATED]", "[SL:TYPE_RELATION", "@ptr1", "@ptr2", "SL:TYPE_RELATION]", "IN:GET_CONTACT]"], "predicted_tokens": ["[IN:GET_CONTACT", "[SL:TYPE_RELATION", "@ptr1", "SL:TYPE_RELATION]", "[SL:CONTACT_RELATED", "@ptr4", "@ptr5", "@ptr6", "SL:CONTACT_RELATED]", "IN:GET_CONTACT]"]}
{"loss": 3.2303481101989746, "class_log_probabilities": [-0.5133048295974731, -7.335719585418701, -7.984978199005127, -8.024291038513184], "predictions": [70, 71, 398, 72, 93, 400, 401, 94, 73, 4, 4], "target_tokens": ["[IN:GET_CONTACT", "[SL:TYPE_RELATION", "@ptr2", "SL:TYPE_RELATION]", "[SL:CONTACT_RELATED", "@ptr4", "@ptr5", "SL:CONTACT_RELATED]", "IN:GET_CONTACT]"], "predicted_tokens": ["[IN:GET_CONTACT", "[SL:TYPE_RELATION", "@ptr3", "SL:TYPE_RELATION]", "[SL:CONTACT_RELATED", "@ptr5", "@ptr6", "SL:CONTACT_RELATED]", "IN:GET_CONTACT]"]}
{"loss": 1.2725650072097778, "class_log_probabilities": [-1.1731919050216675, -1.6927434206008911, -3.720228672027588, -3.7430124282836914], "predictions": [70, 71, 397, 72, 93, 399, 94, 73, 4], "target_tokens": ["[IN:GET_CONTACT", "[SL:TYPE_RELATION", "@ptr1", "SL:TYPE_RELATION]", "[SL:CONTACT_RELATED", "@ptr3", "SL:CONTACT_RELATED]", "IN:GET_CONTACT]"], "predicted_tokens": ["[IN:GET_CONTACT", "[SL:TYPE_RELATION", "@ptr2", "SL:TYPE_RELATION]", "[SL:CONTACT_RELATED", "@ptr4", "SL:CONTACT_RELATED]", "IN:GET_CONTACT]"]}
{"loss": 1.093055248260498, "class_log_probabilities": [-0.9716116189956665, -1.8909270763397217, -7.304695129394531, -7.461764335632324], "predictions": [51, 52, 398, 399, 400, 401, 402, 53, 54, 4], "target_tokens": ["[IN:GET_RECIPES", "[SL:RECIPES_DISH", "@ptr3", "@ptr4", "@ptr5", "@ptr6", "SL:RECIPES_DISH]", "IN:GET_RECIPES]"], "predicted_tokens": ["[IN:GET_RECIPES", "[SL:RECIPES_DISH", "@ptr3", "@ptr4", "@ptr5", "@ptr6", "@ptr7", "SL:RECIPES_DISH]", "IN:GET_RECIPES]"]}
{"loss": 4.17510986328125, "class_log_probabilities": [-2.5204882621765137, -2.891756772994995, -4.60468864440918, -4.6057658195495605], "predictions": [27, 52, 398, 399, 400, 53, 129, 404, 405, 130, 28, 407, 29, 30, 4, 4], "target_tokens": ["[IN:IS_TRUE_RECIPES", "[SL:RECIPES_INCLUDED_INGREDIENT", "@ptr2", "@ptr3", "@ptr4", "@ptr5", "SL:RECIPES_INCLUDED_INGREDIENT]", "IN:IS_TRUE_RECIPES]"], "predicted_tokens": ["[IN:GET_INFO_RECIPES", "[SL:RECIPES_DISH", "@ptr3", "@ptr4", "@ptr5", "SL:RECIPES_DISH]", "[SL:RECIPES_INCLUDED_INGREDIENT", "@ptr9", "@ptr10", "SL:RECIPES_INCLUDED_INGREDIENT]", "[SL:RECIPES_ATTRIBUTE", "@ptr12", "SL:RECIPES_ATTRIBUTE]", "IN:GET_INFO_RECIPES]"]}
{"loss": 3.884641170501709, "class_log_probabilities": [-0.27337610721588135, -4.77683162689209, -7.415678977966309, -7.475789546966553], "predictions": [27, 30, 4, 4, 4, 4, 4], "target_tokens": ["[IN:GET_INFO_RECIPES", "[SL:RECIPES_ATTRIBUTE", "@ptr0", "@ptr1", "SL:RECIPES_ATTRIBUTE]", "[SL:RECIPES_CUISINE", "@ptr7", "SL:RECIPES_CUISINE]", "[SL:METHOD_RECIPES", "@ptr6", "SL:METHOD_RECIPES]", "IN:GET_INFO_RECIPES]"], "predicted_tokens": ["[IN:GET_INFO_RECIPES", "IN:GET_INFO_RECIPES]"]}
{"loss": 1.2453795671463013, "class_log_probabilities": [-1.0841635465621948, -3.332226514816284, -3.401953935623169, -5.595885276794434], "predictions": [27, 129, 395, 130, 52, 401, 53, 289, 404, 290, 30, 4, 4], "target_tokens": ["[IN:GET_INFO_RECIPES", "[SL:RECIPES_INCLUDED_INGREDIENT", "@ptr0", "SL:RECIPES_INCLUDED_INGREDIENT]", "[SL:RECIPES_DISH", "@ptr6", "SL:RECIPES_DISH]", "IN:GET_INFO_RECIPES]"], "predicted_tokens": ["[IN:GET_INFO_RECIPES", "[SL:RECIPES_INCLUDED_INGREDIENT", "@ptr0", "SL:RECIPES_INCLUDED_INGREDIENT]", "[SL:RECIPES_DISH", "@ptr6", "SL:RECIPES_DISH]", "[SL:RECIPES_RATING", "@ptr9", "SL:RECIPES_RATING]", "IN:GET_INFO_RECIPES]"]}
{"loss": 3.6245670318603516, "class_log_probabilities": [-0.5165164470672607, -6.126349449157715, -6.149901390075684, -6.658064365386963], "predictions": [111, 16, 400, 401, 402, 17, 112, 4], "target_tokens": ["[IN:SNOOZE_ALARM", "[SL:DATE_TIME", "@ptr5", "@ptr6", "SL:DATE_TIME]", "IN:SNOOZE_ALARM]"], "predicted_tokens": ["[IN:UPDATE_REMINDER_DATE_TIME", "[SL:DATE_TIME", "@ptr5", "@ptr6", "@ptr7", "SL:DATE_TIME]", "IN:UPDATE_REMINDER_DATE_TIME]"]}
{"loss": 1.7304258346557617, "class_log_probabilities": [-1.1132546663284302, -4.3438286781311035, -5.424892902374268, -5.537494659423828], "predictions": [39, 40, 396, 41, 56, 400, 401, 402, 403, 404, 405, 406, 407, 408, 409, 410, 57, 42, 4, 4], "target_tokens": ["[IN:GET_STORIES_NEWS", "[SL:NEWS_TYPE", "@ptr1", "@ptr2", "SL:NEWS_TYPE]", "[SL:NEWS_TOPIC", "@ptr5", "@ptr6", "@ptr7", "@ptr8", "@ptr9", "@ptr10", "@ptr11", "@ptr12", "@ptr13", "@ptr14", "SL:NEWS_TOPIC]", "IN:GET_STORIES_NEWS]"], "predicted_tokens": ["[IN:GET_STORIES_NEWS", "[SL:NEWS_TYPE", "@ptr1", "SL:NEWS_TYPE]", "[SL:NEWS_TOPIC", "@ptr5", "@ptr6", "@ptr7", "@ptr8", "@ptr9", "@ptr10", "@ptr11", "@ptr12", "@ptr13", "@ptr14", "@ptr15", "SL:NEWS_TOPIC]", "IN:GET_STORIES_NEWS]"]}
{"loss": 1.50556218624115, "class_log_probabilities": [-3.4097161293029785, -3.587631940841675, -3.719146966934204, -5.638926029205322], "predictions": [39, 40, 396, 397, 41, 56, 399, 400, 57, 56, 402, 403, 404, 405, 406, 407, 408, 409, 410, 411, 57, 42, 4, 4], "target_tokens": ["[IN:GET_STORIES_NEWS", "[SL:NEWS_TYPE", "@ptr1", "@ptr2", "SL:NEWS_TYPE]", "[SL:NEWS_TOPIC", "@ptr3", "@ptr4", "@ptr5", "@ptr6", "@ptr7", "@ptr8", "@ptr9", "@ptr10", "@ptr11", "@ptr12", "@ptr13", "@ptr14", "@ptr15", "@ptr16", "SL:NEWS_TOPIC]", "IN:GET_STORIES_NEWS]"], "predicted_tokens": ["[IN:GET_STORIES_NEWS", "[SL:NEWS_TYPE", "@ptr1", "@ptr2", "SL:NEWS_TYPE]", "[SL:NEWS_TOPIC", "@ptr4", "@ptr5", "SL:NEWS_TOPIC]", "[SL:NEWS_TOPIC", "@ptr7", "@ptr8", "@ptr9", "@ptr10", "@ptr11", "@ptr12", "@ptr13", "@ptr14", "@ptr15", "@ptr16", "SL:NEWS_TOPIC]", "IN:GET_STORIES_NEWS]"]}
{"loss": 2.4750499725341797, "class_log_probabilities": [-1.2553648948669434, -2.514000415802002, -3.987840414047241, -4.624484539031982], "predictions": [70, 138, 398, 399, 139, 73, 4], "target_tokens": ["[IN:QUESTION_NEWS", "[SL:NEWS_SOURCE", "@ptr3", "@ptr4", "SL:NEWS_SOURCE]", "IN:QUESTION_NEWS]"], "predicted_tokens": ["[IN:GET_CONTACT", "[SL:EMPLOYER", "@ptr3", "@ptr4", "SL:EMPLOYER]", "IN:GET_CONTACT]"]}
{"loss": 3.479739189147949, "class_log_probabilities": [-3.54313063621521, -4.945162773132324, -5.141018867492676, -6.7533040046691895], "predictions": [55, 56, 395, 396, 397, 398, 57, 58, 4, 4, 4, 4, 4, 4, 4, 4], "target_tokens": ["[IN:QUESTION_NEWS", "IN:QUESTION_NEWS]"], "predicted_tokens": ["[IN:QUESTION_NEWS", "[SL:NEWS_TOPIC", "@ptr0", "@ptr1", "@ptr2", "@ptr3", "SL:NEWS_TOPIC]", "IN:QUESTION_NEWS]"]}
{"loss": 3.7421865463256836, "class_log_probabilities": [-0.2838449478149414, -5.231431007385254, -5.428073883056641, -5.6308207511901855], "predictions": [225, 226, 4], "target_tokens": ["[IN:DELETE_TIMER", "[SL:METHOD_TIMER", "@ptr1", "@ptr2", "@ptr3", "SL:METHOD_TIMER]", "IN:DELETE_TIMER]"], "predicted_tokens": ["[IN:DELETE_TIMER", "IN:DELETE_TIMER]"]}
{"loss": 3.1472723484039307, "class_log_probabilities": [-1.825576901435852, -1.8352373838424683, -3.932415723800659, -4.9678144454956055], "predictions": [39, 40, 397, 41, 131, 399, 132, 133, 401, 402, 403, 134, 42, 4, 4, 4, 4], "target_tokens": ["[IN:GET_STORIES_NEWS", "[SL:NEWS_REFERENCE", "@ptr3", "SL:NEWS_REFERENCE]", "[SL:NEWS_TYPE", "@ptr2", "SL:NEWS_TYPE]", "[SL:NEWS_SOURCE", "@ptr5", "@ptr6", "@ptr7", "SL:NEWS_SOURCE]", "IN:GET_STORIES_NEWS]"], "predicted_tokens": ["[IN:GET_STORIES_NEWS", "[SL:NEWS_TYPE", "@ptr2", "SL:NEWS_TYPE]", "[SL:NEWS_REFERENCE", "@ptr4", "SL:NEWS_REFERENCE]", "[SL:NEWS_SOURCE", "@ptr6", "@ptr7", "@ptr8", "SL:NEWS_SOURCE]", "IN:GET_STORIES_NEWS]"]}
{"loss": 4.558078765869141, "class_log_probabilities": [-0.9766076803207397, -4.172303199768066, -5.163041114807129, -5.219099998474121], "predictions": [39, 40, 398, 41, 56, 401, 402, 403, 404, 405, 406, 407, 408, 409, 57, 42, 4, 4], "target_tokens": ["[IN:GET_STORIES_NEWS", "[SL:NEWS_TYPE", "@ptr2", "@ptr3", "SL:NEWS_TYPE]", "[SL:NEWS_CATEGORY", "@ptr10", "@ptr11", "SL:NEWS_CATEGORY]", "[SL:NEWS_TOPIC", "@ptr5", "@ptr6", "@ptr7", "@ptr8", "SL:NEWS_TOPIC]", "IN:GET_STORIES_NEWS]"], "predicted_tokens": ["[IN:GET_STORIES_NEWS", "[SL:NEWS_TYPE", "@ptr3", "SL:NEWS_TYPE]", "[SL:NEWS_TOPIC", "@ptr6", "@ptr7", "@ptr8", "@ptr9", "@ptr10", "@ptr11", "@ptr12", "@ptr13", "@ptr14", "SL:NEWS_TOPIC]", "IN:GET_STORIES_NEWS]"]}
{"loss": 4.136440277099609, "class_log_probabilities": [-0.7907208800315857, -5.40591287612915, -6.325525283813477, -6.464767932891846], "predictions": [183, 90, 397, 91, 16, 401, 402, 403, 17, 184, 4], "target_tokens": ["[IN:ADD_TIME_TIMER", "[SL:DATE_TIME", "@ptr6", "@ptr7", "SL:DATE_TIME]", "[SL:METHOD_TIMER", "@ptr0", "@ptr1", "@ptr2", "SL:METHOD_TIMER]", "IN:ADD_TIME_TIMER]"], "predicted_tokens": ["[IN:ADD_TIME_TIMER", "[SL:METHOD_TIMER", "@ptr2", "SL:METHOD_TIMER]", "[SL:DATE_TIME", "@ptr6", "@ptr7", "@ptr8", "SL:DATE_TIME]", "IN:ADD_TIME_TIMER]"]}
{"loss": 3.0067436695098877, "class_log_probabilities": [-2.1346540451049805, -4.3787641525268555, -4.49221134185791, -5.086974620819092], "predictions": [275, 16, 402, 403, 404, 405, 17, 276, 4, 4], "target_tokens": ["[IN:RESUME_TIMER", "[SL:METHOD_TIMER", "@ptr2", "@ptr3", "@ptr4", "SL:METHOD_TIMER]", "[SL:DATE_TIME", "@ptr6", "@ptr7", "@ptr8", "@ptr9", "SL:DATE_TIME]", "IN:RESUME_TIMER]"], "predicted_tokens": ["[IN:RESUME_TIMER", "[SL:DATE_TIME", "@ptr7", "@ptr8", "@ptr9", "@ptr10", "SL:DATE_TIME]", "IN:RESUME_TIMER]"]}
{"loss": 2.715313196182251, "class_log_probabilities": [-1.2831110954284668, -2.96714186668396, -5.670732498168945, -7.384539604187012], "predictions": [89, 90, 397, 91, 16, 400, 401, 402, 403, 404, 17, 92, 4, 4], "target_tokens": ["[IN:CREATE_TIMER", "[SL:METHOD_TIMER", "@ptr1", "@ptr2", "SL:METHOD_TIMER]", "[SL:DATE_TIME", "@ptr5", "@ptr6", "@ptr7", "@ptr8", "SL:DATE_TIME]", "IN:CREATE_TIMER]"], "predicted_tokens": ["[IN:CREATE_TIMER", "[SL:METHOD_TIMER", "@ptr2", "SL:METHOD_TIMER]", "[SL:DATE_TIME", "@ptr5", "@ptr6", "@ptr7", "@ptr8", "@ptr9", "SL:DATE_TIME]", "IN:CREATE_TIMER]"]}
{"loss": 4.762135982513428, "class_log_probabilities": [-4.612680912017822, -6.665517807006836, -7.085038661956787, -10.569927215576172], "predictions": [13, 14, 395, 396, 397, 398, 399, 400, 15, 18, 4, 4, 4, 4, 4, 4, 4, 4, 4], "target_tokens": ["[IN:GET_WEATHER", "[SL:WEATHER_ATTRIBUTE", "@ptr8", "@ptr9", "SL:WEATHER_ATTRIBUTE]", "[SL:WEATHER_ATTRIBUTE", "@ptr10", "SL:WEATHER_ATTRIBUTE]", "[SL:WEATHER_TEMPERATURE_UNIT", "@ptr12", "SL:WEATHER_TEMPERATURE_UNIT]", "[SL:LOCATION", "@ptr0", "@ptr1", "@ptr2", "@ptr3", "@ptr4", "SL:LOCATION]", "IN:GET_WEATHER]"], "predicted_tokens": ["[IN:GET_WEATHER", "[SL:LOCATION", "@ptr0", "@ptr1", "@ptr2", "@ptr3", "@ptr4", "@ptr5", "SL:LOCATION]", "IN:GET_WEATHER]"]}
{"loss": 3.332294225692749, "class_log_probabilities": [-0.8450368642807007, -3.671722412109375, -4.043548107147217, -4.486505508422852], "predictions": [13, 14, 395, 396, 15, 79, 399, 80, 18, 4], "target_tokens": ["[IN:GET_WEATHER", "[SL:WEATHER_ATTRIBUTE", "@ptr2", "SL:WEATHER_ATTRIBUTE]", "[SL:LOCATION", "@ptr0", "@ptr1", "SL:LOCATION]", "[SL:WEATHER_TEMPERATURE_UNIT", "@ptr4", "SL:WEATHER_TEMPERATURE_UNIT]", "IN:GET_WEATHER]"], "predicted_tokens": ["[IN:GET_WEATHER", "[SL:LOCATION", "@ptr0", "@ptr1", "SL:LOCATION]", "[SL:WEATHER_ATTRIBUTE", "@ptr4", "SL:WEATHER_ATTRIBUTE]", "IN:GET_WEATHER]"]}
{"loss": 1.9844183921813965, "class_log_probabilities": [-1.8232766389846802, -2.1806087493896484, -4.354832649230957, -4.790067195892334], "predictions": [13, 14, 398, 15, 16, 400, 401, 402, 403, 17, 135, 405, 136, 18, 4, 4], "target_tokens": ["[IN:GET_WEATHER", "[SL:LOCATION", "@ptr2", "@ptr3", "SL:LOCATION]", "[SL:DATE_TIME", "@ptr5", "@ptr6", "@ptr7", "SL:DATE_TIME]", "[SL:WEATHER_TEMPERATURE_UNIT", "@ptr8", "@ptr9", "SL:WEATHER_TEMPERATURE_UNIT]", "IN:GET_WEATHER]"], "predicted_tokens": ["[IN:GET_WEATHER", "[SL:LOCATION", "@ptr3", "SL:LOCATION]", "[SL:DATE_TIME", "@ptr5", "@ptr6", "@ptr7", "@ptr8", "SL:DATE_TIME]", "[SL:WEATHER_TEMPERATURE_UNIT", "@ptr10", "SL:WEATHER_TEMPERATURE_UNIT]", "IN:GET_WEATHER]"]}
{"loss": 1.6837632656097412, "class_log_probabilities": [-1.3174411058425903, -3.200355052947998, -3.7863454818725586, -4.5340471267700195], "predictions": [27, 52, 398, 399, 400, 53, 113, 402, 403, 404, 114, 30, 4, 4, 4, 4, 4], "target_tokens": ["[IN:GET_RECIPES", "[SL:RECIPES_DISH", "@ptr3", "@ptr4", "@ptr5", "SL:RECIPES_DISH]", "[SL:RECIPES_COOKING_METHOD", "@ptr7", "@ptr8", "@ptr9", "@ptr10", "SL:RECIPES_COOKING_METHOD]", "IN:GET_RECIPES]"], "predicted_tokens": ["[IN:GET_INFO_RECIPES", "[SL:RECIPES_DISH", "@ptr3", "@ptr4", "@ptr5", "SL:RECIPES_DISH]", "[SL:RECIPES_COOKING_METHOD", "@ptr7", "@ptr8", "@ptr9", "SL:RECIPES_COOKING_METHOD]", "IN:GET_INFO_RECIPES]"]}
{"loss": 2.8185179233551025, "class_log_probabilities": [-1.2785472869873047, -2.9214727878570557, -4.8639445304870605, -5.245984077453613], "predictions": [27, 52, 395, 396, 397, 398, 399, 53, 30, 4, 4, 4, 4, 4], "target_tokens": ["[IN:GET_INFO_RECIPES", "[SL:RECIPES_ATTRIBUTE", "@ptr6", "@ptr7", "SL:RECIPES_ATTRIBUTE]", "[SL:RECIPES_DISH", "@ptr0", "@ptr1", "@ptr2", "@ptr3", "@ptr4", "SL:RECIPES_DISH]", "IN:GET_INFO_RECIPES]"], "predicted_tokens": ["[IN:GET_INFO_RECIPES", "[SL:RECIPES_DISH", "@ptr0", "@ptr1", "@ptr2", "@ptr3", "@ptr4", "SL:RECIPES_DISH]", "IN:GET_INFO_RECIPES]"]}
{"loss": 2.748948335647583, "class_log_probabilities": [-0.30945253372192383, -8.957978248596191, -10.531838417053223, -10.629020690917969], "predictions": [27, 129, 395, 130, 30, 4, 4, 4, 4, 4], "target_tokens": ["[IN:GET_INFO_RECIPES", "[SL:RECIPES_INCLUDED_INGREDIENT", "@ptr0", "SL:RECIPES_INCLUDED_INGREDIENT]", "[SL:RECIPES_RATING", "@ptr5", "SL:RECIPES_RATING]", "IN:GET_INFO_RECIPES]"], "predicted_tokens": ["[IN:GET_INFO_RECIPES", "[SL:RECIPES_INCLUDED_INGREDIENT", "@ptr0", "SL:RECIPES_INCLUDED_INGREDIENT]", "IN:GET_INFO_RECIPES]"]}
{"loss": 1.1324596405029297, "class_log_probabilities": [-0.7788404226303101, -1.5036742687225342, -7.578535079956055, -7.920906066894531], "predictions": [51, 52, 400, 53, 54, 4, 4], "target_tokens": ["[IN:GET_RECIPES", "[SL:RECIPES_DISH", "@ptr4", "SL:RECIPES_DISH]", "IN:GET_RECIPES]"], "predicted_tokens": ["[IN:GET_RECIPES", "[SL:RECIPES_DISH", "@ptr5", "SL:RECIPES_DISH]", "IN:GET_RECIPES]"]}
{"loss": 2.7226431369781494, "class_log_probabilities": [-0.7158791422843933, -6.191593647003174, -6.536963939666748, -6.561556339263916], "predictions": [13, 16, 395, 396, 17, 79, 401, 402, 403, 80, 18, 4], "target_tokens": ["[IN:GET_WEATHER", "[SL:WEATHER_ATTRIBUTE", "@ptr6", "@ptr7", "@ptr8", "SL:WEATHER_ATTRIBUTE]", "[SL:DATE_TIME", "@ptr0", "@ptr1", "SL:DATE_TIME]", "IN:GET_WEATHER]"], "predicted_tokens": ["[IN:GET_WEATHER", "[SL:DATE_TIME", "@ptr0", "@ptr1", "SL:DATE_TIME]", "[SL:WEATHER_ATTRIBUTE", "@ptr6", "@ptr7", "@ptr8", "SL:WEATHER_ATTRIBUTE]", "IN:GET_WEATHER]"]}
{"loss": 3.2770137786865234, "class_log_probabilities": [-1.6818681955337524, -2.067514657974243, -5.740157127380371, -6.164710521697998], "predictions": [63, 64, 396, 65, 66, 400, 401, 402, 403, 404, 67, 68, 4, 4, 4, 4], "target_tokens": ["[IN:PLAY_MUSIC", "[SL:MUSIC_ARTIST_NAME", "@ptr5", "@ptr6", "@ptr7", "@ptr8", "SL:MUSIC_ARTIST_NAME]", "[SL:MUSIC_TYPE", "@ptr2", "SL:MUSIC_TYPE]", "IN:PLAY_MUSIC]"], "predicted_tokens": ["[IN:PLAY_MUSIC", "[SL:MUSIC_TYPE", "@ptr1", "SL:MUSIC_TYPE]", "[SL:MUSIC_ARTIST_NAME", "@ptr5", "@ptr6", "@ptr7", "@ptr8", "@ptr9", "SL:MUSIC_ARTIST_NAME]", "IN:PLAY_MUSIC]"]}
{"loss": 2.5712544918060303, "class_log_probabilities": [-0.9527599811553955, -3.268494129180908, -5.648430347442627, -5.779932498931885], "predictions": [13, 14, 397, 398, 399, 400, 401, 15, 16, 405, 406, 407, 17, 18, 4, 4], "target_tokens": ["[IN:GET_WEATHER", "[SL:LOCATION", "@ptr2", "@ptr3", "@ptr4", "@ptr5", "SL:LOCATION]", "IN:GET_WEATHER]"], "predicted_tokens": ["[IN:GET_WEATHER", "[SL:LOCATION", "@ptr2", "@ptr3", "@ptr4", "@ptr5", "@ptr6", "SL:LOCATION]", "[SL:DATE_TIME", "@ptr10", "@ptr11", "@ptr12", "SL:DATE_TIME]", "IN:GET_WEATHER]"]}
{"loss": 1.918678879737854, "class_log_probabilities": [-1.1565314531326294, -1.7501072883605957, -7.981168270111084, -8.434706687927246], "predictions": [13, 79, 398, 80, 16, 400, 401, 402, 17, 18, 4, 4], "target_tokens": ["[IN:GET_WEATHER", "[SL:WEATHER_ATTRIBUTE", "@ptr3", "SL:WEATHER_ATTRIBUTE]", "[SL:DATE_TIME", "@ptr6", "@ptr7", "SL:DATE_TIME]", "IN:GET_WEATHER]"], "predicted_tokens": ["[IN:GET_WEATHER", "[SL:WEATHER_ATTRIBUTE", "@ptr3", "SL:WEATHER_ATTRIBUTE]", "[SL:DATE_TIME", "@ptr5", "@ptr6", "@ptr7", "SL:DATE_TIME]", "IN:GET_WEATHER]"]}
{"loss": 1.6525027751922607, "class_log_probabilities": [-0.3813880980014801, -4.650361061096191, -7.192416667938232, -7.300230026245117], "predictions": [89, 90, 396, 91, 92, 4, 4], "target_tokens": ["[IN:CREATE_TIMER", "[SL:METHOD_TIMER", "@ptr1", "@ptr2", "@ptr3", "@ptr4", "SL:METHOD_TIMER]", "IN:CREATE_TIMER]"], "predicted_tokens": ["[IN:CREATE_TIMER", "[SL:METHOD_TIMER", "@ptr1", "SL:METHOD_TIMER]", "IN:CREATE_TIMER]"]}
{"loss": 1.6063220500946045, "class_log_probabilities": [-0.7166759371757507, -6.6492719650268555, -7.126636981964111, -7.182292461395264], "predictions": [13, 79, 395, 80, 16, 398, 399, 400, 401, 17, 18, 4], "target_tokens": ["[IN:GET_WEATHER", "[SL:WEATHER_ATTRIBUTE", "@ptr0", "@ptr2", "SL:WEATHER_ATTRIBUTE]", "[SL:DATE_TIME", "@ptr3", "@ptr4", "@ptr5", "@ptr6", "SL:DATE_TIME]", "IN:GET_WEATHER]"], "predicted_tokens": ["[IN:GET_WEATHER", "[SL:WEATHER_ATTRIBUTE", "@ptr0", "SL:WEATHER_ATTRIBUTE]", "[SL:DATE_TIME", "@ptr3", "@ptr4", "@ptr5", "@ptr6", "SL:DATE_TIME]", "IN:GET_WEATHER]"]}
{"loss": 2.1358728408813477, "class_log_probabilities": [-0.5542664527893066, -7.732838153839111, -8.317558288574219, -8.503011703491211], "predictions": [13, 16, 398, 399, 400, 401, 17, 18, 4, 4, 4, 4, 4], "target_tokens": ["[IN:GET_WEATHER", "[SL:DATE_TIME", "@ptr5", "@ptr6", "SL:DATE_TIME]", "IN:GET_WEATHER]"], "predicted_tokens": ["[IN:GET_WEATHER", "[SL:DATE_TIME", "@ptr3", "@ptr4", "@ptr5", "@ptr6", "SL:DATE_TIME]", "IN:GET_WEATHER]"]}
{"loss": 1.3877021074295044, "class_log_probabilities": [-0.574710488319397, -4.000332355499268, -4.5078582763671875, -7.915603160858154], "predictions": [13, 16, 399, 400, 17, 18, 4, 4], "target_tokens": ["[IN:GET_WEATHER", "[SL:DATE_TIME", "@ptr3", "@ptr4", "@ptr5", "SL:DATE_TIME]", "IN:GET_WEATHER]"], "predicted_tokens": ["[IN:GET_WEATHER", "[SL:DATE_TIME", "@ptr4", "@ptr5", "SL:DATE_TIME]", "IN:GET_WEATHER]"]}
{"loss": 1.1435847282409668, "class_log_probabilities": [-1.171510100364685, -1.7941423654556274, -4.230231285095215, -4.579756259918213], "predictions": [251, 64, 395, 65, 252, 4], "target_tokens": ["[IN:GET_TRACK_INFO_MUSIC", "[SL:MUSIC_TYPE", "@ptr0", "SL:MUSIC_TYPE]", "IN:GET_TRACK_INFO_MUSIC]"], "predicted_tokens": ["[IN:QUESTION_MUSIC", "[SL:MUSIC_TYPE", "@ptr0", "SL:MUSIC_TYPE]", "IN:QUESTION_MUSIC]"]}
{"loss": 3.347668409347534, "class_log_probabilities": [-1.6276177167892456, -2.765476942062378, -3.5508759021759033, -4.681201934814453], "predictions": [13, 16, 395, 396, 17, 79, 398, 80, 18, 4], "target_tokens": ["[IN:GET_WEATHER", "[SL:WEATHER_ATTRIBUTE", "@ptr3", "SL:WEATHER_ATTRIBUTE]", "[SL:DATE_TIME", "@ptr0", "@ptr1", "SL:DATE_TIME]", "IN:GET_WEATHER]"], "predicted_tokens": ["[IN:GET_WEATHER", "[SL:DATE_TIME", "@ptr0", "@ptr1", "SL:DATE_TIME]", "[SL:WEATHER_ATTRIBUTE", "@ptr3", "SL:WEATHER_ATTRIBUTE]", "IN:GET_WEATHER]"]}
{"loss": 2.6093239784240723, "class_log_probabilities": [-0.8137542009353638, -4.880229949951172, -6.638581275939941, -6.681572437286377], "predictions": [13, 79, 400, 401, 80, 16, 403, 404, 405, 17, 18, 4, 4], "target_tokens": ["[IN:GET_WEATHER", "[SL:WEATHER_ATTRIBUTE", "@ptr4", "@ptr5", "@ptr6", "SL:WEATHER_ATTRIBUTE]", "[SL:DATE_TIME", "@ptr7", "@ptr8", "@ptr9", "SL:DATE_TIME]", "IN:GET_WEATHER]"], "predicted_tokens": ["[IN:GET_WEATHER", "[SL:WEATHER_ATTRIBUTE", "@ptr5", "@ptr6", "SL:WEATHER_ATTRIBUTE]", "[SL:DATE_TIME", "@ptr8", "@ptr9", "@ptr10", "SL:DATE_TIME]", "IN:GET_WEATHER]"]}
{"loss": 2.421854257583618, "class_log_probabilities": [-0.6029061079025269, -6.374783039093018, -7.788767337799072, -7.859434127807617], "predictions": [13, 79, 395, 80, 16, 402, 403, 404, 17, 18, 4, 4], "target_tokens": ["[IN:GET_WEATHER", "[SL:WEATHER_ATTRIBUTE", "@ptr0", "@ptr3", "SL:WEATHER_ATTRIBUTE]", "[SL:DATE_TIME", "@ptr7", "@ptr8", "SL:DATE_TIME]", "IN:GET_WEATHER]"], "predicted_tokens": ["[IN:GET_WEATHER", "[SL:WEATHER_ATTRIBUTE", "@ptr0", "SL:WEATHER_ATTRIBUTE]", "[SL:DATE_TIME", "@ptr7", "@ptr8", "@ptr9", "SL:DATE_TIME]", "IN:GET_WEATHER]"]}
{"loss": 1.154382586479187, "class_log_probabilities": [-0.6982325911521912, -2.3343913555145264, -3.5128161907196045, -5.928646087646484], "predictions": [13, 79, 395, 80, 18, 4, 4, 4], "target_tokens": ["[IN:GET_WEATHER", "[SL:WEATHER_ATTRIBUTE", "@ptr0", "@ptr1", "@ptr2", "SL:WEATHER_ATTRIBUTE]", "IN:GET_WEATHER]"], "predicted_tokens": ["[IN:GET_WEATHER", "[SL:WEATHER_ATTRIBUTE", "@ptr0", "SL:WEATHER_ATTRIBUTE]", "IN:GET_WEATHER]"]}
{"loss": 1.929626703262329, "class_log_probabilities": [-0.34056413173675537, -7.909407138824463, -8.179351806640625, -9.010537147521973], "predictions": [13, 79, 395, 80, 18, 4, 4, 4], "target_tokens": ["[IN:GET_WEATHER", "[SL:WEATHER_ATTRIBUTE", "@ptr0", "@ptr1", "SL:WEATHER_ATTRIBUTE]", "IN:GET_WEATHER]"], "predicted_tokens": ["[IN:GET_WEATHER", "[SL:WEATHER_ATTRIBUTE", "@ptr0", "SL:WEATHER_ATTRIBUTE]", "IN:GET_WEATHER]"]}
{"loss": 4.553201198577881, "class_log_probabilities": [-0.3335735499858856, -6.528810977935791, -7.250790119171143, -7.428363800048828], "predictions": [115, 90, 398, 91, 116, 4], "target_tokens": ["[IN:GET_TIMER", "[SL:METHOD_TIMER", "@ptr2", "@ptr3", "SL:METHOD_TIMER]", "[SL:ORDINAL", "@ptr4", "@ptr5", "@ptr6", "SL:ORDINAL]", "IN:GET_TIMER]"], "predicted_tokens": ["[IN:GET_TIMER", "[SL:METHOD_TIMER", "@ptr3", "SL:METHOD_TIMER]", "IN:GET_TIMER]"]}
{"loss": 2.5793347358703613, "class_log_probabilities": [-1.5524532794952393, -2.7728731632232666, -2.803199052810669, -4.097445011138916], "predictions": [89, 90, 398, 91, 16, 400, 401, 402, 17, 92, 4, 4, 4], "target_tokens": ["[IN:CREATE_TIMER", "[SL:METHOD_TIMER", "@ptr1", "@ptr2", "@ptr3", "SL:METHOD_TIMER]", "[SL:DATE_TIME", "@ptr4", "@ptr5", "@ptr6", "@ptr7", "SL:DATE_TIME]", "IN:CREATE_TIMER]"], "predicted_tokens": ["[IN:CREATE_TIMER", "[SL:METHOD_TIMER", "@ptr3", "SL:METHOD_TIMER]", "[SL:DATE_TIME", "@ptr5", "@ptr6", "@ptr7", "SL:DATE_TIME]", "IN:CREATE_TIMER]"]}
{"loss": 1.244160532951355, "class_log_probabilities": [-0.7104524374008179, -4.065582275390625, -7.9202680587768555, -8.057272911071777], "predictions": [39, 40, 395, 41, 56, 400, 401, 402, 403, 57, 42, 4, 4], "target_tokens": ["[IN:GET_STORIES_NEWS", "[SL:NEWS_TYPE", "@ptr0", "SL:NEWS_TYPE]", "[SL:NEWS_TOPIC", "@ptr5", "@ptr6", "@ptr7", "SL:NEWS_TOPIC]", "IN:GET_STORIES_NEWS]"], "predicted_tokens": ["[IN:GET_STORIES_NEWS", "[SL:NEWS_TYPE", "@ptr0", "SL:NEWS_TYPE]", "[SL:NEWS_TOPIC", "@ptr5", "@ptr6", "@ptr7", "@ptr8", "SL:NEWS_TOPIC]", "IN:GET_STORIES_NEWS]"]}
{"loss": 3.141202211380005, "class_log_probabilities": [-0.9020947217941284, -3.373812198638916, -5.262162208557129, -7.016808032989502], "predictions": [13, 79, 398, 80, 16, 402, 403, 404, 17, 18, 4, 4], "target_tokens": ["[IN:GET_WEATHER", "[SL:WEATHER_ATTRIBUTE", "@ptr3", "@ptr5", "SL:WEATHER_ATTRIBUTE]", "IN:GET_WEATHER]"], "predicted_tokens": ["[IN:GET_WEATHER", "[SL:WEATHER_ATTRIBUTE", "@ptr3", "SL:WEATHER_ATTRIBUTE]", "[SL:DATE_TIME", "@ptr7", "@ptr8", "@ptr9", "SL:DATE_TIME]", "IN:GET_WEATHER]"]}
{"loss": 3.557528257369995, "class_log_probabilities": [-1.0337259769439697, -2.572977304458618, -3.060485363006592, -5.568477630615234], "predictions": [13, 16, 395, 396, 397, 17, 79, 398, 80, 18, 4], "target_tokens": ["[IN:GET_WEATHER", "[SL:WEATHER_ATTRIBUTE", "@ptr3", "@ptr5", "SL:WEATHER_ATTRIBUTE]", "[SL:DATE_TIME", "@ptr0", "@ptr1", "@ptr2", "SL:DATE_TIME]", "IN:GET_WEATHER]"], "predicted_tokens": ["[IN:GET_WEATHER", "[SL:DATE_TIME", "@ptr0", "@ptr1", "@ptr2", "SL:DATE_TIME]", "[SL:WEATHER_ATTRIBUTE", "@ptr3", "SL:WEATHER_ATTRIBUTE]", "IN:GET_WEATHER]"]}
{"loss": 4.08587121963501, "class_log_probabilities": [-1.198483943939209, -1.6546356678009033, -5.483273983001709, -6.48655366897583], "predictions": [219, 220, 4, 4, 4, 4, 4, 4, 4, 4, 4], "target_tokens": ["[IN:SUBTRACT_TIME_TIMER", "[SL:METHOD_TIMER", "@ptr4", "@ptr5", "@ptr6", "SL:METHOD_TIMER]", "[SL:DATE_TIME", "@ptr8", "@ptr9", "SL:DATE_TIME]", "IN:SUBTRACT_TIME_TIMER]"], "predicted_tokens": ["[IN:SUBTRACT_TIME_TIMER", "IN:SUBTRACT_TIME_TIMER]"]}
{"loss": 1.8407824039459229, "class_log_probabilities": [-1.417065978050232, -2.854944944381714, -3.1867072582244873, -3.9629805088043213], "predictions": [39, 40, 397, 41, 56, 401, 402, 403, 404, 405, 57, 42, 4, 4], "target_tokens": ["[IN:GET_STORIES_NEWS", "[SL:NEWS_TYPE", "@ptr1", "@ptr2", "SL:NEWS_TYPE]", "[SL:NEWS_TOPIC", "@ptr5", "@ptr6", "@ptr7", "@ptr8", "SL:NEWS_TOPIC]", "IN:GET_STORIES_NEWS]"], "predicted_tokens": ["[IN:GET_STORIES_NEWS", "[SL:NEWS_TYPE", "@ptr2", "SL:NEWS_TYPE]", "[SL:NEWS_TOPIC", "@ptr6", "@ptr7", "@ptr8", "@ptr9", "@ptr10", "SL:NEWS_TOPIC]", "IN:GET_STORIES_NEWS]"]}
{"loss": 3.2435050010681152, "class_log_probabilities": [-1.18410325050354, -2.1275875568389893, -5.9470672607421875, -7.203259468078613], "predictions": [63, 64, 399, 65, 66, 400, 401, 402, 403, 67, 68, 4], "target_tokens": ["[IN:PLAY_MUSIC", "[SL:MUSIC_GENRE", "@ptr5", "@ptr6", "@ptr7", "SL:MUSIC_GENRE]", "[SL:MUSIC_TYPE", "@ptr4", "SL:MUSIC_TYPE]", "IN:PLAY_MUSIC]"], "predicted_tokens": ["[IN:PLAY_MUSIC", "[SL:MUSIC_TYPE", "@ptr4", "SL:MUSIC_TYPE]", "[SL:MUSIC_ARTIST_NAME", "@ptr5", "@ptr6", "@ptr7", "@ptr8", "SL:MUSIC_ARTIST_NAME]", "IN:PLAY_MUSIC]"]}
{"loss": 3.065986394882202, "class_log_probabilities": [-0.8335282802581787, -1.8517508506774902, -6.103107929229736, -6.337458610534668], "predictions": [275, 90, 396, 91, 276, 4], "target_tokens": ["[IN:RESUME_TIMER", "[SL:METHOD_TIMER", "@ptr0", "@ptr1", "SL:METHOD_TIMER]", "IN:RESUME_TIMER]"], "predicted_tokens": ["[IN:RESUME_TIMER", "[SL:METHOD_TIMER", "@ptr1", "SL:METHOD_TIMER]", "IN:RESUME_TIMER]"]}
{"loss": 2.9092700481414795, "class_log_probabilities": [-0.45328450202941895, -4.557807445526123, -6.728988170623779, -7.032740592956543], "predictions": [219, 16, 400, 401, 17, 220, 4], "target_tokens": ["[IN:SUBTRACT_TIME_TIMER", "[SL:DATE_TIME", "@ptr5", "@ptr6", "SL:DATE_TIME]", "[SL:METHOD_TIMER", "@ptr1", "@ptr2", "@ptr3", "SL:METHOD_TIMER]", "IN:SUBTRACT_TIME_TIMER]"], "predicted_tokens": ["[IN:SUBTRACT_TIME_TIMER", "[SL:DATE_TIME", "@ptr5", "@ptr6", "SL:DATE_TIME]", "IN:SUBTRACT_TIME_TIMER]"]}
{"loss": 3.581240177154541, "class_log_probabilities": [-0.4818319082260132, -7.593418598175049, -7.759916305541992, -7.770451068878174], "predictions": [39, 40, 396, 41, 133, 398, 134, 42, 4], "target_tokens": ["[IN:GET_STORIES_NEWS", "[SL:NEWS_SOURCE", "@ptr3", "SL:NEWS_SOURCE]", "[SL:NEWS_TYPE", "@ptr0", "@ptr1", "SL:NEWS_TYPE]", "IN:GET_STORIES_NEWS]"], "predicted_tokens": ["[IN:GET_STORIES_NEWS", "[SL:NEWS_TYPE", "@ptr1", "SL:NEWS_TYPE]", "[SL:NEWS_SOURCE", "@ptr3", "SL:NEWS_SOURCE]", "IN:GET_STORIES_NEWS]"]}
{"loss": 3.9378325939178467, "class_log_probabilities": [-0.5317305326461792, -3.791231632232666, -4.220020294189453, -7.528326988220215], "predictions": [89, 90, 397, 91, 167, 398, 168, 92, 4, 4, 4], "target_tokens": ["[IN:CREATE_TIMER", "[SL:TIMER_NAME", "@ptr3", "SL:TIMER_NAME]", "[SL:METHOD_TIMER", "@ptr1", "@ptr2", "SL:METHOD_TIMER]", "IN:CREATE_TIMER]"], "predicted_tokens": ["[IN:CREATE_TIMER", "[SL:METHOD_TIMER", "@ptr2", "SL:METHOD_TIMER]", "[SL:TIMER_NAME", "@ptr3", "SL:TIMER_NAME]", "IN:CREATE_TIMER]"]}
{"loss": 2.8085739612579346, "class_log_probabilities": [-2.793551206588745, -3.833561658859253, -4.1371026039123535, -6.539759635925293], "predictions": [55, 16, 395, 396, 17, 56, 398, 399, 400, 401, 57, 58, 4], "target_tokens": ["[IN:QUESTION_NEWS", "[SL:NEWS_TOPIC", "@ptr3", "@ptr4", "@ptr5", "SL:NEWS_TOPIC]", "[SL:DATE_TIME", "@ptr0", "@ptr1", "SL:DATE_TIME]", "IN:QUESTION_NEWS]"], "predicted_tokens": ["[IN:QUESTION_NEWS", "[SL:DATE_TIME", "@ptr0", "@ptr1", "SL:DATE_TIME]", "[SL:NEWS_TOPIC", "@ptr3", "@ptr4", "@ptr5", "@ptr6", "SL:NEWS_TOPIC]", "IN:QUESTION_NEWS]"]}
{"loss": 3.2828993797302246, "class_log_probabilities": [-1.545731544494629, -1.7774466276168823, -5.8407392501831055, -6.220212459564209], "predictions": [13, 16, 395, 396, 17, 79, 400, 80, 18, 4, 4], "target_tokens": ["[IN:GET_WEATHER", "[SL:WEATHER_ATTRIBUTE", "@ptr5", "SL:WEATHER_ATTRIBUTE]", "[SL:DATE_TIME", "@ptr0", "@ptr1", "SL:DATE_TIME]", "IN:GET_WEATHER]"], "predicted_tokens": ["[IN:GET_WEATHER", "[SL:DATE_TIME", "@ptr0", "@ptr1", "SL:DATE_TIME]", "[SL:WEATHER_ATTRIBUTE", "@ptr5", "SL:WEATHER_ATTRIBUTE]", "IN:GET_WEATHER]"]}
{"loss": 4.446216106414795, "class_log_probabilities": [-0.17754945158958435, -7.162929058074951, -7.173947811126709, -7.491433143615723], "predictions": [115, 116, 4], "target_tokens": ["[IN:GET_ALARM", "IN:GET_ALARM]"], "predicted_tokens": ["[IN:GET_TIMER", "IN:GET_TIMER]"]}
{"loss": 1.5667033195495605, "class_log_probabilities": [-0.5653217434883118, -5.884568691253662, -6.824409008026123, -7.99161958694458], "predictions": [39, 40, 396, 41, 56, 401, 57, 42, 4, 4], "target_tokens": ["[IN:GET_STORIES_NEWS", "[SL:NEWS_TYPE", "@ptr1", "SL:NEWS_TYPE]", "[SL:NEWS_TOPIC", "@ptr5", "SL:NEWS_TOPIC]", "IN:GET_STORIES_NEWS]"], "predicted_tokens": ["[IN:GET_STORIES_NEWS", "[SL:NEWS_TYPE", "@ptr1", "SL:NEWS_TYPE]", "[SL:NEWS_TOPIC", "@ptr6", "SL:NEWS_TOPIC]", "IN:GET_STORIES_NEWS]"]}
{"loss": 2.676630735397339, "class_log_probabilities": [-0.6407402157783508, -7.328005313873291, -7.4240217208862305, -7.518976211547852], "predictions": [39, 40, 396, 41, 131, 397, 132, 56, 399, 57, 42, 4], "target_tokens": ["[IN:GET_STORIES_NEWS", "[SL:NEWS_REFERENCE", "@ptr2", "SL:NEWS_REFERENCE]", "[SL:NEWS_TOPIC", "@ptr4", "SL:NEWS_TOPIC]", "[SL:NEWS_TYPE", "@ptr1", "SL:NEWS_TYPE]", "IN:GET_STORIES_NEWS]"], "predicted_tokens": ["[IN:GET_STORIES_NEWS", "[SL:NEWS_TYPE", "@ptr1", "SL:NEWS_TYPE]", "[SL:NEWS_REFERENCE", "@ptr2", "SL:NEWS_REFERENCE]", "[SL:NEWS_TOPIC", "@ptr4", "SL:NEWS_TOPIC]", "IN:GET_STORIES_NEWS]"]}
{"loss": 1.622510313987732, "class_log_probabilities": [-0.4744226336479187, -5.556490898132324, -8.443384170532227, -8.4928617477417], "predictions": [13, 16, 397, 398, 399, 17, 18, 4], "target_tokens": ["[IN:GET_WEATHER", "[SL:DATE_TIME", "@ptr2", "@ptr3", "SL:DATE_TIME]", "IN:GET_WEATHER]"], "predicted_tokens": ["[IN:GET_WEATHER", "[SL:DATE_TIME", "@ptr2", "@ptr3", "@ptr4", "SL:DATE_TIME]", "IN:GET_WEATHER]"]}
{"loss": 0.9905736446380615, "class_log_probabilities": [-0.8167707920074463, -2.340383768081665, -6.408096790313721, -6.659372806549072], "predictions": [63, 64, 396, 65, 101, 399, 102, 68, 4, 4], "target_tokens": ["[IN:PLAY_MUSIC", "[SL:MUSIC_TYPE", "@ptr1", "SL:MUSIC_TYPE]", "[SL:MUSIC_TRACK_TITLE", "@ptr4", "SL:MUSIC_TRACK_TITLE]", "IN:PLAY_MUSIC]"], "predicted_tokens": ["[IN:PLAY_MUSIC", "[SL:MUSIC_TYPE", "@ptr1", "SL:MUSIC_TYPE]", "[SL:MUSIC_TRACK_TITLE", "@ptr4", "SL:MUSIC_TRACK_TITLE]", "IN:PLAY_MUSIC]"]}
{"loss": 4.117284297943115, "class_log_probabilities": [-1.1964573860168457, -3.495054244995117, -5.726988792419434, -5.965823173522949], "predictions": [63, 64, 396, 65, 206, 397, 398, 399, 400, 401, 402, 403, 404, 405, 406, 207, 68, 4], "target_tokens": ["[IN:PLAY_MUSIC", "[SL:MUSIC_ALBUM_TITLE", "@ptr9", "@ptr10", "SL:MUSIC_ALBUM_TITLE]", "[SL:MUSIC_TYPE", "@ptr6", "@ptr7", "@ptr8", "SL:MUSIC_TYPE]", "IN:PLAY_MUSIC]"], "predicted_tokens": ["[IN:PLAY_MUSIC", "[SL:MUSIC_TYPE", "@ptr1", "SL:MUSIC_TYPE]", "[SL:MUSIC_ALBUM_TITLE", "@ptr2", "@ptr3", "@ptr4", "@ptr5", "@ptr6", "@ptr7", "@ptr8", "@ptr9", "@ptr10", "@ptr11", "SL:MUSIC_ALBUM_TITLE]", "IN:PLAY_MUSIC]"]}
{"loss": 3.890988826751709, "class_log_probabilities": [-1.1190145015716553, -3.215299606323242, -3.5101840496063232, -4.165335655212402], "predictions": [13, 16, 395, 396, 17, 79, 398, 80, 18, 4, 4, 4, 4, 4], "target_tokens": ["[IN:GET_WEATHER", "[SL:WEATHER_ATTRIBUTE", "@ptr3", "@ptr4", "@ptr5", "@ptr6", "SL:WEATHER_ATTRIBUTE]", "[SL:DATE_TIME", "@ptr0", "@ptr1", "SL:DATE_TIME]", "IN:GET_WEATHER]"], "predicted_tokens": ["[IN:GET_WEATHER", "[SL:DATE_TIME", "@ptr0", "@ptr1", "SL:DATE_TIME]", "[SL:WEATHER_ATTRIBUTE", "@ptr3", "SL:WEATHER_ATTRIBUTE]", "IN:GET_WEATHER]"]}
{"loss": 3.359700918197632, "class_log_probabilities": [-1.0579710006713867, -2.316542148590088, -4.910791873931885, -6.8394455909729], "predictions": [13, 16, 395, 17, 79, 399, 80, 18, 4, 4], "target_tokens": ["[IN:GET_WEATHER", "[SL:WEATHER_ATTRIBUTE", "@ptr4", "@ptr5", "SL:WEATHER_ATTRIBUTE]", "[SL:DATE_TIME", "@ptr0", "@ptr1", "SL:DATE_TIME]", "IN:GET_WEATHER]"], "predicted_tokens": ["[IN:GET_WEATHER", "[SL:DATE_TIME", "@ptr0", "SL:DATE_TIME]", "[SL:WEATHER_ATTRIBUTE", "@ptr4", "SL:WEATHER_ATTRIBUTE]", "IN:GET_WEATHER]"]}
{"loss": 1.9782488346099854, "class_log_probabilities": [-1.01017165184021, -2.218651533126831, -5.8091721534729, -6.881167888641357], "predictions": [13, 14, 400, 401, 15, 18, 4, 4], "target_tokens": ["[IN:GET_WEATHER", "[SL:LOCATION", "@ptr4", "@ptr5", "SL:LOCATION]", "IN:GET_WEATHER]"], "predicted_tokens": ["[IN:GET_WEATHER", "[SL:LOCATION", "@ptr5", "@ptr6", "SL:LOCATION]", "IN:GET_WEATHER]"]}
{"loss": 2.1074330806732178, "class_log_probabilities": [-1.898687481880188, -2.6178324222564697, -2.826362371444702, -3.1199536323547363], "predictions": [273, 90, 402, 91, 274, 4, 4, 4], "target_tokens": ["[IN:RESTART_TIMER", "[SL:METHOD_TIMER", "@ptr4", "@ptr5", "@ptr6", "SL:METHOD_TIMER]", "IN:RESTART_TIMER]"], "predicted_tokens": ["[IN:RESTART_TIMER", "[SL:METHOD_TIMER", "@ptr7", "SL:METHOD_TIMER]", "IN:RESTART_TIMER]"]}
{"loss": 3.5951809883117676, "class_log_probabilities": [-0.9068930745124817, -3.4683103561401367, -4.203545570373535, -6.618472099304199], "predictions": [241, 64, 398, 65, 151, 399, 400, 152, 242, 4], "target_tokens": ["[IN:PLAY_MUSIC", "[SL:MUSIC_GENRE", "@ptr4", "SL:MUSIC_GENRE]", "[SL:MUSIC_TYPE", "@ptr3", "SL:MUSIC_TYPE]", "IN:PLAY_MUSIC]"], "predicted_tokens": ["[IN:SKIP_TRACK_MUSIC", "[SL:MUSIC_TYPE", "@ptr3", "SL:MUSIC_TYPE]", "[SL:MUSIC_GENRE", "@ptr4", "@ptr5", "SL:MUSIC_GENRE]", "IN:SKIP_TRACK_MUSIC]"]}
{"loss": 3.662767171859741, "class_log_probabilities": [-2.1177027225494385, -2.6492724418640137, -6.401482105255127, -6.59805154800415], "predictions": [89, 90, 397, 91, 16, 400, 401, 402, 17, 92, 4, 4], "target_tokens": ["[IN:CREATE_TIMER", "[SL:METHOD_TIMER", "@ptr1", "@ptr2", "@ptr3", "@ptr4", "SL:METHOD_TIMER]", "[SL:DATE_TIME", "@ptr5", "@ptr6", "SL:DATE_TIME]", "IN:CREATE_TIMER]"], "predicted_tokens": ["[IN:CREATE_TIMER", "[SL:METHOD_TIMER", "@ptr2", "SL:METHOD_TIMER]", "[SL:DATE_TIME", "@ptr5", "@ptr6", "@ptr7", "SL:DATE_TIME]", "IN:CREATE_TIMER]"]}
{"loss": 2.7041800022125244, "class_log_probabilities": [-0.6568623185157776, -7.322441577911377, -7.745715618133545, -8.426935195922852], "predictions": [45, 16, 399, 400, 401, 402, 403, 404, 405, 17, 46, 4, 4], "target_tokens": ["[IN:CREATE_ALARM", "[SL:DATE_TIME", "@ptr3", "@ptr4", "@ptr5", "@ptr6", "@ptr7", "@ptr8", "@ptr9", "SL:DATE_TIME]", "IN:CREATE_ALARM]"], "predicted_tokens": ["[IN:CREATE_ALARM", "[SL:DATE_TIME", "@ptr4", "@ptr5", "@ptr6", "@ptr7", "@ptr8", "@ptr9", "@ptr10", "SL:DATE_TIME]", "IN:CREATE_ALARM]"]}
{"loss": 1.6668754816055298, "class_log_probabilities": [-0.6800593733787537, -5.434481620788574, -6.5808491706848145, -7.599418640136719], "predictions": [13, 79, 395, 80, 16, 398, 399, 400, 17, 18, 4, 4], "target_tokens": ["[IN:GET_WEATHER", "[SL:WEATHER_ATTRIBUTE", "@ptr0", "@ptr2", "SL:WEATHER_ATTRIBUTE]", "[SL:DATE_TIME", "@ptr3", "@ptr4", "@ptr5", "SL:DATE_TIME]", "IN:GET_WEATHER]"], "predicted_tokens": ["[IN:GET_WEATHER", "[SL:WEATHER_ATTRIBUTE", "@ptr0", "SL:WEATHER_ATTRIBUTE]", "[SL:DATE_TIME", "@ptr3", "@ptr4", "@ptr5", "SL:DATE_TIME]", "IN:GET_WEATHER]"]}
{"loss": 3.0813989639282227, "class_log_probabilities": [-1.387115478515625, -3.020555257797241, -3.8380889892578125, -3.9572958946228027], "predictions": [229, 20, 398, 399, 21, 230, 4], "target_tokens": ["[IN:REWIND_MUSIC", "[SL:ORDINAL", "@ptr3", "SL:ORDINAL]", "[SL:MUSIC_REWIND_TIME", "@ptr2", "SL:MUSIC_REWIND_TIME]", "IN:REWIND_MUSIC]"], "predicted_tokens": ["[IN:PREVIOUS_TRACK_MUSIC", "[SL:ORDINAL", "@ptr3", "@ptr4", "SL:ORDINAL]", "IN:PREVIOUS_TRACK_MUSIC]"]}
{"loss": 1.0214487314224243, "class_log_probabilities": [-0.7875533103942871, -1.7267606258392334, -4.473593235015869, -5.026862144470215], "predictions": [217, 64, 397, 65, 218, 4], "target_tokens": ["[IN:GET_TRACK_INFO_MUSIC", "[SL:MUSIC_TYPE", "@ptr2", "SL:MUSIC_TYPE]", "IN:GET_TRACK_INFO_MUSIC]"], "predicted_tokens": ["[IN:GET_TRACK_INFO_MUSIC", "[SL:MUSIC_TYPE", "@ptr2", "SL:MUSIC_TYPE]", "IN:GET_TRACK_INFO_MUSIC]"]}
{"loss": 3.775482177734375, "class_log_probabilities": [-2.323509931564331, -2.4127635955810547, -3.6143746376037598, -3.8586580753326416], "predictions": [13, 16, 395, 396, 17, 79, 398, 399, 400, 80, 18, 4], "target_tokens": ["[IN:GET_WEATHER", "[SL:WEATHER_ATTRIBUTE", "@ptr5", "SL:WEATHER_ATTRIBUTE]", "[SL:DATE_TIME", "@ptr0", "@ptr1", "SL:DATE_TIME]", "IN:GET_WEATHER]"], "predicted_tokens": ["[IN:GET_WEATHER", "[SL:DATE_TIME", "@ptr0", "@ptr1", "SL:DATE_TIME]", "[SL:WEATHER_ATTRIBUTE", "@ptr3", "@ptr4", "@ptr5", "SL:WEATHER_ATTRIBUTE]", "IN:GET_WEATHER]"]}
{"loss": 3.8002727031707764, "class_log_probabilities": [-0.613013744354248, -6.176353931427002, -6.308276176452637, -6.4764790534973145], "predictions": [39, 40, 400, 41, 43, 402, 403, 44, 42, 4], "target_tokens": ["[IN:GET_STORIES_NEWS", "[SL:NEWS_CATEGORY", "@ptr7", "SL:NEWS_CATEGORY]", "[SL:NEWS_TYPE", "@ptr5", "SL:NEWS_TYPE]", "IN:GET_STORIES_NEWS]"], "predicted_tokens": ["[IN:GET_STORIES_NEWS", "[SL:NEWS_TYPE", "@ptr5", "SL:NEWS_TYPE]", "[SL:NEWS_CATEGORY", "@ptr7", "@ptr8", "SL:NEWS_CATEGORY]", "IN:GET_STORIES_NEWS]"]}
{"loss": 3.6613929271698, "class_log_probabilities": [-1.2304039001464844, -3.0194151401519775, -5.559332370758057, -6.03131103515625], "predictions": [63, 64, 397, 65, 101, 398, 399, 400, 102, 66, 403, 404, 405, 406, 407, 408, 409, 67, 68, 4, 4], "target_tokens": ["[IN:PLAY_MUSIC", "[SL:MUSIC_TRACK_TITLE", "@ptr3", "@ptr4", "@ptr5", "SL:MUSIC_TRACK_TITLE]", "[SL:MUSIC_ARTIST_NAME", "@ptr7", "@ptr8", "SL:MUSIC_ARTIST_NAME]", "[SL:MUSIC_PROVIDER_NAME", "@ptr10", "@ptr11", "@ptr12", "SL:MUSIC_PROVIDER_NAME]", "IN:PLAY_MUSIC]"], "predicted_tokens": ["[IN:PLAY_MUSIC", "[SL:MUSIC_TYPE", "@ptr2", "SL:MUSIC_TYPE]", "[SL:MUSIC_TRACK_TITLE", "@ptr3", "@ptr4", "@ptr5", "SL:MUSIC_TRACK_TITLE]", "[SL:MUSIC_ARTIST_NAME", "@ptr8", "@ptr9", "@ptr10", "@ptr11", "@ptr12", "@ptr13", "@ptr14", "SL:MUSIC_ARTIST_NAME]", "IN:PLAY_MUSIC]"]}
{"loss": 3.6582424640655518, "class_log_probabilities": [-7.3559064865112305, -8.217085838317871, -8.662505149841309, -9.640494346618652], "predictions": [301, 6, 396, 397, 7, 24, 403, 404, 405, 25, 302, 4, 4], "target_tokens": ["[IN:QUESTION_NEWS", "[SL:NEWS_TOPIC", "@ptr0", "@ptr1", "@ptr2", "@ptr3", "@ptr4", "@ptr5", "@ptr6", "@ptr7", "@ptr8", "@ptr9", "SL:NEWS_TOPIC]", "IN:QUESTION_NEWS]"], "predicted_tokens": ["[IN:GET_DETAILS_NEWS", "[SL:CONTACT", "@ptr1", "@ptr2", "SL:CONTACT]", "[SL:CONTENT_EXACT", "@ptr8", "@ptr9", "@ptr10", "SL:CONTENT_EXACT]", "IN:GET_DETAILS_NEWS]"]}
{"loss": 2.705479383468628, "class_log_probabilities": [-0.8658515214920044, -6.077587604522705, -6.5484442710876465, -6.805031776428223], "predictions": [13, 16, 395, 396, 397, 17, 14, 398, 15, 79, 402, 403, 80, 18, 4], "target_tokens": ["[IN:GET_WEATHER", "[SL:WEATHER_ATTRIBUTE", "@ptr6", "@ptr7", "SL:WEATHER_ATTRIBUTE]", "[SL:DATE_TIME", "@ptr0", "@ptr1", "@ptr2", "SL:DATE_TIME]", "[SL:LOCATION", "@ptr3", "SL:LOCATION]", "IN:GET_WEATHER]"], "predicted_tokens": ["[IN:GET_WEATHER", "[SL:DATE_TIME", "@ptr0", "@ptr1", "@ptr2", "SL:DATE_TIME]", "[SL:LOCATION", "@ptr3", "SL:LOCATION]", "[SL:WEATHER_ATTRIBUTE", "@ptr7", "@ptr8", "SL:WEATHER_ATTRIBUTE]", "IN:GET_WEATHER]"]}
{"loss": 2.632967472076416, "class_log_probabilities": [-1.3027442693710327, -3.190103054046631, -4.771352291107178, -4.824707984924316], "predictions": [45, 16, 400, 401, 402, 403, 404, 17, 46, 4, 4, 4, 4], "target_tokens": ["[IN:CREATE_ALARM", "[SL:ALARM_NAME", "@ptr1", "@ptr2", "@ptr3", "SL:ALARM_NAME]", "[SL:DATE_TIME", "@ptr4", "@ptr5", "@ptr6", "@ptr7", "@ptr8", "SL:DATE_TIME]", "IN:CREATE_ALARM]"], "predicted_tokens": ["[IN:CREATE_ALARM", "[SL:DATE_TIME", "@ptr5", "@ptr6", "@ptr7", "@ptr8", "@ptr9", "SL:DATE_TIME]", "IN:CREATE_ALARM]"]}
{"loss": 3.5460052490234375, "class_log_probabilities": [-1.1590162515640259, -3.9624862670898438, -5.263546943664551, -5.400783538818359], "predictions": [89, 16, 401, 402, 403, 404, 405, 17, 92, 4], "target_tokens": ["[IN:CREATE_ALARM", "[SL:DATE_TIME", "@ptr3", "@ptr4", "@ptr5", "@ptr6", "@ptr7", "@ptr8", "@ptr9", "SL:DATE_TIME]", "IN:CREATE_ALARM]"], "predicted_tokens": ["[IN:CREATE_TIMER", "[SL:DATE_TIME", "@ptr6", "@ptr7", "@ptr8", "@ptr9", "@ptr10", "SL:DATE_TIME]", "IN:CREATE_TIMER]"]}
{"loss": 3.577338218688965, "class_log_probabilities": [-1.0006730556488037, -4.289222240447998, -4.858335018157959, -4.911683559417725], "predictions": [13, 16, 395, 396, 17, 14, 399, 400, 401, 15, 18, 4], "target_tokens": ["[IN:GET_WEATHER", "[SL:LOCATION", "@ptr4", "@ptr5", "SL:LOCATION]", "[SL:DATE_TIME", "@ptr0", "@ptr1", "SL:DATE_TIME]", "IN:GET_WEATHER]"], "predicted_tokens": ["[IN:GET_WEATHER", "[SL:DATE_TIME", "@ptr0", "@ptr1", "SL:DATE_TIME]", "[SL:LOCATION", "@ptr4", "@ptr5", "@ptr6", "SL:LOCATION]", "IN:GET_WEATHER]"]}
{"loss": 2.6755990982055664, "class_log_probabilities": [-2.392530918121338, -3.994089365005493, -4.281002044677734, -6.091343402862549], "predictions": [47, 120, 401, 121, 48, 4, 4, 4, 4], "target_tokens": ["[IN:GET_ALARM", "[SL:AMOUNT", "@ptr5", "SL:AMOUNT]", "IN:GET_ALARM]"], "predicted_tokens": ["[IN:GET_REMINDER", "[SL:AMOUNT", "@ptr6", "SL:AMOUNT]", "IN:GET_REMINDER]"]}
{"loss": 3.7918219566345215, "class_log_probabilities": [-1.5578064918518066, -3.0348215103149414, -4.27546501159668, -4.588776111602783], "predictions": [63, 64, 396, 65, 101, 397, 398, 399, 102, 68, 4], "target_tokens": ["[IN:PLAY_MUSIC", "[SL:MUSIC_ARTIST_NAME", "@ptr2", "@ptr3", "SL:MUSIC_ARTIST_NAME]", "[SL:MUSIC_TYPE", "@ptr1", "SL:MUSIC_TYPE]", "IN:PLAY_MUSIC]"], "predicted_tokens": ["[IN:PLAY_MUSIC", "[SL:MUSIC_TYPE", "@ptr1", "SL:MUSIC_TYPE]", "[SL:MUSIC_TRACK_TITLE", "@ptr2", "@ptr3", "@ptr4", "SL:MUSIC_TRACK_TITLE]", "IN:PLAY_MUSIC]"]}
{"loss": 1.8513433933258057, "class_log_probabilities": [-1.1547662019729614, -3.162569761276245, -6.3118696212768555, -6.686576843261719], "predictions": [45, 16, 399, 400, 401, 402, 403, 404, 405, 406, 407, 408, 409, 410, 17, 46, 4, 4, 4, 4, 4, 4], "target_tokens": ["[IN:CREATE_ALARM", "[SL:DATE_TIME", "@ptr3", "@ptr4", "@ptr5", "@ptr6", "@ptr7", "@ptr8", "@ptr9", "@ptr10", "@ptr11", "@ptr12", "@ptr13", "@ptr14", "SL:DATE_TIME]", "IN:CREATE_ALARM]"], "predicted_tokens": ["[IN:CREATE_ALARM", "[SL:DATE_TIME", "@ptr4", "@ptr5", "@ptr6", "@ptr7", "@ptr8", "@ptr9", "@ptr10", "@ptr11", "@ptr12", "@ptr13", "@ptr14", "@ptr15", "SL:DATE_TIME]", "IN:CREATE_ALARM]"]}
{"loss": 3.606713056564331, "class_log_probabilities": [-1.3781249523162842, -3.090562582015991, -3.8096566200256348, -4.710509777069092], "predictions": [255, 16, 400, 401, 402, 17, 256, 4], "target_tokens": ["[IN:CREATE_TIMER", "[SL:METHOD_TIMER", "@ptr1", "@ptr2", "@ptr3", "SL:METHOD_TIMER]", "[SL:DATE_TIME", "@ptr4", "@ptr5", "@ptr6", "@ptr7", "SL:DATE_TIME]", "IN:CREATE_TIMER]"], "predicted_tokens": ["[IN:PAUSE_TIMER", "[SL:DATE_TIME", "@ptr5", "@ptr6", "@ptr7", "SL:DATE_TIME]", "IN:PAUSE_TIMER]"]}
{"loss": 2.2445671558380127, "class_log_probabilities": [-0.4421568214893341, -4.53748083114624, -5.05858039855957, -5.819478511810303], "predictions": [19, 22, 4, 4, 4, 4], "target_tokens": ["[IN:GET_ALARM", "[SL:ORDINAL", "@ptr9", "SL:ORDINAL]", "IN:GET_ALARM]"], "predicted_tokens": ["[IN:GET_ALARM", "IN:GET_ALARM]"]}
{"loss": 2.853172540664673, "class_log_probabilities": [-0.790047287940979, -3.485682725906372, -7.448055267333984, -7.781736373901367], "predictions": [45, 16, 399, 400, 401, 402, 403, 404, 405, 17, 46, 4], "target_tokens": ["[IN:CREATE_ALARM", "[SL:DATE_TIME", "@ptr3", "@ptr4", "@ptr5", "@ptr6", "@ptr7", "@ptr8", "SL:DATE_TIME]", "IN:CREATE_ALARM]"], "predicted_tokens": ["[IN:CREATE_ALARM", "[SL:DATE_TIME", "@ptr4", "@ptr5", "@ptr6", "@ptr7", "@ptr8", "@ptr9", "@ptr10", "SL:DATE_TIME]", "IN:CREATE_ALARM]"]}
{"loss": 4.077099800109863, "class_log_probabilities": [-1.5367975234985352, -1.548582673072815, -4.9872260093688965, -6.608726978302002], "predictions": [63, 64, 396, 65, 151, 398, 399, 400, 152, 68, 4], "target_tokens": ["[IN:PLAY_MUSIC", "[SL:MUSIC_GENRE", "@ptr2", "@ptr3", "@ptr4", "SL:MUSIC_GENRE]", "[SL:MUSIC_TYPE", "@ptr1", "SL:MUSIC_TYPE]", "IN:PLAY_MUSIC]"], "predicted_tokens": ["[IN:PLAY_MUSIC", "[SL:MUSIC_TYPE", "@ptr1", "SL:MUSIC_TYPE]", "[SL:MUSIC_GENRE", "@ptr3", "@ptr4", "@ptr5", "SL:MUSIC_GENRE]", "IN:PLAY_MUSIC]"]}
{"loss": 2.7969374656677246, "class_log_probabilities": [-1.718796968460083, -2.3463451862335205, -3.7882354259490967, -4.038611888885498], "predictions": [39, 40, 395, 41, 56, 396, 397, 57, 56, 399, 400, 401, 402, 403, 57, 42, 4], "target_tokens": ["[IN:GET_STORIES_NEWS", "[SL:NEWS_CATEGORY", "@ptr1", "@ptr2", "SL:NEWS_CATEGORY]", "[SL:NEWS_TYPE", "@ptr0", "SL:NEWS_TYPE]", "[SL:NEWS_TOPIC", "@ptr4", "@ptr5", "@ptr6", "@ptr7", "SL:NEWS_TOPIC]", "IN:GET_STORIES_NEWS]"], "predicted_tokens": ["[IN:GET_STORIES_NEWS", "[SL:NEWS_TYPE", "@ptr0", "SL:NEWS_TYPE]", "[SL:NEWS_TOPIC", "@ptr1", "@ptr2", "SL:NEWS_TOPIC]", "[SL:NEWS_TOPIC", "@ptr4", "@ptr5", "@ptr6", "@ptr7", "@ptr8", "SL:NEWS_TOPIC]", "IN:GET_STORIES_NEWS]"]}
{"loss": 0.9767438769340515, "class_log_probabilities": [-0.3094140291213989, -6.861347198486328, -7.30903959274292, -7.60720157623291], "predictions": [287, 64, 396, 65, 288, 4], "target_tokens": ["[IN:REPLAY_MUSIC", "[SL:MUSIC_TYPE", "@ptr1", "SL:MUSIC_TYPE]", "IN:REPLAY_MUSIC]"], "predicted_tokens": ["[IN:REPLAY_MUSIC", "[SL:MUSIC_TYPE", "@ptr1", "SL:MUSIC_TYPE]", "IN:REPLAY_MUSIC]"]}
{"loss": 2.637643814086914, "class_log_probabilities": [-1.9434189796447754, -5.156221866607666, -6.438033103942871, -8.235456466674805], "predictions": [63, 86, 399, 400, 401, 87, 68, 4, 4, 4, 4], "target_tokens": ["[IN:PLAY_MUSIC", "[SL:MUSIC_PLAYLIST_TITLE", "@ptr4", "@ptr5", "SL:MUSIC_PLAYLIST_TITLE]", "[SL:MUSIC_TYPE", "@ptr3", "SL:MUSIC_TYPE]", "IN:PLAY_MUSIC]"], "predicted_tokens": ["[IN:PLAY_MUSIC", "[SL:MUSIC_PLAYLIST_TITLE", "@ptr4", "@ptr5", "@ptr6", "SL:MUSIC_PLAYLIST_TITLE]", "IN:PLAY_MUSIC]"]}
{"loss": 3.0511348247528076, "class_log_probabilities": [-1.3330934047698975, -3.2391068935394287, -4.102306365966797, -6.026754379272461], "predictions": [51, 52, 398, 399, 400, 53, 54, 4, 4, 4], "target_tokens": ["[IN:CREATE_PLAYLIST_MUSIC", "[SL:MUSIC_TYPE", "@ptr2", "@ptr3", "@ptr4", "@ptr5", "SL:MUSIC_TYPE]", "IN:CREATE_PLAYLIST_MUSIC]"], "predicted_tokens": ["[IN:GET_RECIPES", "[SL:RECIPES_DISH", "@ptr3", "@ptr4", "@ptr5", "SL:RECIPES_DISH]", "IN:GET_RECIPES]"]}
{"loss": 2.935269594192505, "class_log_probabilities": [-1.75273859500885, -2.1702990531921387, -4.407214164733887, -5.827472686767578], "predictions": [89, 90, 396, 91, 16, 397, 398, 17, 167, 400, 401, 402, 168, 92, 4], "target_tokens": ["[IN:CREATE_TIMER", "[SL:DATE_TIME", "@ptr2", "@ptr3", "SL:DATE_TIME]", "[SL:METHOD_TIMER", "@ptr0", "@ptr1", "SL:METHOD_TIMER]", "[SL:TIMER_NAME", "@ptr5", "@ptr6", "SL:TIMER_NAME]", "IN:CREATE_TIMER]"], "predicted_tokens": ["[IN:CREATE_TIMER", "[SL:METHOD_TIMER", "@ptr1", "SL:METHOD_TIMER]", "[SL:DATE_TIME", "@ptr2", "@ptr3", "SL:DATE_TIME]", "[SL:TIMER_NAME", "@ptr5", "@ptr6", "@ptr7", "SL:TIMER_NAME]", "IN:CREATE_TIMER]"]}
{"loss": 0.9794418215751648, "class_log_probabilities": [-0.3009732961654663, -8.25762939453125, -8.3610258102417, -8.462448120117188], "predictions": [287, 64, 398, 65, 288, 4, 4], "target_tokens": ["[IN:REPLAY_MUSIC", "[SL:MUSIC_TYPE", "@ptr3", "SL:MUSIC_TYPE]", "IN:REPLAY_MUSIC]"], "predicted_tokens": ["[IN:REPLAY_MUSIC", "[SL:MUSIC_TYPE", "@ptr3", "SL:MUSIC_TYPE]", "IN:REPLAY_MUSIC]"]}
{"loss": 2.2754385471343994, "class_log_probabilities": [-0.9367570877075195, -7.232844352722168, -7.24953556060791, -7.349978446960449], "predictions": [39, 40, 396, 41, 56, 402, 403, 404, 405, 406, 407, 57, 42, 4], "target_tokens": ["[IN:GET_STORIES_NEWS", "[SL:NEWS_TYPE", "@ptr1", "SL:NEWS_TYPE]", "[SL:NEWS_TOPIC", "@ptr6", "@ptr7", "@ptr8", "@ptr9", "@ptr10", "SL:NEWS_TOPIC]", "IN:GET_STORIES_NEWS]"], "predicted_tokens": ["[IN:GET_STORIES_NEWS", "[SL:NEWS_TYPE", "@ptr1", "SL:NEWS_TYPE]", "[SL:NEWS_TOPIC", "@ptr7", "@ptr8", "@ptr9", "@ptr10", "@ptr11", "@ptr12", "SL:NEWS_TOPIC]", "IN:GET_STORIES_NEWS]"]}
{"loss": 0.9832496643066406, "class_log_probabilities": [-0.2919050455093384, -8.111380577087402, -8.446566581726074, -8.536428451538086], "predictions": [287, 64, 398, 65, 288, 4, 4], "target_tokens": ["[IN:REPLAY_MUSIC", "[SL:MUSIC_TYPE", "@ptr3", "SL:MUSIC_TYPE]", "IN:REPLAY_MUSIC]"], "predicted_tokens": ["[IN:REPLAY_MUSIC", "[SL:MUSIC_TYPE", "@ptr3", "SL:MUSIC_TYPE]", "IN:REPLAY_MUSIC]"]}
{"loss": 2.216005563735962, "class_log_probabilities": [-0.4170896112918854, -6.030309677124023, -6.042054653167725, -7.973581790924072], "predictions": [217, 64, 395, 65, 64, 399, 65, 218, 4, 4, 4, 4], "target_tokens": ["[IN:GET_TRACK_INFO_MUSIC", "[SL:MUSIC_TYPE", "@ptr4", "SL:MUSIC_TYPE]", "IN:GET_TRACK_INFO_MUSIC]"], "predicted_tokens": ["[IN:GET_TRACK_INFO_MUSIC", "[SL:MUSIC_TYPE", "@ptr0", "SL:MUSIC_TYPE]", "[SL:MUSIC_TYPE", "@ptr4", "SL:MUSIC_TYPE]", "IN:GET_TRACK_INFO_MUSIC]"]}
{"loss": 1.208688735961914, "class_log_probabilities": [-1.691239356994629, -2.174221992492676, -2.2394940853118896, -6.488798141479492], "predictions": [13, 14, 398, 399, 15, 18, 4], "target_tokens": ["[IN:GET_WEATHER", "[SL:LOCATION", "@ptr3", "SL:LOCATION]", "IN:GET_WEATHER]"], "predicted_tokens": ["[IN:GET_WEATHER", "[SL:LOCATION", "@ptr3", "@ptr4", "SL:LOCATION]", "IN:GET_WEATHER]"]}
{"loss": 0.9630274772644043, "class_log_probabilities": [-0.34119924902915955, -8.040104866027832, -8.312704086303711, -8.36266040802002], "predictions": [13, 79, 395, 80, 18, 4], "target_tokens": ["[IN:GET_WEATHER", "[SL:WEATHER_ATTRIBUTE", "@ptr0", "SL:WEATHER_ATTRIBUTE]", "IN:GET_WEATHER]"], "predicted_tokens": ["[IN:GET_WEATHER", "[SL:WEATHER_ATTRIBUTE", "@ptr0", "SL:WEATHER_ATTRIBUTE]", "IN:GET_WEATHER]"]}
{"loss": 4.74666690826416, "class_log_probabilities": [-0.6841232776641846, -3.4613289833068848, -5.096429824829102, -6.875845432281494], "predictions": [13, 14, 397, 15, 16, 399, 400, 17, 18, 4, 4, 4, 4], "target_tokens": ["[IN:GET_WEATHER", "[SL:DATE_TIME", "@ptr3", "@ptr4", "SL:DATE_TIME]", "[SL:LOCATION", "@ptr2", "SL:LOCATION]", "IN:GET_WEATHER]"], "predicted_tokens": ["[IN:GET_WEATHER", "[SL:LOCATION", "@ptr2", "SL:LOCATION]", "[SL:DATE_TIME", "@ptr4", "@ptr5", "SL:DATE_TIME]", "IN:GET_WEATHER]"]}
{"loss": 0.9637249708175659, "class_log_probabilities": [-0.570600152015686, -6.090545177459717, -7.249768257141113, -8.361444473266602], "predictions": [89, 90, 397, 91, 16, 398, 399, 17, 92, 4, 4], "target_tokens": ["[IN:CREATE_TIMER", "[SL:METHOD_TIMER", "@ptr2", "SL:METHOD_TIMER]", "[SL:DATE_TIME", "@ptr3", "@ptr4", "SL:DATE_TIME]", "IN:CREATE_TIMER]"], "predicted_tokens": ["[IN:CREATE_TIMER", "[SL:METHOD_TIMER", "@ptr2", "SL:METHOD_TIMER]", "[SL:DATE_TIME", "@ptr3", "@ptr4", "SL:DATE_TIME]", "IN:CREATE_TIMER]"]}
{"loss": 3.8075289726257324, "class_log_probabilities": [-2.152224063873291, -2.4300081729888916, -2.790776252746582, -3.7557106018066406], "predictions": [63, 64, 396, 65, 66, 399, 400, 401, 402, 403, 404, 67, 68, 4], "target_tokens": ["[IN:PREVIOUS_TRACK_MUSIC", "[SL:ORDINAL", "@ptr2", "SL:ORDINAL]", "[SL:MUSIC_ARTIST_NAME", "@ptr4", "@ptr5", "@ptr6", "@ptr7", "@ptr8", "SL:MUSIC_ARTIST_NAME]", "[SL:MUSIC_TYPE", "@ptr1", "SL:MUSIC_TYPE]", "IN:PREVIOUS_TRACK_MUSIC]"], "predicted_tokens": ["[IN:PLAY_MUSIC", "[SL:MUSIC_TYPE", "@ptr1", "SL:MUSIC_TYPE]", "[SL:MUSIC_ARTIST_NAME", "@ptr4", "@ptr5", "@ptr6", "@ptr7", "@ptr8", "@ptr9", "SL:MUSIC_ARTIST_NAME]", "IN:PLAY_MUSIC]"]}
{"loss": 3.9455761909484863, "class_log_probabilities": [-0.2912425994873047, -8.274937629699707, -8.358778953552246, -8.383687019348145], "predictions": [115, 90, 397, 91, 116, 4, 4], "target_tokens": ["[IN:GET_TIMER", "[SL:METHOD_TIMER", "@ptr0", "@ptr1", "@ptr2", "SL:METHOD_TIMER]", "IN:GET_TIMER]"], "predicted_tokens": ["[IN:GET_TIMER", "[SL:METHOD_TIMER", "@ptr2", "SL:METHOD_TIMER]", "IN:GET_TIMER]"]}
{"loss": 1.0083014965057373, "class_log_probabilities": [-0.8373995423316956, -2.34721302986145, -4.837897300720215, -5.755842208862305], "predictions": [217, 64, 395, 65, 218, 4], "target_tokens": ["[IN:GET_TRACK_INFO_MUSIC", "[SL:MUSIC_TYPE", "@ptr0", "SL:MUSIC_TYPE]", "IN:GET_TRACK_INFO_MUSIC]"], "predicted_tokens": ["[IN:GET_TRACK_INFO_MUSIC", "[SL:MUSIC_TYPE", "@ptr0", "SL:MUSIC_TYPE]", "IN:GET_TRACK_INFO_MUSIC]"]}
{"loss": 1.7615759372711182, "class_log_probabilities": [-0.5536798238754272, -7.113930702209473, -7.234436988830566, -7.588693618774414], "predictions": [13, 79, 397, 398, 399, 400, 80, 18, 4, 4], "target_tokens": ["[IN:GET_WEATHER", "[SL:WEATHER_ATTRIBUTE", "@ptr2", "@ptr3", "@ptr4", "SL:WEATHER_ATTRIBUTE]", "IN:GET_WEATHER]"], "predicted_tokens": ["[IN:GET_WEATHER", "[SL:WEATHER_ATTRIBUTE", "@ptr2", "@ptr3", "@ptr4", "@ptr5", "SL:WEATHER_ATTRIBUTE]", "IN:GET_WEATHER]"]}
{"loss": 1.7661646604537964, "class_log_probabilities": [-1.025808572769165, -2.6214988231658936, -6.571612358093262, -8.800413131713867], "predictions": [45, 16, 399, 400, 401, 402, 403, 404, 405, 406, 17, 46, 4, 4, 4, 4, 4, 4, 4, 4], "target_tokens": ["[IN:CREATE_ALARM", "[SL:DATE_TIME", "@ptr3", "@ptr4", "@ptr5", "@ptr6", "@ptr7", "@ptr8", "@ptr9", "SL:DATE_TIME]", "IN:CREATE_ALARM]"], "predicted_tokens": ["[IN:CREATE_ALARM", "[SL:DATE_TIME", "@ptr4", "@ptr5", "@ptr6", "@ptr7", "@ptr8", "@ptr9", "@ptr10", "@ptr11", "SL:DATE_TIME]", "IN:CREATE_ALARM]"]}
{"loss": 2.1949124336242676, "class_log_probabilities": [-1.450720191001892, -1.6939908266067505, -5.344759464263916, -5.669961452484131], "predictions": [225, 90, 398, 91, 226, 4], "target_tokens": ["[IN:DELETE_TIMER", "[SL:METHOD_TIMER", "@ptr1", "@ptr2", "@ptr3", "SL:METHOD_TIMER]", "IN:DELETE_TIMER]"], "predicted_tokens": ["[IN:DELETE_TIMER", "[SL:METHOD_TIMER", "@ptr3", "SL:METHOD_TIMER]", "IN:DELETE_TIMER]"]}
{"loss": 1.9058265686035156, "class_log_probabilities": [-2.9328856468200684, -3.7452147006988525, -4.215978145599365, -4.297263145446777], "predictions": [287, 101, 397, 398, 399, 400, 102, 288, 4], "target_tokens": ["[IN:REPLAY_MUSIC", "[SL:MUSIC_TYPE", "@ptr2", "@ptr3", "@ptr4", "@ptr5", "SL:MUSIC_TYPE]", "IN:REPLAY_MUSIC]"], "predicted_tokens": ["[IN:REPLAY_MUSIC", "[SL:MUSIC_TRACK_TITLE", "@ptr2", "@ptr3", "@ptr4", "@ptr5", "SL:MUSIC_TRACK_TITLE]", "IN:REPLAY_MUSIC]"]}
{"loss": 1.930007815361023, "class_log_probabilities": [-0.5727248787879944, -3.7427597045898438, -5.45483922958374, -7.103344440460205], "predictions": [55, 56, 395, 396, 397, 398, 57, 58, 4, 4], "target_tokens": ["[IN:QUESTION_NEWS", "[SL:NEWS_TOPIC", "@ptr2", "@ptr3", "SL:NEWS_TOPIC]", "IN:QUESTION_NEWS]"], "predicted_tokens": ["[IN:QUESTION_NEWS", "[SL:NEWS_TOPIC", "@ptr0", "@ptr1", "@ptr2", "@ptr3", "SL:NEWS_TOPIC]", "IN:QUESTION_NEWS]"]}
{"loss": 1.0932210683822632, "class_log_probabilities": [-1.8844106197357178, -2.280881881713867, -2.709822177886963, -3.1158032417297363], "predictions": [45, 16, 399, 400, 401, 402, 403, 404, 405, 406, 407, 17, 46, 4, 4], "target_tokens": ["[IN:CREATE_ALARM", "[SL:DATE_TIME", "@ptr3", "@ptr4", "@ptr5", "@ptr6", "@ptr7", "@ptr8", "@ptr9", "@ptr10", "@ptr11", "SL:DATE_TIME]", "IN:CREATE_ALARM]"], "predicted_tokens": ["[IN:CREATE_ALARM", "[SL:DATE_TIME", "@ptr4", "@ptr5", "@ptr6", "@ptr7", "@ptr8", "@ptr9", "@ptr10", "@ptr11", "@ptr12", "SL:DATE_TIME]", "IN:CREATE_ALARM]"]}
{"loss": 0.9953646659851074, "class_log_probabilities": [-0.2803434133529663, -7.828559875488281, -8.000995635986328, -8.016687393188477], "predictions": [169, 64, 397, 65, 170, 4, 4], "target_tokens": ["[IN:REMOVE_FROM_PLAYLIST_MUSIC", "[SL:MUSIC_TYPE", "@ptr2", "SL:MUSIC_TYPE]", "IN:REMOVE_FROM_PLAYLIST_MUSIC]"], "predicted_tokens": ["[IN:REMOVE_FROM_PLAYLIST_MUSIC", "[SL:MUSIC_TYPE", "@ptr2", "SL:MUSIC_TYPE]", "IN:REMOVE_FROM_PLAYLIST_MUSIC]"]}
{"loss": 3.4337475299835205, "class_log_probabilities": [-1.011479377746582, -1.955918550491333, -4.074192047119141, -5.6433186531066895], "predictions": [183, 184, 4, 4, 4, 4, 4, 4, 4, 4, 4], "target_tokens": ["[IN:ADD_TIME_TIMER", "[SL:METHOD_TIMER", "@ptr1", "@ptr2", "@ptr3", "SL:METHOD_TIMER]", "[SL:DATE_TIME", "@ptr6", "@ptr7", "@ptr8", "SL:DATE_TIME]", "IN:ADD_TIME_TIMER]"], "predicted_tokens": ["[IN:ADD_TIME_TIMER", "IN:ADD_TIME_TIMER]"]}
{"loss": 2.254194736480713, "class_log_probabilities": [-0.641414999961853, -5.872111797332764, -8.123262405395508, -8.391468048095703], "predictions": [45, 16, 399, 400, 401, 402, 17, 46, 4, 4], "target_tokens": ["[IN:CREATE_ALARM", "[SL:DATE_TIME", "@ptr3", "@ptr4", "@ptr5", "@ptr6", "SL:DATE_TIME]", "IN:CREATE_ALARM]"], "predicted_tokens": ["[IN:CREATE_ALARM", "[SL:DATE_TIME", "@ptr4", "@ptr5", "@ptr6", "@ptr7", "SL:DATE_TIME]", "IN:CREATE_ALARM]"]}
{"loss": 1.3373390436172485, "class_log_probabilities": [-0.46233049035072327, -2.8540821075439453, -7.804615497589111, -8.362007141113281], "predictions": [39, 40, 401, 41, 42, 4], "target_tokens": ["[IN:GET_STORIES_NEWS", "[SL:NEWS_TYPE", "@ptr5", "SL:NEWS_TYPE]", "IN:GET_STORIES_NEWS]"], "predicted_tokens": ["[IN:GET_STORIES_NEWS", "[SL:NEWS_TYPE", "@ptr6", "SL:NEWS_TYPE]", "IN:GET_STORIES_NEWS]"]}
{"loss": 2.4951415061950684, "class_log_probabilities": [-1.239111065864563, -1.811716914176941, -6.263554096221924, -6.860055923461914], "predictions": [89, 90, 396, 91, 16, 397, 398, 17, 92, 4, 4], "target_tokens": ["[IN:CREATE_TIMER", "[SL:METHOD_TIMER", "@ptr0", "@ptr1", "SL:METHOD_TIMER]", "[SL:DATE_TIME", "@ptr2", "@ptr3", "SL:DATE_TIME]", "IN:CREATE_TIMER]"], "predicted_tokens": ["[IN:CREATE_TIMER", "[SL:METHOD_TIMER", "@ptr1", "SL:METHOD_TIMER]", "[SL:DATE_TIME", "@ptr2", "@ptr3", "SL:DATE_TIME]", "IN:CREATE_TIMER]"]}
{"loss": 4.518569469451904, "class_log_probabilities": [-0.5753298401832581, -7.86944580078125, -7.982371807098389, -8.003951072692871], "predictions": [89, 90, 398, 91, 16, 400, 401, 402, 17, 92, 4], "target_tokens": ["[IN:CREATE_TIMER", "[SL:METHOD_TIMER", "@ptr1", "@ptr2", "@ptr3", "SL:METHOD_TIMER]", "[SL:DATE_TIME", "@ptr4", "@ptr5", "@ptr6", "SL:DATE_TIME]", "IN:CREATE_TIMER]"], "predicted_tokens": ["[IN:CREATE_TIMER", "[SL:METHOD_TIMER", "@ptr3", "SL:METHOD_TIMER]", "[SL:DATE_TIME", "@ptr5", "@ptr6", "@ptr7", "SL:DATE_TIME]", "IN:CREATE_TIMER]"]}
{"loss": 3.897883415222168, "class_log_probabilities": [-0.894078254699707, -4.63713264465332, -5.1245551109313965, -5.559020042419434], "predictions": [39, 40, 398, 399, 41, 56, 403, 404, 405, 406, 407, 57, 42, 4], "target_tokens": ["[IN:GET_STORIES_NEWS", "[SL:NEWS_TYPE", "@ptr2", "@ptr3", "SL:NEWS_TYPE]", "[SL:NEWS_TOPIC", "@ptr6", "@ptr7", "@ptr8", "@ptr9", "SL:NEWS_TOPIC]", "IN:GET_STORIES_NEWS]"], "predicted_tokens": ["[IN:GET_STORIES_NEWS", "[SL:NEWS_TYPE", "@ptr3", "@ptr4", "SL:NEWS_TYPE]", "[SL:NEWS_TOPIC", "@ptr8", "@ptr9", "@ptr10", "@ptr11", "@ptr12", "SL:NEWS_TOPIC]", "IN:GET_STORIES_NEWS]"]}
{"loss": 2.6595382690429688, "class_log_probabilities": [-1.8247687816619873, -2.426009178161621, -3.2728562355041504, -4.675215244293213], "predictions": [85, 86, 398, 399, 87, 88, 4, 4, 4], "target_tokens": ["[IN:CREATE_PLAYLIST_MUSIC", "[SL:MUSIC_PLAYLIST_TITLE", "@ptr3", "SL:MUSIC_PLAYLIST_TITLE]", "[SL:MUSIC_TYPE", "@ptr2", "SL:MUSIC_TYPE]", "IN:CREATE_PLAYLIST_MUSIC]"], "predicted_tokens": ["[IN:CREATE_PLAYLIST_MUSIC", "[SL:MUSIC_PLAYLIST_TITLE", "@ptr3", "@ptr4", "SL:MUSIC_PLAYLIST_TITLE]", "IN:CREATE_PLAYLIST_MUSIC]"]}
{"loss": 2.481550693511963, "class_log_probabilities": [-0.7107895016670227, -6.177008628845215, -7.742059707641602, -7.992308616638184], "predictions": [45, 16, 399, 400, 401, 402, 403, 404, 405, 406, 17, 46, 4], "target_tokens": ["[IN:CREATE_ALARM", "[SL:DATE_TIME", "@ptr2", "@ptr3", "@ptr4", "@ptr5", "@ptr6", "@ptr7", "@ptr8", "@ptr9", "@ptr10", "SL:DATE_TIME]", "IN:CREATE_ALARM]"], "predicted_tokens": ["[IN:CREATE_ALARM", "[SL:DATE_TIME", "@ptr4", "@ptr5", "@ptr6", "@ptr7", "@ptr8", "@ptr9", "@ptr10", "@ptr11", "SL:DATE_TIME]", "IN:CREATE_ALARM]"]}
{"loss": 2.9676513671875, "class_log_probabilities": [-0.4796197712421417, -8.283559799194336, -8.59211540222168, -8.878779411315918], "predictions": [45, 16, 399, 400, 401, 17, 46, 4], "target_tokens": ["[IN:CREATE_ALARM", "[SL:DATE_TIME", "@ptr3", "@ptr4", "@ptr5", "SL:DATE_TIME]", "IN:CREATE_ALARM]"], "predicted_tokens": ["[IN:CREATE_ALARM", "[SL:DATE_TIME", "@ptr4", "@ptr5", "@ptr6", "SL:DATE_TIME]", "IN:CREATE_ALARM]"]}
{"loss": 4.543154716491699, "class_log_probabilities": [-0.2521789073944092, -4.336991310119629, -7.599398612976074, -8.479703903198242], "predictions": [115, 116, 4, 4, 4, 4], "target_tokens": ["[IN:GET_TIMER", "[SL:METHOD_TIMER", "@ptr0", "@ptr1", "@ptr2", "@ptr3", "@ptr4", "@ptr5", "SL:METHOD_TIMER]", "IN:GET_TIMER]"], "predicted_tokens": ["[IN:GET_TIMER", "IN:GET_TIMER]"]}
{"loss": 3.237957000732422, "class_log_probabilities": [-1.3229080438613892, -1.8288439512252808, -2.936204433441162, -6.443601608276367], "predictions": [165, 129, 396, 130, 279, 398, 280, 166, 4, 4, 4, 4], "target_tokens": ["[IN:IS_TRUE_RECIPES", "[SL:RECIPES_TYPE_NUTRITION", "@ptr3", "SL:RECIPES_TYPE_NUTRITION]", "[SL:RECIPES_INCLUDED_INGREDIENT", "@ptr1", "SL:RECIPES_INCLUDED_INGREDIENT]", "IN:IS_TRUE_RECIPES]"], "predicted_tokens": ["[IN:IS_TRUE_RECIPES", "[SL:RECIPES_INCLUDED_INGREDIENT", "@ptr1", "SL:RECIPES_INCLUDED_INGREDIENT]", "[SL:RECIPES_TYPE_NUTRITION", "@ptr3", "SL:RECIPES_TYPE_NUTRITION]", "IN:IS_TRUE_RECIPES]"]}
{"loss": 3.4112956523895264, "class_log_probabilities": [-1.3868687152862549, -3.209092140197754, -4.860077857971191, -5.327190399169922], "predictions": [27, 279, 396, 397, 280, 52, 400, 401, 53, 30, 4, 4], "target_tokens": ["[IN:GET_INFO_RECIPES", "[SL:RECIPES_DISH", "@ptr4", "@ptr5", "SL:RECIPES_DISH]", "IN:GET_INFO_RECIPES]"], "predicted_tokens": ["[IN:GET_INFO_RECIPES", "[SL:RECIPES_TYPE_NUTRITION", "@ptr1", "@ptr2", "SL:RECIPES_TYPE_NUTRITION]", "[SL:RECIPES_DISH", "@ptr5", "@ptr6", "SL:RECIPES_DISH]", "IN:GET_INFO_RECIPES]"]}
{"loss": 4.14591646194458, "class_log_probabilities": [-1.357131838798523, -3.9431662559509277, -4.729032516479492, -5.18047571182251], "predictions": [51, 129, 401, 130, 52, 404, 405, 53, 54, 4, 4], "target_tokens": ["[IN:GET_RECIPES", "[SL:RECIPES_DISH", "@ptr6", "SL:RECIPES_DISH]", "[SL:RECIPES_ATTRIBUTE", "@ptr7", "@ptr8", "@ptr9", "SL:RECIPES_ATTRIBUTE]", "IN:GET_RECIPES]"], "predicted_tokens": ["[IN:GET_RECIPES", "[SL:RECIPES_INCLUDED_INGREDIENT", "@ptr6", "SL:RECIPES_INCLUDED_INGREDIENT]", "[SL:RECIPES_DISH", "@ptr9", "@ptr10", "SL:RECIPES_DISH]", "IN:GET_RECIPES]"]}
{"loss": 1.8095221519470215, "class_log_probabilities": [-0.521219789981842, -4.989072322845459, -6.769667625427246, -6.856470584869385], "predictions": [51, 52, 398, 399, 400, 401, 53, 54, 4, 4], "target_tokens": ["[IN:GET_RECIPES", "[SL:RECIPES_DISH", "@ptr3", "@ptr4", "@ptr5", "SL:RECIPES_DISH]", "IN:GET_RECIPES]"], "predicted_tokens": ["[IN:GET_RECIPES", "[SL:RECIPES_DISH", "@ptr3", "@ptr4", "@ptr5", "@ptr6", "SL:RECIPES_DISH]", "IN:GET_RECIPES]"]}
{"loss": 0.96615070104599, "class_log_probabilities": [-0.372675359249115, -7.6247453689575195, -7.825456142425537, -8.168778419494629], "predictions": [51, 52, 397, 398, 53, 54, 4], "target_tokens": ["[IN:GET_RECIPES", "[SL:RECIPES_DISH", "@ptr2", "@ptr3", "SL:RECIPES_DISH]", "IN:GET_RECIPES]"], "predicted_tokens": ["[IN:GET_RECIPES", "[SL:RECIPES_DISH", "@ptr2", "@ptr3", "SL:RECIPES_DISH]", "IN:GET_RECIPES]"]}
{"loss": 0.9693606495857239, "class_log_probabilities": [-1.1480149030685425, -6.057278633117676, -6.136053562164307, -6.461374759674072], "predictions": [27, 52, 398, 399, 400, 401, 402, 403, 404, 53, 30, 4], "target_tokens": ["[IN:GET_INFO_RECIPES", "[SL:RECIPES_DISH", "@ptr3", "@ptr4", "@ptr5", "@ptr6", "@ptr7", "@ptr8", "@ptr9", "SL:RECIPES_DISH]", "IN:GET_INFO_RECIPES]"], "predicted_tokens": ["[IN:GET_INFO_RECIPES", "[SL:RECIPES_DISH", "@ptr3", "@ptr4", "@ptr5", "@ptr6", "@ptr7", "@ptr8", "@ptr9", "SL:RECIPES_DISH]", "IN:GET_INFO_RECIPES]"]}
{"loss": 2.650573492050171, "class_log_probabilities": [-2.55509877204895, -2.844557046890259, -3.141099214553833, -3.4173495769500732], "predictions": [51, 52, 397, 398, 399, 53, 129, 403, 404, 405, 406, 130, 54, 4], "target_tokens": ["[IN:GET_RECIPES", "[SL:RECIPES_DISH", "@ptr2", "@ptr3", "SL:RECIPES_DISH]", "[SL:RECIPES_EXCLUDED_INGREDIENT", "@ptr7", "@ptr8", "SL:RECIPES_EXCLUDED_INGREDIENT]", "IN:GET_RECIPES]"], "predicted_tokens": ["[IN:GET_RECIPES", "[SL:RECIPES_DISH", "@ptr2", "@ptr3", "@ptr4", "SL:RECIPES_DISH]", "[SL:RECIPES_INCLUDED_INGREDIENT", "@ptr8", "@ptr9", "@ptr10", "@ptr11", "SL:RECIPES_INCLUDED_INGREDIENT]", "IN:GET_RECIPES]"]}
{"loss": 1.5260473489761353, "class_log_probabilities": [-0.7434703707695007, -3.3520009517669678, -4.308218479156494, -4.951857566833496], "predictions": [23, 269, 401, 402, 270, 26, 4], "target_tokens": ["[IN:SEND_MESSAGE", "[SL:GROUP", "@ptr6", "SL:GROUP]", "IN:SEND_MESSAGE]"], "predicted_tokens": ["[IN:SEND_MESSAGE", "[SL:GROUP", "@ptr6", "@ptr7", "SL:GROUP]", "IN:SEND_MESSAGE]"]}
{"loss": 2.2844603061676025, "class_log_probabilities": [-1.6848280429840088, -2.621657133102417, -3.560544967651367, -4.617556571960449], "predictions": [23, 269, 399, 400, 401, 402, 270, 24, 407, 408, 409, 410, 411, 25, 26, 4, 4], "target_tokens": ["[IN:SEND_MESSAGE", "[SL:GROUP", "@ptr4", "@ptr5", "@ptr6", "SL:GROUP]", "[SL:CONTENT_EXACT", "@ptr11", "@ptr12", "@ptr13", "@ptr14", "SL:CONTENT_EXACT]", "IN:SEND_MESSAGE]"], "predicted_tokens": ["[IN:SEND_MESSAGE", "[SL:GROUP", "@ptr4", "@ptr5", "@ptr6", "@ptr7", "SL:GROUP]", "[SL:CONTENT_EXACT", "@ptr12", "@ptr13", "@ptr14", "@ptr15", "@ptr16", "SL:CONTENT_EXACT]", "IN:SEND_MESSAGE]"]}
{"loss": 1.007776141166687, "class_log_probabilities": [-1.3576706647872925, -3.4887590408325195, -5.119064807891846, -5.4236907958984375], "predictions": [5, 59, 70, 71, 400, 72, 6, 401, 7, 73, 60, 12, 4, 4, 4, 4], "target_tokens": ["[IN:GET_MESSAGE", "[SL:SENDER", "[IN:GET_CONTACT", "[SL:TYPE_RELATION", "@ptr5", "SL:TYPE_RELATION]", "[SL:CONTACT", "@ptr6", "SL:CONTACT]", "IN:GET_CONTACT]", "SL:SENDER]", "IN:GET_MESSAGE]"], "predicted_tokens": ["[IN:GET_MESSAGE", "[SL:SENDER", "[IN:GET_CONTACT", "[SL:TYPE_RELATION", "@ptr5", "SL:TYPE_RELATION]", "[SL:CONTACT", "@ptr6", "SL:CONTACT]", "IN:GET_CONTACT]", "SL:SENDER]", "IN:GET_MESSAGE]"]}
{"loss": 2.4475884437561035, "class_log_probabilities": [-3.557300090789795, -3.8459041118621826, -3.871675729751587, -4.362664699554443], "predictions": [5, 10, 399, 400, 11, 10, 402, 11, 12, 4], "target_tokens": ["[IN:GET_MESSAGE", "[SL:NAME_APP", "@ptr4", "@ptr5", "SL:NAME_APP]", "IN:GET_MESSAGE]"], "predicted_tokens": ["[IN:GET_MESSAGE", "[SL:RECIPIENT", "@ptr4", "@ptr5", "SL:RECIPIENT]", "[SL:RECIPIENT", "@ptr7", "SL:RECIPIENT]", "IN:GET_MESSAGE]"]}
{"loss": 0.9630245566368103, "class_log_probabilities": [-0.38008514046669006, -7.9432053565979, -8.531081199645996, -8.666037559509277], "predictions": [75, 6, 397, 398, 7, 78, 4], "target_tokens": ["[IN:CREATE_CALL", "[SL:CONTACT", "@ptr2", "@ptr3", "SL:CONTACT]", "IN:CREATE_CALL]"], "predicted_tokens": ["[IN:CREATE_CALL", "[SL:CONTACT", "@ptr2", "@ptr3", "SL:CONTACT]", "IN:CREATE_CALL]"]}
{"loss": 0.9612804651260376, "class_log_probabilities": [-0.45399752259254456, -7.658507823944092, -7.73527193069458, -7.9290618896484375], "predictions": [75, 6, 397, 398, 399, 7, 78, 4, 4], "target_tokens": ["[IN:CREATE_CALL", "[SL:CONTACT", "@ptr2", "@ptr3", "@ptr4", "SL:CONTACT]", "IN:CREATE_CALL]"], "predicted_tokens": ["[IN:CREATE_CALL", "[SL:CONTACT", "@ptr2", "@ptr3", "@ptr4", "SL:CONTACT]", "IN:CREATE_CALL]"]}
{"loss": 3.8187544345855713, "class_log_probabilities": [-1.01551353931427, -2.070533037185669, -3.193413257598877, -4.026359558105469], "predictions": [75, 6, 397, 398, 7, 76, 401, 77, 78, 4, 4], "target_tokens": ["[IN:CREATE_CALL", "[SL:GROUP", "@ptr3", "SL:GROUP]", "[SL:NAME_APP", "@ptr5", "SL:NAME_APP]", "IN:CREATE_CALL]"], "predicted_tokens": ["[IN:CREATE_CALL", "[SL:CONTACT", "@ptr2", "@ptr3", "SL:CONTACT]", "[SL:NAME_APP", "@ptr6", "SL:NAME_APP]", "IN:CREATE_CALL]"]}
{"loss": 2.6960291862487793, "class_log_probabilities": [-1.5116900205612183, -2.139720916748047, -3.3596291542053223, -6.6139631271362305], "predictions": [75, 6, 70, 71, 397, 72, 93, 400, 94, 73, 7, 78, 4, 4], "target_tokens": ["[IN:CREATE_CALL", "[SL:CONTACT", "[IN:GET_CONTACT", "[SL:CONTACT_RELATED", "@ptr4", "@ptr5", "SL:CONTACT_RELATED]", "[SL:TYPE_RELATION", "@ptr2", "SL:TYPE_RELATION]", "IN:GET_CONTACT]", "SL:CONTACT]", "IN:CREATE_CALL]"], "predicted_tokens": ["[IN:CREATE_CALL", "[SL:CONTACT", "[IN:GET_CONTACT", "[SL:TYPE_RELATION", "@ptr2", "SL:TYPE_RELATION]", "[SL:CONTACT_RELATED", "@ptr5", "SL:CONTACT_RELATED]", "IN:GET_CONTACT]", "SL:CONTACT]", "IN:CREATE_CALL]"]}
{"loss": 0.9691112041473389, "class_log_probabilities": [-0.44905146956443787, -8.319368362426758, -8.489995956420898, -8.580389976501465], "predictions": [75, 6, 397, 7, 76, 399, 77, 78, 4, 4], "target_tokens": ["[IN:CREATE_CALL", "[SL:CONTACT", "@ptr2", "SL:CONTACT]", "[SL:NAME_APP", "@ptr4", "SL:NAME_APP]", "IN:CREATE_CALL]"], "predicted_tokens": ["[IN:CREATE_CALL", "[SL:CONTACT", "@ptr2", "SL:CONTACT]", "[SL:NAME_APP", "@ptr4", "SL:NAME_APP]", "IN:CREATE_CALL]"]}
{"loss": 3.818784475326538, "class_log_probabilities": [-0.44210192561149597, -4.906732559204102, -8.35650634765625, -9.071087837219238], "predictions": [75, 6, 397, 7, 76, 399, 77, 78, 4, 4, 4], "target_tokens": ["[IN:CREATE_CALL", "[SL:NAME_APP", "@ptr4", "SL:NAME_APP]", "[SL:CONTACT", "@ptr2", "SL:CONTACT]", "IN:CREATE_CALL]"], "predicted_tokens": ["[IN:CREATE_CALL", "[SL:CONTACT", "@ptr2", "SL:CONTACT]", "[SL:NAME_APP", "@ptr4", "SL:NAME_APP]", "IN:CREATE_CALL]"]}
{"loss": 2.4223573207855225, "class_log_probabilities": [-0.7649484872817993, -7.042036056518555, -7.080414772033691, -7.3353071212768555], "predictions": [63, 64, 396, 65, 66, 400, 401, 402, 403, 404, 405, 67, 68, 4], "target_tokens": ["[IN:PLAY_MUSIC", "[SL:MUSIC_ARTIST_NAME", "@ptr5", "@ptr6", "@ptr7", "@ptr8", "@ptr9", "SL:MUSIC_ARTIST_NAME]", "IN:PLAY_MUSIC]"], "predicted_tokens": ["[IN:PLAY_MUSIC", "[SL:MUSIC_TYPE", "@ptr1", "SL:MUSIC_TYPE]", "[SL:MUSIC_ARTIST_NAME", "@ptr5", "@ptr6", "@ptr7", "@ptr8", "@ptr9", "@ptr10", "SL:MUSIC_ARTIST_NAME]", "IN:PLAY_MUSIC]"]}
{"loss": 1.138274908065796, "class_log_probabilities": [-1.4143449068069458, -1.68710196018219, -5.560971736907959, -8.037471771240234], "predictions": [235, 103, 396, 397, 104, 64, 401, 65, 236, 4, 4, 4, 4], "target_tokens": ["[IN:SET_DEFAULT_PROVIDER_MUSIC", "[SL:MUSIC_PROVIDER_NAME", "@ptr1", "@ptr2", "SL:MUSIC_PROVIDER_NAME]", "IN:SET_DEFAULT_PROVIDER_MUSIC]"], "predicted_tokens": ["[IN:SET_DEFAULT_PROVIDER_MUSIC", "[SL:MUSIC_PROVIDER_NAME", "@ptr1", "@ptr2", "SL:MUSIC_PROVIDER_NAME]", "[SL:MUSIC_TYPE", "@ptr6", "SL:MUSIC_TYPE]", "IN:SET_DEFAULT_PROVIDER_MUSIC]"]}
{"loss": 1.0268501043319702, "class_log_probabilities": [-1.209938645362854, -1.309118628501892, -6.0165886878967285, -6.592252254486084], "predictions": [75, 6, 399, 400, 7, 76, 402, 77, 78, 4, 4], "target_tokens": ["[IN:CREATE_CALL", "[SL:CONTACT", "@ptr4", "@ptr5", "SL:CONTACT]", "[SL:NAME_APP", "@ptr7", "SL:NAME_APP]", "IN:CREATE_CALL]"], "predicted_tokens": ["[IN:CREATE_CALL", "[SL:CONTACT", "@ptr4", "@ptr5", "SL:CONTACT]", "[SL:NAME_APP", "@ptr7", "SL:NAME_APP]", "IN:CREATE_CALL]"]}
{"loss": 1.932410478591919, "class_log_probabilities": [-0.8371469974517822, -5.1859331130981445, -6.053198337554932, -6.55060338973999], "predictions": [23, 8, 398, 9, 10, 70, 71, 400, 72, 73, 11, 26, 4, 4, 4, 4, 4, 4], "target_tokens": ["[IN:SEND_MESSAGE", "[SL:TYPE_CONTENT", "@ptr2", "SL:TYPE_CONTENT]", "[SL:RECIPIENT", "[IN:GET_CONTACT", "[SL:TYPE_RELATION", "@ptr4", "SL:TYPE_RELATION]", "IN:GET_CONTACT]", "SL:RECIPIENT]", "IN:SEND_MESSAGE]"], "predicted_tokens": ["[IN:SEND_MESSAGE", "[SL:TYPE_CONTENT", "@ptr3", "SL:TYPE_CONTENT]", "[SL:RECIPIENT", "[IN:GET_CONTACT", "[SL:TYPE_RELATION", "@ptr5", "SL:TYPE_RELATION]", "IN:GET_CONTACT]", "SL:RECIPIENT]", "IN:SEND_MESSAGE]"]}
{"loss": 3.5138278007507324, "class_log_probabilities": [-1.1800593137741089, -1.4358989000320435, -6.120108604431152, -7.212825298309326], "predictions": [259, 16, 401, 402, 403, 17, 260, 4], "target_tokens": ["[IN:UPDATE_ALARM", "[SL:DATE_TIME", "@ptr5", "@ptr6", "@ptr7", "SL:DATE_TIME]", "IN:UPDATE_ALARM]"], "predicted_tokens": ["[IN:UPDATE_ALARM", "[SL:DATE_TIME", "@ptr6", "@ptr7", "@ptr8", "SL:DATE_TIME]", "IN:UPDATE_ALARM]"]}
{"loss": 4.119596004486084, "class_log_probabilities": [-0.7249337434768677, -3.647306442260742, -8.129929542541504, -8.359134674072266], "predictions": [75, 6, 397, 398, 399, 7, 78, 4, 4, 4, 4], "target_tokens": ["[IN:CREATE_CALL", "[SL:ORDINAL", "@ptr5", "@ptr6", "SL:ORDINAL]", "[SL:CONTACT", "@ptr2", "@ptr3", "@ptr4", "SL:CONTACT]", "IN:CREATE_CALL]"], "predicted_tokens": ["[IN:CREATE_CALL", "[SL:CONTACT", "@ptr2", "@ptr3", "@ptr4", "SL:CONTACT]", "IN:CREATE_CALL]"]}
{"loss": 3.803630828857422, "class_log_probabilities": [-0.5072936415672302, -5.998778343200684, -7.831666469573975, -8.125436782836914], "predictions": [75, 6, 397, 398, 7, 76, 400, 77, 78, 4], "target_tokens": ["[IN:CREATE_CALL", "[SL:NAME_APP", "@ptr5", "SL:NAME_APP]", "[SL:CONTACT", "@ptr2", "@ptr3", "SL:CONTACT]", "IN:CREATE_CALL]"], "predicted_tokens": ["[IN:CREATE_CALL", "[SL:CONTACT", "@ptr2", "@ptr3", "SL:CONTACT]", "[SL:NAME_APP", "@ptr5", "SL:NAME_APP]", "IN:CREATE_CALL]"]}
{"loss": 0.9630979895591736, "class_log_probabilities": [-0.3853592276573181, -6.288843154907227, -7.918398857116699, -8.696123123168945], "predictions": [75, 6, 397, 398, 7, 78, 4, 4, 4], "target_tokens": ["[IN:CREATE_CALL", "[SL:CONTACT", "@ptr2", "@ptr3", "SL:CONTACT]", "IN:CREATE_CALL]"], "predicted_tokens": ["[IN:CREATE_CALL", "[SL:CONTACT", "@ptr2", "@ptr3", "SL:CONTACT]", "IN:CREATE_CALL]"]}
{"loss": 2.167698383331299, "class_log_probabilities": [-0.6656876802444458, -5.919677257537842, -7.2141313552856445, -7.488707065582275], "predictions": [23, 8, 397, 9, 10, 400, 401, 402, 403, 11, 26, 4], "target_tokens": ["[IN:SEND_MESSAGE", "[SL:TYPE_CONTENT", "@ptr2", "SL:TYPE_CONTENT]", "[SL:RECIPIENT", "@ptr4", "@ptr5", "@ptr6", "@ptr7", "SL:RECIPIENT]", "IN:SEND_MESSAGE]"], "predicted_tokens": ["[IN:SEND_MESSAGE", "[SL:TYPE_CONTENT", "@ptr2", "SL:TYPE_CONTENT]", "[SL:RECIPIENT", "@ptr5", "@ptr6", "@ptr7", "@ptr8", "SL:RECIPIENT]", "IN:SEND_MESSAGE]"]}
{"loss": 1.4060746431350708, "class_log_probabilities": [-0.7381649613380432, -1.9415571689605713, -5.217700004577637, -7.385578632354736], "predictions": [31, 32, 4], "target_tokens": ["[IN:SET_AVAILABLE", "IN:SET_AVAILABLE]"], "predicted_tokens": ["[IN:SET_UNAVAILABLE", "IN:SET_UNAVAILABLE]"]}
{"loss": 1.5248736143112183, "class_log_probabilities": [-2.978619337081909, -3.021923065185547, -4.420491695404053, -4.780114650726318], "predictions": [95, 16, 403, 404, 405, 406, 407, 17, 96, 4, 4, 4], "target_tokens": ["[IN:GET_CALL", "[SL:DATE_TIME", "@ptr7", "@ptr8", "@ptr9", "@ptr10", "@ptr11", "@ptr12", "SL:DATE_TIME]", "IN:GET_CALL]"], "predicted_tokens": ["[IN:IGNORE_CALL", "[SL:DATE_TIME", "@ptr8", "@ptr9", "@ptr10", "@ptr11", "@ptr12", "SL:DATE_TIME]", "IN:IGNORE_CALL]"]}
{"loss": 0.9632272720336914, "class_log_probabilities": [-0.5456632375717163, -8.29540729522705, -8.474557876586914, -8.664090156555176], "predictions": [75, 6, 70, 71, 397, 72, 73, 7, 78, 4], "target_tokens": ["[IN:CREATE_CALL", "[SL:CONTACT", "[IN:GET_CONTACT", "[SL:TYPE_RELATION", "@ptr2", "SL:TYPE_RELATION]", "IN:GET_CONTACT]", "SL:CONTACT]", "IN:CREATE_CALL]"], "predicted_tokens": ["[IN:CREATE_CALL", "[SL:CONTACT", "[IN:GET_CONTACT", "[SL:TYPE_RELATION", "@ptr2", "SL:TYPE_RELATION]", "IN:GET_CONTACT]", "SL:CONTACT]", "IN:CREATE_CALL]"]}
{"loss": 3.2588181495666504, "class_log_probabilities": [-2.0494914054870605, -2.5138282775878906, -3.263913631439209, -4.318713188171387], "predictions": [75, 6, 70, 71, 398, 72, 73, 7, 78, 4, 4, 4, 4, 4, 4, 4, 4, 4, 4, 4, 4, 4], "target_tokens": ["[IN:CREATE_CALL", "[SL:CONTACT", "[IN:GET_CONTACT", "[SL:CONTACT_RELATED", "@ptr6", "@ptr7", "SL:CONTACT_RELATED]", "[SL:TYPE_RELATION", "@ptr3", "@ptr4", "@ptr5", "SL:TYPE_RELATION]", "IN:GET_CONTACT]", "SL:CONTACT]", "IN:CREATE_CALL]"], "predicted_tokens": ["[IN:CREATE_CALL", "[SL:CONTACT", "[IN:GET_CONTACT", "[SL:TYPE_RELATION", "@ptr3", "SL:TYPE_RELATION]", "IN:GET_CONTACT]", "SL:CONTACT]", "IN:CREATE_CALL]"]}
{"loss": 1.848936915397644, "class_log_probabilities": [-0.9382044076919556, -4.979662895202637, -5.0851030349731445, -5.458312511444092], "predictions": [13, 16, 401, 402, 403, 404, 405, 406, 407, 408, 409, 17, 18, 4, 4, 4], "target_tokens": ["[IN:GET_WEATHER", "[SL:DATE_TIME", "@ptr5", "@ptr6", "@ptr7", "@ptr8", "@ptr9", "@ptr10", "@ptr11", "@ptr12", "SL:DATE_TIME]", "IN:GET_WEATHER]"], "predicted_tokens": ["[IN:GET_WEATHER", "[SL:DATE_TIME", "@ptr6", "@ptr7", "@ptr8", "@ptr9", "@ptr10", "@ptr11", "@ptr12", "@ptr13", "@ptr14", "SL:DATE_TIME]", "IN:GET_WEATHER]"]}
{"loss": 0.9750122427940369, "class_log_probabilities": [-0.15962740778923035, -7.730227947235107, -8.040536880493164, -8.113142013549805], "predictions": [213, 214, 4], "target_tokens": ["[IN:SILENCE_ALARM", "IN:SILENCE_ALARM]"], "predicted_tokens": ["[IN:SILENCE_ALARM", "IN:SILENCE_ALARM]"]}
{"loss": 0.9599592089653015, "class_log_probabilities": [-0.2245100736618042, -6.441803455352783, -7.078492164611816, -7.406303882598877], "predictions": [213, 214, 4], "target_tokens": ["[IN:SILENCE_ALARM", "IN:SILENCE_ALARM]"], "predicted_tokens": ["[IN:SILENCE_ALARM", "IN:SILENCE_ALARM]"]}
{"loss": 3.3394763469696045, "class_log_probabilities": [-0.8376007676124573, -2.1052145957946777, -3.3419179916381836, -5.288062572479248], "predictions": [45, 46, 4], "target_tokens": ["[IN:GET_ALARM", "[SL:ORDINAL", "@ptr4", "@ptr5", "SL:ORDINAL]", "IN:GET_ALARM]"], "predicted_tokens": ["[IN:CREATE_ALARM", "IN:CREATE_ALARM]"]}
{"loss": 2.2621843814849854, "class_log_probabilities": [-0.7595467567443848, -4.402148723602295, -5.075216293334961, -7.371580600738525], "predictions": [185, 6, 399, 7, 16, 403, 404, 405, 406, 407, 17, 186, 4], "target_tokens": ["[IN:GET_CALL", "[SL:CONTACT", "@ptr4", "SL:CONTACT]", "[SL:DATE_TIME", "@ptr7", "@ptr8", "@ptr9", "@ptr10", "@ptr11", "SL:DATE_TIME]", "IN:GET_CALL]"], "predicted_tokens": ["[IN:GET_CALL", "[SL:CONTACT", "@ptr4", "SL:CONTACT]", "[SL:DATE_TIME", "@ptr8", "@ptr9", "@ptr10", "@ptr11", "@ptr12", "SL:DATE_TIME]", "IN:GET_CALL]"]}
{"loss": 1.6456104516983032, "class_log_probabilities": [-1.3618733882904053, -1.8461024761199951, -5.270925998687744, -5.686530590057373], "predictions": [45, 16, 400, 401, 402, 403, 404, 405, 406, 17, 46, 4, 4], "target_tokens": ["[IN:CREATE_ALARM", "[SL:DATE_TIME", "@ptr5", "@ptr6", "@ptr7", "@ptr8", "@ptr9", "@ptr10", "SL:DATE_TIME]", "IN:CREATE_ALARM]"], "predicted_tokens": ["[IN:CREATE_ALARM", "[SL:DATE_TIME", "@ptr5", "@ptr6", "@ptr7", "@ptr8", "@ptr9", "@ptr10", "@ptr11", "SL:DATE_TIME]", "IN:CREATE_ALARM]"]}
{"loss": 4.982080936431885, "class_log_probabilities": [-0.1746002435684204, -5.956823348999023, -6.268454551696777, -7.092369556427002], "predictions": [183, 184, 4], "target_tokens": ["[IN:SNOOZE_ALARM", "[SL:DATE_TIME", "@ptr2", "@ptr3", "@ptr4", "@ptr5", "SL:DATE_TIME]", "IN:SNOOZE_ALARM]"], "predicted_tokens": ["[IN:ADD_TIME_TIMER", "IN:ADD_TIME_TIMER]"]}
{"loss": 1.6478846073150635, "class_log_probabilities": [-0.36647605895996094, -5.692295074462891, -5.760288238525391, -7.162953853607178], "predictions": [13, 16, 395, 17, 18, 4, 4], "target_tokens": ["[IN:GET_WEATHER", "[SL:DATE_TIME", "@ptr0", "@ptr1", "SL:DATE_TIME]", "IN:GET_WEATHER]"], "predicted_tokens": ["[IN:GET_WEATHER", "[SL:DATE_TIME", "@ptr0", "SL:DATE_TIME]", "IN:GET_WEATHER]"]}
{"loss": 2.187079906463623, "class_log_probabilities": [-1.0322860479354858, -3.062288999557495, -4.628133773803711, -5.398837566375732], "predictions": [13, 14, 401, 402, 403, 404, 405, 406, 407, 15, 18, 4, 4, 4, 4], "target_tokens": ["[IN:GET_WEATHER", "[SL:LOCATION", "@ptr7", "@ptr8", "@ptr9", "@ptr10", "SL:LOCATION]", "IN:GET_WEATHER]"], "predicted_tokens": ["[IN:GET_WEATHER", "[SL:LOCATION", "@ptr6", "@ptr7", "@ptr8", "@ptr9", "@ptr10", "@ptr11", "@ptr12", "SL:LOCATION]", "IN:GET_WEATHER]"]}
{"loss": 3.154435873031616, "class_log_probabilities": [-0.5728750824928284, -7.189338684082031, -7.486470699310303, -8.187712669372559], "predictions": [13, 16, 400, 401, 402, 17, 14, 404, 15, 18, 4, 4], "target_tokens": ["[IN:GET_WEATHER", "[SL:DATE_TIME", "@ptr4", "@ptr5", "@ptr6", "SL:DATE_TIME]", "[SL:LOCATION", "@ptr8", "SL:LOCATION]", "IN:GET_WEATHER]"], "predicted_tokens": ["[IN:GET_WEATHER", "[SL:DATE_TIME", "@ptr5", "@ptr6", "@ptr7", "SL:DATE_TIME]", "[SL:LOCATION", "@ptr9", "SL:LOCATION]", "IN:GET_WEATHER]"]}
{"loss": 1.786375880241394, "class_log_probabilities": [-1.371536135673523, -1.8168797492980957, -6.429917335510254, -7.461152076721191], "predictions": [13, 16, 397, 398, 399, 400, 17, 18, 4, 4], "target_tokens": ["[IN:GET_WEATHER", "[SL:DATE_TIME", "@ptr2", "@ptr3", "@ptr4", "@ptr5", "@ptr6", "@ptr7", "SL:DATE_TIME]", "IN:GET_WEATHER]"], "predicted_tokens": ["[IN:GET_WEATHER", "[SL:DATE_TIME", "@ptr2", "@ptr3", "@ptr4", "@ptr5", "SL:DATE_TIME]", "IN:GET_WEATHER]"]}
{"loss": 1.8727589845657349, "class_log_probabilities": [-1.1811388731002808, -3.6826274394989014, -4.511355876922607, -5.571587085723877], "predictions": [45, 16, 401, 402, 403, 404, 405, 406, 17, 46, 4, 4], "target_tokens": ["[IN:CREATE_ALARM", "[SL:DATE_TIME", "@ptr5", "@ptr6", "@ptr7", "@ptr8", "@ptr9", "@ptr10", "SL:DATE_TIME]", "IN:CREATE_ALARM]"], "predicted_tokens": ["[IN:CREATE_ALARM", "[SL:DATE_TIME", "@ptr6", "@ptr7", "@ptr8", "@ptr9", "@ptr10", "@ptr11", "SL:DATE_TIME]", "IN:CREATE_ALARM]"]}
{"loss": 1.4166241884231567, "class_log_probabilities": [-1.079961895942688, -4.169654369354248, -5.323456764221191, -6.1144843101501465], "predictions": [45, 16, 398, 399, 400, 401, 402, 403, 404, 405, 406, 407, 408, 409, 17, 46, 4], "target_tokens": ["[IN:CREATE_ALARM", "[SL:DATE_TIME", "@ptr3", "@ptr4", "@ptr5", "@ptr6", "@ptr7", "@ptr8", "@ptr9", "@ptr10", "@ptr11", "@ptr12", "SL:DATE_TIME]", "IN:CREATE_ALARM]"], "predicted_tokens": ["[IN:CREATE_ALARM", "[SL:DATE_TIME", "@ptr3", "@ptr4", "@ptr5", "@ptr6", "@ptr7", "@ptr8", "@ptr9", "@ptr10", "@ptr11", "@ptr12", "@ptr13", "@ptr14", "SL:DATE_TIME]", "IN:CREATE_ALARM]"]}
{"loss": 3.4960978031158447, "class_log_probabilities": [-0.4085344672203064, -7.160856246948242, -7.800792694091797, -7.834192276000977], "predictions": [171, 6, 402, 403, 7, 172, 4], "target_tokens": ["[IN:GET_AVAILABILITY", "[SL:CONTACT", "@ptr6", "@ptr7", "SL:CONTACT]", "IN:GET_AVAILABILITY]"], "predicted_tokens": ["[IN:GET_AVAILABILITY", "[SL:CONTACT", "@ptr7", "@ptr8", "SL:CONTACT]", "IN:GET_AVAILABILITY]"]}
{"loss": 3.2512757778167725, "class_log_probabilities": [-1.1059982776641846, -4.372635841369629, -4.515767574310303, -8.882118225097656], "predictions": [107, 203, 396, 397, 398, 204, 110, 4, 4, 4, 4], "target_tokens": ["[IN:UPDATE_CALL", "[SL:CONTACT_REMOVED", "[IN:GET_CONTACT", "[SL:TYPE_RELATION", "@ptr1", "SL:TYPE_RELATION]", "[SL:CONTACT", "@ptr2", "SL:CONTACT]", "IN:GET_CONTACT]", "SL:CONTACT_REMOVED]", "IN:UPDATE_CALL]"], "predicted_tokens": ["[IN:UPDATE_CALL", "[SL:CONTACT_REMOVED", "@ptr1", "@ptr2", "@ptr3", "SL:CONTACT_REMOVED]", "IN:UPDATE_CALL]"]}
{"loss": 2.7329015731811523, "class_log_probabilities": [-2.3429839611053467, -2.7201685905456543, -3.2871792316436768, -3.7378509044647217], "predictions": [63, 64, 396, 65, 66, 398, 399, 67, 66, 401, 402, 403, 404, 67, 68, 4], "target_tokens": ["[IN:PLAY_MUSIC", "[SL:MUSIC_ARTIST_NAME", "@ptr3", "@ptr4", "SL:MUSIC_ARTIST_NAME]", "[SL:MUSIC_PROVIDER_NAME", "@ptr6", "@ptr7", "@ptr8", "SL:MUSIC_PROVIDER_NAME]", "IN:PLAY_MUSIC]"], "predicted_tokens": ["[IN:PLAY_MUSIC", "[SL:MUSIC_TYPE", "@ptr1", "SL:MUSIC_TYPE]", "[SL:MUSIC_ARTIST_NAME", "@ptr3", "@ptr4", "SL:MUSIC_ARTIST_NAME]", "[SL:MUSIC_ARTIST_NAME", "@ptr6", "@ptr7", "@ptr8", "@ptr9", "SL:MUSIC_ARTIST_NAME]", "IN:PLAY_MUSIC]"]}
{"loss": 1.7061361074447632, "class_log_probabilities": [-0.637398362159729, -7.997819423675537, -8.016063690185547, -8.085176467895508], "predictions": [63, 103, 395, 104, 64, 398, 65, 66, 400, 401, 67, 68, 4], "target_tokens": ["[IN:PLAY_MUSIC", "[SL:MUSIC_PROVIDER_NAME", "@ptr0", "SL:MUSIC_PROVIDER_NAME]", "[SL:MUSIC_ARTIST_NAME", "@ptr5", "@ptr6", "SL:MUSIC_ARTIST_NAME]", "IN:PLAY_MUSIC]"], "predicted_tokens": ["[IN:PLAY_MUSIC", "[SL:MUSIC_PROVIDER_NAME", "@ptr0", "SL:MUSIC_PROVIDER_NAME]", "[SL:MUSIC_TYPE", "@ptr3", "SL:MUSIC_TYPE]", "[SL:MUSIC_ARTIST_NAME", "@ptr5", "@ptr6", "SL:MUSIC_ARTIST_NAME]", "IN:PLAY_MUSIC]"]}
{"loss": 1.89397394657135, "class_log_probabilities": [-3.015989303588867, -3.6097159385681152, -3.6529650688171387, -4.078679084777832], "predictions": [49, 36, 143, 36, 397, 398, 37, 16, 399, 400, 401, 17, 34, 404, 35, 16, 405, 406, 407, 17, 50, 4, 4, 4], "target_tokens": ["[IN:CREATE_REMINDER", "[SL:TODO", "[IN:GET_TODO", "[SL:TODO", "@ptr2", "@ptr3", "SL:TODO]", "[SL:DATE_TIME", "@ptr5", "@ptr6", "SL:DATE_TIME]", "IN:GET_TODO]", "SL:TODO]", "[SL:PERSON_REMINDED", "@ptr0", "SL:PERSON_REMINDED]", "[SL:DATE_TIME", "@ptr10", "@ptr11", "SL:DATE_TIME]", "IN:CREATE_REMINDER]"], "predicted_tokens": ["[IN:CREATE_REMINDER", "[SL:TODO", "[IN:GET_TODO", "[SL:TODO", "@ptr2", "@ptr3", "SL:TODO]", "[SL:DATE_TIME", "@ptr4", "@ptr5", "@ptr6", "SL:DATE_TIME]", "[SL:PERSON_REMINDED", "@ptr9", "SL:PERSON_REMINDED]", "[SL:DATE_TIME", "@ptr10", "@ptr11", "@ptr12", "SL:DATE_TIME]", "IN:CREATE_REMINDER]"]}
{"loss": 1.6274337768554688, "class_log_probabilities": [-1.3564198017120361, -2.7616775035858154, -4.764945983886719, -6.708399295806885], "predictions": [23, 10, 398, 399, 400, 11, 24, 403, 404, 405, 25, 26, 4, 4], "target_tokens": ["[IN:SEND_MESSAGE", "[SL:RECIPIENT", "@ptr3", "@ptr4", "@ptr5", "SL:RECIPIENT]", "[SL:CONTENT_EXACT", "@ptr7", "@ptr8", "@ptr9", "SL:CONTENT_EXACT]", "IN:SEND_MESSAGE]"], "predicted_tokens": ["[IN:SEND_MESSAGE", "[SL:RECIPIENT", "@ptr3", "@ptr4", "@ptr5", "SL:RECIPIENT]", "[SL:CONTENT_EXACT", "@ptr8", "@ptr9", "@ptr10", "SL:CONTENT_EXACT]", "IN:SEND_MESSAGE]"]}
{"loss": 1.3389512300491333, "class_log_probabilities": [-3.153881549835205, -3.3799800872802734, -4.562987804412842, -13.291356086730957], "predictions": [23, 10, 398, 399, 11, 24, 405, 406, 407, 408, 409, 410, 411, 412, 413, 414, 415, 416, 417, 418, 25, 26, 4, 4, 4, 4, 4, 4, 4, 4, 4, 4, 4, 4, 4, 4, 4, 4, 4, 4], "target_tokens": ["[IN:SEND_MESSAGE", "[SL:RECIPIENT", "@ptr3", "@ptr4", "SL:RECIPIENT]", "[SL:CONTENT_EXACT", "@ptr9", "@ptr10", "@ptr11", "@ptr12", "@ptr13", "@ptr14", "@ptr15", "@ptr16", "@ptr17", "@ptr18", "@ptr19", "@ptr20", "@ptr21", "SL:CONTENT_EXACT]", "IN:SEND_MESSAGE]"], "predicted_tokens": ["[IN:SEND_MESSAGE", "[SL:RECIPIENT", "@ptr3", "@ptr4", "SL:RECIPIENT]", "[SL:CONTENT_EXACT", "@ptr10", "@ptr11", "@ptr12", "@ptr13", "@ptr14", "@ptr15", "@ptr16", "@ptr17", "@ptr18", "@ptr19", "@ptr20", "@ptr21", "@ptr22", "@ptr23", "SL:CONTENT_EXACT]", "IN:SEND_MESSAGE]"]}
{"loss": 4.06825065612793, "class_log_probabilities": [-1.2701747417449951, -1.9679031372070312, -5.547804832458496, -6.274285793304443], "predictions": [23, 10, 398, 11, 24, 400, 401, 402, 403, 404, 405, 406, 25, 26, 4, 4, 4], "target_tokens": ["[IN:SEND_MESSAGE", "[SL:RECIPIENT", "[IN:GET_CONTACT", "[SL:CONTACT_RELATED", "@ptr9", "@ptr10", "SL:CONTACT_RELATED]", "[SL:TYPE_RELATION", "@ptr6", "@ptr7", "@ptr8", "SL:TYPE_RELATION]", "[SL:CONTACT", "@ptr3", "SL:CONTACT]", "IN:GET_CONTACT]", "SL:RECIPIENT]", "IN:SEND_MESSAGE]"], "predicted_tokens": ["[IN:SEND_MESSAGE", "[SL:RECIPIENT", "@ptr3", "SL:RECIPIENT]", "[SL:CONTENT_EXACT", "@ptr5", "@ptr6", "@ptr7", "@ptr8", "@ptr9", "@ptr10", "@ptr11", "SL:CONTENT_EXACT]", "IN:SEND_MESSAGE]"]}
{"loss": 0.9770050048828125, "class_log_probabilities": [-0.1549123227596283, -8.218393325805664, -8.470958709716797, -8.75931167602539], "predictions": [5, 12, 4, 4, 4], "target_tokens": ["[IN:GET_MESSAGE", "IN:GET_MESSAGE]"], "predicted_tokens": ["[IN:GET_MESSAGE", "IN:GET_MESSAGE]"]}
{"loss": 1.685973048210144, "class_log_probabilities": [-0.6219117641448975, -4.523251533508301, -6.3082146644592285, -6.652134895324707], "predictions": [75, 6, 398, 399, 400, 401, 7, 78, 4], "target_tokens": ["[IN:CREATE_CALL", "[SL:CONTACT", "@ptr3", "@ptr4", "@ptr5", "SL:CONTACT]", "IN:CREATE_CALL]"], "predicted_tokens": ["[IN:CREATE_CALL", "[SL:CONTACT", "@ptr3", "@ptr4", "@ptr5", "@ptr6", "SL:CONTACT]", "IN:CREATE_CALL]"]}
{"loss": 1.888814926147461, "class_log_probabilities": [-1.2768385410308838, -1.8596078157424927, -4.712407112121582, -4.745022773742676], "predictions": [75, 6, 398, 399, 400, 7, 78, 4], "target_tokens": ["[IN:CREATE_CALL", "[SL:CONTACT", "@ptr3", "@ptr4", "SL:CONTACT]", "IN:CREATE_CALL]"], "predicted_tokens": ["[IN:CREATE_CALL", "[SL:CONTACT", "@ptr3", "@ptr4", "@ptr5", "SL:CONTACT]", "IN:CREATE_CALL]"]}
{"loss": 0.9676697850227356, "class_log_probabilities": [-0.17685973644256592, -7.9185590744018555, -7.948358535766602, -8.50632095336914], "predictions": [107, 110, 4, 4, 4], "target_tokens": ["[IN:UPDATE_CALL", "IN:UPDATE_CALL]"], "predicted_tokens": ["[IN:UPDATE_CALL", "IN:UPDATE_CALL]"]}
{"loss": 0.9614364504814148, "class_log_probabilities": [-0.17865195870399475, -8.56998062133789, -8.638188362121582, -8.677274703979492], "predictions": [171, 172, 4, 4], "target_tokens": ["[IN:GET_AVAILABILITY", "IN:GET_AVAILABILITY]"], "predicted_tokens": ["[IN:GET_AVAILABILITY", "IN:GET_AVAILABILITY]"]}
{"loss": 2.3673746585845947, "class_log_probabilities": [-1.256769061088562, -3.370356798171997, -3.7583022117614746, -4.474521160125732], "predictions": [70, 71, 395, 72, 93, 397, 94, 73, 4, 4, 4, 4, 4], "target_tokens": ["[IN:GET_AVAILABILITY", "IN:GET_AVAILABILITY]"], "predicted_tokens": ["[IN:GET_CONTACT", "[SL:TYPE_RELATION", "@ptr0", "SL:TYPE_RELATION]", "[SL:CONTACT_RELATED", "@ptr2", "SL:CONTACT_RELATED]", "IN:GET_CONTACT]"]}
{"loss": 0.9757320880889893, "class_log_probabilities": [-0.15823403000831604, -7.964642524719238, -8.197980880737305, -8.284221649169922], "predictions": [189, 190, 4], "target_tokens": ["[IN:SET_AVAILABLE", "IN:SET_AVAILABLE]"], "predicted_tokens": ["[IN:SET_AVAILABLE", "IN:SET_AVAILABLE]"]}
{"loss": 3.350937604904175, "class_log_probabilities": [-0.683242678642273, -4.758574485778809, -7.067360877990723, -7.659109592437744], "predictions": [75, 6, 70, 71, 399, 72, 93, 401, 94, 73, 7, 78, 4, 4], "target_tokens": ["[IN:CREATE_CALL", "[SL:CONTACT", "[IN:GET_CONTACT", "[SL:CONTACT_RELATED", "@ptr5", "@ptr6", "SL:CONTACT_RELATED]", "[SL:TYPE_RELATION", "@ptr4", "SL:TYPE_RELATION]", "IN:GET_CONTACT]", "SL:CONTACT]", "IN:CREATE_CALL]"], "predicted_tokens": ["[IN:CREATE_CALL", "[SL:CONTACT", "[IN:GET_CONTACT", "[SL:TYPE_RELATION", "@ptr4", "SL:TYPE_RELATION]", "[SL:CONTACT_RELATED", "@ptr6", "SL:CONTACT_RELATED]", "IN:GET_CONTACT]", "SL:CONTACT]", "IN:CREATE_CALL]"]}
{"loss": 0.9698078036308289, "class_log_probabilities": [-0.6118370890617371, -3.4669134616851807, -7.61969518661499, -7.961960792541504], "predictions": [75, 6, 70, 71, 400, 72, 73, 7, 78, 4], "target_tokens": ["[IN:CREATE_CALL", "[SL:CONTACT", "[IN:GET_CONTACT", "[SL:TYPE_RELATION", "@ptr5", "SL:TYPE_RELATION]", "IN:GET_CONTACT]", "SL:CONTACT]", "IN:CREATE_CALL]"], "predicted_tokens": ["[IN:CREATE_CALL", "[SL:CONTACT", "[IN:GET_CONTACT", "[SL:TYPE_RELATION", "@ptr5", "SL:TYPE_RELATION]", "IN:GET_CONTACT]", "SL:CONTACT]", "IN:CREATE_CALL]"]}
{"loss": 2.9744632244110107, "class_log_probabilities": [-0.9049369096755981, -3.8251843452453613, -5.112830638885498, -5.833110332489014], "predictions": [107, 108, 70, 71, 396, 72, 93, 398, 94, 73, 109, 110, 4, 4], "target_tokens": ["[IN:UPDATE_CALL", "[SL:CONTACT_ADDED", "[IN:GET_CONTACT", "[SL:CONTACT_RELATED", "@ptr2", "@ptr3", "SL:CONTACT_RELATED]", "[SL:TYPE_RELATION", "@ptr1", "SL:TYPE_RELATION]", "IN:GET_CONTACT]", "SL:CONTACT_ADDED]", "IN:UPDATE_CALL]"], "predicted_tokens": ["[IN:UPDATE_CALL", "[SL:CONTACT_ADDED", "[IN:GET_CONTACT", "[SL:TYPE_RELATION", "@ptr1", "SL:TYPE_RELATION]", "[SL:CONTACT_RELATED", "@ptr3", "SL:CONTACT_RELATED]", "IN:GET_CONTACT]", "SL:CONTACT_ADDED]", "IN:UPDATE_CALL]"]}
{"loss": 0.9707415103912354, "class_log_probabilities": [-1.0740376710891724, -3.8470675945281982, -3.9722180366516113, -5.387806415557861], "predictions": [107, 108, 70, 71, 396, 397, 72, 73, 109, 110, 4], "target_tokens": ["[IN:UPDATE_CALL", "[SL:CONTACT_ADDED", "[IN:GET_CONTACT", "[SL:TYPE_RELATION", "@ptr1", "@ptr2", "SL:TYPE_RELATION]", "IN:GET_CONTACT]", "SL:CONTACT_ADDED]", "IN:UPDATE_CALL]"], "predicted_tokens": ["[IN:UPDATE_CALL", "[SL:CONTACT_ADDED", "[IN:GET_CONTACT", "[SL:TYPE_RELATION", "@ptr1", "@ptr2", "SL:TYPE_RELATION]", "IN:GET_CONTACT]", "SL:CONTACT_ADDED]", "IN:UPDATE_CALL]"]}
{"loss": 1.3097169399261475, "class_log_probabilities": [-1.217274785041809, -3.0584280490875244, -6.761009693145752, -6.945211410522461], "predictions": [23, 10, 70, 71, 398, 72, 73, 11, 24, 400, 401, 402, 403, 404, 405, 406, 407, 408, 409, 25, 26, 4, 4], "target_tokens": ["[IN:SEND_MESSAGE", "[SL:RECIPIENT", "[IN:GET_CONTACT", "[SL:TYPE_RELATION", "@ptr3", "SL:TYPE_RELATION]", "IN:GET_CONTACT]", "SL:RECIPIENT]", "[SL:CONTENT_EXACT", "@ptr5", "@ptr6", "@ptr7", "@ptr8", "@ptr9", "@ptr10", "@ptr11", "@ptr12", "@ptr13", "SL:CONTENT_EXACT]", "IN:SEND_MESSAGE]"], "predicted_tokens": ["[IN:SEND_MESSAGE", "[SL:RECIPIENT", "[IN:GET_CONTACT", "[SL:TYPE_RELATION", "@ptr3", "SL:TYPE_RELATION]", "IN:GET_CONTACT]", "SL:RECIPIENT]", "[SL:CONTENT_EXACT", "@ptr5", "@ptr6", "@ptr7", "@ptr8", "@ptr9", "@ptr10", "@ptr11", "@ptr12", "@ptr13", "@ptr14", "SL:CONTENT_EXACT]", "IN:SEND_MESSAGE]"]}
{"loss": 1.5229651927947998, "class_log_probabilities": [-51.6506462097168, -52.13640213012695, -52.18865203857422, -52.54052734375], "predictions": [23, 10, 398, 11, 24, 403, 404, 405, 406, 407, 408, 409, 410, 411, 412, 413, 414, 415, 416, 417, 418, 418, 418, 418, 418, 418, 418, 418, 418, 418, 418, 418, 418, 418, 418, 418, 418, 418, 418, 418, 418, 418, 418, 418, 418, 418, 418, 418, 418, 418, 418, 418, 418, 418, 418, 418, 418, 418, 418, 418, 418, 418, 418, 418, 418, 418, 418, 418, 418, 418, 418, 418, 418, 418, 418, 418, 418, 418, 418, 418, 418, 418, 418, 418, 418, 418, 418, 418, 418, 418, 418, 418, 418, 418, 418, 418, 418, 418, 418, 418], "target_tokens": ["[IN:SEND_MESSAGE", "[SL:RECIPIENT", "@ptr3", "SL:RECIPIENT]", "[SL:CONTENT_EXACT", "@ptr10", "@ptr11", "@ptr12", "@ptr13", "@ptr14", "@ptr15", "@ptr16", "@ptr17", "@ptr18", "@ptr19", "@ptr20", "@ptr21", "@ptr22", "SL:CONTENT_EXACT]", "IN:SEND_MESSAGE]"], "predicted_tokens": ["[IN:SEND_MESSAGE", "[SL:RECIPIENT", "@ptr3", "SL:RECIPIENT]", "[SL:CONTENT_EXACT", "@ptr8", "@ptr9", "@ptr10", "@ptr11", "@ptr12", "@ptr13", "@ptr14", "@ptr15", "@ptr16", "@ptr17", "@ptr18", "@ptr19", "@ptr20", "@ptr21", "@ptr22", "@ptr23", "@ptr23", "@ptr23", "@ptr23", "@ptr23", "@ptr23", "@ptr23", "@ptr23", "@ptr23", "@ptr23", "@ptr23", "@ptr23", "@ptr23", "@ptr23", "@ptr23", "@ptr23", "@ptr23", "@ptr23", "@ptr23", "@ptr23", "@ptr23", "@ptr23", "@ptr23", "@ptr23", "@ptr23", "@ptr23", "@ptr23", "@ptr23", "@ptr23", "@ptr23", "@ptr23", "@ptr23", "@ptr23", "@ptr23", "@ptr23", "@ptr23", "@ptr23", "@ptr23", "@ptr23", "@ptr23", "@ptr23", "@ptr23", "@ptr23", "@ptr23", "@ptr23", "@ptr23", "@ptr23", "@ptr23", "@ptr23", "@ptr23", "@ptr23", "@ptr23", "@ptr23", "@ptr23", "@ptr23", "@ptr23", "@ptr23", "@ptr23", "@ptr23", "@ptr23", "@ptr23", "@ptr23", "@ptr23", "@ptr23", "@ptr23", "@ptr23", "@ptr23", "@ptr23", "@ptr23", "@ptr23", "@ptr23", "@ptr23", "@ptr23", "@ptr23", "@ptr23", "@ptr23", "@ptr23", "@ptr23", "@ptr23", "@ptr23"]}
{"loss": 3.85870361328125, "class_log_probabilities": [-1.1165754795074463, -1.8982597589492798, -5.448189735412598, -6.210676193237305], "predictions": [23, 24, 399, 400, 401, 402, 403, 404, 405, 406, 407, 408, 409, 25, 26, 4, 4], "target_tokens": ["[IN:SEND_MESSAGE", "[SL:CONTENT_EXACT", "@ptr4", "SL:CONTENT_EXACT]", "[SL:RECIPIENT", "@ptr10", "SL:RECIPIENT]", "IN:SEND_MESSAGE]"], "predicted_tokens": ["[IN:SEND_MESSAGE", "[SL:CONTENT_EXACT", "@ptr4", "@ptr5", "@ptr6", "@ptr7", "@ptr8", "@ptr9", "@ptr10", "@ptr11", "@ptr12", "@ptr13", "@ptr14", "SL:CONTENT_EXACT]", "IN:SEND_MESSAGE]"]}
{"loss": 1.3907334804534912, "class_log_probabilities": [-0.9018459916114807, -7.111918926239014, -7.213362216949463, -8.331560134887695], "predictions": [49, 34, 396, 35, 36, 398, 399, 400, 401, 402, 403, 404, 405, 406, 37, 50, 4, 4, 4, 4, 4, 4, 4, 4], "target_tokens": ["[IN:CREATE_REMINDER", "[SL:PERSON_REMINDED", "@ptr1", "SL:PERSON_REMINDED]", "[SL:TODO", "@ptr3", "@ptr4", "@ptr5", "@ptr6", "@ptr7", "@ptr8", "@ptr9", "@ptr10", "SL:TODO]", "IN:CREATE_REMINDER]"], "predicted_tokens": ["[IN:CREATE_REMINDER", "[SL:PERSON_REMINDED", "@ptr1", "SL:PERSON_REMINDED]", "[SL:TODO", "@ptr3", "@ptr4", "@ptr5", "@ptr6", "@ptr7", "@ptr8", "@ptr9", "@ptr10", "@ptr11", "SL:TODO]", "IN:CREATE_REMINDER]"]}
{"loss": 2.754223346710205, "class_log_probabilities": [-0.8351614475250244, -5.330907344818115, -6.984679698944092, -7.435550212860107], "predictions": [33, 34, 399, 35, 36, 401, 402, 403, 404, 405, 406, 407, 37, 38, 4], "target_tokens": ["[IN:DELETE_REMINDER", "[SL:PERSON_REMINDED", "@ptr3", "@ptr4", "SL:PERSON_REMINDED]", "[SL:TODO", "@ptr7", "@ptr8", "@ptr9", "@ptr10", "@ptr11", "SL:TODO]", "IN:DELETE_REMINDER]"], "predicted_tokens": ["[IN:DELETE_REMINDER", "[SL:PERSON_REMINDED", "@ptr4", "SL:PERSON_REMINDED]", "[SL:TODO", "@ptr6", "@ptr7", "@ptr8", "@ptr9", "@ptr10", "@ptr11", "@ptr12", "SL:TODO]", "IN:DELETE_REMINDER]"]}
{"loss": 2.2286531925201416, "class_log_probabilities": [-1.5127718448638916, -2.6636080741882324, -4.10277795791626, -4.1434454917907715], "predictions": [49, 34, 396, 35, 36, 75, 6, 400, 401, 402, 403, 7, 78, 37, 16, 404, 405, 406, 17, 50, 4, 4], "target_tokens": ["[IN:CREATE_REMINDER", "[SL:PERSON_REMINDED", "@ptr1", "SL:PERSON_REMINDED]", "[SL:TODO", "[IN:CREATE_CALL", "[SL:CONTACT", "@ptr5", "@ptr6", "@ptr7", "SL:CONTACT]", "IN:CREATE_CALL]", "SL:TODO]", "[SL:DATE_TIME", "@ptr8", "@ptr9", "@ptr10", "SL:DATE_TIME]", "IN:CREATE_REMINDER]"], "predicted_tokens": ["[IN:CREATE_REMINDER", "[SL:PERSON_REMINDED", "@ptr1", "SL:PERSON_REMINDED]", "[SL:TODO", "[IN:CREATE_CALL", "[SL:CONTACT", "@ptr5", "@ptr6", "@ptr7", "@ptr8", "SL:CONTACT]", "IN:CREATE_CALL]", "SL:TODO]", "[SL:DATE_TIME", "@ptr9", "@ptr10", "@ptr11", "SL:DATE_TIME]", "IN:CREATE_REMINDER]"]}
{"loss": 1.6299113035202026, "class_log_probabilities": [-0.6711744666099548, -7.088510036468506, -7.228557586669922, -7.3425517082214355], "predictions": [49, 34, 398, 35, 36, 399, 400, 401, 402, 37, 50, 4], "target_tokens": ["[IN:CREATE_REMINDER", "[SL:PERSON_REMINDED", "@ptr3", "SL:PERSON_REMINDED]", "[SL:TODO", "@ptr4", "@ptr5", "@ptr6", "SL:TODO]", "IN:CREATE_REMINDER]"], "predicted_tokens": ["[IN:CREATE_REMINDER", "[SL:PERSON_REMINDED", "@ptr3", "SL:PERSON_REMINDED]", "[SL:TODO", "@ptr4", "@ptr5", "@ptr6", "@ptr7", "SL:TODO]", "IN:CREATE_REMINDER]"]}
{"loss": 2.7769973278045654, "class_log_probabilities": [-5.336430072784424, -5.361907482147217, -5.528944969177246, -5.576345443725586], "predictions": [49, 36, 405, 406, 407, 408, 409, 410, 411, 412, 413, 414, 415, 37, 50, 4, 4, 4, 4], "target_tokens": ["[IN:GET_REMINDER", "[SL:METHOD_RETRIEVAL_REMINDER", "@ptr0", "SL:METHOD_RETRIEVAL_REMINDER]", "[SL:AMOUNT", "@ptr5", "SL:AMOUNT]", "[SL:TODO", "@ptr9", "@ptr10", "@ptr11", "@ptr12", "@ptr13", "@ptr14", "@ptr15", "@ptr16", "@ptr17", "@ptr18", "SL:TODO]", "IN:GET_REMINDER]"], "predicted_tokens": ["[IN:CREATE_REMINDER", "[SL:TODO", "@ptr10", "@ptr11", "@ptr12", "@ptr13", "@ptr14", "@ptr15", "@ptr16", "@ptr17", "@ptr18", "@ptr19", "@ptr20", "SL:TODO]", "IN:CREATE_REMINDER]"]}
{"loss": 2.5030531883239746, "class_log_probabilities": [-3.68051815032959, -4.053807735443115, -4.070707321166992, -4.24979829788208], "predictions": [47, 34, 395, 35, 36, 143, 36, 75, 6, 405, 7, 78, 37, 16, 406, 407, 17, 144, 37, 48, 4, 4], "target_tokens": ["[IN:GET_REMINDER", "[SL:PERSON_REMINDED", "@ptr0", "SL:PERSON_REMINDED]", "[SL:TODO", "[IN:CREATE_CALL", "[SL:CONTACT", "@ptr9", "SL:CONTACT]", "IN:CREATE_CALL]", "SL:TODO]", "[SL:DATE_TIME", "@ptr10", "@ptr11", "SL:DATE_TIME]", "IN:GET_REMINDER]"], "predicted_tokens": ["[IN:GET_REMINDER", "[SL:PERSON_REMINDED", "@ptr0", "SL:PERSON_REMINDED]", "[SL:TODO", "[IN:GET_TODO", "[SL:TODO", "[IN:CREATE_CALL", "[SL:CONTACT", "@ptr10", "SL:CONTACT]", "IN:CREATE_CALL]", "SL:TODO]", "[SL:DATE_TIME", "@ptr11", "@ptr12", "SL:DATE_TIME]", "IN:GET_TODO]", "SL:TODO]", "IN:GET_REMINDER]"]}
{"loss": 3.1066417694091797, "class_log_probabilities": [-2.35925555229187, -3.7575817108154297, -3.8672149181365967, -4.116271495819092], "predictions": [49, 36, 402, 403, 404, 405, 406, 407, 408, 409, 410, 37, 16, 411, 412, 413, 414, 17, 50, 4, 4], "target_tokens": ["[IN:CREATE_REMINDER", "[SL:TODO", "[IN:GET_TODO", "[SL:TODO", "@ptr6", "@ptr7", "@ptr8", "@ptr9", "@ptr10", "@ptr11", "@ptr12", "SL:TODO]", "[SL:DATE_TIME", "@ptr15", "@ptr16", "@ptr17", "SL:DATE_TIME]", "[SL:TODO", "@ptr14", "SL:TODO]", "IN:GET_TODO]", "SL:TODO]", "IN:CREATE_REMINDER]"], "predicted_tokens": ["[IN:CREATE_REMINDER", "[SL:TODO", "@ptr7", "@ptr8", "@ptr9", "@ptr10", "@ptr11", "@ptr12", "@ptr13", "@ptr14", "@ptr15", "SL:TODO]", "[SL:DATE_TIME", "@ptr16", "@ptr17", "@ptr18", "@ptr19", "SL:DATE_TIME]", "IN:CREATE_REMINDER]"]}
{"loss": 4.237118721008301, "class_log_probabilities": [-1.28805673122406, -1.9215989112854004, -5.842968940734863, -6.365956783294678], "predictions": [45, 249, 401, 402, 403, 250, 46, 4, 4], "target_tokens": ["[IN:GET_REMINDER_DATE_TIME", "[SL:TODO", "@ptr5", "@ptr6", "@ptr7", "SL:TODO]", "IN:GET_REMINDER_DATE_TIME]"], "predicted_tokens": ["[IN:CREATE_ALARM", "[SL:ALARM_NAME", "@ptr6", "@ptr7", "@ptr8", "SL:ALARM_NAME]", "IN:CREATE_ALARM]"]}
{"loss": 3.210690498352051, "class_log_probabilities": [-2.7504220008850098, -4.5904154777526855, -5.836060047149658, -7.117898464202881], "predictions": [49, 34, 399, 35, 36, 401, 402, 403, 404, 405, 406, 407, 408, 37, 50, 4, 4, 4, 4, 4, 4, 4, 4], "target_tokens": ["[IN:GET_REMINDER_DATE_TIME", "[SL:PERSON_REMINDED", "@ptr3", "@ptr4", "SL:PERSON_REMINDED]", "[SL:TODO", "@ptr5", "@ptr6", "@ptr7", "@ptr8", "@ptr9", "@ptr10", "SL:TODO]", "IN:GET_REMINDER_DATE_TIME]"], "predicted_tokens": ["[IN:CREATE_REMINDER", "[SL:PERSON_REMINDED", "@ptr4", "SL:PERSON_REMINDED]", "[SL:TODO", "@ptr6", "@ptr7", "@ptr8", "@ptr9", "@ptr10", "@ptr11", "@ptr12", "@ptr13", "SL:TODO]", "IN:CREATE_REMINDER]"]}
{"loss": 2.4333016872406006, "class_log_probabilities": [-3.7903573513031006, -4.063591480255127, -4.210658550262451, -4.548962593078613], "predictions": [47, 199, 395, 200, 36, 401, 402, 403, 404, 405, 406, 407, 37, 34, 409, 35, 48, 4, 4], "target_tokens": ["[IN:GET_REMINDER", "[SL:METHOD_RETRIEVAL_REMINDER", "@ptr0", "SL:METHOD_RETRIEVAL_REMINDER]", "[SL:PERSON_REMINDED", "@ptr12", "@ptr13", "SL:PERSON_REMINDED]", "[SL:TODO", "@ptr6", "@ptr7", "@ptr8", "@ptr9", "@ptr10", "@ptr11", "SL:TODO]", "IN:GET_REMINDER]"], "predicted_tokens": ["[IN:GET_REMINDER", "[SL:METHOD_RETRIEVAL_REMINDER", "@ptr0", "SL:METHOD_RETRIEVAL_REMINDER]", "[SL:TODO", "@ptr6", "@ptr7", "@ptr8", "@ptr9", "@ptr10", "@ptr11", "@ptr12", "SL:TODO]", "[SL:PERSON_REMINDED", "@ptr14", "SL:PERSON_REMINDED]", "IN:GET_REMINDER]"]}
{"loss": 2.5173451900482178, "class_log_probabilities": [-1.1674301624298096, -3.4721803665161133, -4.3758134841918945, -4.54231071472168], "predictions": [111, 34, 400, 35, 36, 402, 403, 404, 405, 406, 407, 37, 16, 408, 409, 410, 17, 112, 4], "target_tokens": ["[IN:UPDATE_REMINDER_DATE_TIME", "[SL:PERSON_REMINDED", "@ptr4", "@ptr5", "SL:PERSON_REMINDED]", "[SL:TODO", "@ptr7", "@ptr8", "@ptr9", "@ptr10", "@ptr11", "SL:TODO]", "[SL:DATE_TIME", "@ptr12", "@ptr13", "@ptr14", "SL:DATE_TIME]", "IN:UPDATE_REMINDER_DATE_TIME]"], "predicted_tokens": ["[IN:UPDATE_REMINDER_DATE_TIME", "[SL:PERSON_REMINDED", "@ptr5", "SL:PERSON_REMINDED]", "[SL:TODO", "@ptr7", "@ptr8", "@ptr9", "@ptr10", "@ptr11", "@ptr12", "SL:TODO]", "[SL:DATE_TIME", "@ptr13", "@ptr14", "@ptr15", "SL:DATE_TIME]", "IN:UPDATE_REMINDER_DATE_TIME]"]}
{"loss": 3.494915008544922, "class_log_probabilities": [-0.9504314661026001, -4.213619232177734, -4.326972484588623, -6.650546550750732], "predictions": [47, 36, 398, 399, 37, 16, 400, 401, 402, 403, 17, 34, 404, 35, 48, 4, 4, 4], "target_tokens": ["[IN:GET_REMINDER", "[SL:PERSON_REMINDED", "@ptr8", "@ptr9", "SL:PERSON_REMINDED]", "[SL:DATE_TIME", "@ptr5", "@ptr6", "@ptr7", "SL:DATE_TIME]", "IN:GET_REMINDER]"], "predicted_tokens": ["[IN:GET_REMINDER", "[SL:TODO", "@ptr3", "@ptr4", "SL:TODO]", "[SL:DATE_TIME", "@ptr5", "@ptr6", "@ptr7", "@ptr8", "SL:DATE_TIME]", "[SL:PERSON_REMINDED", "@ptr9", "SL:PERSON_REMINDED]", "IN:GET_REMINDER]"]}
{"loss": 1.7280688285827637, "class_log_probabilities": [-1.2773315906524658, -4.587408065795898, -6.1182403564453125, -7.394582271575928], "predictions": [49, 34, 396, 35, 36, 398, 399, 400, 401, 402, 403, 37, 16, 404, 405, 406, 407, 408, 409, 410, 411, 17, 50, 4, 4, 4], "target_tokens": ["[IN:CREATE_REMINDER", "[SL:PERSON_REMINDED", "@ptr1", "SL:PERSON_REMINDED]", "[SL:TODO", "@ptr3", "@ptr4", "@ptr5", "@ptr6", "@ptr7", "SL:TODO]", "[SL:DATE_TIME", "@ptr8", "@ptr9", "@ptr10", "@ptr11", "@ptr12", "@ptr13", "@ptr14", "@ptr15", "SL:DATE_TIME]", "IN:CREATE_REMINDER]"], "predicted_tokens": ["[IN:CREATE_REMINDER", "[SL:PERSON_REMINDED", "@ptr1", "SL:PERSON_REMINDED]", "[SL:TODO", "@ptr3", "@ptr4", "@ptr5", "@ptr6", "@ptr7", "@ptr8", "SL:TODO]", "[SL:DATE_TIME", "@ptr9", "@ptr10", "@ptr11", "@ptr12", "@ptr13", "@ptr14", "@ptr15", "@ptr16", "SL:DATE_TIME]", "IN:CREATE_REMINDER]"]}
{"loss": 2.20432186126709, "class_log_probabilities": [-2.659834623336792, -2.8486297130584717, -4.046444416046143, -4.659146785736084], "predictions": [49, 34, 396, 35, 36, 398, 399, 400, 401, 402, 403, 404, 405, 406, 407, 408, 409, 410, 411, 412, 37, 16, 413, 414, 416, 17, 50, 4, 4, 4], "target_tokens": ["[IN:CREATE_REMINDER", "[SL:TODO", "@ptr3", "@ptr4", "@ptr5", "@ptr6", "@ptr7", "@ptr8", "@ptr9", "@ptr10", "@ptr11", "@ptr12", "@ptr13", "@ptr14", "@ptr15", "SL:TODO]", "[SL:DATE_TIME", "@ptr16", "@ptr17", "@ptr18", "SL:DATE_TIME]", "IN:CREATE_REMINDER]"], "predicted_tokens": ["[IN:CREATE_REMINDER", "[SL:PERSON_REMINDED", "@ptr1", "SL:PERSON_REMINDED]", "[SL:TODO", "@ptr3", "@ptr4", "@ptr5", "@ptr6", "@ptr7", "@ptr8", "@ptr9", "@ptr10", "@ptr11", "@ptr12", "@ptr13", "@ptr14", "@ptr15", "@ptr16", "@ptr17", "SL:TODO]", "[SL:DATE_TIME", "@ptr18", "@ptr19", "@ptr21", "SL:DATE_TIME]", "IN:CREATE_REMINDER]"]}
{"loss": 1.9590307474136353, "class_log_probabilities": [-1.9965472221374512, -2.1189286708831787, -2.8655428886413574, -3.6135270595550537], "predictions": [47, 36, 398, 399, 37, 16, 400, 401, 402, 17, 34, 407, 35, 48, 4, 4], "target_tokens": ["[IN:GET_REMINDER", "[SL:PERSON_REMINDED", "@ptr10", "@ptr11", "SL:PERSON_REMINDED]", "[SL:DATE_TIME", "@ptr5", "@ptr6", "@ptr7", "SL:DATE_TIME]", "IN:GET_REMINDER]"], "predicted_tokens": ["[IN:GET_REMINDER", "[SL:TODO", "@ptr3", "@ptr4", "SL:TODO]", "[SL:DATE_TIME", "@ptr5", "@ptr6", "@ptr7", "SL:DATE_TIME]", "[SL:PERSON_REMINDED", "@ptr12", "SL:PERSON_REMINDED]", "IN:GET_REMINDER]"]}
{"loss": 2.2102925777435303, "class_log_probabilities": [-1.5386466979980469, -4.164066314697266, -4.6879754066467285, -5.952911376953125], "predictions": [49, 36, 400, 401, 402, 403, 404, 405, 37, 16, 406, 407, 408, 409, 410, 411, 17, 50, 4, 4, 4, 4, 4, 4, 4, 4, 4, 4, 4, 4], "target_tokens": ["[IN:CREATE_REMINDER", "[SL:TODO", "@ptr4", "@ptr5", "@ptr6", "@ptr7", "@ptr8", "@ptr9", "SL:TODO]", "[SL:DATE_TIME", "@ptr10", "@ptr11", "@ptr12", "@ptr13", "@ptr14", "SL:DATE_TIME]", "IN:CREATE_REMINDER]"], "predicted_tokens": ["[IN:CREATE_REMINDER", "[SL:TODO", "@ptr5", "@ptr6", "@ptr7", "@ptr8", "@ptr9", "@ptr10", "SL:TODO]", "[SL:DATE_TIME", "@ptr11", "@ptr12", "@ptr13", "@ptr14", "@ptr15", "@ptr16", "SL:DATE_TIME]", "IN:CREATE_REMINDER]"]}
{"loss": 3.7471210956573486, "class_log_probabilities": [-4.218451976776123, -4.9990620613098145, -5.075528621673584, -5.315979480743408], "predictions": [23, 10, 70, 71, 399, 72, 73, 11, 10, 70, 71, 400, 72, 73, 11, 24, 404, 405, 406, 407, 408, 409, 410, 411, 412, 413, 414, 25, 26, 4], "target_tokens": ["[IN:CREATE_REMINDER", "[SL:TODO", "[IN:GET_TODO", "[SL:TODO", "[IN:SEND_MESSAGE", "[SL:METHOD_MESSAGE", "@ptr1", "@ptr2", "@ptr3", "SL:METHOD_MESSAGE]", "[SL:RECIPIENT", "[IN:GET_CONTACT", "[SL:TYPE_RELATION", "@ptr4", "SL:TYPE_RELATION]", "IN:GET_CONTACT]", "SL:RECIPIENT]", "IN:SEND_MESSAGE]", "SL:TODO]", "[SL:DATE_TIME", "@ptr5", "@ptr6", "SL:DATE_TIME]", "[SL:TODO", "@ptr8", "SL:TODO]", "IN:GET_TODO]", "SL:TODO]", "[SL:DATE_TIME", "@ptr14", "@ptr15", "@ptr16", "@ptr17", "SL:DATE_TIME]", "IN:CREATE_REMINDER]"], "predicted_tokens": ["[IN:SEND_MESSAGE", "[SL:RECIPIENT", "[IN:GET_CONTACT", "[SL:TYPE_RELATION", "@ptr4", "SL:TYPE_RELATION]", "IN:GET_CONTACT]", "SL:RECIPIENT]", "[SL:RECIPIENT", "[IN:GET_CONTACT", "[SL:TYPE_RELATION", "@ptr5", "SL:TYPE_RELATION]", "IN:GET_CONTACT]", "SL:RECIPIENT]", "[SL:CONTENT_EXACT", "@ptr9", "@ptr10", "@ptr11", "@ptr12", "@ptr13", "@ptr14", "@ptr15", "@ptr16", "@ptr17", "@ptr18", "@ptr19", "SL:CONTENT_EXACT]", "IN:SEND_MESSAGE]"]}
{"loss": 2.9128410816192627, "class_log_probabilities": [-0.8629601001739502, -2.3476574420928955, -6.5021891593933105, -6.726438045501709], "predictions": [33, 36, 401, 402, 403, 404, 37, 34, 405, 35, 38, 4], "target_tokens": ["[IN:DELETE_REMINDER", "[SL:PERSON_REMINDED", "@ptr9", "@ptr10", "SL:PERSON_REMINDED]", "[SL:TODO", "@ptr6", "@ptr7", "@ptr8", "SL:TODO]", "IN:DELETE_REMINDER]"], "predicted_tokens": ["[IN:DELETE_REMINDER", "[SL:TODO", "@ptr6", "@ptr7", "@ptr8", "@ptr9", "SL:TODO]", "[SL:PERSON_REMINDED", "@ptr10", "SL:PERSON_REMINDED]", "IN:DELETE_REMINDER]"]}
{"loss": 0.9680840373039246, "class_log_probabilities": [-0.4763748049736023, -7.778844833374023, -8.049835205078125, -8.122857093811035], "predictions": [63, 64, 396, 65, 151, 397, 152, 68, 4], "target_tokens": ["[IN:PLAY_MUSIC", "[SL:MUSIC_TYPE", "@ptr1", "SL:MUSIC_TYPE]", "[SL:MUSIC_GENRE", "@ptr2", "SL:MUSIC_GENRE]", "IN:PLAY_MUSIC]"], "predicted_tokens": ["[IN:PLAY_MUSIC", "[SL:MUSIC_TYPE", "@ptr1", "SL:MUSIC_TYPE]", "[SL:MUSIC_GENRE", "@ptr2", "SL:MUSIC_GENRE]", "IN:PLAY_MUSIC]"]}
{"loss": 0.9720816016197205, "class_log_probabilities": [-0.6611507534980774, -3.2727267742156982, -8.037385940551758, -8.093534469604492], "predictions": [61, 16, 401, 402, 403, 404, 405, 406, 17, 62, 4, 4], "target_tokens": ["[IN:GET_EVENT", "[SL:DATE_TIME", "@ptr6", "@ptr7", "@ptr8", "@ptr9", "@ptr10", "@ptr11", "SL:DATE_TIME]", "IN:GET_EVENT]"], "predicted_tokens": ["[IN:GET_EVENT", "[SL:DATE_TIME", "@ptr6", "@ptr7", "@ptr8", "@ptr9", "@ptr10", "@ptr11", "SL:DATE_TIME]", "IN:GET_EVENT]"]}
{"loss": 1.1961395740509033, "class_log_probabilities": [-1.1317322254180908, -2.795596122741699, -4.327071189880371, -4.599871635437012], "predictions": [61, 14, 400, 401, 402, 403, 404, 405, 15, 16, 407, 408, 409, 410, 17, 62, 4, 4], "target_tokens": ["[IN:GET_EVENT", "[SL:LOCATION", "@ptr5", "@ptr6", "@ptr7", "@ptr8", "@ptr9", "@ptr10", "SL:LOCATION]", "[SL:DATE_TIME", "@ptr12", "@ptr13", "@ptr14", "SL:DATE_TIME]", "IN:GET_EVENT]"], "predicted_tokens": ["[IN:GET_EVENT", "[SL:LOCATION", "@ptr5", "@ptr6", "@ptr7", "@ptr8", "@ptr9", "@ptr10", "SL:LOCATION]", "[SL:DATE_TIME", "@ptr12", "@ptr13", "@ptr14", "@ptr15", "SL:DATE_TIME]", "IN:GET_EVENT]"]}
{"loss": 3.2546443939208984, "class_log_probabilities": [-0.460532546043396, -8.042656898498535, -8.341937065124512, -8.49606990814209], "predictions": [61, 16, 399, 400, 401, 17, 62, 4], "target_tokens": ["[IN:GET_EVENT", "[SL:DATE_TIME", "@ptr3", "@ptr4", "@ptr5", "SL:DATE_TIME]", "IN:GET_EVENT]"], "predicted_tokens": ["[IN:GET_EVENT", "[SL:DATE_TIME", "@ptr4", "@ptr5", "@ptr6", "SL:DATE_TIME]", "IN:GET_EVENT]"]}
{"loss": 1.9215261936187744, "class_log_probabilities": [-0.5279362797737122, -7.577289581298828, -7.9232354164123535, -8.053564071655273], "predictions": [61, 16, 400, 401, 402, 403, 17, 62, 4, 4], "target_tokens": ["[IN:GET_EVENT", "[SL:DATE_TIME", "@ptr5", "@ptr6", "@ptr7", "SL:DATE_TIME]", "IN:GET_EVENT]"], "predicted_tokens": ["[IN:GET_EVENT", "[SL:DATE_TIME", "@ptr5", "@ptr6", "@ptr7", "@ptr8", "SL:DATE_TIME]", "IN:GET_EVENT]"]}
{"loss": 1.914886713027954, "class_log_probabilities": [-1.4510141611099243, -2.2481977939605713, -5.216150760650635, -5.72419548034668], "predictions": [61, 83, 395, 396, 84, 16, 397, 398, 17, 14, 401, 402, 403, 15, 62, 4, 4], "target_tokens": ["[IN:GET_EVENT", "[SL:CATEGORY_EVENT", "@ptr0", "@ptr1", "SL:CATEGORY_EVENT]", "[SL:DATE_TIME", "@ptr2", "@ptr3", "SL:DATE_TIME]", "[SL:LOCATION", "@ptr5", "@ptr6", "@ptr7", "SL:LOCATION]", "IN:GET_EVENT]"], "predicted_tokens": ["[IN:GET_EVENT", "[SL:CATEGORY_EVENT", "@ptr0", "@ptr1", "SL:CATEGORY_EVENT]", "[SL:DATE_TIME", "@ptr2", "@ptr3", "SL:DATE_TIME]", "[SL:LOCATION", "@ptr6", "@ptr7", "@ptr8", "SL:LOCATION]", "IN:GET_EVENT]"]}
{"loss": 3.6612889766693115, "class_log_probabilities": [-0.907983660697937, -3.149993896484375, -4.102616786956787, -5.664855003356934], "predictions": [61, 14, 401, 402, 15, 16, 403, 404, 17, 62, 4, 4], "target_tokens": ["[IN:GET_EVENT", "[SL:LOCATION", "@ptr5", "@ptr6", "SL:LOCATION]", "[SL:DATE_TIME", "@ptr7", "@ptr8", "SL:DATE_TIME]", "IN:GET_EVENT]"], "predicted_tokens": ["[IN:GET_EVENT", "[SL:LOCATION", "@ptr6", "@ptr7", "SL:LOCATION]", "[SL:DATE_TIME", "@ptr8", "@ptr9", "SL:DATE_TIME]", "IN:GET_EVENT]"]}
{"loss": 2.7222273349761963, "class_log_probabilities": [-0.7804641127586365, -5.965920448303223, -7.592340469360352, -7.787278652191162], "predictions": [61, 83, 395, 84, 14, 403, 15, 16, 404, 405, 406, 407, 17, 62, 4, 4], "target_tokens": ["[IN:GET_EVENT", "[SL:CATEGORY_EVENT", "@ptr0", "SL:CATEGORY_EVENT]", "[SL:CATEGORY_EVENT", "@ptr5", "SL:CATEGORY_EVENT]", "[SL:LOCATION", "@ptr7", "SL:LOCATION]", "[SL:DATE_TIME", "@ptr9", "@ptr10", "@ptr11", "SL:DATE_TIME]", "IN:GET_EVENT]"], "predicted_tokens": ["[IN:GET_EVENT", "[SL:CATEGORY_EVENT", "@ptr0", "SL:CATEGORY_EVENT]", "[SL:LOCATION", "@ptr8", "SL:LOCATION]", "[SL:DATE_TIME", "@ptr9", "@ptr10", "@ptr11", "@ptr12", "SL:DATE_TIME]", "IN:GET_EVENT]"]}
{"loss": 0.9694063663482666, "class_log_probabilities": [-0.41707974672317505, -6.658355712890625, -7.08453893661499, -7.28626012802124], "predictions": [105, 6, 395, 396, 397, 7, 106, 4], "target_tokens": ["[IN:GET_INFO_CONTACT", "[SL:CONTACT", "@ptr0", "@ptr1", "@ptr2", "SL:CONTACT]", "IN:GET_INFO_CONTACT]"], "predicted_tokens": ["[IN:GET_INFO_CONTACT", "[SL:CONTACT", "@ptr0", "@ptr1", "@ptr2", "SL:CONTACT]", "IN:GET_INFO_CONTACT]"]}
{"loss": 1.7994436025619507, "class_log_probabilities": [-1.3031978607177734, -1.8290202617645264, -3.2714545726776123, -4.157797813415527], "predictions": [193, 6, 395, 396, 7, 138, 401, 139, 196, 4], "target_tokens": ["[IN:GET_EMPLOYER", "[SL:CONTACT", "@ptr0", "@ptr1", "SL:CONTACT]", "[SL:EMPLOYER", "@ptr5", "SL:EMPLOYER]", "IN:GET_EMPLOYER]"], "predicted_tokens": ["[IN:GET_EMPLOYMENT_TIME", "[SL:CONTACT", "@ptr0", "@ptr1", "SL:CONTACT]", "[SL:EMPLOYER", "@ptr6", "SL:EMPLOYER]", "IN:GET_EMPLOYMENT_TIME]"]}
{"loss": 1.7765393257141113, "class_log_probabilities": [-1.1143487691879272, -3.740459680557251, -4.047698497772217, -4.262994766235352], "predictions": [253, 6, 395, 7, 254, 4], "target_tokens": ["[IN:GET_EMPLOYER", "[SL:CONTACT", "@ptr0", "SL:CONTACT]", "IN:GET_EMPLOYER]"], "predicted_tokens": ["[IN:GET_UNDERGRAD", "[SL:CONTACT", "@ptr0", "SL:CONTACT]", "IN:GET_UNDERGRAD]"]}
{"loss": 2.378572940826416, "class_log_probabilities": [-1.2732458114624023, -2.346189022064209, -3.065922498703003, -6.440820217132568], "predictions": [211, 6, 395, 396, 7, 212, 4], "target_tokens": ["[IN:GET_EMPLOYER", "[SL:CONTACT", "@ptr0", "@ptr1", "SL:CONTACT]", "IN:GET_EMPLOYER]"], "predicted_tokens": ["[IN:GET_LOCATION", "[SL:CONTACT", "@ptr0", "@ptr1", "SL:CONTACT]", "IN:GET_LOCATION]"]}
{"loss": 4.441684722900391, "class_log_probabilities": [-0.5530627369880676, -5.357132911682129, -7.847227096557617, -7.931578159332275], "predictions": [125, 71, 395, 72, 93, 397, 94, 6, 400, 7, 126, 4], "target_tokens": ["[IN:GET_AGE", "[SL:CONTACT_RELATED", "@ptr1", "@ptr2", "SL:CONTACT_RELATED]", "[SL:TYPE_RELATION", "@ptr0", "SL:TYPE_RELATION]", "IN:GET_AGE]"], "predicted_tokens": ["[IN:GET_AGE", "[SL:TYPE_RELATION", "@ptr0", "SL:TYPE_RELATION]", "[SL:CONTACT_RELATED", "@ptr2", "SL:CONTACT_RELATED]", "[SL:CONTACT", "@ptr5", "SL:CONTACT]", "IN:GET_AGE]"]}
{"loss": 3.0441291332244873, "class_log_probabilities": [-0.5351746678352356, -5.482132434844971, -6.809881687164307, -7.041479110717773], "predictions": [70, 138, 402, 403, 404, 405, 406, 139, 73, 4, 4, 4, 4, 4, 4], "target_tokens": ["[IN:GET_CONTACT", "[SL:EMPLOYER", "@ptr6", "@ptr7", "@ptr8", "@ptr9", "SL:EMPLOYER]", "IN:GET_CONTACT]"], "predicted_tokens": ["[IN:GET_CONTACT", "[SL:EMPLOYER", "@ptr7", "@ptr8", "@ptr9", "@ptr10", "@ptr11", "SL:EMPLOYER]", "IN:GET_CONTACT]"]}
{"loss": 0.9735057950019836, "class_log_probabilities": [-0.6484842300415039, -5.222631454467773, -5.234158992767334, -5.411036968231201], "predictions": [70, 138, 396, 139, 73, 4], "target_tokens": ["[IN:GET_CONTACT", "[SL:EMPLOYER", "@ptr1", "SL:EMPLOYER]", "IN:GET_CONTACT]"], "predicted_tokens": ["[IN:GET_CONTACT", "[SL:EMPLOYER", "@ptr1", "SL:EMPLOYER]", "IN:GET_CONTACT]"]}
{"loss": 3.492804765701294, "class_log_probabilities": [-0.9857211709022522, -2.5777430534362793, -3.0946857929229736, -4.757138252258301], "predictions": [70, 71, 397, 72, 93, 399, 400, 401, 94, 73, 4], "target_tokens": ["[IN:GET_CONTACT", "[SL:CONTACT_RELATED", "@ptr4", "@ptr5", "SL:CONTACT_RELATED]", "[SL:TYPE_RELATION", "@ptr1", "@ptr2", "SL:TYPE_RELATION]", "IN:GET_CONTACT]"], "predicted_tokens": ["[IN:GET_CONTACT", "[SL:TYPE_RELATION", "@ptr2", "SL:TYPE_RELATION]", "[SL:CONTACT_RELATED", "@ptr4", "@ptr5", "@ptr6", "SL:CONTACT_RELATED]", "IN:GET_CONTACT]"]}
{"loss": 3.9031054973602295, "class_log_probabilities": [-1.3516042232513428, -2.625828742980957, -2.693458080291748, -3.331416368484497], "predictions": [51, 52, 399, 53, 289, 401, 290, 129, 406, 130, 54, 4, 4], "target_tokens": ["[IN:GET_RECIPES", "[SL:RECIPES_RATING", "@ptr6", "@ptr7", "SL:RECIPES_RATING]", "[SL:RECIPES_TYPE", "@ptr4", "SL:RECIPES_TYPE]", "[SL:RECIPES_INCLUDED_INGREDIENT", "@ptr10", "SL:RECIPES_INCLUDED_INGREDIENT]", "IN:GET_RECIPES]"], "predicted_tokens": ["[IN:GET_RECIPES", "[SL:RECIPES_DISH", "@ptr4", "SL:RECIPES_DISH]", "[SL:RECIPES_RATING", "@ptr6", "SL:RECIPES_RATING]", "[SL:RECIPES_INCLUDED_INGREDIENT", "@ptr11", "SL:RECIPES_INCLUDED_INGREDIENT]", "IN:GET_RECIPES]"]}
{"loss": 3.6969282627105713, "class_log_probabilities": [-1.4526622295379639, -1.9502846002578735, -5.4901347160339355, -6.005560874938965], "predictions": [27, 129, 398, 399, 130, 28, 402, 29, 30, 4], "target_tokens": ["[IN:GET_INFO_RECIPES", "[SL:RECIPES_ATTRIBUTE", "@ptr6", "SL:RECIPES_ATTRIBUTE]", "[SL:RECIPES_INCLUDED_INGREDIENT", "@ptr3", "SL:RECIPES_INCLUDED_INGREDIENT]", "IN:GET_INFO_RECIPES]"], "predicted_tokens": ["[IN:GET_INFO_RECIPES", "[SL:RECIPES_INCLUDED_INGREDIENT", "@ptr3", "@ptr4", "SL:RECIPES_INCLUDED_INGREDIENT]", "[SL:RECIPES_ATTRIBUTE", "@ptr7", "SL:RECIPES_ATTRIBUTE]", "IN:GET_INFO_RECIPES]"]}
{"loss": 2.2725045680999756, "class_log_probabilities": [-1.4434397220611572, -2.6146647930145264, -6.601298809051514, -6.939972877502441], "predictions": [49, 16, 400, 17, 50, 4, 4], "target_tokens": ["[IN:CREATE_ALARM", "[SL:DATE_TIME", "@ptr4", "@ptr5", "SL:DATE_TIME]", "IN:CREATE_ALARM]"], "predicted_tokens": ["[IN:CREATE_REMINDER", "[SL:DATE_TIME", "@ptr5", "SL:DATE_TIME]", "IN:CREATE_REMINDER]"]}
{"loss": 1.6763077974319458, "class_log_probabilities": [-1.2713099718093872, -3.024101972579956, -3.3701670169830322, -4.297072887420654], "predictions": [27, 30, 4], "target_tokens": ["[IN:GET_TIMER", "IN:GET_TIMER]"], "predicted_tokens": ["[IN:GET_INFO_RECIPES", "IN:GET_INFO_RECIPES]"]}
{"loss": 3.6093649864196777, "class_log_probabilities": [-1.460023283958435, -3.19730544090271, -3.3360629081726074, -5.040146350860596], "predictions": [39, 16, 395, 396, 17, 40, 398, 41, 56, 402, 403, 57, 42, 4], "target_tokens": ["[IN:GET_STORIES_NEWS", "[SL:NEWS_REFERENCE", "@ptr4", "SL:NEWS_REFERENCE]", "[SL:NEWS_TYPE", "@ptr3", "SL:NEWS_TYPE]", "[SL:NEWS_TOPIC", "@ptr7", "SL:NEWS_TOPIC]", "[SL:DATE_TIME", "@ptr0", "@ptr1", "SL:DATE_TIME]", "IN:GET_STORIES_NEWS]"], "predicted_tokens": ["[IN:GET_STORIES_NEWS", "[SL:DATE_TIME", "@ptr0", "@ptr1", "SL:DATE_TIME]", "[SL:NEWS_TYPE", "@ptr3", "SL:NEWS_TYPE]", "[SL:NEWS_TOPIC", "@ptr7", "@ptr8", "SL:NEWS_TOPIC]", "IN:GET_STORIES_NEWS]"]}
{"loss": 1.956213116645813, "class_log_probabilities": [-3.800394058227539, -4.278611183166504, -4.425809860229492, -4.961484432220459], "predictions": [301, 40, 396, 41, 56, 398, 399, 400, 401, 402, 403, 404, 405, 406, 407, 408, 409, 410, 57, 302, 4], "target_tokens": ["[IN:GET_STORIES_NEWS", "[SL:NEWS_TOPIC", "@ptr2", "@ptr3", "@ptr4", "@ptr5", "@ptr6", "@ptr7", "@ptr8", "@ptr9", "@ptr10", "@ptr11", "@ptr12", "@ptr13", "@ptr14", "@ptr15", "SL:NEWS_TOPIC]", "[SL:NEWS_TYPE", "@ptr0", "@ptr1", "SL:NEWS_TYPE]", "IN:GET_STORIES_NEWS]"], "predicted_tokens": ["[IN:GET_DETAILS_NEWS", "[SL:NEWS_TYPE", "@ptr1", "SL:NEWS_TYPE]", "[SL:NEWS_TOPIC", "@ptr3", "@ptr4", "@ptr5", "@ptr6", "@ptr7", "@ptr8", "@ptr9", "@ptr10", "@ptr11", "@ptr12", "@ptr13", "@ptr14", "@ptr15", "SL:NEWS_TOPIC]", "IN:GET_DETAILS_NEWS]"]}
{"loss": 0.9619075059890747, "class_log_probabilities": [-0.423326700925827, -5.041982650756836, -8.19035530090332, -8.466958045959473], "predictions": [45, 16, 397, 398, 17, 46, 4, 4], "target_tokens": ["[IN:CREATE_ALARM", "[SL:DATE_TIME", "@ptr2", "@ptr3", "SL:DATE_TIME]", "IN:CREATE_ALARM]"], "predicted_tokens": ["[IN:CREATE_ALARM", "[SL:DATE_TIME", "@ptr2", "@ptr3", "SL:DATE_TIME]", "IN:CREATE_ALARM]"]}
{"loss": 4.606367588043213, "class_log_probabilities": [-3.5125982761383057, -4.178097724914551, -4.335810661315918, -4.699695587158203], "predictions": [27, 129, 395, 396, 130, 52, 397, 398, 53, 175, 402, 176, 30, 4], "target_tokens": ["[IN:GET_INFO_RECIPES", "[SL:RECIPES_ATTRIBUTE", "@ptr6", "@ptr7", "SL:RECIPES_ATTRIBUTE]", "[SL:RECIPES_UNIT_NUTRITION", "@ptr5", "SL:RECIPES_UNIT_NUTRITION]", "[SL:RECIPES_UNIT_MEASUREMENT", "@ptr3", "SL:RECIPES_UNIT_MEASUREMENT]", "[SL:RECIPES_DISH", "@ptr0", "@ptr1", "SL:RECIPES_DISH]", "IN:GET_INFO_RECIPES]"], "predicted_tokens": ["[IN:GET_INFO_RECIPES", "[SL:RECIPES_INCLUDED_INGREDIENT", "@ptr0", "@ptr1", "SL:RECIPES_INCLUDED_INGREDIENT]", "[SL:RECIPES_DISH", "@ptr2", "@ptr3", "SL:RECIPES_DISH]", "[SL:RECIPES_UNIT_NUTRITION", "@ptr7", "SL:RECIPES_UNIT_NUTRITION]", "IN:GET_INFO_RECIPES]"]}
{"loss": 3.3497607707977295, "class_log_probabilities": [-1.5537645816802979, -3.3658056259155273, -3.4257750511169434, -5.006261825561523], "predictions": [45, 16, 400, 401, 402, 403, 17, 46, 4], "target_tokens": ["[IN:CREATE_TIMER", "[SL:METHOD_TIMER", "@ptr1", "@ptr2", "SL:METHOD_TIMER]", "[SL:DATE_TIME", "@ptr5", "@ptr6", "@ptr7", "SL:DATE_TIME]", "IN:CREATE_TIMER]"], "predicted_tokens": ["[IN:CREATE_ALARM", "[SL:DATE_TIME", "@ptr5", "@ptr6", "@ptr7", "@ptr8", "SL:DATE_TIME]", "IN:CREATE_ALARM]"]}
{"loss": 3.5410349369049072, "class_log_probabilities": [-2.319364070892334, -2.628246784210205, -2.971836805343628, -3.313112497329712], "predictions": [13, 16, 395, 396, 397, 17, 14, 398, 15, 135, 402, 403, 136, 18, 4], "target_tokens": ["[IN:GET_WEATHER", "[SL:WEATHER_ATTRIBUTE", "@ptr4", "SL:WEATHER_ATTRIBUTE]", "[SL:LOCATION", "@ptr3", "SL:LOCATION]", "[SL:DATE_TIME", "@ptr0", "@ptr1", "@ptr2", "SL:DATE_TIME]", "[SL:WEATHER_TEMPERATURE_UNIT", "@ptr7", "SL:WEATHER_TEMPERATURE_UNIT]", "IN:GET_WEATHER]"], "predicted_tokens": ["[IN:GET_WEATHER", "[SL:DATE_TIME", "@ptr0", "@ptr1", "@ptr2", "SL:DATE_TIME]", "[SL:LOCATION", "@ptr3", "SL:LOCATION]", "[SL:WEATHER_TEMPERATURE_UNIT", "@ptr7", "@ptr8", "SL:WEATHER_TEMPERATURE_UNIT]", "IN:GET_WEATHER]"]}
{"loss": 3.589366912841797, "class_log_probabilities": [-0.902259349822998, -3.5562918186187744, -3.801875114440918, -5.400197505950928], "predictions": [27, 129, 402, 403, 130, 30, 4, 4], "target_tokens": ["[IN:GET_INFO_RECIPES", "[SL:RECIPES_DISH", "@ptr6", "@ptr7", "SL:RECIPES_DISH]", "[SL:RECIPES_ATTRIBUTE", "@ptr8", "SL:RECIPES_ATTRIBUTE]", "IN:GET_INFO_RECIPES]"], "predicted_tokens": ["[IN:GET_INFO_RECIPES", "[SL:RECIPES_INCLUDED_INGREDIENT", "@ptr7", "@ptr8", "SL:RECIPES_INCLUDED_INGREDIENT]", "IN:GET_INFO_RECIPES]"]}
{"loss": 3.0678420066833496, "class_log_probabilities": [-2.939666748046875, -3.558440685272217, -3.9257891178131104, -4.999072074890137], "predictions": [27, 52, 395, 396, 53, 175, 402, 176, 30, 4, 4, 4], "target_tokens": ["[IN:GET_INFO_RECIPES", "[SL:RECIPES_ATTRIBUTE", "@ptr6", "@ptr7", "SL:RECIPES_ATTRIBUTE]", "[SL:RECIPES_UNIT_NUTRITION", "@ptr5", "SL:RECIPES_UNIT_NUTRITION]", "[SL:RECIPES_DISH", "@ptr0", "@ptr1", "SL:RECIPES_DISH]", "IN:GET_INFO_RECIPES]"], "predicted_tokens": ["[IN:GET_INFO_RECIPES", "[SL:RECIPES_DISH", "@ptr0", "@ptr1", "SL:RECIPES_DISH]", "[SL:RECIPES_UNIT_NUTRITION", "@ptr7", "SL:RECIPES_UNIT_NUTRITION]", "IN:GET_INFO_RECIPES]"]}
{"loss": 4.533668518066406, "class_log_probabilities": [-0.731320858001709, -5.639791011810303, -5.941368103027344, -6.261581897735596], "predictions": [27, 129, 398, 130, 30, 4, 4, 4, 4], "target_tokens": ["[IN:GET_INFO_RECIPES", "[SL:RECIPES_ATTRIBUTE", "@ptr4", "@ptr5", "@ptr6", "SL:RECIPES_ATTRIBUTE]", "[SL:RECIPES_COOKING_METHOD", "@ptr2", "SL:RECIPES_COOKING_METHOD]", "[SL:RECIPES_DISH", "@ptr3", "SL:RECIPES_DISH]", "IN:GET_INFO_RECIPES]"], "predicted_tokens": ["[IN:GET_INFO_RECIPES", "[SL:RECIPES_INCLUDED_INGREDIENT", "@ptr3", "SL:RECIPES_INCLUDED_INGREDIENT]", "IN:GET_INFO_RECIPES]"]}
{"loss": 2.4357011318206787, "class_log_probabilities": [-2.411703586578369, -2.596231460571289, -3.045105218887329, -4.346985340118408], "predictions": [27, 52, 395, 396, 53, 175, 399, 176, 30, 4], "target_tokens": ["[IN:GET_INFO_RECIPES", "[SL:RECIPES_UNIT_NUTRITION", "@ptr4", "SL:RECIPES_UNIT_NUTRITION]", "[SL:RECIPES_DISH", "@ptr0", "@ptr1", "SL:RECIPES_DISH]", "IN:GET_INFO_RECIPES]"], "predicted_tokens": ["[IN:GET_INFO_RECIPES", "[SL:RECIPES_DISH", "@ptr0", "@ptr1", "SL:RECIPES_DISH]", "[SL:RECIPES_UNIT_NUTRITION", "@ptr4", "SL:RECIPES_UNIT_NUTRITION]", "IN:GET_INFO_RECIPES]"]}
{"loss": 3.1425533294677734, "class_log_probabilities": [-0.3463054299354553, -6.741079807281494, -7.081087112426758, -7.2349534034729], "predictions": [165, 52, 397, 53, 166, 4], "target_tokens": ["[IN:GET_INFO_RECIPES", "[SL:RECIPES_INCLUDED_INGREDIENT", "@ptr2", "SL:RECIPES_INCLUDED_INGREDIENT]", "IN:GET_INFO_RECIPES]"], "predicted_tokens": ["[IN:IS_TRUE_RECIPES", "[SL:RECIPES_DISH", "@ptr2", "SL:RECIPES_DISH]", "IN:IS_TRUE_RECIPES]"]}
{"loss": 0.9751375317573547, "class_log_probabilities": [-0.589201807975769, -3.1004834175109863, -6.260122299194336, -6.431349754333496], "predictions": [251, 64, 395, 65, 252, 4], "target_tokens": ["[IN:QUESTION_MUSIC", "[SL:MUSIC_TYPE", "@ptr0", "SL:MUSIC_TYPE]", "IN:QUESTION_MUSIC]"], "predicted_tokens": ["[IN:QUESTION_MUSIC", "[SL:MUSIC_TYPE", "@ptr0", "SL:MUSIC_TYPE]", "IN:QUESTION_MUSIC]"]}
{"loss": 2.801381826400757, "class_log_probabilities": [-5.559842586517334, -7.772284507751465, -7.81343936920166, -8.096689224243164], "predictions": [105, 6, 397, 398, 399, 400, 401, 7, 106, 4, 4, 4, 4, 4, 4, 4, 4, 4], "target_tokens": ["[IN:GET_WEATHER", "[SL:LOCATION", "@ptr7", "@ptr8", "@ptr9", "@ptr10", "@ptr11", "SL:LOCATION]", "IN:GET_WEATHER]"], "predicted_tokens": ["[IN:GET_INFO_CONTACT", "[SL:CONTACT", "@ptr2", "@ptr3", "@ptr4", "@ptr5", "@ptr6", "SL:CONTACT]", "IN:GET_INFO_CONTACT]"]}
{"loss": 4.340912342071533, "class_log_probabilities": [-3.2944769859313965, -5.136960029602051, -5.387083530426025, -6.065115928649902], "predictions": [225, 34, 402, 35, 16, 403, 404, 405, 17, 226, 4], "target_tokens": ["[IN:DELETE_TIMER", "[SL:AMOUNT", "@ptr4", "SL:AMOUNT]", "IN:DELETE_TIMER]"], "predicted_tokens": ["[IN:DELETE_TIMER", "[SL:PERSON_REMINDED", "@ptr7", "SL:PERSON_REMINDED]", "[SL:DATE_TIME", "@ptr8", "@ptr9", "@ptr10", "SL:DATE_TIME]", "IN:DELETE_TIMER]"]}
{"loss": 2.945859432220459, "class_log_probabilities": [-3.214359998703003, -4.477780818939209, -5.094089984893799, -5.163036346435547], "predictions": [63, 64, 397, 398, 399, 400, 401, 65, 103, 403, 104, 68, 4], "target_tokens": ["[IN:PLAY_MUSIC", "[SL:MUSIC_GENRE", "@ptr5", "@ptr6", "SL:MUSIC_GENRE]", "[SL:MUSIC_TYPE", "@ptr2", "SL:MUSIC_TYPE]", "[SL:MUSIC_PROVIDER_NAME", "@ptr8", "SL:MUSIC_PROVIDER_NAME]", "IN:PLAY_MUSIC]"], "predicted_tokens": ["[IN:PLAY_MUSIC", "[SL:MUSIC_TYPE", "@ptr2", "@ptr3", "@ptr4", "@ptr5", "@ptr6", "SL:MUSIC_TYPE]", "[SL:MUSIC_PROVIDER_NAME", "@ptr8", "SL:MUSIC_PROVIDER_NAME]", "IN:PLAY_MUSIC]"]}
{"loss": 2.718848466873169, "class_log_probabilities": [-0.5047382116317749, -8.025575637817383, -8.072275161743164, -8.964427947998047], "predictions": [45, 16, 399, 400, 401, 17, 46, 4, 4], "target_tokens": ["[IN:CREATE_ALARM", "[SL:DATE_TIME", "@ptr3", "@ptr4", "@ptr5", "SL:DATE_TIME]", "IN:CREATE_ALARM]"], "predicted_tokens": ["[IN:CREATE_ALARM", "[SL:DATE_TIME", "@ptr4", "@ptr5", "@ptr6", "SL:DATE_TIME]", "IN:CREATE_ALARM]"]}
{"loss": 4.175318241119385, "class_log_probabilities": [-0.7997003793716431, -2.200166702270508, -7.376379489898682, -7.887774467468262], "predictions": [13, 16, 396, 17, 79, 399, 80, 18, 4], "target_tokens": ["[IN:GET_WEATHER", "[SL:WEATHER_ATTRIBUTE", "@ptr3", "SL:WEATHER_ATTRIBUTE]", "[SL:DATE_TIME", "@ptr0", "@ptr1", "SL:DATE_TIME]", "IN:GET_WEATHER]"], "predicted_tokens": ["[IN:GET_WEATHER", "[SL:DATE_TIME", "@ptr1", "SL:DATE_TIME]", "[SL:WEATHER_ATTRIBUTE", "@ptr4", "SL:WEATHER_ATTRIBUTE]", "IN:GET_WEATHER]"]}
{"loss": 3.713390588760376, "class_log_probabilities": [-0.9782584309577942, -3.5002284049987793, -3.5719728469848633, -5.222400665283203], "predictions": [13, 16, 395, 17, 79, 399, 400, 80, 18, 4, 4], "target_tokens": ["[IN:GET_WEATHER", "[SL:WEATHER_ATTRIBUTE", "@ptr3", "@ptr4", "SL:WEATHER_ATTRIBUTE]", "[SL:DATE_TIME", "@ptr0", "@ptr1", "SL:DATE_TIME]", "IN:GET_WEATHER]"], "predicted_tokens": ["[IN:GET_WEATHER", "[SL:DATE_TIME", "@ptr0", "SL:DATE_TIME]", "[SL:WEATHER_ATTRIBUTE", "@ptr4", "@ptr5", "SL:WEATHER_ATTRIBUTE]", "IN:GET_WEATHER]"]}
{"loss": 0.9604120254516602, "class_log_probabilities": [-0.35674598813056946, -8.20975399017334, -8.239836692810059, -8.364022254943848], "predictions": [13, 79, 396, 80, 18, 4], "target_tokens": ["[IN:GET_WEATHER", "[SL:WEATHER_ATTRIBUTE", "@ptr1", "SL:WEATHER_ATTRIBUTE]", "IN:GET_WEATHER]"], "predicted_tokens": ["[IN:GET_WEATHER", "[SL:WEATHER_ATTRIBUTE", "@ptr1", "SL:WEATHER_ATTRIBUTE]", "IN:GET_WEATHER]"]}
{"loss": 3.0010554790496826, "class_log_probabilities": [-0.5564481616020203, -8.038931846618652, -8.149073600769043, -8.177099227905273], "predictions": [39, 40, 395, 41, 56, 396, 397, 57, 42, 4], "target_tokens": ["[IN:GET_STORIES_NEWS", "[SL:NEWS_CATEGORY", "@ptr1", "@ptr2", "SL:NEWS_CATEGORY]", "[SL:NEWS_TYPE", "@ptr0", "SL:NEWS_TYPE]", "IN:GET_STORIES_NEWS]"], "predicted_tokens": ["[IN:GET_STORIES_NEWS", "[SL:NEWS_TYPE", "@ptr0", "SL:NEWS_TYPE]", "[SL:NEWS_TOPIC", "@ptr1", "@ptr2", "SL:NEWS_TOPIC]", "IN:GET_STORIES_NEWS]"]}
{"loss": 3.299561023712158, "class_log_probabilities": [-0.4906838536262512, -7.960623741149902, -8.23150634765625, -8.3466796875], "predictions": [13, 14, 396, 15, 79, 398, 80, 18, 4], "target_tokens": ["[IN:GET_WEATHER", "[SL:WEATHER_ATTRIBUTE", "@ptr3", "SL:WEATHER_ATTRIBUTE]", "[SL:LOCATION", "@ptr1", "SL:LOCATION]", "IN:GET_WEATHER]"], "predicted_tokens": ["[IN:GET_WEATHER", "[SL:LOCATION", "@ptr1", "SL:LOCATION]", "[SL:WEATHER_ATTRIBUTE", "@ptr3", "SL:WEATHER_ATTRIBUTE]", "IN:GET_WEATHER]"]}
{"loss": 4.014500617980957, "class_log_probabilities": [-0.5330198407173157, -4.208295822143555, -6.664520740509033, -7.153850555419922], "predictions": [13, 16, 395, 17, 79, 397, 80, 18, 4, 4, 4, 4], "target_tokens": ["[IN:GET_WEATHER", "[SL:WEATHER_ATTRIBUTE", "@ptr2", "@ptr4", "SL:WEATHER_ATTRIBUTE]", "[SL:DATE_TIME", "@ptr0", "@ptr1", "SL:DATE_TIME]", "IN:GET_WEATHER]"], "predicted_tokens": ["[IN:GET_WEATHER", "[SL:DATE_TIME", "@ptr0", "SL:DATE_TIME]", "[SL:WEATHER_ATTRIBUTE", "@ptr2", "SL:WEATHER_ATTRIBUTE]", "IN:GET_WEATHER]"]}
{"loss": 4.554379940032959, "class_log_probabilities": [-0.4575597047805786, -5.595071792602539, -6.020808219909668, -6.161065101623535], "predictions": [33, 16, 399, 17, 38, 4], "target_tokens": ["[IN:DELETE_ALARM", "[SL:ORDINAL", "@ptr3", "SL:ORDINAL]", "IN:DELETE_ALARM]"], "predicted_tokens": ["[IN:DELETE_REMINDER", "[SL:DATE_TIME", "@ptr4", "SL:DATE_TIME]", "IN:DELETE_REMINDER]"]}
{"loss": 0.9617927074432373, "class_log_probabilities": [-0.34703528881073, -8.059688568115234, -8.349410057067871, -8.475973129272461], "predictions": [13, 79, 398, 80, 18, 4], "target_tokens": ["[IN:GET_WEATHER", "[SL:WEATHER_ATTRIBUTE", "@ptr3", "SL:WEATHER_ATTRIBUTE]", "IN:GET_WEATHER]"], "predicted_tokens": ["[IN:GET_WEATHER", "[SL:WEATHER_ATTRIBUTE", "@ptr3", "SL:WEATHER_ATTRIBUTE]", "IN:GET_WEATHER]"]}
{"loss": 4.148037433624268, "class_log_probabilities": [-0.14503124356269836, -8.650606155395508, -8.70253849029541, -8.813291549682617], "predictions": [115, 116, 4, 4, 4], "target_tokens": ["[IN:GET_TIMER", "[SL:METHOD_TIMER", "@ptr6", "@ptr7", "@ptr8", "SL:METHOD_TIMER]", "IN:GET_TIMER]"], "predicted_tokens": ["[IN:GET_TIMER", "IN:GET_TIMER]"]}
{"loss": 3.3060548305511475, "class_log_probabilities": [-1.0841962099075317, -1.2972155809402466, -7.360388278961182, -8.263870239257812], "predictions": [13, 14, 398, 15, 79, 399, 80, 18, 4, 4, 4, 4], "target_tokens": ["[IN:GET_WEATHER", "[SL:WEATHER_ATTRIBUTE", "@ptr4", "SL:WEATHER_ATTRIBUTE]", "[SL:LOCATION", "@ptr3", "SL:LOCATION]", "IN:GET_WEATHER]"], "predicted_tokens": ["[IN:GET_WEATHER", "[SL:LOCATION", "@ptr3", "SL:LOCATION]", "[SL:WEATHER_ATTRIBUTE", "@ptr4", "SL:WEATHER_ATTRIBUTE]", "IN:GET_WEATHER]"]}
{"loss": 0.9624245166778564, "class_log_probabilities": [-0.34448152780532837, -7.991002559661865, -8.317584037780762, -8.476408958435059], "predictions": [13, 79, 398, 80, 18, 4], "target_tokens": ["[IN:GET_WEATHER", "[SL:WEATHER_ATTRIBUTE", "@ptr3", "SL:WEATHER_ATTRIBUTE]", "IN:GET_WEATHER]"], "predicted_tokens": ["[IN:GET_WEATHER", "[SL:WEATHER_ATTRIBUTE", "@ptr3", "SL:WEATHER_ATTRIBUTE]", "IN:GET_WEATHER]"]}
{"loss": 4.002464294433594, "class_log_probabilities": [-0.8549582958221436, -3.868669033050537, -3.9923276901245117, -5.397994518280029], "predictions": [13, 16, 395, 396, 17, 79, 400, 80, 18, 4], "target_tokens": ["[IN:GET_WEATHER", "[SL:WEATHER_ATTRIBUTE", "@ptr3", "@ptr5", "SL:WEATHER_ATTRIBUTE]", "[SL:DATE_TIME", "@ptr0", "@ptr1", "SL:DATE_TIME]", "IN:GET_WEATHER]"], "predicted_tokens": ["[IN:GET_WEATHER", "[SL:DATE_TIME", "@ptr0", "@ptr1", "SL:DATE_TIME]", "[SL:WEATHER_ATTRIBUTE", "@ptr5", "SL:WEATHER_ATTRIBUTE]", "IN:GET_WEATHER]"]}
{"loss": 2.6749210357666016, "class_log_probabilities": [-0.7652410268783569, -3.059277296066284, -7.291822910308838, -7.716441631317139], "predictions": [13, 14, 399, 15, 16, 400, 401, 402, 403, 17, 18, 4, 4], "target_tokens": ["[IN:GET_WEATHER", "[SL:LOCATION", "@ptr3", "SL:LOCATION]", "[SL:DATE_TIME", "@ptr4", "@ptr5", "@ptr6", "@ptr7", "SL:DATE_TIME]", "IN:GET_WEATHER]"], "predicted_tokens": ["[IN:GET_WEATHER", "[SL:LOCATION", "@ptr4", "SL:LOCATION]", "[SL:DATE_TIME", "@ptr5", "@ptr6", "@ptr7", "@ptr8", "SL:DATE_TIME]", "IN:GET_WEATHER]"]}
{"loss": 3.964887857437134, "class_log_probabilities": [-1.1337778568267822, -2.2403035163879395, -4.0162506103515625, -6.511187553405762], "predictions": [13, 16, 395, 17, 14, 397, 15, 18, 4, 4, 4, 4], "target_tokens": ["[IN:GET_WEATHER", "[SL:WEATHER_ATTRIBUTE", "@ptr6", "SL:WEATHER_ATTRIBUTE]", "[SL:LOCATION", "@ptr2", "@ptr3", "SL:LOCATION]", "[SL:DATE_TIME", "@ptr0", "@ptr1", "@ptr3", "SL:DATE_TIME]", "IN:GET_WEATHER]"], "predicted_tokens": ["[IN:GET_WEATHER", "[SL:DATE_TIME", "@ptr0", "SL:DATE_TIME]", "[SL:LOCATION", "@ptr2", "SL:LOCATION]", "IN:GET_WEATHER]"]}
{"loss": 4.097300052642822, "class_log_probabilities": [-0.7432011961936951, -3.00995135307312, -6.723153114318848, -7.42434549331665], "predictions": [89, 90, 398, 91, 16, 401, 402, 17, 92, 4, 4], "target_tokens": ["[IN:CREATE_TIMER", "[SL:METHOD_TIMER", "@ptr1", "@ptr2", "@ptr3", "SL:METHOD_TIMER]", "[SL:DATE_TIME", "@ptr4", "@ptr5", "@ptr6", "@ptr7", "SL:DATE_TIME]", "IN:CREATE_TIMER]"], "predicted_tokens": ["[IN:CREATE_TIMER", "[SL:METHOD_TIMER", "@ptr3", "SL:METHOD_TIMER]", "[SL:DATE_TIME", "@ptr6", "@ptr7", "SL:DATE_TIME]", "IN:CREATE_TIMER]"]}
{"loss": 2.9178309440612793, "class_log_probabilities": [-0.5178565979003906, -5.561873435974121, -8.045578002929688, -8.225173950195312], "predictions": [63, 64, 396, 65, 66, 399, 400, 67, 68, 4, 4, 4, 4], "target_tokens": ["[IN:PLAY_MUSIC", "[SL:MUSIC_ARTIST_NAME", "@ptr4", "@ptr5", "SL:MUSIC_ARTIST_NAME]", "[SL:MUSIC_TYPE", "@ptr1", "SL:MUSIC_TYPE]", "IN:PLAY_MUSIC]"], "predicted_tokens": ["[IN:PLAY_MUSIC", "[SL:MUSIC_TYPE", "@ptr1", "SL:MUSIC_TYPE]", "[SL:MUSIC_ARTIST_NAME", "@ptr4", "@ptr5", "SL:MUSIC_ARTIST_NAME]", "IN:PLAY_MUSIC]"]}
{"loss": 2.1407530307769775, "class_log_probabilities": [-0.614662766456604, -5.6772847175598145, -7.3455352783203125, -7.969916820526123], "predictions": [55, 56, 401, 402, 403, 404, 405, 406, 57, 58, 4, 4, 4, 4], "target_tokens": ["[IN:QUESTION_NEWS", "[SL:NEWS_TOPIC", "@ptr2", "@ptr3", "@ptr4", "@ptr5", "@ptr6", "@ptr7", "@ptr8", "@ptr9", "@ptr10", "SL:NEWS_TOPIC]", "IN:QUESTION_NEWS]"], "predicted_tokens": ["[IN:QUESTION_NEWS", "[SL:NEWS_TOPIC", "@ptr6", "@ptr7", "@ptr8", "@ptr9", "@ptr10", "@ptr11", "SL:NEWS_TOPIC]", "IN:QUESTION_NEWS]"]}
{"loss": 3.6923863887786865, "class_log_probabilities": [-0.736060380935669, -3.94757342338562, -7.502322196960449, -7.869396209716797], "predictions": [13, 16, 395, 396, 17, 79, 397, 80, 18, 4], "target_tokens": ["[IN:GET_WEATHER", "[SL:WEATHER_ATTRIBUTE", "@ptr2", "@ptr5", "SL:WEATHER_ATTRIBUTE]", "[SL:DATE_TIME", "@ptr0", "@ptr1", "SL:DATE_TIME]", "IN:GET_WEATHER]"], "predicted_tokens": ["[IN:GET_WEATHER", "[SL:DATE_TIME", "@ptr0", "@ptr1", "SL:DATE_TIME]", "[SL:WEATHER_ATTRIBUTE", "@ptr2", "SL:WEATHER_ATTRIBUTE]", "IN:GET_WEATHER]"]}
{"loss": 0.9683764576911926, "class_log_probabilities": [-0.4130514860153198, -7.338078498840332, -7.972009658813477, -8.10970687866211], "predictions": [13, 79, 396, 397, 398, 80, 18, 4, 4], "target_tokens": ["[IN:GET_WEATHER", "[SL:WEATHER_ATTRIBUTE", "@ptr1", "@ptr2", "@ptr3", "SL:WEATHER_ATTRIBUTE]", "IN:GET_WEATHER]"], "predicted_tokens": ["[IN:GET_WEATHER", "[SL:WEATHER_ATTRIBUTE", "@ptr1", "@ptr2", "@ptr3", "SL:WEATHER_ATTRIBUTE]", "IN:GET_WEATHER]"]}
{"loss": 3.6217923164367676, "class_log_probabilities": [-0.5399494767189026, -3.1573777198791504, -7.405932426452637, -7.722683429718018], "predictions": [13, 16, 395, 17, 79, 401, 80, 18, 4, 4], "target_tokens": ["[IN:GET_WEATHER", "[SL:WEATHER_ATTRIBUTE", "@ptr6", "SL:WEATHER_ATTRIBUTE]", "[SL:DATE_TIME", "@ptr0", "@ptr1", "SL:DATE_TIME]", "IN:GET_WEATHER]"], "predicted_tokens": ["[IN:GET_WEATHER", "[SL:DATE_TIME", "@ptr0", "SL:DATE_TIME]", "[SL:WEATHER_ATTRIBUTE", "@ptr6", "SL:WEATHER_ATTRIBUTE]", "IN:GET_WEATHER]"]}
{"loss": 4.752992630004883, "class_log_probabilities": [-1.614248275756836, -1.6161017417907715, -4.569589614868164, -7.152058124542236], "predictions": [225, 226, 4, 4, 4, 4, 4], "target_tokens": ["[IN:DELETE_TIMER", "[SL:AMOUNT", "@ptr9", "SL:AMOUNT]", "[SL:METHOD_TIMER", "@ptr3", "@ptr4", "@ptr5", "SL:METHOD_TIMER]", "IN:DELETE_TIMER]"], "predicted_tokens": ["[IN:DELETE_TIMER", "IN:DELETE_TIMER]"]}
{"loss": 1.6621778011322021, "class_log_probabilities": [-0.6812624335289001, -4.813758850097656, -6.090411186218262, -6.89102029800415], "predictions": [13, 79, 398, 399, 400, 80, 18, 4], "target_tokens": ["[IN:GET_WEATHER", "[SL:WEATHER_ATTRIBUTE", "@ptr3", "@ptr4", "SL:WEATHER_ATTRIBUTE]", "IN:GET_WEATHER]"], "predicted_tokens": ["[IN:GET_WEATHER", "[SL:WEATHER_ATTRIBUTE", "@ptr3", "@ptr4", "@ptr5", "SL:WEATHER_ATTRIBUTE]", "IN:GET_WEATHER]"]}
{"loss": 0.9731718897819519, "class_log_probabilities": [-0.3117547929286957, -6.8380560874938965, -7.27290153503418, -8.876298904418945], "predictions": [217, 64, 395, 65, 218, 4, 4], "target_tokens": ["[IN:GET_TRACK_INFO_MUSIC", "[SL:MUSIC_TYPE", "@ptr0", "SL:MUSIC_TYPE]", "IN:GET_TRACK_INFO_MUSIC]"], "predicted_tokens": ["[IN:GET_TRACK_INFO_MUSIC", "[SL:MUSIC_TYPE", "@ptr0", "SL:MUSIC_TYPE]", "IN:GET_TRACK_INFO_MUSIC]"]}
{"loss": 1.504844307899475, "class_log_probabilities": [-0.6103749871253967, -2.2982137203216553, -4.18801736831665, -5.901741027832031], "predictions": [213, 214, 4], "target_tokens": ["[IN:DELETE_ALARM", "IN:DELETE_ALARM]"], "predicted_tokens": ["[IN:SILENCE_ALARM", "IN:SILENCE_ALARM]"]}
{"loss": 3.9537785053253174, "class_log_probabilities": [-0.460332453250885, -5.3777899742126465, -5.925181865692139, -6.282112121582031], "predictions": [241, 64, 398, 65, 242, 4], "target_tokens": ["[IN:SKIP_TRACK_MUSIC", "[SL:ORDINAL", "@ptr4", "@ptr5", "SL:ORDINAL]", "[SL:MUSIC_TYPE", "@ptr3", "SL:MUSIC_TYPE]", "IN:SKIP_TRACK_MUSIC]"], "predicted_tokens": ["[IN:SKIP_TRACK_MUSIC", "[SL:MUSIC_TYPE", "@ptr3", "SL:MUSIC_TYPE]", "IN:SKIP_TRACK_MUSIC]"]}
{"loss": 2.785543203353882, "class_log_probabilities": [-0.4700039029121399, -8.294629096984863, -8.333309173583984, -8.613676071166992], "predictions": [63, 64, 396, 65, 151, 397, 152, 68, 4, 4, 4], "target_tokens": ["[IN:PLAY_MUSIC", "[SL:MUSIC_GENRE", "@ptr2", "SL:MUSIC_GENRE]", "[SL:MUSIC_TYPE", "@ptr1", "SL:MUSIC_TYPE]", "IN:PLAY_MUSIC]"], "predicted_tokens": ["[IN:PLAY_MUSIC", "[SL:MUSIC_TYPE", "@ptr1", "SL:MUSIC_TYPE]", "[SL:MUSIC_GENRE", "@ptr2", "SL:MUSIC_GENRE]", "IN:PLAY_MUSIC]"]}
{"loss": 0.9598180651664734, "class_log_probabilities": [-0.6732874512672424, -6.168806552886963, -7.090449810028076, -7.862541198730469], "predictions": [45, 16, 397, 398, 399, 400, 401, 402, 17, 46, 4, 4], "target_tokens": ["[IN:CREATE_ALARM", "[SL:DATE_TIME", "@ptr2", "@ptr3", "@ptr4", "@ptr5", "@ptr6", "@ptr7", "SL:DATE_TIME]", "IN:CREATE_ALARM]"], "predicted_tokens": ["[IN:CREATE_ALARM", "[SL:DATE_TIME", "@ptr2", "@ptr3", "@ptr4", "@ptr5", "@ptr6", "@ptr7", "SL:DATE_TIME]", "IN:CREATE_ALARM]"]}
{"loss": 0.9650397300720215, "class_log_probabilities": [-0.32979753613471985, -8.162542343139648, -8.494030952453613, -8.517403602600098], "predictions": [63, 64, 396, 65, 68, 4, 4], "target_tokens": ["[IN:PLAY_MUSIC", "[SL:MUSIC_TYPE", "@ptr1", "SL:MUSIC_TYPE]", "IN:PLAY_MUSIC]"], "predicted_tokens": ["[IN:PLAY_MUSIC", "[SL:MUSIC_TYPE", "@ptr1", "SL:MUSIC_TYPE]", "IN:PLAY_MUSIC]"]}
{"loss": 4.461672782897949, "class_log_probabilities": [-0.2794533669948578, -4.966008186340332, -5.837946891784668, -7.204069137573242], "predictions": [183, 184, 4, 4, 4, 4, 4, 4, 4, 4, 4], "target_tokens": ["[IN:CREATE_TIMER", "[SL:METHOD_TIMER", "@ptr1", "@ptr2", "@ptr3", "SL:METHOD_TIMER]", "[SL:DATE_TIME", "@ptr4", "@ptr5", "@ptr6", "SL:DATE_TIME]", "IN:CREATE_TIMER]"], "predicted_tokens": ["[IN:ADD_TIME_TIMER", "IN:ADD_TIME_TIMER]"]}
{"loss": 1.4892597198486328, "class_log_probabilities": [-0.44071197509765625, -3.7502963542938232, -6.033169269561768, -6.800753593444824], "predictions": [347, 64, 400, 65, 348, 4], "target_tokens": ["[IN:DISLIKE_MUSIC", "[SL:MUSIC_TYPE", "@ptr4", "SL:MUSIC_TYPE]", "IN:DISLIKE_MUSIC]"], "predicted_tokens": ["[IN:DISLIKE_MUSIC", "[SL:MUSIC_TYPE", "@ptr5", "SL:MUSIC_TYPE]", "IN:DISLIKE_MUSIC]"]}
{"loss": 1.8441848754882812, "class_log_probabilities": [-0.5537623763084412, -6.066956996917725, -7.4672441482543945, -7.7352213859558105], "predictions": [13, 16, 400, 401, 402, 403, 17, 18, 4, 4], "target_tokens": ["[IN:GET_WEATHER", "[SL:DATE_TIME", "@ptr5", "@ptr6", "@ptr7", "SL:DATE_TIME]", "IN:GET_WEATHER]"], "predicted_tokens": ["[IN:GET_WEATHER", "[SL:DATE_TIME", "@ptr5", "@ptr6", "@ptr7", "@ptr8", "SL:DATE_TIME]", "IN:GET_WEATHER]"]}
{"loss": 4.709718704223633, "class_log_probabilities": [-0.3586377203464508, -8.291178703308105, -8.347085952758789, -8.477215766906738], "predictions": [183, 16, 403, 404, 17, 184, 4], "target_tokens": ["[IN:ADD_TIME_TIMER", "[SL:DATE_TIME", "@ptr7", "@ptr8", "SL:DATE_TIME]", "[SL:METHOD_TIMER", "@ptr4", "@ptr5", "@ptr6", "SL:METHOD_TIMER]", "IN:ADD_TIME_TIMER]"], "predicted_tokens": ["[IN:ADD_TIME_TIMER", "[SL:DATE_TIME", "@ptr8", "@ptr9", "SL:DATE_TIME]", "IN:ADD_TIME_TIMER]"]}
{"loss": 2.738051414489746, "class_log_probabilities": [-2.158982276916504, -3.70349383354187, -4.170923709869385, -4.573739051818848], "predictions": [39, 16, 395, 17, 133, 397, 398, 134, 40, 402, 41, 42, 4, 4, 4, 4, 4, 4], "target_tokens": ["[IN:GET_STORIES_NEWS", "[SL:DATE_TIME", "@ptr0", "@ptr1", "SL:DATE_TIME]", "[SL:NEWS_TYPE", "@ptr4", "@ptr5", "@ptr6", "SL:NEWS_TYPE]", "[SL:NEWS_SOURCE", "@ptr2", "@ptr3", "SL:NEWS_SOURCE]", "IN:GET_STORIES_NEWS]"], "predicted_tokens": ["[IN:GET_STORIES_NEWS", "[SL:DATE_TIME", "@ptr0", "SL:DATE_TIME]", "[SL:NEWS_SOURCE", "@ptr2", "@ptr3", "SL:NEWS_SOURCE]", "[SL:NEWS_TYPE", "@ptr7", "SL:NEWS_TYPE]", "IN:GET_STORIES_NEWS]"]}
{"loss": 0.9661672115325928, "class_log_probabilities": [-0.3200688362121582, -8.362921714782715, -8.454622268676758, -8.554106712341309], "predictions": [63, 64, 398, 65, 68, 4], "target_tokens": ["[IN:PLAY_MUSIC", "[SL:MUSIC_TYPE", "@ptr3", "SL:MUSIC_TYPE]", "IN:PLAY_MUSIC]"], "predicted_tokens": ["[IN:PLAY_MUSIC", "[SL:MUSIC_TYPE", "@ptr3", "SL:MUSIC_TYPE]", "IN:PLAY_MUSIC]"]}
{"loss": 2.545552968978882, "class_log_probabilities": [-1.105644941329956, -2.869675397872925, -3.230620861053467, -3.5900580883026123], "predictions": [13, 14, 397, 15, 16, 405, 406, 407, 17, 18, 4, 4], "target_tokens": ["[IN:GET_WEATHER", "[SL:LOCATION", "@ptr2", "SL:LOCATION]", "[SL:DATE_TIME", "@ptr7", "@ptr8", "@ptr9", "@ptr10", "SL:DATE_TIME]", "IN:GET_WEATHER]"], "predicted_tokens": ["[IN:GET_WEATHER", "[SL:LOCATION", "@ptr2", "SL:LOCATION]", "[SL:DATE_TIME", "@ptr10", "@ptr11", "@ptr12", "SL:DATE_TIME]", "IN:GET_WEATHER]"]}
{"loss": 3.9213178157806396, "class_log_probabilities": [-0.33287933468818665, -6.720771312713623, -7.075324535369873, -7.3713297843933105], "predictions": [89, 90, 399, 91, 92, 4, 4], "target_tokens": ["[IN:CREATE_TIMER", "[SL:METHOD_TIMER", "@ptr2", "@ptr3", "@ptr4", "SL:METHOD_TIMER]", "IN:CREATE_TIMER]"], "predicted_tokens": ["[IN:CREATE_TIMER", "[SL:METHOD_TIMER", "@ptr4", "SL:METHOD_TIMER]", "IN:CREATE_TIMER]"]}
{"loss": 2.8067851066589355, "class_log_probabilities": [-0.9815875887870789, -4.3002848625183105, -5.503762245178223, -5.712024688720703], "predictions": [63, 64, 399, 65, 101, 400, 102, 66, 403, 404, 405, 67, 68, 4, 4, 4, 4], "target_tokens": ["[IN:PLAY_MUSIC", "[SL:MUSIC_TRACK_TITLE", "@ptr5", "SL:MUSIC_TRACK_TITLE]", "[SL:MUSIC_ARTIST_NAME", "@ptr7", "@ptr8", "@ptr9", "SL:MUSIC_ARTIST_NAME]", "IN:PLAY_MUSIC]"], "predicted_tokens": ["[IN:PLAY_MUSIC", "[SL:MUSIC_TYPE", "@ptr4", "SL:MUSIC_TYPE]", "[SL:MUSIC_TRACK_TITLE", "@ptr5", "SL:MUSIC_TRACK_TITLE]", "[SL:MUSIC_ARTIST_NAME", "@ptr8", "@ptr9", "@ptr10", "SL:MUSIC_ARTIST_NAME]", "IN:PLAY_MUSIC]"]}
{"loss": 4.702332496643066, "class_log_probabilities": [-1.289943814277649, -3.747859001159668, -4.113325595855713, -4.639979362487793], "predictions": [63, 64, 396, 65, 66, 399, 400, 401, 67, 101, 403, 404, 102, 68, 4, 4], "target_tokens": ["[IN:PLAY_MUSIC", "[SL:MUSIC_GENRE", "@ptr6", "SL:MUSIC_GENRE]", "[SL:MUSIC_TYPE", "@ptr3", "SL:MUSIC_TYPE]", "IN:PLAY_MUSIC]"], "predicted_tokens": ["[IN:PLAY_MUSIC", "[SL:MUSIC_TYPE", "@ptr1", "SL:MUSIC_TYPE]", "[SL:MUSIC_ARTIST_NAME", "@ptr4", "@ptr5", "@ptr6", "SL:MUSIC_ARTIST_NAME]", "[SL:MUSIC_TRACK_TITLE", "@ptr8", "@ptr9", "SL:MUSIC_TRACK_TITLE]", "IN:PLAY_MUSIC]"]}
{"loss": 3.189945936203003, "class_log_probabilities": [-0.1708643138408661, -6.908099174499512, -7.336308002471924, -9.356098175048828], "predictions": [255, 256, 4, 4, 4, 4], "target_tokens": ["[IN:PAUSE_TIMER", "[SL:METHOD_TIMER", "@ptr1", "@ptr2", "@ptr3", "SL:METHOD_TIMER]", "IN:PAUSE_TIMER]"], "predicted_tokens": ["[IN:PAUSE_TIMER", "IN:PAUSE_TIMER]"]}
{"loss": 3.07452654838562, "class_log_probabilities": [-0.3657034635543823, -7.885250568389893, -8.310465812683105, -8.542283058166504], "predictions": [51, 52, 399, 400, 53, 54, 4], "target_tokens": ["[IN:GET_RECIPES", "[SL:RECIPES_DISH", "@ptr3", "@ptr4", "SL:RECIPES_DISH]", "IN:GET_RECIPES]"], "predicted_tokens": ["[IN:GET_RECIPES", "[SL:RECIPES_DISH", "@ptr4", "@ptr5", "SL:RECIPES_DISH]", "IN:GET_RECIPES]"]}
{"loss": 1.8085633516311646, "class_log_probabilities": [-1.216979742050171, -2.5668797492980957, -3.249950885772705, -4.361905097961426], "predictions": [27, 129, 398, 399, 400, 130, 28, 405, 29, 30, 4, 4], "target_tokens": ["[IN:GET_INFO_RECIPES", "[SL:RECIPES_DISH", "@ptr3", "@ptr4", "@ptr5", "SL:RECIPES_DISH]", "IN:GET_INFO_RECIPES]"], "predicted_tokens": ["[IN:GET_INFO_RECIPES", "[SL:RECIPES_INCLUDED_INGREDIENT", "@ptr3", "@ptr4", "@ptr5", "SL:RECIPES_INCLUDED_INGREDIENT]", "[SL:RECIPES_ATTRIBUTE", "@ptr10", "SL:RECIPES_ATTRIBUTE]", "IN:GET_INFO_RECIPES]"]}
{"loss": 0.973336935043335, "class_log_probabilities": [-0.29879435896873474, -7.970311641693115, -8.238763809204102, -8.374342918395996], "predictions": [27, 129, 402, 130, 30, 4], "target_tokens": ["[IN:GET_INFO_RECIPES", "[SL:RECIPES_INCLUDED_INGREDIENT", "@ptr7", "SL:RECIPES_INCLUDED_INGREDIENT]", "IN:GET_INFO_RECIPES]"], "predicted_tokens": ["[IN:GET_INFO_RECIPES", "[SL:RECIPES_INCLUDED_INGREDIENT", "@ptr7", "SL:RECIPES_INCLUDED_INGREDIENT]", "IN:GET_INFO_RECIPES]"]}
{"loss": 3.5157415866851807, "class_log_probabilities": [-0.48683303594589233, -6.222695827484131, -8.055658340454102, -8.149369239807129], "predictions": [27, 52, 398, 53, 28, 402, 29, 30, 4], "target_tokens": ["[IN:GET_INFO_RECIPES", "[SL:RECIPES_ATTRIBUTE", "@ptr5", "SL:RECIPES_ATTRIBUTE]", "[SL:RECIPES_DISH", "@ptr3", "SL:RECIPES_DISH]", "IN:GET_INFO_RECIPES]"], "predicted_tokens": ["[IN:GET_INFO_RECIPES", "[SL:RECIPES_DISH", "@ptr3", "SL:RECIPES_DISH]", "[SL:RECIPES_ATTRIBUTE", "@ptr7", "SL:RECIPES_ATTRIBUTE]", "IN:GET_INFO_RECIPES]"]}
{"loss": 2.916935920715332, "class_log_probabilities": [-0.4228818416595459, -5.722157955169678, -6.256104946136475, -6.74365758895874], "predictions": [51, 52, 403, 404, 405, 53, 54, 4], "target_tokens": ["[IN:GET_RECIPES", "[SL:RECIPES_DISH", "@ptr9", "SL:RECIPES_DISH]", "IN:GET_RECIPES]"], "predicted_tokens": ["[IN:GET_RECIPES", "[SL:RECIPES_DISH", "@ptr8", "@ptr9", "@ptr10", "SL:RECIPES_DISH]", "IN:GET_RECIPES]"]}
{"loss": 3.2577314376831055, "class_log_probabilities": [-1.030966877937317, -3.7962863445281982, -5.357280731201172, -5.635581016540527], "predictions": [27, 129, 402, 403, 130, 30, 4, 4, 4, 4, 4], "target_tokens": ["[IN:GET_RECIPES", "[SL:RECIPES_INCLUDED_INGREDIENT", "@ptr7", "@ptr8", "SL:RECIPES_INCLUDED_INGREDIENT]", "[SL:RECIPES_MEAL", "@ptr3", "@ptr4", "SL:RECIPES_MEAL]", "IN:GET_RECIPES]"], "predicted_tokens": ["[IN:GET_INFO_RECIPES", "[SL:RECIPES_INCLUDED_INGREDIENT", "@ptr7", "@ptr8", "SL:RECIPES_INCLUDED_INGREDIENT]", "IN:GET_INFO_RECIPES]"]}
{"loss": 3.71972393989563, "class_log_probabilities": [-1.39983332157135, -1.989473581314087, -5.919647216796875, -6.228302955627441], "predictions": [27, 129, 395, 396, 397, 130, 28, 400, 29, 30, 4], "target_tokens": ["[IN:GET_INFO_RECIPES", "[SL:RECIPES_ATTRIBUTE", "@ptr4", "SL:RECIPES_ATTRIBUTE]", "[SL:RECIPES_INCLUDED_INGREDIENT", "@ptr0", "@ptr1", "SL:RECIPES_INCLUDED_INGREDIENT]", "IN:GET_INFO_RECIPES]"], "predicted_tokens": ["[IN:GET_INFO_RECIPES", "[SL:RECIPES_INCLUDED_INGREDIENT", "@ptr0", "@ptr1", "@ptr2", "SL:RECIPES_INCLUDED_INGREDIENT]", "[SL:RECIPES_ATTRIBUTE", "@ptr5", "SL:RECIPES_ATTRIBUTE]", "IN:GET_INFO_RECIPES]"]}
{"loss": 1.4961236715316772, "class_log_probabilities": [-2.9059131145477295, -3.5968878269195557, -3.7482924461364746, -4.404062747955322], "predictions": [23, 10, 401, 402, 403, 404, 405, 406, 407, 408, 409, 410, 411, 412, 25, 26, 4, 4], "target_tokens": ["[IN:SEND_MESSAGE", "[SL:RECIPIENT", "@ptr6", "@ptr7", "@ptr8", "@ptr9", "@ptr10", "@ptr11", "@ptr12", "SL:RECIPIENT]", "[SL:NAME_APP", "@ptr14", "@ptr15", "@ptr16", "@ptr17", "SL:NAME_APP]", "IN:SEND_MESSAGE]"], "predicted_tokens": ["[IN:SEND_MESSAGE", "[SL:RECIPIENT", "@ptr6", "@ptr7", "@ptr8", "@ptr9", "@ptr10", "@ptr11", "@ptr12", "@ptr13", "@ptr14", "@ptr15", "@ptr16", "@ptr17", "SL:CONTENT_EXACT]", "IN:SEND_MESSAGE]"]}
{"loss": 0.9700610041618347, "class_log_probabilities": [-0.4647737145423889, -7.537858009338379, -7.859114646911621, -8.109919548034668], "predictions": [23, 10, 398, 11, 76, 400, 77, 26, 4], "target_tokens": ["[IN:SEND_MESSAGE", "[SL:RECIPIENT", "@ptr3", "SL:RECIPIENT]", "[SL:NAME_APP", "@ptr5", "SL:NAME_APP]", "IN:SEND_MESSAGE]"], "predicted_tokens": ["[IN:SEND_MESSAGE", "[SL:RECIPIENT", "@ptr3", "SL:RECIPIENT]", "[SL:NAME_APP", "@ptr5", "SL:NAME_APP]", "IN:SEND_MESSAGE]"]}
{"loss": 1.3641715049743652, "class_log_probabilities": [-0.5203089714050293, -4.9595208168029785, -7.197951793670654, -7.68876838684082], "predictions": [23, 10, 399, 400, 11, 76, 404, 77, 26, 4], "target_tokens": ["[IN:SEND_MESSAGE", "[SL:RECIPIENT", "@ptr4", "@ptr5", "SL:RECIPIENT]", "[SL:NAME_APP", "@ptr8", "SL:NAME_APP]", "IN:SEND_MESSAGE]"], "predicted_tokens": ["[IN:SEND_MESSAGE", "[SL:RECIPIENT", "@ptr4", "@ptr5", "SL:RECIPIENT]", "[SL:NAME_APP", "@ptr9", "SL:NAME_APP]", "IN:SEND_MESSAGE]"]}
{"loss": 0.9634334444999695, "class_log_probabilities": [-0.37714508175849915, -8.16145133972168, -8.50403118133545, -8.844916343688965], "predictions": [75, 6, 397, 398, 7, 78, 4, 4, 4], "target_tokens": ["[IN:CREATE_CALL", "[SL:CONTACT", "@ptr2", "@ptr3", "SL:CONTACT]", "IN:CREATE_CALL]"], "predicted_tokens": ["[IN:CREATE_CALL", "[SL:CONTACT", "@ptr2", "@ptr3", "SL:CONTACT]", "IN:CREATE_CALL]"]}
{"loss": 0.9604085087776184, "class_log_probabilities": [-0.5204380750656128, -7.707942485809326, -7.941825866699219, -8.182955741882324], "predictions": [75, 6, 397, 398, 399, 400, 7, 78, 4, 4], "target_tokens": ["[IN:CREATE_CALL", "[SL:CONTACT", "@ptr2", "@ptr3", "@ptr4", "@ptr5", "SL:CONTACT]", "IN:CREATE_CALL]"], "predicted_tokens": ["[IN:CREATE_CALL", "[SL:CONTACT", "@ptr2", "@ptr3", "@ptr4", "@ptr5", "SL:CONTACT]", "IN:CREATE_CALL]"]}
{"loss": 2.15653657913208, "class_log_probabilities": [-0.7703437805175781, -4.93173360824585, -6.246443271636963, -7.225230693817139], "predictions": [75, 6, 397, 398, 399, 400, 7, 6, 403, 404, 405, 7, 78, 4, 4], "target_tokens": ["[IN:CREATE_CALL", "[SL:CONTACT", "@ptr2", "@ptr3", "SL:CONTACT]", "[SL:CONTACT", "@ptr4", "@ptr5", "SL:CONTACT]", "[SL:CONTACT", "@ptr7", "@ptr8", "@ptr9", "SL:CONTACT]", "IN:CREATE_CALL]"], "predicted_tokens": ["[IN:CREATE_CALL", "[SL:CONTACT", "@ptr2", "@ptr3", "@ptr4", "@ptr5", "SL:CONTACT]", "[SL:CONTACT", "@ptr8", "@ptr9", "@ptr10", "SL:CONTACT]", "IN:CREATE_CALL]"]}
{"loss": 3.307204008102417, "class_log_probabilities": [-0.33090639114379883, -8.687154769897461, -8.86860466003418, -11.506972312927246], "predictions": [75, 6, 397, 7, 78, 4, 4, 4, 4, 4], "target_tokens": ["[IN:CREATE_CALL", "[SL:GROUP", "@ptr2", "SL:GROUP]", "IN:CREATE_CALL]"], "predicted_tokens": ["[IN:CREATE_CALL", "[SL:CONTACT", "@ptr2", "SL:CONTACT]", "IN:CREATE_CALL]"]}
{"loss": 1.0442931652069092, "class_log_probabilities": [-1.296628713607788, -3.099640369415283, -3.901578664779663, -4.259732246398926], "predictions": [321, 156, 398, 399, 157, 322, 4, 4], "target_tokens": ["[IN:SET_RSVP_NO", "[SL:TITLE_EVENT", "@ptr3", "@ptr4", "SL:TITLE_EVENT]", "IN:SET_RSVP_NO]"], "predicted_tokens": ["[IN:SET_RSVP_NO", "[SL:TITLE_EVENT", "@ptr3", "@ptr4", "SL:TITLE_EVENT]", "IN:SET_RSVP_NO]"]}
{"loss": 0.9976677894592285, "class_log_probabilities": [-0.2738076448440552, -6.99758768081665, -8.0281400680542, -8.03858470916748], "predictions": [321, 156, 401, 157, 322, 4], "target_tokens": ["[IN:SET_RSVP_NO", "[SL:TITLE_EVENT", "@ptr6", "SL:TITLE_EVENT]", "IN:SET_RSVP_NO]"], "predicted_tokens": ["[IN:SET_RSVP_NO", "[SL:TITLE_EVENT", "@ptr6", "SL:TITLE_EVENT]", "IN:SET_RSVP_NO]"]}
{"loss": 4.314090251922607, "class_log_probabilities": [-1.6274638175964355, -1.8723994493484497, -4.239960670471191, -4.581372261047363], "predictions": [227, 16, 404, 405, 406, 17, 228, 4], "target_tokens": ["[IN:ADD_TIME_TIMER", "[SL:METHOD_TIMER", "@ptr1", "@ptr2", "@ptr3", "SL:METHOD_TIMER]", "[SL:DATE_TIME", "@ptr8", "@ptr9", "SL:DATE_TIME]", "IN:ADD_TIME_TIMER]"], "predicted_tokens": ["[IN:UPDATE_TIMER", "[SL:DATE_TIME", "@ptr9", "@ptr10", "@ptr11", "SL:DATE_TIME]", "IN:UPDATE_TIMER]"]}
{"loss": 1.6285630464553833, "class_log_probabilities": [-1.4473682641983032, -2.6896626949310303, -3.7389206886291504, -4.21215295791626], "predictions": [75, 6, 396, 397, 398, 7, 6, 400, 401, 402, 7, 76, 405, 77, 78, 4, 4], "target_tokens": ["[IN:CREATE_CALL", "[SL:CONTACT", "@ptr5", "@ptr6", "@ptr7", "SL:CONTACT]", "[SL:NAME_APP", "@ptr10", "SL:NAME_APP]", "IN:CREATE_CALL]"], "predicted_tokens": ["[IN:CREATE_CALL", "[SL:CONTACT", "@ptr1", "@ptr2", "@ptr3", "SL:CONTACT]", "[SL:CONTACT", "@ptr5", "@ptr6", "@ptr7", "SL:CONTACT]", "[SL:NAME_APP", "@ptr10", "SL:NAME_APP]", "IN:CREATE_CALL]"]}
{"loss": 2.4820873737335205, "class_log_probabilities": [-0.4775640070438385, -8.370580673217773, -8.414490699768066, -8.568071365356445], "predictions": [63, 64, 397, 65, 66, 399, 67, 68, 4], "target_tokens": ["[IN:PLAY_MUSIC", "[SL:MUSIC_ARTIST_NAME", "@ptr4", "SL:MUSIC_ARTIST_NAME]", "IN:PLAY_MUSIC]"], "predicted_tokens": ["[IN:PLAY_MUSIC", "[SL:MUSIC_TYPE", "@ptr2", "SL:MUSIC_TYPE]", "[SL:MUSIC_ARTIST_NAME", "@ptr4", "SL:MUSIC_ARTIST_NAME]", "IN:PLAY_MUSIC]"]}
{"loss": 1.7247215509414673, "class_log_probabilities": [-0.7570033073425293, -6.783623695373535, -7.3658881187438965, -7.547111511230469], "predictions": [63, 64, 396, 65, 66, 398, 399, 67, 103, 401, 402, 403, 104, 68, 4, 4, 4, 4, 4], "target_tokens": ["[IN:PLAY_MUSIC", "[SL:MUSIC_ARTIST_NAME", "@ptr3", "@ptr4", "SL:MUSIC_ARTIST_NAME]", "[SL:MUSIC_PROVIDER_NAME", "@ptr6", "@ptr7", "@ptr8", "SL:MUSIC_PROVIDER_NAME]", "IN:PLAY_MUSIC]"], "predicted_tokens": ["[IN:PLAY_MUSIC", "[SL:MUSIC_TYPE", "@ptr1", "SL:MUSIC_TYPE]", "[SL:MUSIC_ARTIST_NAME", "@ptr3", "@ptr4", "SL:MUSIC_ARTIST_NAME]", "[SL:MUSIC_PROVIDER_NAME", "@ptr6", "@ptr7", "@ptr8", "SL:MUSIC_PROVIDER_NAME]", "IN:PLAY_MUSIC]"]}
{"loss": 1.5534708499908447, "class_log_probabilities": [-1.7801203727722168, -3.6397342681884766, -4.706035614013672, -4.953499794006348], "predictions": [63, 101, 396, 397, 398, 102, 66, 400, 401, 402, 403, 67, 68, 4], "target_tokens": ["[IN:PLAY_MUSIC", "[SL:MUSIC_ALBUM_TITLE", "@ptr1", "@ptr2", "@ptr3", "SL:MUSIC_ALBUM_TITLE]", "[SL:MUSIC_PROVIDER_NAME", "@ptr5", "@ptr6", "@ptr7", "@ptr8", "SL:MUSIC_PROVIDER_NAME]", "IN:PLAY_MUSIC]"], "predicted_tokens": ["[IN:PLAY_MUSIC", "[SL:MUSIC_TRACK_TITLE", "@ptr1", "@ptr2", "@ptr3", "SL:MUSIC_TRACK_TITLE]", "[SL:MUSIC_ARTIST_NAME", "@ptr5", "@ptr6", "@ptr7", "@ptr8", "SL:MUSIC_ARTIST_NAME]", "IN:PLAY_MUSIC]"]}
{"loss": 3.1676852703094482, "class_log_probabilities": [-0.14997002482414246, -8.67695426940918, -8.706802368164062, -8.718328475952148], "predictions": [61, 62, 4, 4, 4], "target_tokens": ["[IN:GET_EVENT", "[SL:USER_ATTENDEE_EVENT", "@ptr3", "SL:USER_ATTENDEE_EVENT]", "IN:GET_EVENT]"], "predicted_tokens": ["[IN:GET_EVENT", "IN:GET_EVENT]"]}
{"loss": 0.9707351922988892, "class_log_probabilities": [-0.6936517357826233, -3.358283042907715, -7.371321201324463, -7.936689853668213], "predictions": [75, 6, 397, 398, 399, 7, 76, 401, 77, 78, 4, 4], "target_tokens": ["[IN:CREATE_CALL", "[SL:CONTACT", "@ptr2", "@ptr3", "@ptr4", "SL:CONTACT]", "[SL:NAME_APP", "@ptr6", "SL:NAME_APP]", "IN:CREATE_CALL]"], "predicted_tokens": ["[IN:CREATE_CALL", "[SL:CONTACT", "@ptr2", "@ptr3", "@ptr4", "SL:CONTACT]", "[SL:NAME_APP", "@ptr6", "SL:NAME_APP]", "IN:CREATE_CALL]"]}
{"loss": 1.340522289276123, "class_log_probabilities": [-0.617753267288208, -5.547346591949463, -7.371593475341797, -7.477130889892578], "predictions": [75, 6, 398, 399, 400, 401, 7, 76, 404, 77, 78, 4], "target_tokens": ["[IN:CREATE_CALL", "[SL:CONTACT", "@ptr3", "@ptr4", "@ptr5", "@ptr6", "SL:CONTACT]", "[SL:NAME_APP", "@ptr8", "SL:NAME_APP]", "IN:CREATE_CALL]"], "predicted_tokens": ["[IN:CREATE_CALL", "[SL:CONTACT", "@ptr3", "@ptr4", "@ptr5", "@ptr6", "SL:CONTACT]", "[SL:NAME_APP", "@ptr9", "SL:NAME_APP]", "IN:CREATE_CALL]"]}
{"loss": 2.032956838607788, "class_log_probabilities": [-0.6514289379119873, -4.160904884338379, -5.739112377166748, -5.847722053527832], "predictions": [23, 8, 398, 9, 10, 70, 71, 400, 72, 73, 11, 26, 4, 4, 4, 4, 4, 4], "target_tokens": ["[IN:SEND_MESSAGE", "[SL:TYPE_CONTENT", "@ptr2", "SL:TYPE_CONTENT]", "[SL:RECIPIENT", "[IN:GET_CONTACT", "[SL:TYPE_RELATION", "@ptr4", "SL:TYPE_RELATION]", "IN:GET_CONTACT]", "SL:RECIPIENT]", "IN:SEND_MESSAGE]"], "predicted_tokens": ["[IN:SEND_MESSAGE", "[SL:TYPE_CONTENT", "@ptr3", "SL:TYPE_CONTENT]", "[SL:RECIPIENT", "[IN:GET_CONTACT", "[SL:TYPE_RELATION", "@ptr5", "SL:TYPE_RELATION]", "IN:GET_CONTACT]", "SL:RECIPIENT]", "IN:SEND_MESSAGE]"]}
{"loss": 1.120008111000061, "class_log_probabilities": [-2.4239628314971924, -2.448777198791504, -3.093804359436035, -3.9996769428253174], "predictions": [75, 6, 398, 399, 400, 401, 7, 16, 403, 404, 17, 78, 4, 4], "target_tokens": ["[IN:CREATE_CALL", "[SL:CONTACT", "@ptr3", "@ptr4", "@ptr5", "@ptr6", "SL:CONTACT]", "IN:CREATE_CALL]"], "predicted_tokens": ["[IN:CREATE_CALL", "[SL:CONTACT", "@ptr3", "@ptr4", "@ptr5", "@ptr6", "SL:CONTACT]", "[SL:DATE_TIME", "@ptr8", "@ptr9", "SL:DATE_TIME]", "IN:CREATE_CALL]"]}
{"loss": 0.9702211022377014, "class_log_probabilities": [-0.36818113923072815, -7.517241954803467, -7.529416561126709, -7.621392726898193], "predictions": [61, 83, 396, 397, 84, 62, 4, 4], "target_tokens": ["[IN:GET_EVENT", "[SL:CATEGORY_EVENT", "@ptr1", "@ptr2", "SL:CATEGORY_EVENT]", "IN:GET_EVENT]"], "predicted_tokens": ["[IN:GET_EVENT", "[SL:CATEGORY_EVENT", "@ptr1", "@ptr2", "SL:CATEGORY_EVENT]", "IN:GET_EVENT]"]}
{"loss": 4.061490058898926, "class_log_probabilities": [-2.0371718406677246, -2.0592169761657715, -3.859354019165039, -5.024474620819092], "predictions": [295, 156, 398, 399, 400, 401, 402, 403, 404, 405, 406, 157, 296, 4, 4], "target_tokens": ["[IN:GET_DATE_TIME_EVENT", "[SL:ORDINAL", "@ptr7", "@ptr8", "SL:ORDINAL]", "IN:GET_DATE_TIME_EVENT]"], "predicted_tokens": ["[IN:GET_DATE_TIME_EVENT", "[SL:TITLE_EVENT", "@ptr3", "@ptr4", "@ptr5", "@ptr6", "@ptr7", "@ptr8", "@ptr9", "@ptr10", "@ptr11", "SL:TITLE_EVENT]", "IN:GET_DATE_TIME_EVENT]"]}
{"loss": 1.7728142738342285, "class_log_probabilities": [-0.3650265336036682, -5.677371501922607, -7.9090142250061035, -7.929002285003662], "predictions": [23, 8, 402, 9, 26, 4, 4, 4], "target_tokens": ["[IN:SEND_MESSAGE", "[SL:TYPE_CONTENT", "@ptr6", "SL:TYPE_CONTENT]", "IN:SEND_MESSAGE]"], "predicted_tokens": ["[IN:SEND_MESSAGE", "[SL:TYPE_CONTENT", "@ptr7", "SL:TYPE_CONTENT]", "IN:SEND_MESSAGE]"]}
{"loss": 2.3500261306762695, "class_log_probabilities": [-0.7564578652381897, -3.5126638412475586, -7.205130100250244, -8.248184204101562], "predictions": [23, 8, 397, 9, 10, 400, 401, 11, 26, 4], "target_tokens": ["[IN:SEND_MESSAGE", "[SL:TYPE_CONTENT", "@ptr2", "SL:TYPE_CONTENT]", "[SL:RECIPIENT", "@ptr4", "@ptr5", "SL:RECIPIENT]", "IN:SEND_MESSAGE]"], "predicted_tokens": ["[IN:SEND_MESSAGE", "[SL:TYPE_CONTENT", "@ptr2", "SL:TYPE_CONTENT]", "[SL:RECIPIENT", "@ptr5", "@ptr6", "SL:RECIPIENT]", "IN:SEND_MESSAGE]"]}
{"loss": 2.0844967365264893, "class_log_probabilities": [-0.29637980461120605, -7.680622100830078, -7.954474925994873, -8.179471969604492], "predictions": [23, 8, 399, 9, 26, 4, 4, 4], "target_tokens": ["[IN:SEND_MESSAGE", "[SL:TYPE_CONTENT", "@ptr3", "SL:TYPE_CONTENT]", "IN:SEND_MESSAGE]"], "predicted_tokens": ["[IN:SEND_MESSAGE", "[SL:TYPE_CONTENT", "@ptr4", "SL:TYPE_CONTENT]", "IN:SEND_MESSAGE]"]}
{"loss": 1.9861351251602173, "class_log_probabilities": [-0.30237534642219543, -7.041326522827148, -7.914205074310303, -8.11703109741211], "predictions": [23, 8, 399, 9, 26, 4], "target_tokens": ["[IN:SEND_MESSAGE", "[SL:TYPE_CONTENT", "@ptr3", "SL:TYPE_CONTENT]", "IN:SEND_MESSAGE]"], "predicted_tokens": ["[IN:SEND_MESSAGE", "[SL:TYPE_CONTENT", "@ptr4", "SL:TYPE_CONTENT]", "IN:SEND_MESSAGE]"]}
{"loss": 1.7222923040390015, "class_log_probabilities": [-0.7986055612564087, -3.826153516769409, -6.233581066131592, -7.054083824157715], "predictions": [75, 6, 397, 398, 399, 7, 76, 401, 77, 78, 4], "target_tokens": ["[IN:CREATE_CALL", "[SL:CONTACT", "@ptr2", "@ptr3", "SL:CONTACT]", "[SL:NAME_APP", "@ptr5", "SL:NAME_APP]", "IN:CREATE_CALL]"], "predicted_tokens": ["[IN:CREATE_CALL", "[SL:CONTACT", "@ptr2", "@ptr3", "@ptr4", "SL:CONTACT]", "[SL:NAME_APP", "@ptr6", "SL:NAME_APP]", "IN:CREATE_CALL]"]}
{"loss": 2.843496561050415, "class_log_probabilities": [-3.1372315883636475, -3.89186692237854, -3.8972179889678955, -4.149313449859619], "predictions": [13, 16, 398, 399, 17, 79, 401, 402, 80, 18, 4, 4], "target_tokens": ["[IN:GET_SUNSET", "[SL:DATE_TIME", "@ptr3", "@ptr4", "SL:DATE_TIME]", "IN:GET_SUNSET]"], "predicted_tokens": ["[IN:GET_WEATHER", "[SL:DATE_TIME", "@ptr3", "@ptr4", "SL:DATE_TIME]", "[SL:WEATHER_ATTRIBUTE", "@ptr6", "@ptr7", "SL:WEATHER_ATTRIBUTE]", "IN:GET_WEATHER]"]}
{"loss": 1.0762721300125122, "class_log_probabilities": [-1.8342515230178833, -2.2471671104431152, -4.059790134429932, -4.27205228805542], "predictions": [63, 64, 396, 65, 101, 397, 102, 68, 4], "target_tokens": ["[IN:PLAY_MUSIC", "[SL:MUSIC_TYPE", "@ptr1", "SL:MUSIC_TYPE]", "[SL:MUSIC_TRACK_TITLE", "@ptr2", "SL:MUSIC_TRACK_TITLE]", "IN:PLAY_MUSIC]"], "predicted_tokens": ["[IN:PLAY_MUSIC", "[SL:MUSIC_TYPE", "@ptr1", "SL:MUSIC_TYPE]", "[SL:MUSIC_TRACK_TITLE", "@ptr2", "SL:MUSIC_TRACK_TITLE]", "IN:PLAY_MUSIC]"]}
{"loss": 1.755710244178772, "class_log_probabilities": [-0.7911598682403564, -5.789883613586426, -6.243370056152344, -7.070999622344971], "predictions": [63, 64, 396, 65, 206, 397, 207, 66, 399, 400, 401, 67, 68, 4, 4, 4, 4], "target_tokens": ["[IN:PLAY_MUSIC", "[SL:MUSIC_ALBUM_TITLE", "@ptr2", "SL:MUSIC_ALBUM_TITLE]", "[SL:MUSIC_ARTIST_NAME", "@ptr4", "@ptr5", "@ptr6", "SL:MUSIC_ARTIST_NAME]", "IN:PLAY_MUSIC]"], "predicted_tokens": ["[IN:PLAY_MUSIC", "[SL:MUSIC_TYPE", "@ptr1", "SL:MUSIC_TYPE]", "[SL:MUSIC_ALBUM_TITLE", "@ptr2", "SL:MUSIC_ALBUM_TITLE]", "[SL:MUSIC_ARTIST_NAME", "@ptr4", "@ptr5", "@ptr6", "SL:MUSIC_ARTIST_NAME]", "IN:PLAY_MUSIC]"]}
{"loss": 2.5561680793762207, "class_log_probabilities": [-0.9858259558677673, -3.783719778060913, -5.838870048522949, -6.222002983093262], "predictions": [13, 14, 402, 15, 16, 403, 404, 405, 406, 407, 408, 409, 17, 18, 4, 4], "target_tokens": ["[IN:GET_WEATHER", "[SL:LOCATION", "@ptr6", "SL:LOCATION]", "[SL:DATE_TIME", "@ptr7", "@ptr8", "@ptr9", "@ptr10", "@ptr11", "@ptr12", "SL:DATE_TIME]", "IN:GET_WEATHER]"], "predicted_tokens": ["[IN:GET_WEATHER", "[SL:LOCATION", "@ptr7", "SL:LOCATION]", "[SL:DATE_TIME", "@ptr8", "@ptr9", "@ptr10", "@ptr11", "@ptr12", "@ptr13", "@ptr14", "SL:DATE_TIME]", "IN:GET_WEATHER]"]}
{"loss": 2.2630231380462646, "class_log_probabilities": [-0.3180222511291504, -8.338499069213867, -8.600240707397461, -8.608487129211426], "predictions": [13, 14, 400, 15, 18, 4, 4], "target_tokens": ["[IN:GET_WEATHER", "[SL:LOCATION", "@ptr4", "SL:LOCATION]", "IN:GET_WEATHER]"], "predicted_tokens": ["[IN:GET_WEATHER", "[SL:LOCATION", "@ptr5", "SL:LOCATION]", "IN:GET_WEATHER]"]}
{"loss": 0.9987357258796692, "class_log_probabilities": [-0.5472041964530945, -3.110670566558838, -4.974431037902832, -5.611069679260254], "predictions": [45, 46, 4], "target_tokens": ["[IN:CREATE_ALARM", "IN:CREATE_ALARM]"], "predicted_tokens": ["[IN:CREATE_ALARM", "IN:CREATE_ALARM]"]}
{"loss": 1.1204886436462402, "class_log_probabilities": [-0.9460486173629761, -3.605971574783325, -6.766257286071777, -7.445306301116943], "predictions": [45, 16, 399, 400, 401, 402, 403, 404, 405, 406, 17, 46, 4, 4], "target_tokens": ["[IN:CREATE_ALARM", "[SL:DATE_TIME", "@ptr3", "@ptr4", "@ptr5", "@ptr6", "@ptr7", "@ptr8", "@ptr9", "@ptr10", "@ptr11", "SL:DATE_TIME]", "IN:CREATE_ALARM]"], "predicted_tokens": ["[IN:CREATE_ALARM", "[SL:DATE_TIME", "@ptr4", "@ptr5", "@ptr6", "@ptr7", "@ptr8", "@ptr9", "@ptr10", "@ptr11", "SL:DATE_TIME]", "IN:CREATE_ALARM]"]}
{"loss": 2.2024874687194824, "class_log_probabilities": [-1.1297497749328613, -3.6701881885528564, -3.763577938079834, -6.299083232879639], "predictions": [45, 16, 399, 400, 401, 17, 16, 403, 404, 405, 406, 407, 408, 409, 17, 46, 4, 4, 4, 4], "target_tokens": ["[IN:CREATE_ALARM", "[SL:DATE_TIME", "@ptr3", "@ptr4", "@ptr5", "@ptr6", "@ptr7", "@ptr8", "@ptr9", "@ptr10", "@ptr11", "@ptr12", "SL:DATE_TIME]", "IN:CREATE_ALARM]"], "predicted_tokens": ["[IN:CREATE_ALARM", "[SL:DATE_TIME", "@ptr4", "@ptr5", "@ptr6", "SL:DATE_TIME]", "[SL:DATE_TIME", "@ptr8", "@ptr9", "@ptr10", "@ptr11", "@ptr12", "@ptr13", "@ptr14", "SL:DATE_TIME]", "IN:CREATE_ALARM]"]}
{"loss": 0.9609617590904236, "class_log_probabilities": [-0.3990553915500641, -7.542069435119629, -8.18543529510498, -8.460209846496582], "predictions": [75, 6, 397, 398, 7, 78, 4, 4], "target_tokens": ["[IN:CREATE_CALL", "[SL:CONTACT", "@ptr2", "@ptr3", "SL:CONTACT]", "IN:CREATE_CALL]"], "predicted_tokens": ["[IN:CREATE_CALL", "[SL:CONTACT", "@ptr2", "@ptr3", "SL:CONTACT]", "IN:CREATE_CALL]"]}
{"loss": 0.9769242405891418, "class_log_probabilities": [-0.5722283124923706, -7.803006172180176, -7.82590913772583, -7.988149166107178], "predictions": [63, 206, 396, 397, 398, 399, 207, 103, 401, 104, 68, 4], "target_tokens": ["[IN:PLAY_MUSIC", "[SL:MUSIC_ALBUM_TITLE", "@ptr1", "@ptr2", "@ptr3", "@ptr4", "SL:MUSIC_ALBUM_TITLE]", "[SL:MUSIC_PROVIDER_NAME", "@ptr6", "SL:MUSIC_PROVIDER_NAME]", "IN:PLAY_MUSIC]"], "predicted_tokens": ["[IN:PLAY_MUSIC", "[SL:MUSIC_ALBUM_TITLE", "@ptr1", "@ptr2", "@ptr3", "@ptr4", "SL:MUSIC_ALBUM_TITLE]", "[SL:MUSIC_PROVIDER_NAME", "@ptr6", "SL:MUSIC_PROVIDER_NAME]", "IN:PLAY_MUSIC]"]}
{"loss": 0.9606128334999084, "class_log_probabilities": [-0.5765261650085449, -4.368215560913086, -8.295989036560059, -8.55832576751709], "predictions": [45, 16, 397, 398, 399, 400, 17, 46, 4, 4], "target_tokens": ["[IN:CREATE_ALARM", "[SL:DATE_TIME", "@ptr2", "@ptr3", "@ptr4", "@ptr5", "SL:DATE_TIME]", "IN:CREATE_ALARM]"], "predicted_tokens": ["[IN:CREATE_ALARM", "[SL:DATE_TIME", "@ptr2", "@ptr3", "@ptr4", "@ptr5", "SL:DATE_TIME]", "IN:CREATE_ALARM]"]}
{"loss": 3.5430688858032227, "class_log_probabilities": [-0.6093243956565857, -6.342373371124268, -6.804775238037109, -6.855442523956299], "predictions": [259, 16, 401, 402, 403, 404, 17, 260, 4, 4], "target_tokens": ["[IN:SNOOZE_ALARM", "[SL:DATE_TIME", "@ptr5", "@ptr6", "@ptr7", "@ptr8", "SL:DATE_TIME]", "IN:SNOOZE_ALARM]"], "predicted_tokens": ["[IN:UPDATE_ALARM", "[SL:DATE_TIME", "@ptr6", "@ptr7", "@ptr8", "@ptr9", "SL:DATE_TIME]", "IN:UPDATE_ALARM]"]}
{"loss": 2.5824928283691406, "class_log_probabilities": [-0.512086033821106, -6.890833377838135, -6.935543060302734, -7.331657886505127], "predictions": [259, 16, 399, 400, 401, 17, 260, 4, 4, 4, 4], "target_tokens": ["[IN:UPDATE_ALARM", "[SL:DATE_TIME", "@ptr3", "@ptr4", "@ptr5", "SL:DATE_TIME]", "IN:UPDATE_ALARM]"], "predicted_tokens": ["[IN:UPDATE_ALARM", "[SL:DATE_TIME", "@ptr4", "@ptr5", "@ptr6", "SL:DATE_TIME]", "IN:UPDATE_ALARM]"]}
{"loss": 0.9609026908874512, "class_log_probabilities": [-0.20137430727481842, -6.124853134155273, -6.40868616104126, -7.1165971755981445], "predictions": [19, 22, 4], "target_tokens": ["[IN:GET_ALARM", "IN:GET_ALARM]"], "predicted_tokens": ["[IN:GET_ALARM", "IN:GET_ALARM]"]}
{"loss": 1.750686764717102, "class_log_probabilities": [-1.1348907947540283, -2.4562108516693115, -4.25255823135376, -8.464314460754395], "predictions": [13, 14, 398, 15, 16, 400, 401, 402, 17, 18, 4, 4], "target_tokens": ["[IN:GET_WEATHER", "[SL:LOCATION", "@ptr3", "SL:LOCATION]", "[SL:DATE_TIME", "@ptr4", "@ptr5", "@ptr6", "@ptr7", "SL:DATE_TIME]", "IN:GET_WEATHER]"], "predicted_tokens": ["[IN:GET_WEATHER", "[SL:LOCATION", "@ptr3", "SL:LOCATION]", "[SL:DATE_TIME", "@ptr5", "@ptr6", "@ptr7", "SL:DATE_TIME]", "IN:GET_WEATHER]"]}
{"loss": 1.2974845170974731, "class_log_probabilities": [-1.353068470954895, -2.4370481967926025, -2.823265790939331, -6.4540324211120605], "predictions": [13, 14, 398, 399, 15, 18, 4], "target_tokens": ["[IN:GET_WEATHER", "[SL:LOCATION", "@ptr3", "SL:LOCATION]", "IN:GET_WEATHER]"], "predicted_tokens": ["[IN:GET_WEATHER", "[SL:LOCATION", "@ptr3", "@ptr4", "SL:LOCATION]", "IN:GET_WEATHER]"]}
{"loss": 0.9619792103767395, "class_log_probabilities": [-0.39372992515563965, -8.594647407531738, -8.671609878540039, -8.713622093200684], "predictions": [13, 16, 396, 397, 17, 18, 4, 4], "target_tokens": ["[IN:GET_WEATHER", "[SL:DATE_TIME", "@ptr1", "@ptr2", "SL:DATE_TIME]", "IN:GET_WEATHER]"], "predicted_tokens": ["[IN:GET_WEATHER", "[SL:DATE_TIME", "@ptr1", "@ptr2", "SL:DATE_TIME]", "IN:GET_WEATHER]"]}
{"loss": 2.679656505584717, "class_log_probabilities": [-0.5622250437736511, -7.2702813148498535, -7.4030632972717285, -8.346741676330566], "predictions": [13, 16, 401, 402, 403, 404, 405, 17, 18, 4, 4, 4, 4], "target_tokens": ["[IN:GET_WEATHER", "[SL:DATE_TIME", "@ptr5", "@ptr6", "@ptr7", "@ptr8", "@ptr9", "SL:DATE_TIME]", "IN:GET_WEATHER]"], "predicted_tokens": ["[IN:GET_WEATHER", "[SL:DATE_TIME", "@ptr6", "@ptr7", "@ptr8", "@ptr9", "@ptr10", "SL:DATE_TIME]", "IN:GET_WEATHER]"]}
{"loss": 2.002948522567749, "class_log_probabilities": [-1.2946885824203491, -2.5249483585357666, -4.647819995880127, -5.944286823272705], "predictions": [49, 16, 400, 401, 402, 403, 404, 405, 17, 50, 4], "target_tokens": ["[IN:CREATE_ALARM", "[SL:DATE_TIME", "@ptr5", "@ptr6", "@ptr7", "@ptr8", "@ptr9", "SL:DATE_TIME]", "IN:CREATE_ALARM]"], "predicted_tokens": ["[IN:CREATE_REMINDER", "[SL:DATE_TIME", "@ptr5", "@ptr6", "@ptr7", "@ptr8", "@ptr9", "@ptr10", "SL:DATE_TIME]", "IN:CREATE_REMINDER]"]}
{"loss": 3.1961019039154053, "class_log_probabilities": [-1.5739854574203491, -2.10135555267334, -6.111825466156006, -6.535143852233887], "predictions": [49, 36, 399, 400, 401, 402, 403, 37, 16, 404, 405, 406, 407, 408, 409, 17, 50, 4, 4], "target_tokens": ["[IN:CREATE_ALARM", "[SL:ALARM_NAME", "@ptr5", "@ptr6", "@ptr7", "SL:ALARM_NAME]", "[SL:DATE_TIME", "@ptr10", "@ptr11", "@ptr12", "@ptr13", "SL:DATE_TIME]", "IN:CREATE_ALARM]"], "predicted_tokens": ["[IN:CREATE_REMINDER", "[SL:TODO", "@ptr4", "@ptr5", "@ptr6", "@ptr7", "@ptr8", "SL:TODO]", "[SL:DATE_TIME", "@ptr9", "@ptr10", "@ptr11", "@ptr12", "@ptr13", "@ptr14", "SL:DATE_TIME]", "IN:CREATE_REMINDER]"]}
{"loss": 5.1932525634765625, "class_log_probabilities": [-0.8144733309745789, -3.461763620376587, -3.7054409980773926, -4.184671401977539], "predictions": [47, 34, 401, 35, 48, 4, 4, 4, 4], "target_tokens": ["[IN:GET_ALARM", "[SL:AMOUNT", "@ptr4", "SL:AMOUNT]", "IN:GET_ALARM]"], "predicted_tokens": ["[IN:GET_REMINDER", "[SL:PERSON_REMINDED", "@ptr6", "SL:PERSON_REMINDED]", "IN:GET_REMINDER]"]}
{"loss": 0.9593906402587891, "class_log_probabilities": [-0.18724031746387482, -7.624799728393555, -7.899026393890381, -8.357832908630371], "predictions": [45, 46, 4], "target_tokens": ["[IN:CREATE_ALARM", "IN:CREATE_ALARM]"], "predicted_tokens": ["[IN:CREATE_ALARM", "IN:CREATE_ALARM]"]}
{"loss": 0.967187225818634, "class_log_probabilities": [-0.1670936793088913, -8.548805236816406, -8.589637756347656, -8.622435569763184], "predictions": [81, 82, 4, 4], "target_tokens": ["[IN:END_CALL", "IN:END_CALL]"], "predicted_tokens": ["[IN:END_CALL", "IN:END_CALL]"]}
{"loss": 5.267536640167236, "class_log_probabilities": [-0.5510050654411316, -7.063750267028809, -7.327298164367676, -9.72586441040039], "predictions": [75, 6, 398, 399, 400, 7, 78, 4, 4, 4, 4], "target_tokens": ["[IN:UPDATE_METHOD_CALL", "IN:UPDATE_METHOD_CALL]"], "predicted_tokens": ["[IN:CREATE_CALL", "[SL:CONTACT", "@ptr3", "@ptr4", "@ptr5", "SL:CONTACT]", "IN:CREATE_CALL]"]}
{"loss": 0.973800003528595, "class_log_probabilities": [-0.44154611229896545, -7.560482501983643, -8.205927848815918, -8.404437065124512], "predictions": [63, 66, 396, 67, 103, 398, 104, 68, 4, 4, 4, 4], "target_tokens": ["[IN:PLAY_MUSIC", "[SL:MUSIC_ARTIST_NAME", "@ptr1", "SL:MUSIC_ARTIST_NAME]", "[SL:MUSIC_PROVIDER_NAME", "@ptr3", "SL:MUSIC_PROVIDER_NAME]", "IN:PLAY_MUSIC]"], "predicted_tokens": ["[IN:PLAY_MUSIC", "[SL:MUSIC_ARTIST_NAME", "@ptr1", "SL:MUSIC_ARTIST_NAME]", "[SL:MUSIC_PROVIDER_NAME", "@ptr3", "SL:MUSIC_PROVIDER_NAME]", "IN:PLAY_MUSIC]"]}
{"loss": 1.8653900623321533, "class_log_probabilities": [-1.8212652206420898, -3.0506858825683594, -3.5018317699432373, -5.431975841522217], "predictions": [61, 83, 397, 398, 399, 84, 16, 401, 402, 17, 62, 4], "target_tokens": ["[IN:GET_EVENT", "[SL:CATEGORY_EVENT", "@ptr2", "@ptr3", "@ptr4", "SL:CATEGORY_EVENT]", "IN:GET_EVENT]"], "predicted_tokens": ["[IN:GET_EVENT", "[SL:CATEGORY_EVENT", "@ptr2", "@ptr3", "@ptr4", "SL:CATEGORY_EVENT]", "[SL:DATE_TIME", "@ptr6", "@ptr7", "SL:DATE_TIME]", "IN:GET_EVENT]"]}
{"loss": 1.043390154838562, "class_log_probabilities": [-1.9385135173797607, -2.653470754623413, -4.41279411315918, -5.101882457733154], "predictions": [61, 83, 396, 397, 398, 399, 400, 84, 16, 401, 402, 403, 404, 17, 62, 4], "target_tokens": ["[IN:GET_EVENT", "[SL:CATEGORY_EVENT", "@ptr1", "@ptr2", "@ptr3", "@ptr4", "@ptr5", "SL:CATEGORY_EVENT]", "[SL:DATE_TIME", "@ptr6", "@ptr7", "@ptr8", "SL:DATE_TIME]", "IN:GET_EVENT]"], "predicted_tokens": ["[IN:GET_EVENT", "[SL:CATEGORY_EVENT", "@ptr1", "@ptr2", "@ptr3", "@ptr4", "@ptr5", "SL:CATEGORY_EVENT]", "[SL:DATE_TIME", "@ptr6", "@ptr7", "@ptr8", "@ptr9", "SL:DATE_TIME]", "IN:GET_EVENT]"]}
{"loss": 1.9108209609985352, "class_log_probabilities": [-0.9770855903625488, -2.3069043159484863, -4.864253520965576, -7.219242572784424], "predictions": [75, 6, 401, 402, 403, 7, 78, 4, 4, 4, 4], "target_tokens": ["[IN:CREATE_CALL", "[SL:CONTACT", "@ptr5", "@ptr6", "@ptr7", "SL:CONTACT]", "IN:CREATE_CALL]"], "predicted_tokens": ["[IN:CREATE_CALL", "[SL:CONTACT", "@ptr6", "@ptr7", "@ptr8", "SL:CONTACT]", "IN:CREATE_CALL]"]}
{"loss": 0.96197509765625, "class_log_probabilities": [-0.38889721035957336, -7.762467384338379, -8.4059419631958, -8.809133529663086], "predictions": [75, 6, 397, 398, 7, 78, 4, 4, 4], "target_tokens": ["[IN:CREATE_CALL", "[SL:CONTACT", "@ptr2", "@ptr3", "SL:CONTACT]", "IN:CREATE_CALL]"], "predicted_tokens": ["[IN:CREATE_CALL", "[SL:CONTACT", "@ptr2", "@ptr3", "SL:CONTACT]", "IN:CREATE_CALL]"]}
{"loss": 0.9620125889778137, "class_log_probabilities": [-0.39148983359336853, -7.6443071365356445, -7.6606903076171875, -7.816727161407471], "predictions": [75, 6, 398, 399, 7, 78, 4], "target_tokens": ["[IN:CREATE_CALL", "[SL:CONTACT", "@ptr3", "@ptr4", "SL:CONTACT]", "IN:CREATE_CALL]"], "predicted_tokens": ["[IN:CREATE_CALL", "[SL:CONTACT", "@ptr3", "@ptr4", "SL:CONTACT]", "IN:CREATE_CALL]"]}
{"loss": 0.9619646072387695, "class_log_probabilities": [-0.1772865653038025, -8.584212303161621, -8.633599281311035, -8.67178726196289], "predictions": [171, 172, 4, 4], "target_tokens": ["[IN:GET_AVAILABILITY", "IN:GET_AVAILABILITY]"], "predicted_tokens": ["[IN:GET_AVAILABILITY", "IN:GET_AVAILABILITY]"]}
{"loss": 0.9894101023674011, "class_log_probabilities": [-0.13915890455245972, -8.246419906616211, -8.29078197479248, -8.559320449829102], "predictions": [215, 216, 4, 4], "target_tokens": ["[IN:SWITCH_CALL", "IN:SWITCH_CALL]"], "predicted_tokens": ["[IN:SWITCH_CALL", "IN:SWITCH_CALL]"]}
{"loss": 1.0092839002609253, "class_log_probabilities": [-0.5339137315750122, -2.9201886653900146, -4.081346035003662, -5.299677848815918], "predictions": [215, 216, 4], "target_tokens": ["[IN:SWITCH_CALL", "IN:SWITCH_CALL]"], "predicted_tokens": ["[IN:SWITCH_CALL", "IN:SWITCH_CALL]"]}
{"loss": 0.960515558719635, "class_log_probabilities": [-0.19366762042045593, -6.498090744018555, -8.4937162399292, -8.565431594848633], "predictions": [31, 32, 4], "target_tokens": ["[IN:SET_UNAVAILABLE", "IN:SET_UNAVAILABLE]"], "predicted_tokens": ["[IN:SET_UNAVAILABLE", "IN:SET_UNAVAILABLE]"]}
{"loss": 0.9598882794380188, "class_log_probabilities": [-0.18279241025447845, -8.363726615905762, -8.496976852416992, -8.592580795288086], "predictions": [171, 172, 4], "target_tokens": ["[IN:GET_AVAILABILITY", "IN:GET_AVAILABILITY]"], "predicted_tokens": ["[IN:GET_AVAILABILITY", "IN:GET_AVAILABILITY]"]}
{"loss": 0.9581359028816223, "class_log_probabilities": [-0.24545973539352417, -4.400015830993652, -7.053530216217041, -7.470957279205322], "predictions": [189, 190, 4], "target_tokens": ["[IN:SET_AVAILABLE", "IN:SET_AVAILABLE]"], "predicted_tokens": ["[IN:SET_AVAILABLE", "IN:SET_AVAILABLE]"]}
{"loss": 0.9694792628288269, "class_log_probabilities": [-0.16214099526405334, -8.54642391204834, -8.624947547912598, -8.781705856323242], "predictions": [81, 82, 4, 4, 4], "target_tokens": ["[IN:END_CALL", "IN:END_CALL]"], "predicted_tokens": ["[IN:END_CALL", "IN:END_CALL]"]}
{"loss": 1.9752910137176514, "class_log_probabilities": [-3.8902313709259033, -4.929581642150879, -63.46030044555664, -63.83081817626953], "predictions": [23, 10, 70, 71, 396, 72, 93, 398, 94, 73, 11, 24, 400, 401, 402, 403, 404, 405, 406, 407, 408, 409, 410, 411, 412, 428, 26, 4, 4, 4, 4, 4, 4, 4, 4, 4, 4, 4, 4, 4, 4, 4, 4, 4, 4, 4, 4, 4, 4, 4, 4, 4, 4, 4, 4, 4, 4, 4, 4, 4, 4, 4, 4, 4, 4, 4, 4, 4, 4, 4, 4, 4, 4, 4, 4, 4, 4, 4, 4, 4, 4, 4, 4, 4, 4, 4, 4, 4, 4, 4, 4, 4, 4, 4, 4, 4, 4, 4, 4, 4], "target_tokens": ["[IN:SEND_MESSAGE", "[SL:RECIPIENT", "[IN:GET_CONTACT", "[SL:CONTACT_RELATED", "@ptr2", "@ptr3", "SL:CONTACT_RELATED]", "[SL:TYPE_RELATION", "@ptr1", "SL:TYPE_RELATION]", "IN:GET_CONTACT]", "SL:RECIPIENT]", "[SL:CONTENT_EXACT", "@ptr5", "@ptr6", "@ptr7", "@ptr8", "@ptr9", "@ptr10", "@ptr11", "@ptr12", "@ptr13", "@ptr14", "@ptr15", "@ptr16", "@ptr17", "@ptr18", "@ptr19", "@ptr20", "@ptr21", "@ptr22", "@ptr23", "@ptr24", "@ptr25", "@ptr26", "@ptr27", "@ptr28", "SL:CONTENT_EXACT]", "IN:SEND_MESSAGE]"], "predicted_tokens": ["[IN:SEND_MESSAGE", "[SL:RECIPIENT", "[IN:GET_CONTACT", "[SL:TYPE_RELATION", "@ptr1", "SL:TYPE_RELATION]", "[SL:CONTACT_RELATED", "@ptr3", "SL:CONTACT_RELATED]", "IN:GET_CONTACT]", "SL:RECIPIENT]", "[SL:CONTENT_EXACT", "@ptr5", "@ptr6", "@ptr7", "@ptr8", "@ptr9", "@ptr10", "@ptr11", "@ptr12", "@ptr13", "@ptr14", "@ptr15", "@ptr16", "@ptr17", "@ptr33", "IN:SEND_MESSAGE]"]}
{"loss": 1.5595481395721436, "class_log_probabilities": [-1.9027525186538696, -3.705719232559204, -3.7241504192352295, -4.099458694458008], "predictions": [23, 10, 398, 399, 400, 401, 11, 24, 405, 406, 407, 408, 409, 410, 411, 412, 413, 414, 415, 416, 25, 26, 4, 4], "target_tokens": ["[IN:SEND_MESSAGE", "[SL:RECIPIENT", "@ptr3", "@ptr4", "@ptr5", "SL:RECIPIENT]", "[SL:CONTENT_EXACT", "@ptr9", "@ptr10", "@ptr11", "@ptr12", "@ptr13", "@ptr14", "@ptr15", "@ptr16", "@ptr17", "@ptr18", "@ptr19", "SL:CONTENT_EXACT]", "IN:SEND_MESSAGE]"], "predicted_tokens": ["[IN:SEND_MESSAGE", "[SL:RECIPIENT", "@ptr3", "@ptr4", "@ptr5", "@ptr6", "SL:RECIPIENT]", "[SL:CONTENT_EXACT", "@ptr10", "@ptr11", "@ptr12", "@ptr13", "@ptr14", "@ptr15", "@ptr16", "@ptr17", "@ptr18", "@ptr19", "@ptr20", "@ptr21", "SL:CONTENT_EXACT]", "IN:SEND_MESSAGE]"]}
{"loss": 1.8032505512237549, "class_log_probabilities": [-1.4760922193527222, -3.1822783946990967, -3.77070689201355, -4.16495418548584], "predictions": [23, 10, 398, 399, 400, 11, 24, 405, 406, 407, 408, 409, 410, 411, 412, 413, 414, 25, 26, 4, 4], "target_tokens": ["[IN:SEND_MESSAGE", "[SL:RECIPIENT", "@ptr3", "@ptr4", "@ptr5", "SL:RECIPIENT]", "[SL:CONTENT_EXACT", "@ptr12", "@ptr13", "@ptr14", "@ptr15", "@ptr16", "@ptr17", "SL:CONTENT_EXACT]", "IN:SEND_MESSAGE]"], "predicted_tokens": ["[IN:SEND_MESSAGE", "[SL:RECIPIENT", "@ptr3", "@ptr4", "@ptr5", "SL:RECIPIENT]", "[SL:CONTENT_EXACT", "@ptr10", "@ptr11", "@ptr12", "@ptr13", "@ptr14", "@ptr15", "@ptr16", "@ptr17", "@ptr18", "@ptr19", "SL:CONTENT_EXACT]", "IN:SEND_MESSAGE]"]}
{"loss": 1.9274781942367554, "class_log_probabilities": [-1.4361531734466553, -3.1884334087371826, -3.703685998916626, -5.4630889892578125], "predictions": [283, 10, 401, 11, 16, 402, 403, 404, 405, 406, 407, 17, 284, 4], "target_tokens": ["[IN:GET_MESSAGE", "[SL:RECIPIENT", "@ptr6", "SL:RECIPIENT]", "[SL:DATE_TIME", "@ptr7", "@ptr8", "@ptr9", "@ptr10", "@ptr11", "SL:DATE_TIME]", "IN:GET_MESSAGE]"], "predicted_tokens": ["[IN:GET_MESSAGE_CONTACT", "[SL:RECIPIENT", "@ptr6", "SL:RECIPIENT]", "[SL:DATE_TIME", "@ptr7", "@ptr8", "@ptr9", "@ptr10", "@ptr11", "@ptr12", "SL:DATE_TIME]", "IN:GET_MESSAGE_CONTACT]"]}
{"loss": 1.2878243923187256, "class_log_probabilities": [-0.9572070240974426, -5.692876815795898, -6.935369968414307, -8.087065696716309], "predictions": [23, 10, 396, 397, 11, 24, 399, 400, 401, 402, 403, 404, 405, 406, 407, 25, 26, 4], "target_tokens": ["[IN:SEND_MESSAGE", "[SL:RECIPIENT", "@ptr1", "@ptr2", "SL:RECIPIENT]", "[SL:CONTENT_EXACT", "@ptr4", "@ptr5", "@ptr6", "@ptr7", "@ptr8", "@ptr9", "@ptr10", "@ptr11", "SL:CONTENT_EXACT]", "IN:SEND_MESSAGE]"], "predicted_tokens": ["[IN:SEND_MESSAGE", "[SL:RECIPIENT", "@ptr1", "@ptr2", "SL:RECIPIENT]", "[SL:CONTENT_EXACT", "@ptr4", "@ptr5", "@ptr6", "@ptr7", "@ptr8", "@ptr9", "@ptr10", "@ptr11", "@ptr12", "SL:CONTENT_EXACT]", "IN:SEND_MESSAGE]"]}
{"loss": 1.2272629737854004, "class_log_probabilities": [-1.7519781589508057, -2.4609174728393555, -5.315564155578613, -5.539985179901123], "predictions": [23, 10, 70, 71, 398, 72, 73, 11, 24, 402, 403, 404, 405, 406, 407, 408, 409, 410, 411, 412, 413, 25, 26, 4], "target_tokens": ["[IN:SEND_MESSAGE", "[SL:RECIPIENT", "[IN:GET_CONTACT", "[SL:TYPE_RELATION", "@ptr3", "SL:TYPE_RELATION]", "IN:GET_CONTACT]", "SL:RECIPIENT]", "[SL:CONTENT_EXACT", "@ptr7", "@ptr8", "@ptr9", "@ptr10", "@ptr11", "@ptr12", "@ptr13", "@ptr14", "@ptr15", "@ptr16", "SL:CONTENT_EXACT]", "IN:SEND_MESSAGE]"], "predicted_tokens": ["[IN:SEND_MESSAGE", "[SL:RECIPIENT", "[IN:GET_CONTACT", "[SL:TYPE_RELATION", "@ptr3", "SL:TYPE_RELATION]", "IN:GET_CONTACT]", "SL:RECIPIENT]", "[SL:CONTENT_EXACT", "@ptr7", "@ptr8", "@ptr9", "@ptr10", "@ptr11", "@ptr12", "@ptr13", "@ptr14", "@ptr15", "@ptr16", "@ptr17", "@ptr18", "SL:CONTENT_EXACT]", "IN:SEND_MESSAGE]"]}
{"loss": 2.800041913986206, "class_log_probabilities": [-1.1532407999038696, -4.800012588500977, -5.21267557144165, -5.4398417472839355], "predictions": [45, 16, 400, 401, 402, 403, 404, 405, 406, 17, 46, 4, 4], "target_tokens": ["[IN:CREATE_REMINDER", "[SL:PERSON_REMINDED", "@ptr0", "SL:PERSON_REMINDED]", "[SL:DATE_TIME", "@ptr5", "@ptr6", "@ptr7", "@ptr8", "@ptr9", "@ptr10", "SL:DATE_TIME]", "IN:CREATE_REMINDER]"], "predicted_tokens": ["[IN:CREATE_ALARM", "[SL:DATE_TIME", "@ptr5", "@ptr6", "@ptr7", "@ptr8", "@ptr9", "@ptr10", "@ptr11", "SL:DATE_TIME]", "IN:CREATE_ALARM]"]}
{"loss": 3.686427116394043, "class_log_probabilities": [-1.04884672164917, -3.7076265811920166, -4.607732772827148, -6.033590793609619], "predictions": [33, 36, 398, 399, 37, 34, 401, 35, 16, 404, 405, 406, 17, 38, 4, 4], "target_tokens": ["[IN:DELETE_REMINDER", "[SL:AMOUNT", "@ptr7", "SL:AMOUNT]", "[SL:PERSON_REMINDED", "@ptr5", "@ptr6", "SL:PERSON_REMINDED]", "[SL:DATE_TIME", "@ptr8", "@ptr9", "@ptr10", "SL:DATE_TIME]", "IN:DELETE_REMINDER]"], "predicted_tokens": ["[IN:DELETE_REMINDER", "[SL:TODO", "@ptr3", "@ptr4", "SL:TODO]", "[SL:PERSON_REMINDED", "@ptr6", "SL:PERSON_REMINDED]", "[SL:DATE_TIME", "@ptr9", "@ptr10", "@ptr11", "SL:DATE_TIME]", "IN:DELETE_REMINDER]"]}
{"loss": 2.5530078411102295, "class_log_probabilities": [-2.2374703884124756, -3.2757465839385986, -5.817941665649414, -6.497609615325928], "predictions": [49, 34, 396, 35, 36, 143, 36, 398, 399, 400, 401, 37, 243, 403, 404, 244, 144, 37, 16, 405, 406, 407, 17, 50, 4, 4, 4, 4, 4, 4, 4], "target_tokens": ["[IN:CREATE_REMINDER", "[SL:PERSON_REMINDED", "@ptr1", "SL:PERSON_REMINDED]", "[SL:TODO", "[IN:GET_TODO", "[SL:TODO", "@ptr3", "@ptr4", "@ptr5", "SL:TODO]", "[SL:ATTENDEE", "@ptr7", "@ptr8", "SL:ATTENDEE]", "IN:GET_TODO]", "SL:TODO]", "[SL:DATE_TIME", "@ptr9", "@ptr10", "@ptr11", "SL:DATE_TIME]", "IN:CREATE_REMINDER]"], "predicted_tokens": ["[IN:CREATE_REMINDER", "[SL:PERSON_REMINDED", "@ptr1", "SL:PERSON_REMINDED]", "[SL:TODO", "[IN:GET_TODO", "[SL:TODO", "@ptr3", "@ptr4", "@ptr5", "@ptr6", "SL:TODO]", "[SL:ATTENDEE", "@ptr8", "@ptr9", "SL:ATTENDEE]", "IN:GET_TODO]", "SL:TODO]", "[SL:DATE_TIME", "@ptr10", "@ptr11", "@ptr12", "SL:DATE_TIME]", "IN:CREATE_REMINDER]"]}
{"loss": 2.241882562637329, "class_log_probabilities": [-0.9085280299186707, -4.113996982574463, -5.156605243682861, -5.574038028717041], "predictions": [33, 34, 401, 35, 36, 403, 404, 405, 406, 407, 37, 38, 4], "target_tokens": ["[IN:DELETE_REMINDER", "[SL:PERSON_REMINDED", "@ptr5", "@ptr6", "SL:PERSON_REMINDED]", "[SL:TODO", "@ptr8", "@ptr9", "@ptr10", "@ptr11", "SL:TODO]", "IN:DELETE_REMINDER]"], "predicted_tokens": ["[IN:DELETE_REMINDER", "[SL:PERSON_REMINDED", "@ptr6", "SL:PERSON_REMINDED]", "[SL:TODO", "@ptr8", "@ptr9", "@ptr10", "@ptr11", "@ptr12", "SL:TODO]", "IN:DELETE_REMINDER]"]}
{"loss": 3.1609201431274414, "class_log_probabilities": [-0.5860067009925842, -6.661065101623535, -6.835964202880859, -7.003908634185791], "predictions": [49, 36, 398, 399, 37, 50, 4, 4], "target_tokens": ["[IN:CREATE_REMINDER", "IN:CREATE_REMINDER]"], "predicted_tokens": ["[IN:CREATE_REMINDER", "[SL:TODO", "@ptr3", "@ptr4", "SL:TODO]", "IN:CREATE_REMINDER]"]}
{"loss": 2.452968120574951, "class_log_probabilities": [-2.7325022220611572, -3.0294201374053955, -3.409058094024658, -5.205805778503418], "predictions": [47, 199, 395, 200, 34, 401, 35, 16, 403, 404, 405, 17, 48, 4], "target_tokens": ["[IN:GET_REMINDER", "[SL:METHOD_RETRIEVAL_REMINDER", "@ptr0", "SL:METHOD_RETRIEVAL_REMINDER]", "[SL:PERSON_REMINDED", "@ptr5", "@ptr6", "SL:PERSON_REMINDED]", "[SL:DATE_TIME", "@ptr7", "@ptr8", "@ptr9", "SL:DATE_TIME]", "IN:GET_REMINDER]"], "predicted_tokens": ["[IN:GET_REMINDER", "[SL:METHOD_RETRIEVAL_REMINDER", "@ptr0", "SL:METHOD_RETRIEVAL_REMINDER]", "[SL:PERSON_REMINDED", "@ptr6", "SL:PERSON_REMINDED]", "[SL:DATE_TIME", "@ptr8", "@ptr9", "@ptr10", "SL:DATE_TIME]", "IN:GET_REMINDER]"]}
{"loss": 2.155465841293335, "class_log_probabilities": [-1.3888274431228638, -4.436946392059326, -4.964748382568359, -5.141099452972412], "predictions": [49, 36, 401, 402, 403, 37, 16, 404, 405, 406, 407, 408, 409, 410, 17, 50, 4], "target_tokens": ["[IN:CREATE_REMINDER", "[SL:TODO", "@ptr6", "@ptr7", "@ptr12", "SL:TODO]", "[SL:DATE_TIME", "@ptr9", "@ptr10", "@ptr11", "@ptr12", "@ptr13", "@ptr14", "SL:DATE_TIME]", "IN:CREATE_REMINDER]"], "predicted_tokens": ["[IN:CREATE_REMINDER", "[SL:TODO", "@ptr6", "@ptr7", "@ptr8", "SL:TODO]", "[SL:DATE_TIME", "@ptr9", "@ptr10", "@ptr11", "@ptr12", "@ptr13", "@ptr14", "@ptr15", "SL:DATE_TIME]", "IN:CREATE_REMINDER]"]}
{"loss": 2.062688112258911, "class_log_probabilities": [-1.3344367742538452, -3.540118455886841, -4.088039875030518, -4.124920845031738], "predictions": [49, 34, 396, 35, 36, 398, 399, 400, 401, 37, 16, 402, 403, 404, 405, 406, 17, 50, 4, 4], "target_tokens": ["[IN:CREATE_REMINDER", "[SL:PERSON_REMINDED", "@ptr1", "SL:PERSON_REMINDED]", "[SL:TODO", "@ptr3", "@ptr4", "@ptr5", "SL:TODO]", "[SL:DATE_TIME", "@ptr6", "@ptr7", "@ptr8", "@ptr9", "@ptr10", "SL:DATE_TIME]", "IN:CREATE_REMINDER]"], "predicted_tokens": ["[IN:CREATE_REMINDER", "[SL:PERSON_REMINDED", "@ptr1", "SL:PERSON_REMINDED]", "[SL:TODO", "@ptr3", "@ptr4", "@ptr5", "@ptr6", "SL:TODO]", "[SL:DATE_TIME", "@ptr7", "@ptr8", "@ptr9", "@ptr10", "@ptr11", "SL:DATE_TIME]", "IN:CREATE_REMINDER]"]}
{"loss": 3.302112340927124, "class_log_probabilities": [-0.34258392453193665, -6.287228107452393, -6.652531623840332, -6.891177177429199], "predictions": [33, 34, 401, 35, 38, 4, 4], "target_tokens": ["[IN:DELETE_REMINDER", "[SL:PERSON_REMINDED", "@ptr4", "@ptr5", "SL:PERSON_REMINDED]", "IN:DELETE_REMINDER]"], "predicted_tokens": ["[IN:DELETE_REMINDER", "[SL:PERSON_REMINDED", "@ptr6", "SL:PERSON_REMINDED]", "IN:DELETE_REMINDER]"]}
{"loss": 2.3982365131378174, "class_log_probabilities": [-1.0563726425170898, -3.708489179611206, -6.808073043823242, -7.860531806945801], "predictions": [49, 34, 397, 35, 36, 398, 399, 400, 401, 402, 37, 16, 404, 405, 406, 407, 17, 50, 4, 4], "target_tokens": ["[IN:CREATE_REMINDER", "[SL:PERSON_REMINDED", "@ptr2", "SL:PERSON_REMINDED]", "[SL:TODO", "@ptr3", "@ptr4", "@ptr5", "@ptr6", "SL:TODO]", "[SL:DATE_TIME", "@ptr7", "@ptr8", "@ptr9", "@ptr10", "SL:DATE_TIME]", "IN:CREATE_REMINDER]"], "predicted_tokens": ["[IN:CREATE_REMINDER", "[SL:PERSON_REMINDED", "@ptr2", "SL:PERSON_REMINDED]", "[SL:TODO", "@ptr3", "@ptr4", "@ptr5", "@ptr6", "@ptr7", "SL:TODO]", "[SL:DATE_TIME", "@ptr9", "@ptr10", "@ptr11", "@ptr12", "SL:DATE_TIME]", "IN:CREATE_REMINDER]"]}
{"loss": 2.9219019412994385, "class_log_probabilities": [-1.5786563158035278, -2.3271334171295166, -3.5814971923828125, -4.6213836669921875], "predictions": [47, 34, 395, 35, 36, 143, 36, 402, 403, 404, 37, 16, 405, 406, 407, 408, 409, 17, 144, 37, 48, 4], "target_tokens": ["[IN:GET_REMINDER", "[SL:PERSON_REMINDED", "@ptr0", "SL:PERSON_REMINDED]", "[SL:TODO", "[IN:GET_TODO", "[SL:DATE_TIME", "@ptr11", "@ptr12", "SL:DATE_TIME]", "[SL:TODO", "@ptr6", "@ptr7", "@ptr8", "SL:TODO]", "IN:GET_TODO]", "SL:TODO]", "IN:GET_REMINDER]"], "predicted_tokens": ["[IN:GET_REMINDER", "[SL:PERSON_REMINDED", "@ptr0", "SL:PERSON_REMINDED]", "[SL:TODO", "[IN:GET_TODO", "[SL:TODO", "@ptr7", "@ptr8", "@ptr9", "SL:TODO]", "[SL:DATE_TIME", "@ptr10", "@ptr11", "@ptr12", "@ptr13", "@ptr14", "SL:DATE_TIME]", "IN:GET_TODO]", "SL:TODO]", "IN:GET_REMINDER]"]}
{"loss": 2.381154775619507, "class_log_probabilities": [-0.6350968480110168, -3.9234225749969482, -6.729825973510742, -7.6521477699279785], "predictions": [33, 16, 399, 400, 401, 402, 17, 38, 4, 4], "target_tokens": ["[IN:DELETE_REMINDER", "[SL:DATE_TIME", "@ptr5", "@ptr6", "SL:DATE_TIME]", "IN:DELETE_REMINDER]"], "predicted_tokens": ["[IN:DELETE_REMINDER", "[SL:DATE_TIME", "@ptr4", "@ptr5", "@ptr6", "@ptr7", "SL:DATE_TIME]", "IN:DELETE_REMINDER]"]}
{"loss": 3.4258618354797363, "class_log_probabilities": [-2.75228214263916, -2.7965707778930664, -3.421444892883301, -4.466360569000244], "predictions": [47, 34, 401, 35, 16, 404, 405, 406, 17, 48, 4, 4, 4, 4], "target_tokens": ["[IN:GET_REMINDER", "[SL:METHOD_RETRIEVAL_REMINDER", "@ptr0", "SL:METHOD_RETRIEVAL_REMINDER]", "[SL:AMOUNT", "@ptr7", "SL:AMOUNT]", "[SL:PERSON_REMINDED", "@ptr5", "@ptr6", "SL:PERSON_REMINDED]", "[SL:DATE_TIME", "@ptr8", "@ptr9", "@ptr10", "SL:DATE_TIME]", "IN:GET_REMINDER]"], "predicted_tokens": ["[IN:GET_REMINDER", "[SL:PERSON_REMINDED", "@ptr6", "SL:PERSON_REMINDED]", "[SL:DATE_TIME", "@ptr9", "@ptr10", "@ptr11", "SL:DATE_TIME]", "IN:GET_REMINDER]"]}
{"loss": 1.849506139755249, "class_log_probabilities": [-5.265013217926025, -6.527948379516602, -6.612171173095703, -7.103304862976074], "predictions": [49, 34, 396, 35, 36, 23, 271, 399, 272, 10, 401, 402, 11, 24, 404, 405, 406, 407, 408, 409, 25, 26, 37, 16, 410, 411, 17, 50, 4, 4], "target_tokens": ["[IN:CREATE_REMINDER", "[SL:PERSON_REMINDED", "@ptr1", "SL:PERSON_REMINDED]", "[SL:TODO", "[IN:SEND_MESSAGE", "[SL:METHOD_MESSAGE", "@ptr4", "SL:METHOD_MESSAGE]", "[SL:RECIPIENT", "@ptr6", "SL:RECIPIENT]", "[SL:CONTENT_EXACT", "@ptr9", "@ptr10", "@ptr11", "@ptr12", "SL:CONTENT_EXACT]", "IN:SEND_MESSAGE]", "SL:TODO]", "[SL:DATE_TIME", "@ptr13", "@ptr14", "SL:DATE_TIME]", "IN:CREATE_REMINDER]"], "predicted_tokens": ["[IN:CREATE_REMINDER", "[SL:PERSON_REMINDED", "@ptr1", "SL:PERSON_REMINDED]", "[SL:TODO", "[IN:SEND_MESSAGE", "[SL:METHOD_MESSAGE", "@ptr4", "SL:METHOD_MESSAGE]", "[SL:RECIPIENT", "@ptr6", "@ptr7", "SL:RECIPIENT]", "[SL:CONTENT_EXACT", "@ptr9", "@ptr10", "@ptr11", "@ptr12", "@ptr13", "@ptr14", "SL:CONTENT_EXACT]", "IN:SEND_MESSAGE]", "SL:TODO]", "[SL:DATE_TIME", "@ptr15", "@ptr16", "SL:DATE_TIME]", "IN:CREATE_REMINDER]"]}
{"loss": 1.7596814632415771, "class_log_probabilities": [-4.399454116821289, -4.797826766967773, -4.947059154510498, -5.681676864624023], "predictions": [49, 36, 143, 36, 399, 400, 401, 402, 403, 37, 16, 408, 409, 410, 411, 412, 17, 144, 37, 16, 408, 409, 410, 412, 17, 50, 4, 4], "target_tokens": ["[IN:GET_REMINDER", "[SL:TODO", "@ptr4", "@ptr5", "@ptr6", "@ptr7", "SL:TODO]", "[SL:DATE_TIME", "@ptr12", "@ptr13", "@ptr14", "@ptr15", "@ptr16", "SL:DATE_TIME]", "IN:GET_REMINDER]"], "predicted_tokens": ["[IN:CREATE_REMINDER", "[SL:TODO", "[IN:GET_TODO", "[SL:TODO", "@ptr4", "@ptr5", "@ptr6", "@ptr7", "@ptr8", "SL:TODO]", "[SL:DATE_TIME", "@ptr13", "@ptr14", "@ptr15", "@ptr16", "@ptr17", "SL:DATE_TIME]", "IN:GET_TODO]", "SL:TODO]", "[SL:DATE_TIME", "@ptr13", "@ptr14", "@ptr15", "@ptr17", "SL:DATE_TIME]", "IN:CREATE_REMINDER]"]}
{"loss": 3.2293283939361572, "class_log_probabilities": [-2.2780654430389404, -3.101977586746216, -5.019819736480713, -5.466865062713623], "predictions": [47, 199, 396, 200, 34, 403, 35, 48, 4], "target_tokens": ["[IN:GET_REMINDER", "[SL:METHOD_RETRIEVAL_REMINDER", "@ptr0", "SL:METHOD_RETRIEVAL_REMINDER]", "[SL:PERSON_REMINDED", "@ptr7", "SL:PERSON_REMINDED]", "[SL:ORDINAL", "@ptr4", "@ptr5", "SL:ORDINAL]", "IN:GET_REMINDER]"], "predicted_tokens": ["[IN:GET_REMINDER", "[SL:METHOD_RETRIEVAL_REMINDER", "@ptr1", "SL:METHOD_RETRIEVAL_REMINDER]", "[SL:PERSON_REMINDED", "@ptr8", "SL:PERSON_REMINDED]", "IN:GET_REMINDER]"]}
{"loss": 3.2752466201782227, "class_log_probabilities": [-2.2210233211517334, -3.0761280059814453, -3.2251219749450684, -4.593011856079102], "predictions": [47, 34, 400, 35, 34, 400, 35, 16, 403, 404, 405, 406, 17, 48, 4, 4, 4, 4], "target_tokens": ["[IN:GET_REMINDER", "[SL:PERSON_REMINDED", "@ptr6", "@ptr7", "SL:PERSON_REMINDED]", "[SL:TODO", "@ptr4", "@ptr5", "SL:TODO]", "[SL:DATE_TIME", "@ptr9", "@ptr10", "SL:DATE_TIME]", "IN:GET_REMINDER]"], "predicted_tokens": ["[IN:GET_REMINDER", "[SL:PERSON_REMINDED", "@ptr5", "SL:PERSON_REMINDED]", "[SL:PERSON_REMINDED", "@ptr5", "SL:PERSON_REMINDED]", "[SL:DATE_TIME", "@ptr8", "@ptr9", "@ptr10", "@ptr11", "SL:DATE_TIME]", "IN:GET_REMINDER]"]}
{"loss": 3.575871467590332, "class_log_probabilities": [-2.007739305496216, -2.9054856300354004, -4.6599531173706055, -5.368790626525879], "predictions": [47, 36, 402, 403, 404, 405, 37, 16, 406, 407, 408, 17, 48, 4, 4, 4, 4, 4, 4, 4], "target_tokens": ["[IN:GET_REMINDER", "[SL:TODO", "@ptr9", "SL:TODO]", "[SL:DATE_TIME", "@ptr10", "@ptr11", "@ptr12", "SL:DATE_TIME]", "IN:GET_REMINDER]"], "predicted_tokens": ["[IN:GET_REMINDER", "[SL:TODO", "@ptr7", "@ptr8", "@ptr9", "@ptr10", "SL:TODO]", "[SL:DATE_TIME", "@ptr11", "@ptr12", "@ptr13", "SL:DATE_TIME]", "IN:GET_REMINDER]"]}
{"loss": 4.137295722961426, "class_log_probabilities": [-3.5164573192596436, -6.222986221313477, -6.43135929107666, -6.7659831047058105], "predictions": [49, 36, 400, 401, 402, 37, 16, 407, 408, 409, 410, 17, 50, 4, 4, 4, 4, 4, 4, 4, 4, 4, 4, 4, 4, 4, 4, 4], "target_tokens": ["[IN:GET_REMINDER_AMOUNT", "[SL:TODO", "@ptr5", "SL:TODO]", "[SL:DATE_TIME", "@ptr11", "@ptr12", "@ptr13", "SL:DATE_TIME]", "IN:GET_REMINDER_AMOUNT]"], "predicted_tokens": ["[IN:CREATE_REMINDER", "[SL:TODO", "@ptr5", "@ptr6", "@ptr7", "SL:TODO]", "[SL:DATE_TIME", "@ptr12", "@ptr13", "@ptr14", "@ptr15", "SL:DATE_TIME]", "IN:CREATE_REMINDER]"]}
{"loss": 2.9406728744506836, "class_log_probabilities": [-0.7998107671737671, -8.058581352233887, -8.352742195129395, -8.588844299316406], "predictions": [49, 34, 396, 35, 36, 398, 399, 400, 401, 402, 403, 404, 37, 50, 4], "target_tokens": ["[IN:CREATE_REMINDER", "[SL:PERSON_REMINDED", "@ptr1", "SL:PERSON_REMINDED]", "[SL:TODO", "[IN:GET_TODO", "[SL:TODO", "@ptr3", "@ptr4", "SL:TODO]", "[SL:ATTENDEE", "@ptr6", "@ptr7", "SL:ATTENDEE]", "IN:GET_TODO]", "SL:TODO]", "IN:CREATE_REMINDER]"], "predicted_tokens": ["[IN:CREATE_REMINDER", "[SL:PERSON_REMINDED", "@ptr1", "SL:PERSON_REMINDED]", "[SL:TODO", "@ptr3", "@ptr4", "@ptr5", "@ptr6", "@ptr7", "@ptr8", "@ptr9", "SL:TODO]", "IN:CREATE_REMINDER]"]}
{"loss": 3.7338509559631348, "class_log_probabilities": [-1.530941367149353, -2.3146910667419434, -4.193415641784668, -4.4184160232543945], "predictions": [47, 34, 403, 35, 48, 4, 4, 4, 4, 4], "target_tokens": ["[IN:GET_REMINDER", "[SL:METHOD_RETRIEVAL_REMINDER", "@ptr1", "SL:METHOD_RETRIEVAL_REMINDER]", "[SL:AMOUNT", "@ptr6", "SL:AMOUNT]", "[SL:PERSON_REMINDED", "@ptr7", "@ptr8", "SL:PERSON_REMINDED]", "IN:GET_REMINDER]"], "predicted_tokens": ["[IN:GET_REMINDER", "[SL:PERSON_REMINDED", "@ptr8", "SL:PERSON_REMINDED]", "IN:GET_REMINDER]"]}
{"loss": 3.971212387084961, "class_log_probabilities": [-1.2822656631469727, -2.430828332901001, -3.170620918273926, -4.165927410125732], "predictions": [33, 36, 400, 401, 402, 403, 37, 16, 405, 406, 407, 408, 17, 38, 4, 4], "target_tokens": ["[IN:DELETE_REMINDER", "[SL:TODO", "[IN:GET_TODO", "[SL:DATE_TIME", "@ptr8", "@ptr9", "@ptr10", "@ptr11", "SL:DATE_TIME]", "[SL:TODO", "@ptr4", "@ptr5", "@ptr6", "@ptr7", "SL:TODO]", "IN:GET_TODO]", "SL:TODO]", "IN:DELETE_REMINDER]"], "predicted_tokens": ["[IN:DELETE_REMINDER", "[SL:TODO", "@ptr5", "@ptr6", "@ptr7", "@ptr8", "SL:TODO]", "[SL:DATE_TIME", "@ptr10", "@ptr11", "@ptr12", "@ptr13", "SL:DATE_TIME]", "IN:DELETE_REMINDER]"]}
{"loss": 2.7914273738861084, "class_log_probabilities": [-1.0358922481536865, -3.162651300430298, -7.7726263999938965, -7.955043315887451], "predictions": [33, 36, 400, 401, 402, 403, 37, 16, 404, 405, 406, 407, 17, 38, 4, 4], "target_tokens": ["[IN:DELETE_REMINDER", "[SL:TODO", "@ptr5", "@ptr6", "@ptr7", "SL:TODO]", "[SL:DATE_TIME", "@ptr8", "@ptr9", "@ptr10", "@ptr11", "SL:DATE_TIME]", "IN:DELETE_REMINDER]"], "predicted_tokens": ["[IN:DELETE_REMINDER", "[SL:TODO", "@ptr5", "@ptr6", "@ptr7", "@ptr8", "SL:TODO]", "[SL:DATE_TIME", "@ptr9", "@ptr10", "@ptr11", "@ptr12", "SL:DATE_TIME]", "IN:DELETE_REMINDER]"]}
{"loss": 3.852952718734741, "class_log_probabilities": [-3.2514753341674805, -3.878833532333374, -4.340418338775635, -4.372237682342529], "predictions": [49, 16, 400, 401, 402, 17, 36, 404, 405, 406, 407, 408, 37, 16, 410, 411, 412, 413, 414, 415, 416, 17, 50, 4, 4, 4, 4, 4], "target_tokens": ["[IN:CREATE_REMINDER", "[SL:DATE_TIME", "@ptr4", "@ptr5", "@ptr6", "SL:DATE_TIME]", "[SL:TODO", "[IN:GET_TODO", "[SL:DATE_TIME", "@ptr14", "@ptr15", "@ptr16", "@ptr17", "@ptr18", "SL:DATE_TIME]", "[SL:TODO", "@ptr8", "@ptr9", "@ptr10", "SL:TODO]", "[SL:DATE_TIME", "@ptr19", "@ptr20", "SL:DATE_TIME]", "IN:GET_TODO]", "SL:TODO]", "IN:CREATE_REMINDER]"], "predicted_tokens": ["[IN:CREATE_REMINDER", "[SL:DATE_TIME", "@ptr5", "@ptr6", "@ptr7", "SL:DATE_TIME]", "[SL:TODO", "@ptr9", "@ptr10", "@ptr11", "@ptr12", "@ptr13", "SL:TODO]", "[SL:DATE_TIME", "@ptr15", "@ptr16", "@ptr17", "@ptr18", "@ptr19", "@ptr20", "@ptr21", "SL:DATE_TIME]", "IN:CREATE_REMINDER]"]}
{"loss": 3.219707489013672, "class_log_probabilities": [-1.477219820022583, -2.9716615676879883, -3.196810007095337, -3.247626781463623], "predictions": [49, 36, 75, 6, 403, 404, 7, 78, 37, 16, 405, 406, 407, 408, 17, 50, 4, 4, 4, 4], "target_tokens": ["[IN:CREATE_REMINDER", "[SL:TODO", "[IN:CREATE_CALL", "[SL:CONTACT", "@ptr7", "@ptr8", "SL:CONTACT]", "IN:CREATE_CALL]", "SL:TODO]", "[SL:DATE_TIME", "@ptr9", "@ptr10", "@ptr11", "SL:DATE_TIME]", "IN:CREATE_REMINDER]"], "predicted_tokens": ["[IN:CREATE_REMINDER", "[SL:TODO", "[IN:CREATE_CALL", "[SL:CONTACT", "@ptr8", "@ptr9", "SL:CONTACT]", "IN:CREATE_CALL]", "SL:TODO]", "[SL:DATE_TIME", "@ptr10", "@ptr11", "@ptr12", "@ptr13", "SL:DATE_TIME]", "IN:CREATE_REMINDER]"]}
{"loss": 1.4180412292480469, "class_log_probabilities": [-0.7317805886268616, -7.20001220703125, -8.368230819702148, -8.582535743713379], "predictions": [49, 34, 397, 35, 36, 398, 399, 400, 401, 402, 403, 37, 50, 4], "target_tokens": ["[IN:CREATE_REMINDER", "[SL:PERSON_REMINDED", "@ptr2", "SL:PERSON_REMINDED]", "[SL:TODO", "@ptr3", "@ptr4", "@ptr5", "@ptr6", "@ptr7", "SL:TODO]", "IN:CREATE_REMINDER]"], "predicted_tokens": ["[IN:CREATE_REMINDER", "[SL:PERSON_REMINDED", "@ptr2", "SL:PERSON_REMINDED]", "[SL:TODO", "@ptr3", "@ptr4", "@ptr5", "@ptr6", "@ptr7", "@ptr8", "SL:TODO]", "IN:CREATE_REMINDER]"]}
{"loss": 0.9820581674575806, "class_log_probabilities": [-1.3214155435562134, -2.73028564453125, -7.311854839324951, -7.762467861175537], "predictions": [49, 34, 397, 35, 36, 398, 399, 400, 401, 402, 403, 404, 405, 406, 407, 408, 409, 37, 50, 4, 4, 4, 4], "target_tokens": ["[IN:CREATE_REMINDER", "[SL:PERSON_REMINDED", "@ptr2", "SL:PERSON_REMINDED]", "[SL:TODO", "@ptr3", "@ptr4", "@ptr5", "@ptr6", "@ptr7", "@ptr8", "@ptr9", "@ptr10", "@ptr11", "@ptr12", "@ptr13", "@ptr14", "SL:TODO]", "IN:CREATE_REMINDER]"], "predicted_tokens": ["[IN:CREATE_REMINDER", "[SL:PERSON_REMINDED", "@ptr2", "SL:PERSON_REMINDED]", "[SL:TODO", "@ptr3", "@ptr4", "@ptr5", "@ptr6", "@ptr7", "@ptr8", "@ptr9", "@ptr10", "@ptr11", "@ptr12", "@ptr13", "@ptr14", "SL:TODO]", "IN:CREATE_REMINDER]"]}
{"loss": 2.1126136779785156, "class_log_probabilities": [-5.522579669952393, -5.659266471862793, -5.700706958770752, -5.986305236816406], "predictions": [49, 36, 143, 36, 402, 403, 404, 37, 243, 406, 407, 408, 409, 244, 144, 37, 16, 411, 412, 413, 414, 415, 17, 50, 4, 4, 4, 4, 4, 4, 4], "target_tokens": ["[IN:CREATE_REMINDER", "[SL:TODO", "[IN:GET_TODO", "[SL:TODO", "@ptr8", "SL:TODO]", "[SL:ATTENDEE", "@ptr10", "@ptr11", "@ptr12", "@ptr13", "SL:ATTENDEE]", "IN:GET_TODO]", "SL:TODO]", "[SL:DATE_TIME", "@ptr14", "@ptr15", "@ptr16", "@ptr17", "@ptr18", "@ptr19", "SL:DATE_TIME]", "IN:CREATE_REMINDER]"], "predicted_tokens": ["[IN:CREATE_REMINDER", "[SL:TODO", "[IN:GET_TODO", "[SL:TODO", "@ptr7", "@ptr8", "@ptr9", "SL:TODO]", "[SL:ATTENDEE", "@ptr11", "@ptr12", "@ptr13", "@ptr14", "SL:ATTENDEE]", "IN:GET_TODO]", "SL:TODO]", "[SL:DATE_TIME", "@ptr16", "@ptr17", "@ptr18", "@ptr19", "@ptr20", "SL:DATE_TIME]", "IN:CREATE_REMINDER]"]}
{"loss": 1.5257272720336914, "class_log_probabilities": [-1.3048512935638428, -5.29652214050293, -5.826857566833496, -6.1411848068237305], "predictions": [49, 34, 396, 35, 36, 398, 399, 400, 401, 402, 403, 404, 405, 37, 16, 406, 407, 408, 409, 410, 411, 17, 50, 4, 4, 4], "target_tokens": ["[IN:CREATE_REMINDER", "[SL:PERSON_REMINDED", "@ptr1", "SL:PERSON_REMINDED]", "[SL:TODO", "@ptr3", "@ptr4", "@ptr5", "@ptr6", "@ptr7", "@ptr8", "@ptr9", "SL:TODO]", "[SL:DATE_TIME", "@ptr10", "@ptr11", "@ptr12", "@ptr13", "@ptr14", "@ptr15", "SL:DATE_TIME]", "IN:CREATE_REMINDER]"], "predicted_tokens": ["[IN:CREATE_REMINDER", "[SL:PERSON_REMINDED", "@ptr1", "SL:PERSON_REMINDED]", "[SL:TODO", "@ptr3", "@ptr4", "@ptr5", "@ptr6", "@ptr7", "@ptr8", "@ptr9", "@ptr10", "SL:TODO]", "[SL:DATE_TIME", "@ptr11", "@ptr12", "@ptr13", "@ptr14", "@ptr15", "@ptr16", "SL:DATE_TIME]", "IN:CREATE_REMINDER]"]}
{"loss": 6.303837299346924, "class_log_probabilities": [-0.6220123767852783, -6.022577285766602, -6.468101978302002, -7.472131729125977], "predictions": [81, 6, 397, 398, 399, 7, 82, 4], "target_tokens": ["[IN:UPDATE_METHOD_CALL", "IN:UPDATE_METHOD_CALL]"], "predicted_tokens": ["[IN:END_CALL", "[SL:CONTACT", "@ptr2", "@ptr3", "@ptr4", "SL:CONTACT]", "IN:END_CALL]"]}
{"loss": 5.6626505851745605, "class_log_probabilities": [-0.531059741973877, -7.026473045349121, -8.026741981506348, -8.251949310302734], "predictions": [61, 16, 395, 17, 14, 404, 405, 15, 62, 4, 4, 4, 4], "target_tokens": ["[IN:GET_EVENT", "[SL:LOCATION", "@ptr8", "@ptr9", "SL:LOCATION]", "[SL:DATE_TIME", "@ptr0", "@ptr1", "SL:DATE_TIME]", "IN:GET_EVENT]"], "predicted_tokens": ["[IN:GET_EVENT", "[SL:DATE_TIME", "@ptr0", "SL:DATE_TIME]", "[SL:LOCATION", "@ptr9", "@ptr10", "SL:LOCATION]", "IN:GET_EVENT]"]}
{"loss": 1.6081258058547974, "class_log_probabilities": [-0.814893364906311, -2.6805825233459473, -7.534232139587402, -7.906887054443359], "predictions": [61, 14, 398, 15, 16, 399, 400, 401, 402, 17, 62, 4], "target_tokens": ["[IN:GET_EVENT", "[SL:LOCATION", "@ptr3", "SL:LOCATION]", "[SL:DATE_TIME", "@ptr4", "@ptr5", "@ptr6", "SL:DATE_TIME]", "IN:GET_EVENT]"], "predicted_tokens": ["[IN:GET_EVENT", "[SL:LOCATION", "@ptr3", "SL:LOCATION]", "[SL:DATE_TIME", "@ptr4", "@ptr5", "@ptr6", "@ptr7", "SL:DATE_TIME]", "IN:GET_EVENT]"]}
{"loss": 2.5123233795166016, "class_log_probabilities": [-0.6785206198692322, -4.152837753295898, -6.611647129058838, -6.8592329025268555], "predictions": [61, 16, 400, 401, 402, 403, 17, 62, 4], "target_tokens": ["[IN:GET_EVENT", "[SL:DATE_TIME", "@ptr6", "@ptr7", "SL:DATE_TIME]", "IN:GET_EVENT]"], "predicted_tokens": ["[IN:GET_EVENT", "[SL:DATE_TIME", "@ptr5", "@ptr6", "@ptr7", "@ptr8", "SL:DATE_TIME]", "IN:GET_EVENT]"]}
{"loss": 2.980116605758667, "class_log_probabilities": [-0.7230620384216309, -4.028116703033447, -5.545865058898926, -6.614914894104004], "predictions": [61, 16, 401, 402, 403, 17, 14, 405, 406, 407, 15, 62, 4, 4], "target_tokens": ["[IN:GET_EVENT", "[SL:DATE_TIME", "@ptr6", "@ptr7", "SL:DATE_TIME]", "[SL:LOCATION", "@ptr9", "@ptr10", "@ptr11", "SL:LOCATION]", "IN:GET_EVENT]"], "predicted_tokens": ["[IN:GET_EVENT", "[SL:DATE_TIME", "@ptr6", "@ptr7", "@ptr8", "SL:DATE_TIME]", "[SL:LOCATION", "@ptr10", "@ptr11", "@ptr12", "SL:LOCATION]", "IN:GET_EVENT]"]}
{"loss": 1.7256914377212524, "class_log_probabilities": [-3.919646978378296, -4.162487030029297, -4.1928300857543945, -4.736669063568115], "predictions": [61, 83, 396, 397, 84, 16, 402, 403, 404, 405, 17, 62, 4, 4, 4, 4], "target_tokens": ["[IN:GET_EVENT", "[SL:CATEGORY_EVENT", "@ptr1", "@ptr2", "SL:CATEGORY_EVENT]", "[SL:DATE_TIME", "@ptr7", "@ptr8", "@ptr9", "SL:DATE_TIME]", "IN:GET_EVENT]"], "predicted_tokens": ["[IN:GET_EVENT", "[SL:CATEGORY_EVENT", "@ptr1", "@ptr2", "SL:CATEGORY_EVENT]", "[SL:DATE_TIME", "@ptr7", "@ptr8", "@ptr9", "@ptr10", "SL:DATE_TIME]", "IN:GET_EVENT]"]}
{"loss": 0.9614936113357544, "class_log_probabilities": [-0.41061699390411377, -8.347428321838379, -8.38003921508789, -9.024158477783203], "predictions": [61, 16, 395, 396, 17, 62, 4, 4, 4, 4], "target_tokens": ["[IN:GET_EVENT", "[SL:DATE_TIME", "@ptr0", "@ptr1", "SL:DATE_TIME]", "IN:GET_EVENT]"], "predicted_tokens": ["[IN:GET_EVENT", "[SL:DATE_TIME", "@ptr0", "@ptr1", "SL:DATE_TIME]", "IN:GET_EVENT]"]}
{"loss": 4.304331302642822, "class_log_probabilities": [-1.355353593826294, -2.0774450302124023, -4.964848518371582, -5.241776466369629], "predictions": [61, 16, 395, 17, 14, 400, 401, 402, 15, 62, 4], "target_tokens": ["[IN:GET_EVENT", "[SL:LOCATION", "@ptr5", "@ptr6", "SL:LOCATION]", "[SL:DATE_TIME", "@ptr0", "@ptr1", "SL:DATE_TIME]", "IN:GET_EVENT]"], "predicted_tokens": ["[IN:GET_EVENT", "[SL:DATE_TIME", "@ptr0", "SL:DATE_TIME]", "[SL:LOCATION", "@ptr5", "@ptr6", "@ptr7", "SL:LOCATION]", "IN:GET_EVENT]"]}
{"loss": 2.67372727394104, "class_log_probabilities": [-1.1401419639587402, -2.2354838848114014, -6.633204460144043, -6.926600456237793], "predictions": [63, 223, 396, 397, 398, 224, 103, 400, 104, 68, 4, 4], "target_tokens": ["[IN:PLAY_MUSIC", "[SL:MUSIC_RADIO_ID", "@ptr3", "SL:MUSIC_RADIO_ID]", "[SL:MUSIC_TYPE", "@ptr1", "SL:MUSIC_TYPE]", "[SL:MUSIC_PROVIDER_NAME", "@ptr5", "SL:MUSIC_PROVIDER_NAME]", "IN:PLAY_MUSIC]"], "predicted_tokens": ["[IN:PLAY_MUSIC", "[SL:MUSIC_RADIO_ID", "@ptr1", "@ptr2", "@ptr3", "SL:MUSIC_RADIO_ID]", "[SL:MUSIC_PROVIDER_NAME", "@ptr5", "SL:MUSIC_PROVIDER_NAME]", "IN:PLAY_MUSIC]"]}
{"loss": 3.299680709838867, "class_log_probabilities": [-2.401946544647217, -2.7882273197174072, -3.516451835632324, -3.756230115890503], "predictions": [89, 90, 400, 91, 16, 402, 403, 404, 17, 92, 4], "target_tokens": ["[IN:CREATE_TIMER", "[SL:METHOD_TIMER", "@ptr3", "@ptr4", "SL:METHOD_TIMER]", "[SL:DATE_TIME", "@ptr6", "@ptr7", "@ptr8", "SL:DATE_TIME]", "IN:CREATE_TIMER]"], "predicted_tokens": ["[IN:CREATE_TIMER", "[SL:METHOD_TIMER", "@ptr5", "SL:METHOD_TIMER]", "[SL:DATE_TIME", "@ptr7", "@ptr8", "@ptr9", "SL:DATE_TIME]", "IN:CREATE_TIMER]"]}
{"loss": 0.9696484804153442, "class_log_probabilities": [-0.36042076349258423, -7.274454116821289, -8.305319786071777, -8.599565505981445], "predictions": [211, 6, 395, 396, 7, 212, 4], "target_tokens": ["[IN:GET_LOCATION", "[SL:CONTACT", "@ptr0", "@ptr1", "SL:CONTACT]", "IN:GET_LOCATION]"], "predicted_tokens": ["[IN:GET_LOCATION", "[SL:CONTACT", "@ptr0", "@ptr1", "SL:CONTACT]", "IN:GET_LOCATION]"]}
{"loss": 3.282068967819214, "class_log_probabilities": [-2.1974985599517822, -3.484032154083252, -3.5761027336120605, -5.825314521789551], "predictions": [70, 6, 396, 397, 398, 399, 400, 401, 7, 73, 4, 4], "target_tokens": ["[IN:GET_EMPLOYER", "[SL:CONTACT", "@ptr5", "@ptr6", "SL:CONTACT]", "IN:GET_EMPLOYER]"], "predicted_tokens": ["[IN:GET_CONTACT", "[SL:CONTACT", "@ptr1", "@ptr2", "@ptr3", "@ptr4", "@ptr5", "@ptr6", "SL:CONTACT]", "IN:GET_CONTACT]"]}
{"loss": 2.9466776847839355, "class_log_probabilities": [-1.9234156608581543, -2.6511270999908447, -3.337179183959961, -4.342732906341553], "predictions": [193, 6, 395, 7, 194, 399, 400, 401, 402, 139, 138, 404, 405, 139, 196, 4], "target_tokens": ["[IN:GET_EMPLOYMENT_TIME", "[SL:CONTACT", "@ptr0", "SL:CONTACT]", "[SL:EMPLOYER", "@ptr8", "SL:EMPLOYER]", "[SL:JOB", "@ptr4", "@ptr5", "@ptr6", "SL:JOB]", "IN:GET_EMPLOYMENT_TIME]"], "predicted_tokens": ["[IN:GET_EMPLOYMENT_TIME", "[SL:CONTACT", "@ptr0", "SL:CONTACT]", "[SL:JOB", "@ptr4", "@ptr5", "@ptr6", "@ptr7", "SL:EMPLOYER]", "[SL:EMPLOYER", "@ptr9", "@ptr10", "SL:EMPLOYER]", "IN:GET_EMPLOYMENT_TIME]"]}
{"loss": 2.0137288570404053, "class_log_probabilities": [-1.1104367971420288, -2.6287569999694824, -3.584907293319702, -6.300487518310547], "predictions": [137, 6, 396, 397, 398, 7, 138, 401, 402, 139, 140, 4], "target_tokens": ["[IN:GET_EMPLOYER", "[SL:CONTACT", "@ptr0", "@ptr1", "@ptr2", "@ptr3", "SL:CONTACT]", "[SL:EMPLOYER", "@ptr6", "SL:EMPLOYER]", "IN:GET_EMPLOYER]"], "predicted_tokens": ["[IN:GET_EMPLOYER", "[SL:CONTACT", "@ptr1", "@ptr2", "@ptr3", "SL:CONTACT]", "[SL:EMPLOYER", "@ptr6", "@ptr7", "SL:EMPLOYER]", "IN:GET_EMPLOYER]"]}
{"loss": 1.3972877264022827, "class_log_probabilities": [-0.8733910322189331, -2.358034372329712, -3.8668742179870605, -5.277181148529053], "predictions": [147, 6, 395, 7, 257, 401, 258, 150, 4, 4], "target_tokens": ["[IN:GET_EDUCATION_TIME", "[SL:CONTACT", "@ptr0", "@ptr1", "SL:CONTACT]", "[SL:SCHOOL", "@ptr5", "SL:SCHOOL]", "IN:GET_EDUCATION_TIME]"], "predicted_tokens": ["[IN:GET_EDUCATION_TIME", "[SL:CONTACT", "@ptr0", "SL:CONTACT]", "[SL:SCHOOL", "@ptr6", "SL:SCHOOL]", "IN:GET_EDUCATION_TIME]"]}
{"loss": 0.9854552745819092, "class_log_probabilities": [-0.49807626008987427, -4.473313808441162, -4.955196857452393, -5.043581962585449], "predictions": [125, 6, 395, 396, 397, 7, 126, 4], "target_tokens": ["[IN:GET_AGE", "[SL:CONTACT", "@ptr0", "@ptr1", "@ptr2", "SL:CONTACT]", "IN:GET_AGE]"], "predicted_tokens": ["[IN:GET_AGE", "[SL:CONTACT", "@ptr0", "@ptr1", "@ptr2", "SL:CONTACT]", "IN:GET_AGE]"]}
{"loss": 0.9875723719596863, "class_log_probabilities": [-0.2755725383758545, -8.48723030090332, -8.812314987182617, -13.200822830200195], "predictions": [125, 6, 395, 7, 126, 4, 4, 4, 4, 4], "target_tokens": ["[IN:GET_AGE", "[SL:CONTACT", "@ptr0", "SL:CONTACT]", "IN:GET_AGE]"], "predicted_tokens": ["[IN:GET_AGE", "[SL:CONTACT", "@ptr0", "SL:CONTACT]", "IN:GET_AGE]"]}
{"loss": 1.2684779167175293, "class_log_probabilities": [-0.8992620706558228, -3.6475343704223633, -4.705279350280762, -7.445176124572754], "predictions": [211, 6, 395, 7, 14, 399, 400, 15, 212, 4, 4, 4], "target_tokens": ["[IN:GET_LOCATION", "[SL:CONTACT", "@ptr0", "SL:CONTACT]", "[SL:LOCATION", "@ptr4", "SL:LOCATION]", "IN:GET_LOCATION]"], "predicted_tokens": ["[IN:GET_LOCATION", "[SL:CONTACT", "@ptr0", "SL:CONTACT]", "[SL:LOCATION", "@ptr4", "@ptr5", "SL:LOCATION]", "IN:GET_LOCATION]"]}
{"loss": 1.9343552589416504, "class_log_probabilities": [-0.4654479920864105, -7.068694114685059, -7.31244421005249, -7.86679744720459], "predictions": [70, 93, 397, 94, 257, 404, 258, 73, 4], "target_tokens": ["[IN:GET_CONTACT", "[SL:CONTACT_RELATED", "@ptr2", "SL:CONTACT_RELATED]", "[SL:SCHOOL", "@ptr8", "SL:SCHOOL]", "IN:GET_CONTACT]"], "predicted_tokens": ["[IN:GET_CONTACT", "[SL:CONTACT_RELATED", "@ptr2", "SL:CONTACT_RELATED]", "[SL:SCHOOL", "@ptr9", "SL:SCHOOL]", "IN:GET_CONTACT]"]}
{"loss": 3.524643898010254, "class_log_probabilities": [-1.3486952781677246, -2.365082025527954, -5.180795669555664, -5.6585493087768555], "predictions": [70, 71, 396, 72, 93, 400, 94, 257, 405, 406, 407, 408, 409, 410, 258, 73, 4, 4, 4, 4], "target_tokens": ["[IN:GET_CONTACT", "[SL:CONTACT_RELATED", "@ptr4", "@ptr5", "SL:CONTACT_RELATED]", "[SL:TYPE_RELATION", "@ptr1", "SL:TYPE_RELATION]", "[SL:SCHOOL", "@ptr9", "@ptr10", "@ptr11", "@ptr12", "@ptr13", "@ptr14", "SL:SCHOOL]", "IN:GET_CONTACT]"], "predicted_tokens": ["[IN:GET_CONTACT", "[SL:TYPE_RELATION", "@ptr1", "SL:TYPE_RELATION]", "[SL:CONTACT_RELATED", "@ptr5", "SL:CONTACT_RELATED]", "[SL:SCHOOL", "@ptr10", "@ptr11", "@ptr12", "@ptr13", "@ptr14", "@ptr15", "SL:SCHOOL]", "IN:GET_CONTACT]"]}
{"loss": 3.392927646636963, "class_log_probabilities": [-1.3945232629776, -3.0141518115997314, -3.8960015773773193, -4.39923620223999], "predictions": [70, 71, 398, 72, 93, 400, 94, 14, 403, 404, 15, 73, 4], "target_tokens": ["[IN:GET_CONTACT", "[SL:CONTACT_RELATED", "@ptr4", "@ptr5", "SL:CONTACT_RELATED]", "[SL:TYPE_RELATION", "@ptr3", "SL:TYPE_RELATION]", "[SL:LOCATION", "@ptr8", "SL:LOCATION]", "IN:GET_CONTACT]"], "predicted_tokens": ["[IN:GET_CONTACT", "[SL:TYPE_RELATION", "@ptr3", "SL:TYPE_RELATION]", "[SL:CONTACT_RELATED", "@ptr5", "SL:CONTACT_RELATED]", "[SL:LOCATION", "@ptr8", "@ptr9", "SL:LOCATION]", "IN:GET_CONTACT]"]}
{"loss": 2.550628423690796, "class_log_probabilities": [-2.036968946456909, -2.0541274547576904, -2.099297523498535, -2.5893125534057617], "predictions": [70, 71, 395, 72, 93, 397, 94, 73, 4], "target_tokens": ["[IN:GET_CONTACT", "[SL:TYPE_RELATION", "@ptr0", "@ptr1", "SL:TYPE_RELATION]", "[SL:CONTACT_RELATED", "@ptr2", "@ptr3", "@ptr4", "SL:CONTACT_RELATED]", "IN:GET_CONTACT]"], "predicted_tokens": ["[IN:GET_CONTACT", "[SL:TYPE_RELATION", "@ptr0", "SL:TYPE_RELATION]", "[SL:CONTACT_RELATED", "@ptr2", "SL:CONTACT_RELATED]", "IN:GET_CONTACT]"]}
{"loss": 1.8854637145996094, "class_log_probabilities": [-2.858196258544922, -3.932278633117676, -5.199410438537598, -5.407700061798096], "predictions": [51, 52, 397, 53, 129, 401, 130, 129, 403, 404, 130, 54, 4, 4, 4], "target_tokens": ["[IN:GET_RECIPES", "[SL:RECIPES_DISH", "@ptr2", "SL:RECIPES_DISH]", "IN:GET_RECIPES]"], "predicted_tokens": ["[IN:GET_RECIPES", "[SL:RECIPES_DISH", "@ptr2", "SL:RECIPES_DISH]", "[SL:RECIPES_INCLUDED_INGREDIENT", "@ptr6", "SL:RECIPES_INCLUDED_INGREDIENT]", "[SL:RECIPES_INCLUDED_INGREDIENT", "@ptr8", "@ptr9", "SL:RECIPES_INCLUDED_INGREDIENT]", "IN:GET_RECIPES]"]}
{"loss": 4.015538692474365, "class_log_probabilities": [-0.515216052532196, -6.418195724487305, -7.657257080078125, -7.683846473693848], "predictions": [61, 14, 399, 400, 401, 15, 62, 4], "target_tokens": ["[IN:GET_INFO_RECIPES", "[SL:RECIPES_DISH", "@ptr4", "@ptr5", "SL:RECIPES_DISH]", "IN:GET_INFO_RECIPES]"], "predicted_tokens": ["[IN:GET_EVENT", "[SL:LOCATION", "@ptr4", "@ptr5", "@ptr6", "SL:LOCATION]", "IN:GET_EVENT]"]}
{"loss": 4.234579086303711, "class_log_probabilities": [-3.0494260787963867, -4.650849342346191, -5.111529350280762, -5.399836540222168], "predictions": [39, 40, 397, 41, 56, 402, 57, 42, 4, 4, 4, 4], "target_tokens": ["[IN:GET_STORIES_NEWS", "[SL:NEWS_TYPE", "@ptr1", "@ptr2", "SL:NEWS_TYPE]", "[SL:NEWS_CATEGORY", "@ptr5", "@ptr6", "@ptr7", "@ptr8", "SL:NEWS_CATEGORY]", "[SL:NEWS_TOPIC", "@ptr3", "SL:NEWS_TOPIC]", "IN:GET_STORIES_NEWS]"], "predicted_tokens": ["[IN:GET_STORIES_NEWS", "[SL:NEWS_TYPE", "@ptr2", "SL:NEWS_TYPE]", "[SL:NEWS_TOPIC", "@ptr7", "SL:NEWS_TOPIC]", "IN:GET_STORIES_NEWS]"]}
{"loss": 2.755402088165283, "class_log_probabilities": [-0.5348548889160156, -6.408104419708252, -6.768644332885742, -7.28449821472168], "predictions": [39, 40, 396, 41, 131, 397, 132, 42, 4], "target_tokens": ["[IN:GET_STORIES_NEWS", "[SL:NEWS_REFERENCE", "@ptr2", "SL:NEWS_REFERENCE]", "[SL:NEWS_TYPE", "@ptr1", "SL:NEWS_TYPE]", "IN:GET_STORIES_NEWS]"], "predicted_tokens": ["[IN:GET_STORIES_NEWS", "[SL:NEWS_TYPE", "@ptr1", "SL:NEWS_TYPE]", "[SL:NEWS_REFERENCE", "@ptr2", "SL:NEWS_REFERENCE]", "IN:GET_STORIES_NEWS]"]}
{"loss": 1.7546510696411133, "class_log_probabilities": [-1.0806933641433716, -1.8293590545654297, -5.376660346984863, -6.0977606773376465], "predictions": [39, 40, 395, 41, 56, 398, 399, 400, 401, 57, 42, 4], "target_tokens": ["[IN:GET_STORIES_NEWS", "[SL:NEWS_TYPE", "@ptr0", "@ptr1", "SL:NEWS_TYPE]", "[SL:NEWS_TOPIC", "@ptr3", "@ptr4", "@ptr5", "SL:NEWS_TOPIC]", "IN:GET_STORIES_NEWS]"], "predicted_tokens": ["[IN:GET_STORIES_NEWS", "[SL:NEWS_TYPE", "@ptr0", "SL:NEWS_TYPE]", "[SL:NEWS_TOPIC", "@ptr3", "@ptr4", "@ptr5", "@ptr6", "SL:NEWS_TOPIC]", "IN:GET_STORIES_NEWS]"]}
{"loss": 3.2312004566192627, "class_log_probabilities": [-0.8033591508865356, -1.8302602767944336, -6.215905666351318, -7.418131351470947], "predictions": [39, 40, 398, 41, 133, 399, 134, 42, 4], "target_tokens": ["[IN:GET_STORIES_NEWS", "[SL:NEWS_SOURCE", "@ptr4", "SL:NEWS_SOURCE]", "[SL:NEWS_TYPE", "@ptr2", "SL:NEWS_TYPE]", "IN:GET_STORIES_NEWS]"], "predicted_tokens": ["[IN:GET_STORIES_NEWS", "[SL:NEWS_TYPE", "@ptr3", "SL:NEWS_TYPE]", "[SL:NEWS_SOURCE", "@ptr4", "SL:NEWS_SOURCE]", "IN:GET_STORIES_NEWS]"]}
{"loss": 4.918876647949219, "class_log_probabilities": [-0.5515682697296143, -6.500340461730957, -7.115361213684082, -7.160083770751953], "predictions": [45, 16, 403, 404, 405, 406, 407, 17, 46, 4, 4], "target_tokens": ["[IN:SNOOZE_ALARM", "[SL:DATE_TIME", "@ptr9", "@ptr10", "SL:DATE_TIME]", "IN:SNOOZE_ALARM]"], "predicted_tokens": ["[IN:CREATE_ALARM", "[SL:DATE_TIME", "@ptr8", "@ptr9", "@ptr10", "@ptr11", "@ptr12", "SL:DATE_TIME]", "IN:CREATE_ALARM]"]}
{"loss": 3.5481491088867188, "class_log_probabilities": [-0.49358487129211426, -3.2594761848449707, -4.506452560424805, -5.729299068450928], "predictions": [183, 184, 4, 4, 4, 4, 4, 4], "target_tokens": ["[IN:ADD_TIME_TIMER", "[SL:DATE_TIME", "@ptr13", "@ptr14", "SL:DATE_TIME]", "[SL:METHOD_TIMER", "@ptr4", "@ptr5", "@ptr6", "SL:METHOD_TIMER]", "IN:ADD_TIME_TIMER]"], "predicted_tokens": ["[IN:ADD_TIME_TIMER", "IN:ADD_TIME_TIMER]"]}
{"loss": 2.4848082065582275, "class_log_probabilities": [-1.4567677974700928, -1.5777904987335205, -6.107008457183838, -6.506389141082764], "predictions": [183, 16, 396, 397, 17, 90, 403, 91, 184, 4], "target_tokens": ["[IN:ADD_TIME_TIMER", "[SL:DATE_TIME", "@ptr1", "@ptr2", "SL:DATE_TIME]", "[SL:METHOD_TIMER", "@ptr5", "@ptr6", "@ptr7", "SL:METHOD_TIMER]", "IN:ADD_TIME_TIMER]"], "predicted_tokens": ["[IN:ADD_TIME_TIMER", "[SL:DATE_TIME", "@ptr1", "@ptr2", "SL:DATE_TIME]", "[SL:METHOD_TIMER", "@ptr8", "SL:METHOD_TIMER]", "IN:ADD_TIME_TIMER]"]}
{"loss": 3.7087931632995605, "class_log_probabilities": [-1.2691842317581177, -2.8512001037597656, -3.995864152908325, -4.826719284057617], "predictions": [13, 14, 397, 15, 14, 400, 401, 402, 403, 15, 16, 404, 405, 17, 18, 4, 4], "target_tokens": ["[IN:GET_WEATHER", "[SL:LOCATION", "@ptr4", "@ptr5", "@ptr6", "SL:LOCATION]", "[SL:DATE_TIME", "@ptr7", "@ptr8", "SL:DATE_TIME]", "[SL:WEATHER_TEMPERATURE_UNIT", "@ptr2", "SL:WEATHER_TEMPERATURE_UNIT]", "IN:GET_WEATHER]"], "predicted_tokens": ["[IN:GET_WEATHER", "[SL:LOCATION", "@ptr2", "SL:LOCATION]", "[SL:LOCATION", "@ptr5", "@ptr6", "@ptr7", "@ptr8", "SL:LOCATION]", "[SL:DATE_TIME", "@ptr9", "@ptr10", "SL:DATE_TIME]", "IN:GET_WEATHER]"]}
{"loss": 4.856140613555908, "class_log_probabilities": [-0.6615005135536194, -4.08480167388916, -4.246518611907959, -4.507450580596924], "predictions": [115, 116, 4], "target_tokens": ["[IN:QUESTION_NEWS", "[SL:NEWS_TOPIC", "@ptr0", "@ptr1", "@ptr2", "SL:NEWS_TOPIC]", "IN:QUESTION_NEWS]"], "predicted_tokens": ["[IN:GET_TIMER", "IN:GET_TIMER]"]}
{"loss": 2.237509250640869, "class_log_probabilities": [-0.8420701026916504, -2.742788076400757, -6.575327396392822, -7.050520896911621], "predictions": [51, 52, 398, 399, 53, 54, 4, 4], "target_tokens": ["[IN:GET_RECIPES", "[SL:RECIPES_DISH", "@ptr2", "@ptr3", "SL:RECIPES_DISH]", "IN:GET_RECIPES]"], "predicted_tokens": ["[IN:GET_RECIPES", "[SL:RECIPES_DISH", "@ptr3", "@ptr4", "SL:RECIPES_DISH]", "IN:GET_RECIPES]"]}
{"loss": 1.616296648979187, "class_log_probabilities": [-0.9807160496711731, -3.12153959274292, -4.022315979003906, -6.194589138031006], "predictions": [27, 52, 395, 53, 30, 4, 4, 4, 4, 4], "target_tokens": ["[IN:GET_INFO_RECIPES", "[SL:RECIPES_DISH", "@ptr0", "@ptr1", "@ptr2", "SL:RECIPES_DISH]", "IN:GET_INFO_RECIPES]"], "predicted_tokens": ["[IN:GET_INFO_RECIPES", "[SL:RECIPES_DISH", "@ptr0", "SL:RECIPES_DISH]", "IN:GET_INFO_RECIPES]"]}
{"loss": 3.7139651775360107, "class_log_probabilities": [-1.317186713218689, -1.93282151222229, -5.150083541870117, -5.451414585113525], "predictions": [13, 16, 395, 396, 17, 14, 402, 15, 18, 4, 4, 4, 4], "target_tokens": ["[IN:GET_WEATHER", "[SL:WEATHER_ATTRIBUTE", "@ptr3", "SL:WEATHER_ATTRIBUTE]", "[SL:DATE_TIME", "@ptr0", "@ptr1", "SL:DATE_TIME]", "[SL:WEATHER_TEMPERATURE_UNIT", "@ptr6", "SL:WEATHER_TEMPERATURE_UNIT]", "IN:GET_WEATHER]"], "predicted_tokens": ["[IN:GET_WEATHER", "[SL:DATE_TIME", "@ptr0", "@ptr1", "SL:DATE_TIME]", "[SL:LOCATION", "@ptr7", "SL:LOCATION]", "IN:GET_WEATHER]"]}
{"loss": 1.8374500274658203, "class_log_probabilities": [-1.2356103658676147, -3.559110641479492, -5.131196975708008, -5.303606986999512], "predictions": [27, 52, 396, 53, 113, 398, 399, 114, 30, 4, 4], "target_tokens": ["[IN:GET_INFO_RECIPES", "[SL:RECIPES_INCLUDED_INGREDIENT", "@ptr1", "SL:RECIPES_INCLUDED_INGREDIENT]", "[SL:RECIPES_COOKING_METHOD", "@ptr3", "@ptr4", "SL:RECIPES_COOKING_METHOD]", "IN:GET_INFO_RECIPES]"], "predicted_tokens": ["[IN:GET_INFO_RECIPES", "[SL:RECIPES_DISH", "@ptr1", "SL:RECIPES_DISH]", "[SL:RECIPES_COOKING_METHOD", "@ptr3", "@ptr4", "SL:RECIPES_COOKING_METHOD]", "IN:GET_INFO_RECIPES]"]}
{"loss": 3.5480170249938965, "class_log_probabilities": [-3.999729633331299, -4.648945331573486, -4.8727827072143555, -6.081518650054932], "predictions": [51, 52, 396, 397, 398, 53, 289, 403, 404, 405, 342, 54, 4, 4, 4, 4], "target_tokens": ["[IN:GET_RECIPES", "[SL:RECIPES_RATING", "@ptr4", "@ptr5", "@ptr6", "SL:RECIPES_RATING]", "[SL:RECIPES_DISH", "@ptr1", "@ptr2", "@ptr3", "SL:RECIPES_DISH]", "[SL:RECIPES_SOURCE", "@ptr8", "@ptr9", "SL:RECIPES_SOURCE]", "IN:GET_RECIPES]"], "predicted_tokens": ["[IN:GET_RECIPES", "[SL:RECIPES_DISH", "@ptr1", "@ptr2", "@ptr3", "SL:RECIPES_DISH]", "[SL:RECIPES_RATING", "@ptr8", "@ptr9", "@ptr10", "SL:RECIPES_SOURCE]", "IN:GET_RECIPES]"]}
{"loss": 4.999134063720703, "class_log_probabilities": [-0.5260499119758606, -6.784398078918457, -7.383817672729492, -7.455120086669922], "predictions": [27, 52, 404, 405, 53, 30, 4, 4, 4, 4, 4], "target_tokens": ["[IN:GET_RECIPES", "[SL:RECIPES_DISH", "@ptr8", "@ptr9", "SL:RECIPES_DISH]", "IN:GET_RECIPES]"], "predicted_tokens": ["[IN:GET_INFO_RECIPES", "[SL:RECIPES_DISH", "@ptr9", "@ptr10", "SL:RECIPES_DISH]", "IN:GET_INFO_RECIPES]"]}
{"loss": 5.179704189300537, "class_log_probabilities": [-0.7290599346160889, -5.317420959472656, -6.197307109832764, -7.160301685333252], "predictions": [13, 79, 397, 80, 16, 400, 401, 17, 18, 4, 4], "target_tokens": ["[IN:QUESTION_NEWS", "[SL:NEWS_TOPIC", "@ptr2", "SL:NEWS_TOPIC]", "IN:QUESTION_NEWS]"], "predicted_tokens": ["[IN:GET_WEATHER", "[SL:WEATHER_ATTRIBUTE", "@ptr2", "SL:WEATHER_ATTRIBUTE]", "[SL:DATE_TIME", "@ptr5", "@ptr6", "SL:DATE_TIME]", "IN:GET_WEATHER]"]}
{"loss": 2.866931200027466, "class_log_probabilities": [-0.5240988731384277, -8.207515716552734, -8.349235534667969, -8.676416397094727], "predictions": [63, 64, 396, 65, 66, 399, 400, 67, 68, 4, 4, 4, 4], "target_tokens": ["[IN:PLAY_MUSIC", "[SL:MUSIC_ARTIST_NAME", "@ptr4", "@ptr5", "SL:MUSIC_ARTIST_NAME]", "[SL:MUSIC_TYPE", "@ptr1", "SL:MUSIC_TYPE]", "IN:PLAY_MUSIC]"], "predicted_tokens": ["[IN:PLAY_MUSIC", "[SL:MUSIC_TYPE", "@ptr1", "SL:MUSIC_TYPE]", "[SL:MUSIC_ARTIST_NAME", "@ptr4", "@ptr5", "SL:MUSIC_ARTIST_NAME]", "IN:PLAY_MUSIC]"]}
{"loss": 3.8009390830993652, "class_log_probabilities": [-0.7023506760597229, -4.57857608795166, -5.614248752593994, -6.7828474044799805], "predictions": [13, 16, 395, 396, 17, 79, 400, 80, 18, 4], "target_tokens": ["[IN:GET_WEATHER", "[SL:WEATHER_ATTRIBUTE", "@ptr4", "@ptr5", "SL:WEATHER_ATTRIBUTE]", "[SL:DATE_TIME", "@ptr0", "@ptr1", "SL:DATE_TIME]", "IN:GET_WEATHER]"], "predicted_tokens": ["[IN:GET_WEATHER", "[SL:DATE_TIME", "@ptr0", "@ptr1", "SL:DATE_TIME]", "[SL:WEATHER_ATTRIBUTE", "@ptr5", "SL:WEATHER_ATTRIBUTE]", "IN:GET_WEATHER]"]}
{"loss": 3.479726791381836, "class_log_probabilities": [-0.2867027223110199, -8.479388236999512, -8.522550582885742, -8.765931129455566], "predictions": [115, 90, 397, 91, 116, 4, 4, 4], "target_tokens": ["[IN:GET_TIMER", "IN:GET_TIMER]"], "predicted_tokens": ["[IN:GET_TIMER", "[SL:METHOD_TIMER", "@ptr2", "SL:METHOD_TIMER]", "IN:GET_TIMER]"]}
{"loss": 3.763655662536621, "class_log_probabilities": [-3.841326951980591, -3.975111722946167, -4.095947742462158, -4.217433452606201], "predictions": [105, 6, 396, 397, 398, 7, 71, 399, 72, 14, 403, 404, 15, 106, 4], "target_tokens": ["[IN:GET_WEATHER", "[SL:WEATHER_ATTRIBUTE", "@ptr0", "@ptr1", "@ptr2", "@ptr3", "SL:WEATHER_ATTRIBUTE]", "[SL:LOCATION", "@ptr7", "SL:LOCATION]", "IN:GET_WEATHER]"], "predicted_tokens": ["[IN:GET_INFO_CONTACT", "[SL:CONTACT", "@ptr1", "@ptr2", "@ptr3", "SL:CONTACT]", "[SL:TYPE_RELATION", "@ptr4", "SL:TYPE_RELATION]", "[SL:LOCATION", "@ptr8", "@ptr9", "SL:LOCATION]", "IN:GET_INFO_CONTACT]"]}
{"loss": 1.6316354274749756, "class_log_probabilities": [-0.7660099864006042, -3.0332512855529785, -5.248317241668701, -5.655154705047607], "predictions": [13, 16, 397, 398, 399, 17, 18, 4], "target_tokens": ["[IN:GET_WEATHER", "[SL:DATE_TIME", "@ptr2", "@ptr3", "SL:DATE_TIME]", "IN:GET_WEATHER]"], "predicted_tokens": ["[IN:GET_WEATHER", "[SL:DATE_TIME", "@ptr2", "@ptr3", "@ptr4", "SL:DATE_TIME]", "IN:GET_WEATHER]"]}
{"loss": 2.6210365295410156, "class_log_probabilities": [-0.825767993927002, -6.89543342590332, -7.129364013671875, -7.317513942718506], "predictions": [13, 16, 395, 396, 397, 398, 399, 400, 17, 79, 402, 80, 18, 4], "target_tokens": ["[IN:GET_WEATHER", "[SL:WEATHER_ATTRIBUTE", "@ptr6", "SL:WEATHER_ATTRIBUTE]", "[SL:DATE_TIME", "@ptr0", "@ptr1", "@ptr2", "@ptr3", "@ptr4", "@ptr5", "SL:DATE_TIME]", "IN:GET_WEATHER]"], "predicted_tokens": ["[IN:GET_WEATHER", "[SL:DATE_TIME", "@ptr0", "@ptr1", "@ptr2", "@ptr3", "@ptr4", "@ptr5", "SL:DATE_TIME]", "[SL:WEATHER_ATTRIBUTE", "@ptr7", "SL:WEATHER_ATTRIBUTE]", "IN:GET_WEATHER]"]}
{"loss": 1.629658818244934, "class_log_probabilities": [-3.530275344848633, -4.609803676605225, -5.23768949508667, -6.411077499389648], "predictions": [55, 56, 395, 396, 397, 398, 399, 400, 57, 16, 403, 404, 405, 17, 58, 4, 4], "target_tokens": ["[IN:QUESTION_NEWS", "[SL:NEWS_TOPIC", "@ptr0", "@ptr1", "@ptr2", "@ptr3", "@ptr4", "@ptr5", "@ptr6", "@ptr7", "@ptr8", "@ptr9", "SL:NEWS_TOPIC]", "IN:QUESTION_NEWS]"], "predicted_tokens": ["[IN:QUESTION_NEWS", "[SL:NEWS_TOPIC", "@ptr0", "@ptr1", "@ptr2", "@ptr3", "@ptr4", "@ptr5", "SL:NEWS_TOPIC]", "[SL:DATE_TIME", "@ptr8", "@ptr9", "@ptr10", "SL:DATE_TIME]", "IN:QUESTION_NEWS]"]}
{"loss": 3.7939233779907227, "class_log_probabilities": [-0.6549855470657349, -3.2241270542144775, -7.53238582611084, -7.88681173324585], "predictions": [13, 16, 395, 396, 17, 79, 400, 80, 18, 4, 4], "target_tokens": ["[IN:GET_WEATHER", "[SL:WEATHER_ATTRIBUTE", "@ptr4", "SL:WEATHER_ATTRIBUTE]", "[SL:DATE_TIME", "@ptr0", "@ptr1", "@ptr2", "SL:DATE_TIME]", "IN:GET_WEATHER]"], "predicted_tokens": ["[IN:GET_WEATHER", "[SL:DATE_TIME", "@ptr0", "@ptr1", "SL:DATE_TIME]", "[SL:WEATHER_ATTRIBUTE", "@ptr5", "SL:WEATHER_ATTRIBUTE]", "IN:GET_WEATHER]"]}
{"loss": 3.730388641357422, "class_log_probabilities": [-1.6012392044067383, -1.846394419670105, -3.774336576461792, -5.9265642166137695], "predictions": [45, 16, 399, 400, 401, 17, 16, 403, 404, 405, 17, 46, 4, 4], "target_tokens": ["[IN:CREATE_ALARM", "[SL:DATE_TIME", "@ptr3", "@ptr4", "@ptr5", "@ptr7", "@ptr8", "SL:DATE_TIME]", "IN:CREATE_ALARM]"], "predicted_tokens": ["[IN:CREATE_ALARM", "[SL:DATE_TIME", "@ptr4", "@ptr5", "@ptr6", "SL:DATE_TIME]", "[SL:DATE_TIME", "@ptr8", "@ptr9", "@ptr10", "SL:DATE_TIME]", "IN:CREATE_ALARM]"]}
{"loss": 0.9609635472297668, "class_log_probabilities": [-0.5339450836181641, -6.172093868255615, -7.7871198654174805, -7.823134899139404], "predictions": [13, 16, 397, 398, 399, 400, 17, 18, 4, 4], "target_tokens": ["[IN:GET_WEATHER", "[SL:DATE_TIME", "@ptr2", "@ptr3", "@ptr4", "@ptr5", "SL:DATE_TIME]", "IN:GET_WEATHER]"], "predicted_tokens": ["[IN:GET_WEATHER", "[SL:DATE_TIME", "@ptr2", "@ptr3", "@ptr4", "@ptr5", "SL:DATE_TIME]", "IN:GET_WEATHER]"]}
{"loss": 2.3672873973846436, "class_log_probabilities": [-2.140310525894165, -2.3126204013824463, -2.5852293968200684, -3.605966091156006], "predictions": [297, 64, 398, 65, 298, 4], "target_tokens": ["[IN:STOP_MUSIC", "[SL:MUSIC_TYPE", "@ptr2", "SL:MUSIC_TYPE]", "IN:STOP_MUSIC]"], "predicted_tokens": ["[IN:STOP_MUSIC", "[SL:MUSIC_TYPE", "@ptr3", "SL:MUSIC_TYPE]", "IN:STOP_MUSIC]"]}
{"loss": 3.2780747413635254, "class_log_probabilities": [-0.49640995264053345, -4.2178955078125, -8.50105094909668, -8.531913757324219], "predictions": [45, 16, 402, 403, 404, 17, 46, 4, 4], "target_tokens": ["[IN:CREATE_ALARM", "[SL:DATE_TIME", "@ptr6", "@ptr7", "@ptr8", "SL:DATE_TIME]", "IN:CREATE_ALARM]"], "predicted_tokens": ["[IN:CREATE_ALARM", "[SL:DATE_TIME", "@ptr7", "@ptr8", "@ptr9", "SL:DATE_TIME]", "IN:CREATE_ALARM]"]}
{"loss": 3.8475565910339355, "class_log_probabilities": [-0.3082842230796814, -4.456138610839844, -8.442178726196289, -8.46881103515625], "predictions": [255, 90, 398, 91, 256, 4], "target_tokens": ["[IN:PAUSE_TIMER", "[SL:METHOD_TIMER", "@ptr1", "@ptr2", "@ptr3", "SL:METHOD_TIMER]", "IN:PAUSE_TIMER]"], "predicted_tokens": ["[IN:PAUSE_TIMER", "[SL:METHOD_TIMER", "@ptr3", "SL:METHOD_TIMER]", "IN:PAUSE_TIMER]"]}
{"loss": 4.234380722045898, "class_log_probabilities": [-0.34659138321876526, -2.7077760696411133, -6.3866047859191895, -6.647974491119385], "predictions": [183, 184, 4, 4, 4, 4, 4], "target_tokens": ["[IN:ADD_TIME_TIMER", "[SL:METHOD_TIMER", "@ptr0", "@ptr1", "@ptr2", "SL:METHOD_TIMER]", "[SL:DATE_TIME", "@ptr5", "@ptr6", "SL:DATE_TIME]", "IN:ADD_TIME_TIMER]"], "predicted_tokens": ["[IN:ADD_TIME_TIMER", "IN:ADD_TIME_TIMER]"]}
{"loss": 4.248826503753662, "class_log_probabilities": [-0.34804049134254456, -7.473320484161377, -7.496672630310059, -7.664376258850098], "predictions": [63, 64, 397, 65, 68, 4], "target_tokens": ["[IN:START_SHUFFLE_MUSIC", "[SL:MUSIC_TYPE", "@ptr1", "SL:MUSIC_TYPE]", "IN:START_SHUFFLE_MUSIC]"], "predicted_tokens": ["[IN:PLAY_MUSIC", "[SL:MUSIC_TYPE", "@ptr2", "SL:MUSIC_TYPE]", "IN:PLAY_MUSIC]"]}
{"loss": 3.160193681716919, "class_log_probabilities": [-2.5815138816833496, -3.97985577583313, -4.330973148345947, -5.03111457824707], "predictions": [89, 90, 398, 91, 167, 402, 403, 404, 405, 406, 168, 92, 4, 4], "target_tokens": ["[IN:RESTART_TIMER", "[SL:METHOD_TIMER", "@ptr1", "@ptr2", "@ptr3", "SL:METHOD_TIMER]", "IN:RESTART_TIMER]"], "predicted_tokens": ["[IN:CREATE_TIMER", "[SL:METHOD_TIMER", "@ptr3", "SL:METHOD_TIMER]", "[SL:TIMER_NAME", "@ptr7", "@ptr8", "@ptr9", "@ptr10", "@ptr11", "SL:TIMER_NAME]", "IN:CREATE_TIMER]"]}
{"loss": 0.9602873921394348, "class_log_probabilities": [-0.8845432996749878, -5.054883003234863, -5.457418441772461, -6.530815124511719], "predictions": [45, 16, 398, 399, 400, 401, 402, 17, 46, 4, 4], "target_tokens": ["[IN:CREATE_ALARM", "[SL:DATE_TIME", "@ptr3", "@ptr4", "@ptr5", "@ptr6", "@ptr7", "SL:DATE_TIME]", "IN:CREATE_ALARM]"], "predicted_tokens": ["[IN:CREATE_ALARM", "[SL:DATE_TIME", "@ptr3", "@ptr4", "@ptr5", "@ptr6", "@ptr7", "SL:DATE_TIME]", "IN:CREATE_ALARM]"]}
{"loss": 3.1665942668914795, "class_log_probabilities": [-1.294614315032959, -2.465034008026123, -3.5237462520599365, -5.01609468460083], "predictions": [89, 90, 398, 91, 16, 399, 400, 401, 17, 92, 4], "target_tokens": ["[IN:CREATE_TIMER", "[SL:METHOD_TIMER", "@ptr1", "@ptr2", "@ptr3", "SL:METHOD_TIMER]", "[SL:DATE_TIME", "@ptr4", "@ptr5", "SL:DATE_TIME]", "IN:CREATE_TIMER]"], "predicted_tokens": ["[IN:CREATE_TIMER", "[SL:METHOD_TIMER", "@ptr3", "SL:METHOD_TIMER]", "[SL:DATE_TIME", "@ptr4", "@ptr5", "@ptr6", "SL:DATE_TIME]", "IN:CREATE_TIMER]"]}
{"loss": 2.8736259937286377, "class_log_probabilities": [-0.3904802203178406, -6.439647674560547, -7.299555778503418, -7.81483268737793], "predictions": [13, 16, 401, 402, 17, 18, 4, 4], "target_tokens": ["[IN:GET_WEATHER", "[SL:DATE_TIME", "@ptr5", "@ptr6", "SL:DATE_TIME]", "IN:GET_WEATHER]"], "predicted_tokens": ["[IN:GET_WEATHER", "[SL:DATE_TIME", "@ptr6", "@ptr7", "SL:DATE_TIME]", "IN:GET_WEATHER]"]}
{"loss": 3.9616894721984863, "class_log_probabilities": [-0.28581562638282776, -8.316017150878906, -8.388585090637207, -8.529862403869629], "predictions": [115, 90, 397, 91, 116, 4, 4], "target_tokens": ["[IN:GET_TIMER", "[SL:METHOD_TIMER", "@ptr0", "@ptr1", "@ptr2", "SL:METHOD_TIMER]", "IN:GET_TIMER]"], "predicted_tokens": ["[IN:GET_TIMER", "[SL:METHOD_TIMER", "@ptr2", "SL:METHOD_TIMER]", "IN:GET_TIMER]"]}
{"loss": 2.5664002895355225, "class_log_probabilities": [-0.8748264312744141, -3.196685791015625, -4.116732120513916, -6.110472202301025], "predictions": [89, 90, 398, 91, 16, 399, 400, 17, 92, 4, 4], "target_tokens": ["[IN:CREATE_TIMER", "[SL:METHOD_TIMER", "@ptr2", "@ptr3", "SL:METHOD_TIMER]", "[SL:DATE_TIME", "@ptr4", "@ptr5", "SL:DATE_TIME]", "IN:CREATE_TIMER]"], "predicted_tokens": ["[IN:CREATE_TIMER", "[SL:METHOD_TIMER", "@ptr3", "SL:METHOD_TIMER]", "[SL:DATE_TIME", "@ptr4", "@ptr5", "SL:DATE_TIME]", "IN:CREATE_TIMER]"]}
{"loss": 0.9614930152893066, "class_log_probabilities": [-0.4214169979095459, -6.830493927001953, -7.041882514953613, -7.899521827697754], "predictions": [13, 79, 398, 399, 80, 18, 4, 4], "target_tokens": ["[IN:GET_WEATHER", "[SL:WEATHER_ATTRIBUTE", "@ptr3", "@ptr4", "SL:WEATHER_ATTRIBUTE]", "IN:GET_WEATHER]"], "predicted_tokens": ["[IN:GET_WEATHER", "[SL:WEATHER_ATTRIBUTE", "@ptr3", "@ptr4", "SL:WEATHER_ATTRIBUTE]", "IN:GET_WEATHER]"]}
{"loss": 4.522810935974121, "class_log_probabilities": [-2.5891613960266113, -3.1564643383026123, -3.9623935222625732, -4.332108497619629], "predictions": [39, 40, 398, 41, 56, 399, 400, 401, 57, 42, 4, 4, 4, 4], "target_tokens": ["[IN:GET_STORIES_NEWS", "[SL:DATE_TIME", "@ptr6", "SL:DATE_TIME]", "[SL:NEWS_CATEGORY", "@ptr4", "@ptr5", "SL:NEWS_CATEGORY]", "[SL:NEWS_TYPE", "@ptr1", "@ptr2", "@ptr3", "SL:NEWS_TYPE]", "IN:GET_STORIES_NEWS]"], "predicted_tokens": ["[IN:GET_STORIES_NEWS", "[SL:NEWS_TYPE", "@ptr3", "SL:NEWS_TYPE]", "[SL:NEWS_TOPIC", "@ptr4", "@ptr5", "@ptr6", "SL:NEWS_TOPIC]", "IN:GET_STORIES_NEWS]"]}
{"loss": 3.7981653213500977, "class_log_probabilities": [-1.0367125272750854, -3.4221110343933105, -4.847607135772705, -6.909592628479004], "predictions": [13, 16, 395, 396, 17, 79, 402, 403, 404, 80, 18, 4], "target_tokens": ["[IN:GET_WEATHER", "[SL:WEATHER_ATTRIBUTE", "@ptr6", "@ptr7", "@ptr8", "SL:WEATHER_ATTRIBUTE]", "[SL:DATE_TIME", "@ptr0", "@ptr1", "SL:DATE_TIME]", "IN:GET_WEATHER]"], "predicted_tokens": ["[IN:GET_WEATHER", "[SL:DATE_TIME", "@ptr0", "@ptr1", "SL:DATE_TIME]", "[SL:WEATHER_ATTRIBUTE", "@ptr7", "@ptr8", "@ptr9", "SL:WEATHER_ATTRIBUTE]", "IN:GET_WEATHER]"]}
{"loss": 3.196643114089966, "class_log_probabilities": [-0.5327849984169006, -8.192079544067383, -8.42476749420166, -8.520421028137207], "predictions": [45, 16, 401, 402, 403, 404, 17, 46, 4, 4], "target_tokens": ["[IN:CREATE_ALARM", "[SL:DATE_TIME", "@ptr5", "@ptr7", "@ptr8", "SL:DATE_TIME]", "IN:CREATE_ALARM]"], "predicted_tokens": ["[IN:CREATE_ALARM", "[SL:DATE_TIME", "@ptr6", "@ptr7", "@ptr8", "@ptr9", "SL:DATE_TIME]", "IN:CREATE_ALARM]"]}
{"loss": 2.8651225566864014, "class_log_probabilities": [-1.1799083948135376, -3.827510356903076, -4.257327556610107, -4.47996711730957], "predictions": [13, 14, 398, 399, 400, 15, 16, 401, 402, 17, 18, 4], "target_tokens": ["[IN:GET_WEATHER", "[SL:LOCATION", "@ptr3", "@ptr4", "SL:LOCATION]", "[SL:DATE_TIME", "@ptr5", "@ptr6", "SL:DATE_TIME]", "IN:GET_WEATHER]"], "predicted_tokens": ["[IN:GET_WEATHER", "[SL:LOCATION", "@ptr3", "@ptr4", "@ptr5", "SL:LOCATION]", "[SL:DATE_TIME", "@ptr6", "@ptr7", "SL:DATE_TIME]", "IN:GET_WEATHER]"]}
{"loss": 2.322619676589966, "class_log_probabilities": [-0.299246221780777, -7.623339653015137, -7.710464954376221, -7.8642096519470215], "predictions": [169, 64, 397, 65, 170, 4, 4], "target_tokens": ["[IN:REMOVE_FROM_PLAYLIST_MUSIC", "[SL:MUSIC_TYPE", "@ptr4", "SL:MUSIC_TYPE]", "IN:REMOVE_FROM_PLAYLIST_MUSIC]"], "predicted_tokens": ["[IN:REMOVE_FROM_PLAYLIST_MUSIC", "[SL:MUSIC_TYPE", "@ptr2", "SL:MUSIC_TYPE]", "IN:REMOVE_FROM_PLAYLIST_MUSIC]"]}
{"loss": 4.1855573654174805, "class_log_probabilities": [-2.271430253982544, -2.436676502227783, -3.4264073371887207, -3.8600189685821533], "predictions": [63, 64, 398, 399, 400, 207, 66, 402, 403, 404, 67, 68, 4, 4, 4, 4], "target_tokens": ["[IN:PLAY_MUSIC", "[SL:MUSIC_ARTIST_NAME", "@ptr6", "@ptr7", "SL:MUSIC_ARTIST_NAME]", "[SL:MUSIC_TYPE", "@ptr2", "SL:MUSIC_TYPE]", "IN:PLAY_MUSIC]"], "predicted_tokens": ["[IN:PLAY_MUSIC", "[SL:MUSIC_TYPE", "@ptr3", "@ptr4", "@ptr5", "SL:MUSIC_ALBUM_TITLE]", "[SL:MUSIC_ARTIST_NAME", "@ptr7", "@ptr8", "@ptr9", "SL:MUSIC_ARTIST_NAME]", "IN:PLAY_MUSIC]"]}
{"loss": 3.7694664001464844, "class_log_probabilities": [-4.283116817474365, -4.376502513885498, -4.979023456573486, -5.939947128295898], "predictions": [13, 16, 400, 17, 79, 406, 80, 18, 4, 4], "target_tokens": ["[IN:GET_WEATHER", "[SL:WEATHER_ATTRIBUTE", "@ptr8", "SL:WEATHER_ATTRIBUTE]", "[SL:DATE_TIME", "@ptr4", "@ptr5", "SL:DATE_TIME]", "IN:GET_WEATHER]"], "predicted_tokens": ["[IN:GET_WEATHER", "[SL:DATE_TIME", "@ptr5", "SL:DATE_TIME]", "[SL:WEATHER_ATTRIBUTE", "@ptr11", "SL:WEATHER_ATTRIBUTE]", "IN:GET_WEATHER]"]}
{"loss": 3.259765386581421, "class_log_probabilities": [-0.34834933280944824, -8.183050155639648, -8.298052787780762, -8.507512092590332], "predictions": [13, 79, 396, 80, 18, 4, 4], "target_tokens": ["[IN:GET_WEATHER", "[SL:WEATHER_ATTRIBUTE", "@ptr0", "@ptr1", "SL:WEATHER_ATTRIBUTE]", "IN:GET_WEATHER]"], "predicted_tokens": ["[IN:GET_WEATHER", "[SL:WEATHER_ATTRIBUTE", "@ptr1", "SL:WEATHER_ATTRIBUTE]", "IN:GET_WEATHER]"]}
{"loss": 1.113410234451294, "class_log_probabilities": [-1.386614203453064, -1.9309693574905396, -5.230978488922119, -5.44647216796875], "predictions": [13, 16, 395, 17, 18, 4, 4, 4, 4, 4], "target_tokens": ["[IN:GET_WEATHER", "[SL:DATE_TIME", "@ptr0", "@ptr1", "SL:DATE_TIME]", "IN:GET_WEATHER]"], "predicted_tokens": ["[IN:GET_WEATHER", "[SL:DATE_TIME", "@ptr0", "SL:DATE_TIME]", "IN:GET_WEATHER]"]}
{"loss": 0.9985172152519226, "class_log_probabilities": [-0.9184281826019287, -2.000614881515503, -7.294291973114014, -7.966447353363037], "predictions": [13, 16, 395, 396, 397, 17, 18, 4], "target_tokens": ["[IN:GET_WEATHER", "[SL:DATE_TIME", "@ptr0", "@ptr1", "@ptr2", "SL:DATE_TIME]", "IN:GET_WEATHER]"], "predicted_tokens": ["[IN:GET_WEATHER", "[SL:DATE_TIME", "@ptr0", "@ptr1", "@ptr2", "SL:DATE_TIME]", "IN:GET_WEATHER]"]}
{"loss": 2.0055501461029053, "class_log_probabilities": [-1.0397202968597412, -3.2701117992401123, -3.891861915588379, -6.516153812408447], "predictions": [63, 101, 397, 398, 102, 66, 400, 401, 402, 403, 67, 64, 405, 65, 68, 4], "target_tokens": ["[IN:PLAY_MUSIC", "[SL:MUSIC_ARTIST_NAME", "@ptr5", "@ptr6", "@ptr7", "@ptr8", "SL:MUSIC_ARTIST_NAME]", "[SL:MUSIC_TYPE", "@ptr9", "SL:MUSIC_TYPE]", "IN:PLAY_MUSIC]"], "predicted_tokens": ["[IN:PLAY_MUSIC", "[SL:MUSIC_TRACK_TITLE", "@ptr2", "@ptr3", "SL:MUSIC_TRACK_TITLE]", "[SL:MUSIC_ARTIST_NAME", "@ptr5", "@ptr6", "@ptr7", "@ptr8", "SL:MUSIC_ARTIST_NAME]", "[SL:MUSIC_TYPE", "@ptr10", "SL:MUSIC_TYPE]", "IN:PLAY_MUSIC]"]}
{"loss": 2.2563130855560303, "class_log_probabilities": [-0.7172619700431824, -6.733480930328369, -7.075809001922607, -7.670424461364746], "predictions": [45, 16, 397, 398, 399, 400, 401, 402, 403, 17, 46, 4, 4], "target_tokens": ["[IN:CREATE_ALARM", "[SL:DATE_TIME", "@ptr3", "@ptr4", "@ptr5", "@ptr6", "@ptr7", "SL:DATE_TIME]", "IN:CREATE_ALARM]"], "predicted_tokens": ["[IN:CREATE_ALARM", "[SL:DATE_TIME", "@ptr2", "@ptr3", "@ptr4", "@ptr5", "@ptr6", "@ptr7", "@ptr8", "SL:DATE_TIME]", "IN:CREATE_ALARM]"]}
{"loss": 3.0640065670013428, "class_log_probabilities": [-0.6398676633834839, -4.3616623878479, -5.856250762939453, -6.746131896972656], "predictions": [89, 16, 402, 403, 17, 92, 4, 4, 4, 4, 4], "target_tokens": ["[IN:CREATE_TIMER", "[SL:DATE_TIME", "@ptr6", "@ptr7", "@ptr8", "SL:DATE_TIME]", "[SL:METHOD_TIMER", "@ptr14", "@ptr15", "@ptr16", "SL:METHOD_TIMER]", "IN:CREATE_TIMER]"], "predicted_tokens": ["[IN:CREATE_TIMER", "[SL:DATE_TIME", "@ptr7", "@ptr8", "SL:DATE_TIME]", "IN:CREATE_TIMER]"]}
{"loss": 3.054879665374756, "class_log_probabilities": [-1.5059599876403809, -2.775218963623047, -4.683398246765137, -5.309319019317627], "predictions": [45, 141, 399, 400, 401, 402, 142, 16, 404, 405, 17, 46, 4], "target_tokens": ["[IN:CREATE_ALARM", "[SL:PERIOD", "@ptr4", "@ptr5", "@ptr6", "SL:PERIOD]", "[SL:DATE_TIME", "@ptr7", "@ptr8", "@ptr9", "SL:DATE_TIME]", "IN:CREATE_ALARM]"], "predicted_tokens": ["[IN:CREATE_ALARM", "[SL:PERIOD", "@ptr4", "@ptr5", "@ptr6", "@ptr7", "SL:PERIOD]", "[SL:DATE_TIME", "@ptr9", "@ptr10", "SL:DATE_TIME]", "IN:CREATE_ALARM]"]}
{"loss": 2.9257946014404297, "class_log_probabilities": [-1.3713598251342773, -3.864415168762207, -5.399044513702393, -5.717021942138672], "predictions": [63, 66, 398, 399, 400, 67, 66, 402, 403, 404, 67, 68, 4, 4], "target_tokens": ["[IN:PLAY_MUSIC", "[SL:MUSIC_ARTIST_NAME", "@ptr3", "@ptr4", "SL:MUSIC_ARTIST_NAME]", "[SL:MUSIC_PROVIDER_NAME", "@ptr6", "@ptr7", "@ptr8", "SL:MUSIC_PROVIDER_NAME]", "IN:PLAY_MUSIC]"], "predicted_tokens": ["[IN:PLAY_MUSIC", "[SL:MUSIC_ARTIST_NAME", "@ptr3", "@ptr4", "@ptr5", "SL:MUSIC_ARTIST_NAME]", "[SL:MUSIC_ARTIST_NAME", "@ptr7", "@ptr8", "@ptr9", "SL:MUSIC_ARTIST_NAME]", "IN:PLAY_MUSIC]"]}
{"loss": 3.7221953868865967, "class_log_probabilities": [-0.7184846997261047, -7.41754674911499, -7.625922679901123, -7.639894008636475], "predictions": [63, 64, 396, 65, 66, 399, 400, 401, 402, 403, 67, 68, 4], "target_tokens": ["[IN:PLAY_MUSIC", "[SL:MUSIC_ARTIST_NAME", "@ptr4", "@ptr5", "@ptr6", "@ptr7", "SL:MUSIC_ARTIST_NAME]", "[SL:MUSIC_TYPE", "@ptr1", "SL:MUSIC_TYPE]", "IN:PLAY_MUSIC]"], "predicted_tokens": ["[IN:PLAY_MUSIC", "[SL:MUSIC_TYPE", "@ptr1", "SL:MUSIC_TYPE]", "[SL:MUSIC_ARTIST_NAME", "@ptr4", "@ptr5", "@ptr6", "@ptr7", "@ptr8", "SL:MUSIC_ARTIST_NAME]", "IN:PLAY_MUSIC]"]}
{"loss": 5.083959579467773, "class_log_probabilities": [-0.8059484958648682, -4.461408615112305, -6.43391752243042, -6.537717819213867], "predictions": [255, 90, 399, 91, 256, 4], "target_tokens": ["[IN:DELETE_TIMER", "[SL:METHOD_TIMER", "@ptr1", "@ptr2", "@ptr3", "SL:METHOD_TIMER]", "IN:DELETE_TIMER]"], "predicted_tokens": ["[IN:PAUSE_TIMER", "[SL:METHOD_TIMER", "@ptr4", "SL:METHOD_TIMER]", "IN:PAUSE_TIMER]"]}
{"loss": 4.185284614562988, "class_log_probabilities": [-1.625902771949768, -5.054836273193359, -5.281564712524414, -5.838336944580078], "predictions": [115, 116, 4], "target_tokens": ["[IN:GET_TIMER", "[SL:METHOD_TIMER", "@ptr0", "@ptr1", "@ptr2", "SL:METHOD_TIMER]", "IN:GET_TIMER]"], "predicted_tokens": ["[IN:GET_TIMER", "IN:GET_TIMER]"]}
{"loss": 3.2156383991241455, "class_log_probabilities": [-0.1735578179359436, -6.5848388671875, -6.621948719024658, -8.818263053894043], "predictions": [225, 226, 4, 4, 4], "target_tokens": ["[IN:DELETE_TIMER", "[SL:METHOD_TIMER", "@ptr2", "@ptr3", "SL:METHOD_TIMER]", "IN:DELETE_TIMER]"], "predicted_tokens": ["[IN:DELETE_TIMER", "IN:DELETE_TIMER]"]}
{"loss": 1.948349952697754, "class_log_probabilities": [-0.4500102996826172, -6.347737789154053, -7.0282745361328125, -7.864245414733887], "predictions": [13, 79, 399, 80, 18, 4], "target_tokens": ["[IN:GET_WEATHER", "[SL:WEATHER_ATTRIBUTE", "@ptr3", "SL:WEATHER_ATTRIBUTE]", "IN:GET_WEATHER]"], "predicted_tokens": ["[IN:GET_WEATHER", "[SL:WEATHER_ATTRIBUTE", "@ptr4", "SL:WEATHER_ATTRIBUTE]", "IN:GET_WEATHER]"]}
{"loss": 5.158505439758301, "class_log_probabilities": [-3.9467897415161133, -4.6470441818237305, -4.844126224517822, -5.365588665008545], "predictions": [63, 64, 400, 65, 66, 402, 403, 404, 67, 68, 4, 4, 4, 4, 4, 4, 4], "target_tokens": ["[IN:CREATE_PLAYLIST_MUSIC", "[SL:MUSIC_PLAYLIST_TITLE", "@ptr5", "@ptr6", "@ptr7", "@ptr8", "SL:MUSIC_PLAYLIST_TITLE]", "[SL:MUSIC_TYPE", "@ptr1", "@ptr2", "@ptr3", "@ptr4", "SL:MUSIC_TYPE]", "IN:CREATE_PLAYLIST_MUSIC]"], "predicted_tokens": ["[IN:PLAY_MUSIC", "[SL:MUSIC_TYPE", "@ptr5", "SL:MUSIC_TYPE]", "[SL:MUSIC_ARTIST_NAME", "@ptr7", "@ptr8", "@ptr9", "SL:MUSIC_ARTIST_NAME]", "IN:PLAY_MUSIC]"]}
{"loss": 2.485224723815918, "class_log_probabilities": [-0.4941265881061554, -6.641177177429199, -8.2738676071167, -8.471115112304688], "predictions": [45, 16, 400, 401, 402, 17, 46, 4, 4], "target_tokens": ["[IN:CREATE_ALARM", "[SL:DATE_TIME", "@ptr4", "@ptr5", "@ptr6", "SL:DATE_TIME]", "IN:CREATE_ALARM]"], "predicted_tokens": ["[IN:CREATE_ALARM", "[SL:DATE_TIME", "@ptr5", "@ptr6", "@ptr7", "SL:DATE_TIME]", "IN:CREATE_ALARM]"]}
{"loss": 4.072178840637207, "class_log_probabilities": [-1.2421703338623047, -4.55755615234375, -5.266478538513184, -6.044532299041748], "predictions": [39, 40, 396, 397, 41, 133, 401, 402, 403, 404, 405, 134, 42, 4], "target_tokens": ["[IN:GET_STORIES_NEWS", "[SL:NEWS_SOURCE", "@ptr7", "@ptr8", "@ptr9", "SL:NEWS_SOURCE]", "[SL:DATE_TIME", "@ptr3", "SL:DATE_TIME]", "[SL:NEWS_TYPE", "@ptr1", "@ptr2", "SL:NEWS_TYPE]", "IN:GET_STORIES_NEWS]"], "predicted_tokens": ["[IN:GET_STORIES_NEWS", "[SL:NEWS_TYPE", "@ptr1", "@ptr2", "SL:NEWS_TYPE]", "[SL:NEWS_SOURCE", "@ptr6", "@ptr7", "@ptr8", "@ptr9", "@ptr10", "SL:NEWS_SOURCE]", "IN:GET_STORIES_NEWS]"]}
{"loss": 0.9651534557342529, "class_log_probabilities": [-0.5049108266830444, -6.879095077514648, -7.25571870803833, -7.52230167388916], "predictions": [63, 66, 399, 400, 401, 402, 67, 68, 4, 4], "target_tokens": ["[IN:PLAY_MUSIC", "[SL:MUSIC_ARTIST_NAME", "@ptr4", "@ptr5", "@ptr6", "@ptr7", "SL:MUSIC_ARTIST_NAME]", "IN:PLAY_MUSIC]"], "predicted_tokens": ["[IN:PLAY_MUSIC", "[SL:MUSIC_ARTIST_NAME", "@ptr4", "@ptr5", "@ptr6", "@ptr7", "SL:MUSIC_ARTIST_NAME]", "IN:PLAY_MUSIC]"]}
{"loss": 1.8926458358764648, "class_log_probabilities": [-0.417880654335022, -6.660167217254639, -7.590658187866211, -8.061216354370117], "predictions": [51, 52, 397, 398, 399, 53, 54, 4, 4], "target_tokens": ["[IN:GET_RECIPES", "[SL:RECIPES_DISH", "@ptr3", "@ptr4", "SL:RECIPES_DISH]", "IN:GET_RECIPES]"], "predicted_tokens": ["[IN:GET_RECIPES", "[SL:RECIPES_DISH", "@ptr2", "@ptr3", "@ptr4", "SL:RECIPES_DISH]", "IN:GET_RECIPES]"]}
{"loss": 1.9731643199920654, "class_log_probabilities": [-4.495421409606934, -4.973102569580078, -5.182241439819336, -5.76731538772583], "predictions": [27, 52, 396, 397, 398, 399, 400, 53, 129, 403, 404, 405, 130, 30, 4, 4, 4], "target_tokens": ["[IN:GET_INFO_RECIPES", "[SL:RECIPES_DISH", "@ptr0", "@ptr1", "@ptr2", "@ptr3", "@ptr4", "@ptr5", "SL:RECIPES_DISH]", "[SL:RECIPES_INCLUDED_INGREDIENT", "@ptr7", "@ptr8", "SL:RECIPES_INCLUDED_INGREDIENT]", "IN:GET_INFO_RECIPES]"], "predicted_tokens": ["[IN:GET_INFO_RECIPES", "[SL:RECIPES_DISH", "@ptr1", "@ptr2", "@ptr3", "@ptr4", "@ptr5", "SL:RECIPES_DISH]", "[SL:RECIPES_INCLUDED_INGREDIENT", "@ptr8", "@ptr9", "@ptr10", "SL:RECIPES_INCLUDED_INGREDIENT]", "IN:GET_INFO_RECIPES]"]}
{"loss": 2.8352839946746826, "class_log_probabilities": [-0.5289286971092224, -6.19968843460083, -6.374301433563232, -6.4697723388671875], "predictions": [23, 10, 398, 399, 11, 26, 4], "target_tokens": ["[IN:SEND_MESSAGE", "[SL:GROUP", "@ptr3", "SL:GROUP]", "IN:SEND_MESSAGE]"], "predicted_tokens": ["[IN:SEND_MESSAGE", "[SL:RECIPIENT", "@ptr3", "@ptr4", "SL:RECIPIENT]", "IN:SEND_MESSAGE]"]}
{"loss": 3.040910005569458, "class_log_probabilities": [-0.5524432063102722, -4.329802513122559, -5.437043190002441, -6.59324312210083], "predictions": [23, 269, 402, 403, 404, 405, 270, 26, 4, 4], "target_tokens": ["[IN:SEND_MESSAGE", "[SL:GROUP", "@ptr6", "@ptr7", "@ptr8", "SL:GROUP]", "IN:SEND_MESSAGE]"], "predicted_tokens": ["[IN:SEND_MESSAGE", "[SL:GROUP", "@ptr7", "@ptr8", "@ptr9", "@ptr10", "SL:GROUP]", "IN:SEND_MESSAGE]"]}
{"loss": 0.9860777854919434, "class_log_probabilities": [-0.2747495770454407, -7.679281234741211, -7.888523101806641, -8.493942260742188], "predictions": [75, 231, 398, 232, 78, 4], "target_tokens": ["[IN:CREATE_CALL", "[SL:PHONE_NUMBER", "@ptr3", "SL:PHONE_NUMBER]", "IN:CREATE_CALL]"], "predicted_tokens": ["[IN:CREATE_CALL", "[SL:PHONE_NUMBER", "@ptr3", "SL:PHONE_NUMBER]", "IN:CREATE_CALL]"]}
{"loss": 0.9879007935523987, "class_log_probabilities": [-1.4386478662490845, -3.0094921588897705, -3.449889898300171, -5.0805206298828125], "predictions": [75, 6, 397, 398, 399, 400, 7, 6, 402, 403, 404, 7, 78, 4, 4], "target_tokens": ["[IN:CREATE_CALL", "[SL:CONTACT", "@ptr2", "@ptr3", "@ptr4", "@ptr5", "SL:CONTACT]", "[SL:CONTACT", "@ptr7", "@ptr8", "@ptr9", "SL:CONTACT]", "IN:CREATE_CALL]"], "predicted_tokens": ["[IN:CREATE_CALL", "[SL:CONTACT", "@ptr2", "@ptr3", "@ptr4", "@ptr5", "SL:CONTACT]", "[SL:CONTACT", "@ptr7", "@ptr8", "@ptr9", "SL:CONTACT]", "IN:CREATE_CALL]"]}
{"loss": 2.3264105319976807, "class_log_probabilities": [-2.5005123615264893, -3.5506703853607178, -3.5937864780426025, -4.730786323547363], "predictions": [75, 6, 400, 401, 402, 7, 6, 405, 406, 407, 408, 409, 410, 411, 7, 78, 4, 4], "target_tokens": ["[IN:CREATE_CALL", "[SL:CONTACT", "@ptr5", "@ptr6", "@ptr7", "SL:CONTACT]", "[SL:CONTACT", "@ptr9", "@ptr10", "@ptr11", "@ptr12", "SL:CONTACT]", "[SL:NAME_APP", "@ptr14", "@ptr15", "SL:NAME_APP]", "IN:CREATE_CALL]"], "predicted_tokens": ["[IN:CREATE_CALL", "[SL:CONTACT", "@ptr5", "@ptr6", "@ptr7", "SL:CONTACT]", "[SL:CONTACT", "@ptr10", "@ptr11", "@ptr12", "@ptr13", "@ptr14", "@ptr15", "@ptr16", "SL:CONTACT]", "IN:CREATE_CALL]"]}
{"loss": 1.6965256929397583, "class_log_probabilities": [-1.0160408020019531, -4.087867259979248, -4.642552375793457, -4.872133255004883], "predictions": [75, 6, 399, 400, 401, 7, 6, 404, 7, 78, 4, 4], "target_tokens": ["[IN:CREATE_CALL", "[SL:CONTACT", "@ptr4", "@ptr5", "@ptr6", "SL:CONTACT]", "[SL:CONTACT", "@ptr8", "SL:CONTACT]", "IN:CREATE_CALL]"], "predicted_tokens": ["[IN:CREATE_CALL", "[SL:CONTACT", "@ptr4", "@ptr5", "@ptr6", "SL:CONTACT]", "[SL:CONTACT", "@ptr9", "SL:CONTACT]", "IN:CREATE_CALL]"]}
{"loss": 1.7597774267196655, "class_log_probabilities": [-4.57712459564209, -5.097766876220703, -5.87818717956543, -6.718517780303955], "predictions": [155, 156, 402, 403, 404, 405, 406, 407, 408, 157, 158, 4, 4], "target_tokens": ["[IN:SET_RSVP_YES", "[SL:TITLE_EVENT", "@ptr7", "@ptr8", "@ptr9", "@ptr10", "@ptr11", "@ptr12", "SL:TITLE_EVENT]", "IN:SET_RSVP_YES]"], "predicted_tokens": ["[IN:SET_RSVP_YES", "[SL:TITLE_EVENT", "@ptr7", "@ptr8", "@ptr9", "@ptr10", "@ptr11", "@ptr12", "@ptr13", "SL:TITLE_EVENT]", "IN:SET_RSVP_YES]"]}
{"loss": 2.0712480545043945, "class_log_probabilities": [-1.5375678539276123, -1.9173282384872437, -6.161210060119629, -7.166955471038818], "predictions": [63, 66, 395, 396, 397, 398, 399, 400, 401, 67, 68, 4, 4], "target_tokens": ["[IN:CREATE_CALL", "[SL:CONTACT", "@ptr1", "@ptr2", "@ptr3", "@ptr4", "@ptr5", "@ptr6", "SL:CONTACT]", "IN:CREATE_CALL]"], "predicted_tokens": ["[IN:PLAY_MUSIC", "[SL:MUSIC_ARTIST_NAME", "@ptr0", "@ptr1", "@ptr2", "@ptr3", "@ptr4", "@ptr5", "@ptr6", "SL:MUSIC_ARTIST_NAME]", "IN:PLAY_MUSIC]"]}
{"loss": 2.70619535446167, "class_log_probabilities": [-3.0049033164978027, -3.327664613723755, -4.910336494445801, -6.034036636352539], "predictions": [75, 6, 70, 71, 397, 72, 93, 404, 405, 406, 407, 408, 94, 73, 7, 78, 4, 4, 4, 4, 4, 4], "target_tokens": ["[IN:CREATE_CALL", "[SL:CONTACT", "[IN:GET_CONTACT", "[SL:TYPE_RELATION", "@ptr2", "@ptr3", "@ptr4", "@ptr5", "@ptr6", "SL:TYPE_RELATION]", "[SL:CONTACT_RELATED", "@ptr8", "@ptr9", "@ptr10", "@ptr11", "@ptr12", "SL:CONTACT_RELATED]", "IN:GET_CONTACT]", "SL:CONTACT]", "IN:CREATE_CALL]"], "predicted_tokens": ["[IN:CREATE_CALL", "[SL:CONTACT", "[IN:GET_CONTACT", "[SL:TYPE_RELATION", "@ptr2", "SL:TYPE_RELATION]", "[SL:CONTACT_RELATED", "@ptr9", "@ptr10", "@ptr11", "@ptr12", "@ptr13", "SL:CONTACT_RELATED]", "IN:GET_CONTACT]", "SL:CONTACT]", "IN:CREATE_CALL]"]}
{"loss": 1.3257827758789062, "class_log_probabilities": [-1.5188403129577637, -2.650327205657959, -2.8040506839752197, -5.157013416290283], "predictions": [75, 6, 397, 398, 399, 400, 7, 76, 403, 404, 405, 406, 77, 78, 4], "target_tokens": ["[IN:CREATE_CALL", "[SL:CONTACT", "@ptr2", "@ptr3", "@ptr4", "@ptr5", "SL:CONTACT]", "[SL:NAME_APP", "@ptr11", "SL:NAME_APP]", "IN:CREATE_CALL]"], "predicted_tokens": ["[IN:CREATE_CALL", "[SL:CONTACT", "@ptr2", "@ptr3", "@ptr4", "@ptr5", "SL:CONTACT]", "[SL:NAME_APP", "@ptr8", "@ptr9", "@ptr10", "@ptr11", "SL:NAME_APP]", "IN:CREATE_CALL]"]}
{"loss": 3.339372396469116, "class_log_probabilities": [-0.8153253793716431, -3.170301914215088, -4.917242050170898, -5.50425910949707], "predictions": [89, 16, 398, 399, 400, 17, 92, 4], "target_tokens": ["[IN:CREATE_ALARM", "[SL:DATE_TIME", "@ptr3", "@ptr4", "@ptr5", "@ptr6", "@ptr7", "@ptr8", "@ptr9", "@ptr10", "SL:DATE_TIME]", "IN:CREATE_ALARM]"], "predicted_tokens": ["[IN:CREATE_TIMER", "[SL:DATE_TIME", "@ptr3", "@ptr4", "@ptr5", "SL:DATE_TIME]", "IN:CREATE_TIMER]"]}
{"loss": 1.051417350769043, "class_log_probabilities": [-0.886959433555603, -2.3386497497558594, -6.080177307128906, -6.371825695037842], "predictions": [235, 103, 397, 104, 236, 4, 4, 4, 4], "target_tokens": ["[IN:SET_DEFAULT_PROVIDER_MUSIC", "[SL:MUSIC_PROVIDER_NAME", "@ptr2", "SL:MUSIC_PROVIDER_NAME]", "IN:SET_DEFAULT_PROVIDER_MUSIC]"], "predicted_tokens": ["[IN:SET_DEFAULT_PROVIDER_MUSIC", "[SL:MUSIC_PROVIDER_NAME", "@ptr2", "SL:MUSIC_PROVIDER_NAME]", "IN:SET_DEFAULT_PROVIDER_MUSIC]"]}
{"loss": 3.7905702590942383, "class_log_probabilities": [-2.414159059524536, -3.5224125385284424, -4.881610870361328, -4.962480068206787], "predictions": [89, 90, 401, 402, 403, 91, 92, 4], "target_tokens": ["[IN:CREATE_TIMER", "[SL:TIMER_NAME", "@ptr5", "@ptr6", "@ptr7", "SL:TIMER_NAME]", "[SL:METHOD_TIMER", "@ptr1", "@ptr2", "@ptr3", "SL:METHOD_TIMER]", "IN:CREATE_TIMER]"], "predicted_tokens": ["[IN:CREATE_TIMER", "[SL:METHOD_TIMER", "@ptr6", "@ptr7", "@ptr8", "SL:METHOD_TIMER]", "IN:CREATE_TIMER]"]}
{"loss": 4.403731346130371, "class_log_probabilities": [-1.0580073595046997, -5.733233451843262, -6.958292484283447, -7.295300483703613], "predictions": [23, 8, 400, 9, 10, 402, 403, 404, 11, 26, 4, 4], "target_tokens": ["[IN:SEND_MESSAGE", "[SL:RECIPIENT", "@ptr6", "@ptr7", "@ptr8", "SL:RECIPIENT]", "[SL:TYPE_CONTENT", "@ptr4", "SL:TYPE_CONTENT]", "IN:SEND_MESSAGE]"], "predicted_tokens": ["[IN:SEND_MESSAGE", "[SL:TYPE_CONTENT", "@ptr5", "SL:TYPE_CONTENT]", "[SL:RECIPIENT", "@ptr7", "@ptr8", "@ptr9", "SL:RECIPIENT]", "IN:SEND_MESSAGE]"]}
{"loss": 1.584216833114624, "class_log_probabilities": [-0.6589164137840271, -5.032908916473389, -6.802542209625244, -6.9424052238464355], "predictions": [13, 14, 398, 399, 400, 401, 402, 403, 15, 18, 4], "target_tokens": ["[IN:GET_WEATHER", "[SL:LOCATION", "@ptr3", "@ptr4", "@ptr5", "@ptr6", "@ptr7", "SL:LOCATION]", "IN:GET_WEATHER]"], "predicted_tokens": ["[IN:GET_WEATHER", "[SL:LOCATION", "@ptr3", "@ptr4", "@ptr5", "@ptr6", "@ptr7", "@ptr8", "SL:LOCATION]", "IN:GET_WEATHER]"]}
{"loss": 2.924098491668701, "class_log_probabilities": [-0.4529966711997986, -6.548370361328125, -8.436555862426758, -8.787761688232422], "predictions": [45, 16, 403, 404, 405, 17, 46, 4], "target_tokens": ["[IN:CREATE_ALARM", "[SL:DATE_TIME", "@ptr7", "@ptr8", "@ptr9", "SL:DATE_TIME]", "IN:CREATE_ALARM]"], "predicted_tokens": ["[IN:CREATE_ALARM", "[SL:DATE_TIME", "@ptr8", "@ptr9", "@ptr10", "SL:DATE_TIME]", "IN:CREATE_ALARM]"]}
{"loss": 4.072739601135254, "class_log_probabilities": [-0.5422438383102417, -3.9166502952575684, -7.183191776275635, -7.588786602020264], "predictions": [70, 71, 398, 72, 93, 400, 94, 73, 4, 4], "target_tokens": ["[IN:GET_CONTACT", "[SL:CONTACT_RELATED", "@ptr4", "@ptr5", "SL:CONTACT_RELATED]", "[SL:TYPE_RELATION", "@ptr3", "SL:TYPE_RELATION]", "IN:GET_CONTACT]"], "predicted_tokens": ["[IN:GET_CONTACT", "[SL:TYPE_RELATION", "@ptr3", "SL:TYPE_RELATION]", "[SL:CONTACT_RELATED", "@ptr5", "SL:CONTACT_RELATED]", "IN:GET_CONTACT]"]}
{"loss": 1.5671428442001343, "class_log_probabilities": [-0.6670576930046082, -6.466898441314697, -6.728566646575928, -7.129786014556885], "predictions": [75, 6, 399, 400, 401, 402, 403, 7, 78, 4, 4], "target_tokens": ["[IN:CREATE_CALL", "[SL:CONTACT", "@ptr4", "@ptr5", "@ptr6", "@ptr7", "SL:CONTACT]", "IN:CREATE_CALL]"], "predicted_tokens": ["[IN:CREATE_CALL", "[SL:CONTACT", "@ptr4", "@ptr5", "@ptr6", "@ptr7", "@ptr8", "SL:CONTACT]", "IN:CREATE_CALL]"]}
{"loss": 0.9650699496269226, "class_log_probabilities": [-0.546366810798645, -6.976263046264648, -7.651753902435303, -8.059483528137207], "predictions": [75, 76, 396, 77, 6, 399, 400, 7, 78, 4, 4], "target_tokens": ["[IN:CREATE_CALL", "[SL:NAME_APP", "@ptr1", "SL:NAME_APP]", "[SL:CONTACT", "@ptr4", "@ptr5", "SL:CONTACT]", "IN:CREATE_CALL]"], "predicted_tokens": ["[IN:CREATE_CALL", "[SL:NAME_APP", "@ptr1", "SL:NAME_APP]", "[SL:CONTACT", "@ptr4", "@ptr5", "SL:CONTACT]", "IN:CREATE_CALL]"]}
{"loss": 1.0012925863265991, "class_log_probabilities": [-1.1983447074890137, -2.112231969833374, -4.7754998207092285, -5.805888652801514], "predictions": [23, 8, 396, 9, 10, 399, 400, 11, 26, 4, 4], "target_tokens": ["[IN:SEND_MESSAGE", "[SL:TYPE_CONTENT", "@ptr1", "SL:TYPE_CONTENT]", "[SL:RECIPIENT", "@ptr4", "@ptr5", "SL:RECIPIENT]", "IN:SEND_MESSAGE]"], "predicted_tokens": ["[IN:SEND_MESSAGE", "[SL:TYPE_CONTENT", "@ptr1", "SL:TYPE_CONTENT]", "[SL:RECIPIENT", "@ptr4", "@ptr5", "SL:RECIPIENT]", "IN:SEND_MESSAGE]"]}
{"loss": 1.6206059455871582, "class_log_probabilities": [-1.5978758335113525, -3.3783507347106934, -4.036422252655029, -4.1953911781311035], "predictions": [75, 6, 398, 7, 78, 4], "target_tokens": ["[IN:HOLD_CALL", "[SL:CONTACT", "@ptr3", "SL:CONTACT]", "IN:HOLD_CALL]"], "predicted_tokens": ["[IN:CREATE_CALL", "[SL:CONTACT", "@ptr3", "SL:CONTACT]", "IN:CREATE_CALL]"]}
{"loss": 1.5165561437606812, "class_log_probabilities": [-4.311185836791992, -6.035491466522217, -7.8131208419799805, -8.024489402770996], "predictions": [75, 156, 397, 398, 399, 400, 401, 157, 6, 70, 71, 403, 72, 73, 7, 78, 4, 4, 4, 4, 4], "target_tokens": ["[IN:CREATE_CALL", "[SL:CONTACT", "[IN:GET_CONTACT", "[SL:TYPE_RELATION", "@ptr8", "SL:TYPE_RELATION]", "IN:GET_CONTACT]", "SL:CONTACT]", "IN:CREATE_CALL]"], "predicted_tokens": ["[IN:CREATE_CALL", "[SL:TITLE_EVENT", "@ptr2", "@ptr3", "@ptr4", "@ptr5", "@ptr6", "SL:TITLE_EVENT]", "[SL:CONTACT", "[IN:GET_CONTACT", "[SL:TYPE_RELATION", "@ptr8", "SL:TYPE_RELATION]", "IN:GET_CONTACT]", "SL:CONTACT]", "IN:CREATE_CALL]"]}
{"loss": 0.964648962020874, "class_log_probabilities": [-0.16817453503608704, -8.725747108459473, -8.768744468688965, -9.060235023498535], "predictions": [13, 18, 4, 4, 4], "target_tokens": ["[IN:GET_WEATHER", "IN:GET_WEATHER]"], "predicted_tokens": ["[IN:GET_WEATHER", "IN:GET_WEATHER]"]}
{"loss": 3.6131389141082764, "class_log_probabilities": [-0.8862022161483765, -7.454284191131592, -7.521806716918945, -7.572208404541016], "predictions": [13, 16, 397, 398, 399, 400, 401, 402, 403, 404, 17, 14, 406, 15, 18, 4, 4], "target_tokens": ["[IN:GET_WEATHER", "[SL:LOCATION", "@ptr10", "SL:LOCATION]", "[SL:DATE_TIME", "@ptr2", "@ptr3", "@ptr4", "@ptr5", "@ptr6", "@ptr7", "@ptr8", "SL:DATE_TIME]", "IN:GET_WEATHER]"], "predicted_tokens": ["[IN:GET_WEATHER", "[SL:DATE_TIME", "@ptr2", "@ptr3", "@ptr4", "@ptr5", "@ptr6", "@ptr7", "@ptr8", "@ptr9", "SL:DATE_TIME]", "[SL:LOCATION", "@ptr11", "SL:LOCATION]", "IN:GET_WEATHER]"]}
{"loss": 1.0836316347122192, "class_log_probabilities": [-1.3687065839767456, -2.0014848709106445, -2.193859338760376, -7.4476094245910645], "predictions": [13, 14, 398, 15, 18, 4, 4, 4], "target_tokens": ["[IN:GET_WEATHER", "[SL:LOCATION", "@ptr3", "SL:LOCATION]", "IN:GET_WEATHER]"], "predicted_tokens": ["[IN:GET_WEATHER", "[SL:LOCATION", "@ptr3", "SL:LOCATION]", "IN:GET_WEATHER]"]}
{"loss": 3.159261703491211, "class_log_probabilities": [-0.5881799459457397, -3.0452394485473633, -3.7988038063049316, -6.219631195068359], "predictions": [13, 14, 403, 404, 15, 18, 4, 4], "target_tokens": ["[IN:GET_WEATHER", "[SL:LOCATION", "@ptr6", "@ptr7", "SL:LOCATION]", "IN:GET_WEATHER]"], "predicted_tokens": ["[IN:GET_WEATHER", "[SL:LOCATION", "@ptr8", "@ptr9", "SL:LOCATION]", "IN:GET_WEATHER]"]}
{"loss": 1.0352821350097656, "class_log_probabilities": [-1.0125236511230469, -1.4422143697738647, -4.151540756225586, -8.055669784545898], "predictions": [13, 14, 399, 15, 18, 4, 4, 4], "target_tokens": ["[IN:GET_WEATHER", "[SL:LOCATION", "@ptr4", "SL:LOCATION]", "IN:GET_WEATHER]"], "predicted_tokens": ["[IN:GET_WEATHER", "[SL:LOCATION", "@ptr4", "SL:LOCATION]", "IN:GET_WEATHER]"]}
{"loss": 3.0231964588165283, "class_log_probabilities": [-0.5754441022872925, -7.773434638977051, -8.29113483428955, -8.368714332580566], "predictions": [45, 16, 400, 401, 402, 403, 404, 17, 46, 4, 4], "target_tokens": ["[IN:CREATE_ALARM", "[SL:DATE_TIME", "@ptr4", "@ptr5", "@ptr6", "@ptr7", "SL:DATE_TIME]", "IN:CREATE_ALARM]"], "predicted_tokens": ["[IN:CREATE_ALARM", "[SL:DATE_TIME", "@ptr5", "@ptr6", "@ptr7", "@ptr8", "@ptr9", "SL:DATE_TIME]", "IN:CREATE_ALARM]"]}
{"loss": 1.712512493133545, "class_log_probabilities": [-1.1638743877410889, -1.5914943218231201, -7.9676103591918945, -9.194587707519531], "predictions": [45, 16, 398, 399, 400, 401, 17, 46, 4, 4], "target_tokens": ["[IN:CREATE_ALARM", "[SL:DATE_TIME", "@ptr2", "@ptr3", "@ptr4", "@ptr5", "@ptr6", "@ptr7", "SL:DATE_TIME]", "IN:CREATE_ALARM]"], "predicted_tokens": ["[IN:CREATE_ALARM", "[SL:DATE_TIME", "@ptr3", "@ptr4", "@ptr5", "@ptr6", "SL:DATE_TIME]", "IN:CREATE_ALARM]"]}
{"loss": 2.388005256652832, "class_log_probabilities": [-2.421196222305298, -2.8310861587524414, -3.654538631439209, -5.289949417114258], "predictions": [63, 206, 396, 397, 398, 207, 206, 401, 402, 403, 404, 405, 406, 407, 408, 409, 207, 68, 4, 4, 4, 4], "target_tokens": ["[IN:START_SHUFFLE_MUSIC", "[SL:MUSIC_PROVIDER_NAME", "@ptr1", "@ptr2", "@ptr3", "SL:MUSIC_PROVIDER_NAME]", "[SL:MUSIC_ALBUM_TITLE", "@ptr6", "@ptr7", "@ptr8", "@ptr9", "@ptr10", "@ptr11", "@ptr12", "@ptr13", "SL:MUSIC_ALBUM_TITLE]", "IN:START_SHUFFLE_MUSIC]"], "predicted_tokens": ["[IN:PLAY_MUSIC", "[SL:MUSIC_ALBUM_TITLE", "@ptr1", "@ptr2", "@ptr3", "SL:MUSIC_ALBUM_TITLE]", "[SL:MUSIC_ALBUM_TITLE", "@ptr6", "@ptr7", "@ptr8", "@ptr9", "@ptr10", "@ptr11", "@ptr12", "@ptr13", "@ptr14", "SL:MUSIC_ALBUM_TITLE]", "IN:PLAY_MUSIC]"]}
{"loss": 1.1168242692947388, "class_log_probabilities": [-0.9290419220924377, -3.5930018424987793, -4.911874771118164, -6.742395401000977], "predictions": [63, 103, 396, 104, 206, 400, 401, 402, 403, 404, 405, 406, 407, 408, 207, 68, 4, 4], "target_tokens": ["[IN:PLAY_MUSIC", "[SL:MUSIC_PROVIDER_NAME", "@ptr1", "SL:MUSIC_PROVIDER_NAME]", "[SL:MUSIC_ALBUM_TITLE", "@ptr4", "@ptr5", "@ptr6", "@ptr7", "@ptr8", "@ptr9", "@ptr10", "@ptr11", "@ptr12", "@ptr13", "SL:MUSIC_ALBUM_TITLE]", "IN:PLAY_MUSIC]"], "predicted_tokens": ["[IN:PLAY_MUSIC", "[SL:MUSIC_PROVIDER_NAME", "@ptr1", "SL:MUSIC_PROVIDER_NAME]", "[SL:MUSIC_ALBUM_TITLE", "@ptr5", "@ptr6", "@ptr7", "@ptr8", "@ptr9", "@ptr10", "@ptr11", "@ptr12", "@ptr13", "SL:MUSIC_ALBUM_TITLE]", "IN:PLAY_MUSIC]"]}
{"loss": 3.3527419567108154, "class_log_probabilities": [-3.055269479751587, -3.2630789279937744, -4.179235935211182, -4.2435622215271], "predictions": [63, 206, 396, 397, 398, 207, 68, 4, 4, 4, 4, 4, 4], "target_tokens": ["[IN:START_SHUFFLE_MUSIC", "[SL:MUSIC_PROVIDER_NAME", "@ptr1", "@ptr2", "@ptr3", "SL:MUSIC_PROVIDER_NAME]", "[SL:MUSIC_ALBUM_TITLE", "@ptr6", "@ptr7", "SL:MUSIC_ALBUM_TITLE]", "IN:START_SHUFFLE_MUSIC]"], "predicted_tokens": ["[IN:PLAY_MUSIC", "[SL:MUSIC_ALBUM_TITLE", "@ptr1", "@ptr2", "@ptr3", "SL:MUSIC_ALBUM_TITLE]", "IN:PLAY_MUSIC]"]}
{"loss": 2.288893222808838, "class_log_probabilities": [-0.6805946826934814, -7.904013633728027, -7.945379734039307, -8.11964225769043], "predictions": [45, 16, 398, 399, 400, 401, 402, 403, 404, 405, 17, 46, 4, 4], "target_tokens": ["[IN:CREATE_ALARM", "[SL:DATE_TIME", "@ptr4", "@ptr5", "@ptr6", "@ptr7", "@ptr8", "@ptr9", "SL:DATE_TIME]", "IN:CREATE_ALARM]"], "predicted_tokens": ["[IN:CREATE_ALARM", "[SL:DATE_TIME", "@ptr3", "@ptr4", "@ptr5", "@ptr6", "@ptr7", "@ptr8", "@ptr9", "@ptr10", "SL:DATE_TIME]", "IN:CREATE_ALARM]"]}
{"loss": 2.855680465698242, "class_log_probabilities": [-2.610769271850586, -2.9432621002197266, -3.5255520343780518, -5.268503665924072], "predictions": [47, 199, 396, 200, 48, 4], "target_tokens": ["[IN:GET_ALARM", "IN:GET_ALARM]"], "predicted_tokens": ["[IN:GET_REMINDER", "[SL:METHOD_RETRIEVAL_REMINDER", "@ptr1", "SL:METHOD_RETRIEVAL_REMINDER]", "IN:GET_REMINDER]"]}
{"loss": 1.9343833923339844, "class_log_probabilities": [-1.281574010848999, -2.0044779777526855, -4.673946380615234, -5.239455699920654], "predictions": [13, 16, 397, 398, 399, 400, 401, 402, 403, 404, 405, 17, 18, 4], "target_tokens": ["[IN:GET_WEATHER", "[SL:DATE_TIME", "@ptr3", "@ptr4", "@ptr5", "@ptr6", "@ptr7", "@ptr8", "SL:DATE_TIME]", "IN:GET_WEATHER]"], "predicted_tokens": ["[IN:GET_WEATHER", "[SL:DATE_TIME", "@ptr2", "@ptr3", "@ptr4", "@ptr5", "@ptr6", "@ptr7", "@ptr8", "@ptr9", "@ptr10", "SL:DATE_TIME]", "IN:GET_WEATHER]"]}
{"loss": 0.964605987071991, "class_log_probabilities": [-0.16832146048545837, -8.743772506713867, -8.767784118652344, -9.014948844909668], "predictions": [13, 18, 4, 4, 4], "target_tokens": ["[IN:GET_WEATHER", "IN:GET_WEATHER]"], "predicted_tokens": ["[IN:GET_WEATHER", "IN:GET_WEATHER]"]}
{"loss": 4.056839466094971, "class_log_probabilities": [-0.8024061918258667, -5.317891597747803, -5.858261585235596, -6.351519584655762], "predictions": [13, 16, 395, 396, 17, 79, 401, 402, 80, 18, 4, 4], "target_tokens": ["[IN:GET_WEATHER", "[SL:WEATHER_ATTRIBUTE", "@ptr5", "@ptr6", "SL:WEATHER_ATTRIBUTE]", "[SL:DATE_TIME", "@ptr0", "@ptr1", "SL:DATE_TIME]", "IN:GET_WEATHER]"], "predicted_tokens": ["[IN:GET_WEATHER", "[SL:DATE_TIME", "@ptr0", "@ptr1", "SL:DATE_TIME]", "[SL:WEATHER_ATTRIBUTE", "@ptr6", "@ptr7", "SL:WEATHER_ATTRIBUTE]", "IN:GET_WEATHER]"]}
{"loss": 1.194146752357483, "class_log_probabilities": [-0.8098220229148865, -3.2972590923309326, -6.562854766845703, -7.22152042388916], "predictions": [45, 16, 397, 398, 399, 400, 401, 402, 17, 46, 4], "target_tokens": ["[IN:CREATE_ALARM", "[SL:DATE_TIME", "@ptr2", "@ptr3", "@ptr4", "@ptr5", "@ptr6", "SL:DATE_TIME]", "IN:CREATE_ALARM]"], "predicted_tokens": ["[IN:CREATE_ALARM", "[SL:DATE_TIME", "@ptr2", "@ptr3", "@ptr4", "@ptr5", "@ptr6", "@ptr7", "SL:DATE_TIME]", "IN:CREATE_ALARM]"]}
{"loss": 1.5575562715530396, "class_log_probabilities": [-0.7859565019607544, -7.635546684265137, -7.7026472091674805, -8.430537223815918], "predictions": [45, 16, 397, 398, 399, 400, 401, 402, 403, 404, 405, 17, 46, 4, 4, 4, 4, 4, 4, 4], "target_tokens": ["[IN:CREATE_ALARM", "[SL:DATE_TIME", "@ptr2", "@ptr3", "@ptr4", "@ptr5", "@ptr6", "@ptr7", "@ptr8", "@ptr9", "SL:DATE_TIME]", "IN:CREATE_ALARM]"], "predicted_tokens": ["[IN:CREATE_ALARM", "[SL:DATE_TIME", "@ptr2", "@ptr3", "@ptr4", "@ptr5", "@ptr6", "@ptr7", "@ptr8", "@ptr9", "@ptr10", "SL:DATE_TIME]", "IN:CREATE_ALARM]"]}
{"loss": 0.9703598618507385, "class_log_probabilities": [-0.16050498187541962, -8.597451210021973, -8.630352020263672, -8.75528335571289], "predictions": [81, 82, 4, 4, 4], "target_tokens": ["[IN:END_CALL", "IN:END_CALL]"], "predicted_tokens": ["[IN:END_CALL", "IN:END_CALL]"]}
{"loss": 0.9633296728134155, "class_log_probabilities": [-0.544414222240448, -8.623368263244629, -8.645984649658203, -8.712787628173828], "predictions": [75, 6, 70, 71, 396, 72, 73, 7, 78, 4], "target_tokens": ["[IN:CREATE_CALL", "[SL:CONTACT", "[IN:GET_CONTACT", "[SL:TYPE_RELATION", "@ptr1", "SL:TYPE_RELATION]", "IN:GET_CONTACT]", "SL:CONTACT]", "IN:CREATE_CALL]"], "predicted_tokens": ["[IN:CREATE_CALL", "[SL:CONTACT", "[IN:GET_CONTACT", "[SL:TYPE_RELATION", "@ptr1", "SL:TYPE_RELATION]", "IN:GET_CONTACT]", "SL:CONTACT]", "IN:CREATE_CALL]"]}
{"loss": 0.9748510122299194, "class_log_probabilities": [-0.47867530584335327, -7.72391414642334, -7.997222900390625, -8.123775482177734], "predictions": [63, 66, 396, 397, 67, 103, 399, 104, 68, 4], "target_tokens": ["[IN:PLAY_MUSIC", "[SL:MUSIC_ARTIST_NAME", "@ptr1", "@ptr2", "SL:MUSIC_ARTIST_NAME]", "[SL:MUSIC_PROVIDER_NAME", "@ptr4", "SL:MUSIC_PROVIDER_NAME]", "IN:PLAY_MUSIC]"], "predicted_tokens": ["[IN:PLAY_MUSIC", "[SL:MUSIC_ARTIST_NAME", "@ptr1", "@ptr2", "SL:MUSIC_ARTIST_NAME]", "[SL:MUSIC_PROVIDER_NAME", "@ptr4", "SL:MUSIC_PROVIDER_NAME]", "IN:PLAY_MUSIC]"]}
{"loss": 1.668625831604004, "class_log_probabilities": [-5.569043159484863, -5.877948760986328, -7.45660400390625, -9.835891723632812], "predictions": [85, 52, 402, 403, 404, 53, 88, 4, 4, 4, 4, 4, 4], "target_tokens": ["[IN:CREATE_PLAYLIST_MUSIC", "[SL:MUSIC_PLAYLIST_TITLE", "@ptr7", "@ptr8", "SL:MUSIC_PLAYLIST_TITLE]", "IN:CREATE_PLAYLIST_MUSIC]"], "predicted_tokens": ["[IN:CREATE_PLAYLIST_MUSIC", "[SL:RECIPES_DISH", "@ptr7", "@ptr8", "@ptr9", "SL:RECIPES_DISH]", "IN:CREATE_PLAYLIST_MUSIC]"]}
{"loss": 2.72365140914917, "class_log_probabilities": [-0.7270075082778931, -7.230363845825195, -8.099998474121094, -8.13337516784668], "predictions": [75, 6, 70, 71, 397, 72, 93, 399, 400, 94, 73, 7, 78, 4], "target_tokens": ["[IN:CREATE_CALL", "[SL:CONTACT", "[IN:GET_CONTACT", "[SL:CONTACT_RELATED", "@ptr4", "@ptr5", "SL:CONTACT_RELATED]", "[SL:TYPE_RELATION", "@ptr2", "SL:TYPE_RELATION]", "IN:GET_CONTACT]", "SL:CONTACT]", "IN:CREATE_CALL]"], "predicted_tokens": ["[IN:CREATE_CALL", "[SL:CONTACT", "[IN:GET_CONTACT", "[SL:TYPE_RELATION", "@ptr2", "SL:TYPE_RELATION]", "[SL:CONTACT_RELATED", "@ptr4", "@ptr5", "SL:CONTACT_RELATED]", "IN:GET_CONTACT]", "SL:CONTACT]", "IN:CREATE_CALL]"]}
{"loss": 3.2952280044555664, "class_log_probabilities": [-2.4027140140533447, -2.6621575355529785, -2.93076753616333, -3.290771961212158], "predictions": [75, 6, 70, 71, 399, 72, 93, 403, 94, 6, 406, 7, 73, 7, 78, 4, 4, 4, 4], "target_tokens": ["[IN:CREATE_CALL", "[SL:CONTACT", "[IN:GET_CONTACT", "[SL:CONTACT_RELATED", "@ptr7", "@ptr8", "SL:CONTACT_RELATED]", "[SL:TYPE_RELATION", "@ptr4", "@ptr5", "@ptr6", "SL:TYPE_RELATION]", "[SL:CONTACT", "@ptr10", "SL:CONTACT]", "IN:GET_CONTACT]", "SL:CONTACT]", "IN:CREATE_CALL]"], "predicted_tokens": ["[IN:CREATE_CALL", "[SL:CONTACT", "[IN:GET_CONTACT", "[SL:TYPE_RELATION", "@ptr4", "SL:TYPE_RELATION]", "[SL:CONTACT_RELATED", "@ptr8", "SL:CONTACT_RELATED]", "[SL:CONTACT", "@ptr11", "SL:CONTACT]", "IN:GET_CONTACT]", "SL:CONTACT]", "IN:CREATE_CALL]"]}
{"loss": 0.9762163162231445, "class_log_probabilities": [-0.30192720890045166, -8.151494026184082, -8.30034351348877, -8.352492332458496], "predictions": [153, 6, 400, 7, 154, 4], "target_tokens": ["[IN:ANSWER_CALL", "[SL:CONTACT", "@ptr5", "SL:CONTACT]", "IN:ANSWER_CALL]"], "predicted_tokens": ["[IN:ANSWER_CALL", "[SL:CONTACT", "@ptr5", "SL:CONTACT]", "IN:ANSWER_CALL]"]}
{"loss": 0.9615902900695801, "class_log_probabilities": [-0.1790299117565155, -8.532397270202637, -8.53400993347168, -8.559869766235352], "predictions": [171, 172, 4], "target_tokens": ["[IN:GET_AVAILABILITY", "IN:GET_AVAILABILITY]"], "predicted_tokens": ["[IN:GET_AVAILABILITY", "IN:GET_AVAILABILITY]"]}
{"loss": 0.9909583926200867, "class_log_probabilities": [-0.1397629678249359, -8.301822662353516, -8.369429588317871, -8.373359680175781], "predictions": [95, 96, 4], "target_tokens": ["[IN:IGNORE_CALL", "IN:IGNORE_CALL]"], "predicted_tokens": ["[IN:IGNORE_CALL", "IN:IGNORE_CALL]"]}
{"loss": 0.9611188769340515, "class_log_probabilities": [-0.17978918552398682, -8.554661750793457, -8.560748100280762, -8.69165325164795], "predictions": [171, 172, 4, 4], "target_tokens": ["[IN:GET_AVAILABILITY", "IN:GET_AVAILABILITY]"], "predicted_tokens": ["[IN:GET_AVAILABILITY", "IN:GET_AVAILABILITY]"]}
{"loss": 0.995022177696228, "class_log_probabilities": [-1.0313165187835693, -3.763455390930176, -5.16286563873291, -6.238455295562744], "predictions": [75, 6, 70, 71, 398, 72, 73, 7, 78, 4, 4, 4, 4, 4, 4], "target_tokens": ["[IN:CREATE_CALL", "[SL:CONTACT", "[IN:GET_CONTACT", "[SL:TYPE_RELATION", "@ptr3", "SL:TYPE_RELATION]", "IN:GET_CONTACT]", "SL:CONTACT]", "IN:CREATE_CALL]"], "predicted_tokens": ["[IN:CREATE_CALL", "[SL:CONTACT", "[IN:GET_CONTACT", "[SL:TYPE_RELATION", "@ptr3", "SL:TYPE_RELATION]", "IN:GET_CONTACT]", "SL:CONTACT]", "IN:CREATE_CALL]"]}
{"loss": 0.9605557322502136, "class_log_probabilities": [-0.181200310587883, -8.449655532836914, -8.554754257202148, -8.611672401428223], "predictions": [171, 172, 4], "target_tokens": ["[IN:GET_AVAILABILITY", "IN:GET_AVAILABILITY]"], "predicted_tokens": ["[IN:GET_AVAILABILITY", "IN:GET_AVAILABILITY]"]}
{"loss": 0.9745707511901855, "class_log_probabilities": [-0.15791364014148712, -8.494474411010742, -8.543837547302246, -8.554411888122559], "predictions": [189, 190, 4], "target_tokens": ["[IN:SET_AVAILABLE", "IN:SET_AVAILABLE]"], "predicted_tokens": ["[IN:SET_AVAILABLE", "IN:SET_AVAILABLE]"]}
{"loss": 0.9917769432067871, "class_log_probabilities": [-0.13710914552211761, -8.43586254119873, -8.456428527832031, -8.457900047302246], "predictions": [215, 216, 4, 4], "target_tokens": ["[IN:SWITCH_CALL", "IN:SWITCH_CALL]"], "predicted_tokens": ["[IN:SWITCH_CALL", "IN:SWITCH_CALL]"]}
{"loss": 1.035710334777832, "class_log_probabilities": [-0.7619733810424805, -3.138472080230713, -5.738842487335205, -5.997024059295654], "predictions": [171, 172, 4], "target_tokens": ["[IN:GET_AVAILABILITY", "IN:GET_AVAILABILITY]"], "predicted_tokens": ["[IN:GET_AVAILABILITY", "IN:GET_AVAILABILITY]"]}
{"loss": 0.9932427406311035, "class_log_probabilities": [-0.13518111407756805, -8.40030574798584, -8.470113754272461, -8.673954010009766], "predictions": [215, 216, 4, 4], "target_tokens": ["[IN:SWITCH_CALL", "IN:SWITCH_CALL]"], "predicted_tokens": ["[IN:SWITCH_CALL", "IN:SWITCH_CALL]"]}
{"loss": 1.4696705341339111, "class_log_probabilities": [-0.5401074290275574, -6.150843143463135, -8.34365463256836, -8.406004905700684], "predictions": [75, 6, 70, 71, 400, 72, 73, 7, 78, 4], "target_tokens": ["[IN:CREATE_CALL", "[SL:CONTACT", "[IN:GET_CONTACT", "[SL:TYPE_RELATION", "@ptr4", "SL:TYPE_RELATION]", "IN:GET_CONTACT]", "SL:CONTACT]", "IN:CREATE_CALL]"], "predicted_tokens": ["[IN:CREATE_CALL", "[SL:CONTACT", "[IN:GET_CONTACT", "[SL:TYPE_RELATION", "@ptr5", "SL:TYPE_RELATION]", "IN:GET_CONTACT]", "SL:CONTACT]", "IN:CREATE_CALL]"]}
{"loss": 0.9846206307411194, "class_log_probabilities": [-0.7402039170265198, -2.4745821952819824, -6.625368118286133, -7.219292640686035], "predictions": [75, 6, 399, 400, 7, 78, 4, 4], "target_tokens": ["[IN:CREATE_CALL", "[SL:CONTACT", "@ptr4", "@ptr5", "SL:CONTACT]", "IN:CREATE_CALL]"], "predicted_tokens": ["[IN:CREATE_CALL", "[SL:CONTACT", "@ptr4", "@ptr5", "SL:CONTACT]", "IN:CREATE_CALL]"]}
{"loss": 1.4142215251922607, "class_log_probabilities": [-0.9731447696685791, -3.8022727966308594, -4.144702434539795, -6.316889762878418], "predictions": [75, 6, 70, 71, 398, 399, 400, 72, 73, 7, 78, 4], "target_tokens": ["[IN:CREATE_CALL", "[SL:CONTACT", "[IN:GET_CONTACT", "[SL:TYPE_RELATION", "@ptr3", "@ptr4", "SL:TYPE_RELATION]", "IN:GET_CONTACT]", "SL:CONTACT]", "IN:CREATE_CALL]"], "predicted_tokens": ["[IN:CREATE_CALL", "[SL:CONTACT", "[IN:GET_CONTACT", "[SL:TYPE_RELATION", "@ptr3", "@ptr4", "@ptr5", "SL:TYPE_RELATION]", "IN:GET_CONTACT]", "SL:CONTACT]", "IN:CREATE_CALL]"]}
{"loss": 1.763366460800171, "class_log_probabilities": [-2.072950601577759, -2.0749287605285645, -4.039943695068359, -5.790978908538818], "predictions": [75, 6, 70, 71, 399, 400, 72, 73, 7, 6, 402, 403, 7, 78, 4, 4, 4, 4, 4], "target_tokens": ["[IN:CREATE_CALL", "[SL:CONTACT", "[IN:GET_CONTACT", "[SL:TYPE_RELATION", "@ptr4", "@ptr5", "@ptr6", "@ptr7", "SL:TYPE_RELATION]", "IN:GET_CONTACT]", "SL:CONTACT]", "IN:CREATE_CALL]"], "predicted_tokens": ["[IN:CREATE_CALL", "[SL:CONTACT", "[IN:GET_CONTACT", "[SL:TYPE_RELATION", "@ptr4", "@ptr5", "SL:TYPE_RELATION]", "IN:GET_CONTACT]", "SL:CONTACT]", "[SL:CONTACT", "@ptr7", "@ptr8", "SL:CONTACT]", "IN:CREATE_CALL]"]}
{"loss": 0.9702346324920654, "class_log_probabilities": [-0.6046006083488464, -5.591388702392578, -6.791578769683838, -6.91934061050415], "predictions": [107, 108, 70, 71, 396, 397, 72, 73, 109, 110, 4], "target_tokens": ["[IN:UPDATE_CALL", "[SL:CONTACT_ADDED", "[IN:GET_CONTACT", "[SL:TYPE_RELATION", "@ptr1", "@ptr2", "SL:TYPE_RELATION]", "IN:GET_CONTACT]", "SL:CONTACT_ADDED]", "IN:UPDATE_CALL]"], "predicted_tokens": ["[IN:UPDATE_CALL", "[SL:CONTACT_ADDED", "[IN:GET_CONTACT", "[SL:TYPE_RELATION", "@ptr1", "@ptr2", "SL:TYPE_RELATION]", "IN:GET_CONTACT]", "SL:CONTACT_ADDED]", "IN:UPDATE_CALL]"]}
{"loss": 1.666710615158081, "class_log_probabilities": [-1.0482081174850464, -4.323978900909424, -4.796931266784668, -4.9752397537231445], "predictions": [23, 10, 398, 399, 11, 24, 405, 406, 407, 408, 409, 410, 411, 412, 413, 25, 26, 4, 4], "target_tokens": ["[IN:SEND_MESSAGE", "[SL:RECIPIENT", "@ptr3", "@ptr4", "SL:RECIPIENT]", "[SL:CONTENT_EXACT", "@ptr9", "@ptr10", "@ptr11", "@ptr12", "@ptr13", "@ptr14", "@ptr15", "SL:CONTENT_EXACT]", "IN:SEND_MESSAGE]"], "predicted_tokens": ["[IN:SEND_MESSAGE", "[SL:RECIPIENT", "@ptr3", "@ptr4", "SL:RECIPIENT]", "[SL:CONTENT_EXACT", "@ptr10", "@ptr11", "@ptr12", "@ptr13", "@ptr14", "@ptr15", "@ptr16", "@ptr17", "@ptr18", "SL:CONTENT_EXACT]", "IN:SEND_MESSAGE]"]}
{"loss": 1.982848048210144, "class_log_probabilities": [-1.100985050201416, -4.998966217041016, -6.596594333648682, -8.2451753616333], "predictions": [49, 34, 396, 35, 36, 399, 400, 401, 37, 16, 402, 403, 404, 405, 406, 407, 17, 50, 4, 4, 4], "target_tokens": ["[IN:CREATE_REMINDER", "[SL:PERSON_REMINDED", "@ptr1", "SL:PERSON_REMINDED]", "[SL:TODO", "@ptr4", "@ptr5", "SL:TODO]", "[SL:DATE_TIME", "@ptr6", "@ptr7", "@ptr8", "@ptr9", "@ptr10", "@ptr11", "SL:DATE_TIME]", "IN:CREATE_REMINDER]"], "predicted_tokens": ["[IN:CREATE_REMINDER", "[SL:PERSON_REMINDED", "@ptr1", "SL:PERSON_REMINDED]", "[SL:TODO", "@ptr4", "@ptr5", "@ptr6", "SL:TODO]", "[SL:DATE_TIME", "@ptr7", "@ptr8", "@ptr9", "@ptr10", "@ptr11", "@ptr12", "SL:DATE_TIME]", "IN:CREATE_REMINDER]"]}
{"loss": 1.136984944343567, "class_log_probabilities": [-1.264121651649475, -3.684739828109741, -4.194156169891357, -6.73310661315918], "predictions": [49, 34, 397, 35, 36, 399, 37, 16, 400, 401, 402, 403, 17, 50, 4, 4, 4, 4, 4], "target_tokens": ["[IN:CREATE_REMINDER", "[SL:PERSON_REMINDED", "@ptr2", "SL:PERSON_REMINDED]", "[SL:TODO", "@ptr4", "SL:TODO]", "[SL:DATE_TIME", "@ptr5", "@ptr6", "@ptr7", "SL:DATE_TIME]", "IN:CREATE_REMINDER]"], "predicted_tokens": ["[IN:CREATE_REMINDER", "[SL:PERSON_REMINDED", "@ptr2", "SL:PERSON_REMINDED]", "[SL:TODO", "@ptr4", "SL:TODO]", "[SL:DATE_TIME", "@ptr5", "@ptr6", "@ptr7", "@ptr8", "SL:DATE_TIME]", "IN:CREATE_REMINDER]"]}
{"loss": 1.567422866821289, "class_log_probabilities": [-0.6037209033966064, -7.874682426452637, -8.352822303771973, -8.399584770202637], "predictions": [49, 34, 396, 35, 36, 398, 399, 400, 401, 37, 50, 4], "target_tokens": ["[IN:CREATE_REMINDER", "[SL:PERSON_REMINDED", "@ptr1", "SL:PERSON_REMINDED]", "[SL:TODO", "@ptr3", "@ptr4", "@ptr5", "SL:TODO]", "IN:CREATE_REMINDER]"], "predicted_tokens": ["[IN:CREATE_REMINDER", "[SL:PERSON_REMINDED", "@ptr1", "SL:PERSON_REMINDED]", "[SL:TODO", "@ptr3", "@ptr4", "@ptr5", "@ptr6", "SL:TODO]", "IN:CREATE_REMINDER]"]}
{"loss": 2.523329019546509, "class_log_probabilities": [-0.8800718784332275, -7.6541571617126465, -7.753909111022949, -8.202849388122559], "predictions": [49, 34, 397, 35, 36, 398, 399, 400, 401, 37, 16, 402, 403, 404, 17, 50, 4, 4], "target_tokens": ["[IN:CREATE_REMINDER", "[SL:PERSON_REMINDED", "@ptr2", "SL:PERSON_REMINDED]", "[SL:TODO", "@ptr3", "@ptr4", "@ptr5", "SL:TODO]", "[SL:DATE_TIME", "@ptr6", "@ptr7", "@ptr8", "SL:DATE_TIME]", "IN:CREATE_REMINDER]"], "predicted_tokens": ["[IN:CREATE_REMINDER", "[SL:PERSON_REMINDED", "@ptr2", "SL:PERSON_REMINDED]", "[SL:TODO", "@ptr3", "@ptr4", "@ptr5", "@ptr6", "SL:TODO]", "[SL:DATE_TIME", "@ptr7", "@ptr8", "@ptr9", "SL:DATE_TIME]", "IN:CREATE_REMINDER]"]}
{"loss": 2.7211532592773438, "class_log_probabilities": [-3.4661426544189453, -4.7969841957092285, -5.3834547996521, -5.83104133605957], "predictions": [33, 34, 401, 35, 36, 143, 36, 403, 404, 405, 406, 407, 408, 409, 410, 37, 144, 37, 16, 411, 412, 413, 17, 38, 4, 4, 4, 4, 4], "target_tokens": ["[IN:DELETE_REMINDER", "[SL:PERSON_REMINDED", "@ptr5", "@ptr6", "SL:PERSON_REMINDED]", "[SL:TODO", "[IN:GET_TODO", "[SL:DATE_TIME", "@ptr16", "@ptr17", "SL:DATE_TIME]", "[SL:TODO", "@ptr9", "@ptr10", "SL:TODO]", "[SL:ATTENDEE", "@ptr12", "@ptr13", "@ptr14", "SL:ATTENDEE]", "IN:GET_TODO]", "SL:TODO]", "IN:DELETE_REMINDER]"], "predicted_tokens": ["[IN:DELETE_REMINDER", "[SL:PERSON_REMINDED", "@ptr6", "SL:PERSON_REMINDED]", "[SL:TODO", "[IN:GET_TODO", "[SL:TODO", "@ptr8", "@ptr9", "@ptr10", "@ptr11", "@ptr12", "@ptr13", "@ptr14", "@ptr15", "SL:TODO]", "IN:GET_TODO]", "SL:TODO]", "[SL:DATE_TIME", "@ptr16", "@ptr17", "@ptr18", "SL:DATE_TIME]", "IN:DELETE_REMINDER]"]}
{"loss": 4.790670394897461, "class_log_probabilities": [-3.139258623123169, -3.881683111190796, -4.095137596130371, -4.633409023284912], "predictions": [49, 36, 397, 398, 399, 400, 401, 402, 403, 37, 34, 404, 35, 16, 407, 408, 17, 50, 4, 4, 4, 4, 4, 4], "target_tokens": ["[IN:GET_REMINDER_DATE_TIME", "[SL:PERSON_REMINDED", "@ptr8", "@ptr9", "SL:PERSON_REMINDED]", "[SL:ORDINAL", "@ptr5", "@ptr6", "@ptr7", "SL:ORDINAL]", "[SL:TODO", "@ptr2", "@ptr3", "@ptr4", "SL:TODO]", "IN:GET_REMINDER_DATE_TIME]"], "predicted_tokens": ["[IN:CREATE_REMINDER", "[SL:TODO", "@ptr2", "@ptr3", "@ptr4", "@ptr5", "@ptr6", "@ptr7", "@ptr8", "SL:TODO]", "[SL:PERSON_REMINDED", "@ptr9", "SL:PERSON_REMINDED]", "[SL:DATE_TIME", "@ptr12", "@ptr13", "SL:DATE_TIME]", "IN:CREATE_REMINDER]"]}
{"loss": 2.190298080444336, "class_log_probabilities": [-1.0532009601593018, -6.037890434265137, -7.593986511230469, -8.014394760131836], "predictions": [49, 34, 397, 35, 36, 398, 399, 400, 401, 402, 403, 404, 405, 37, 16, 406, 407, 408, 17, 50, 4, 4], "target_tokens": ["[IN:CREATE_REMINDER", "[SL:PERSON_REMINDED", "@ptr2", "SL:PERSON_REMINDED]", "[SL:TODO", "@ptr3", "@ptr4", "@ptr5", "@ptr6", "@ptr7", "@ptr8", "@ptr9", "SL:TODO]", "[SL:DATE_TIME", "@ptr10", "@ptr11", "@ptr12", "SL:DATE_TIME]", "IN:CREATE_REMINDER]"], "predicted_tokens": ["[IN:CREATE_REMINDER", "[SL:PERSON_REMINDED", "@ptr2", "SL:PERSON_REMINDED]", "[SL:TODO", "@ptr3", "@ptr4", "@ptr5", "@ptr6", "@ptr7", "@ptr8", "@ptr9", "@ptr10", "SL:TODO]", "[SL:DATE_TIME", "@ptr11", "@ptr12", "@ptr13", "SL:DATE_TIME]", "IN:CREATE_REMINDER]"]}
{"loss": 3.0549890995025635, "class_log_probabilities": [-1.0041695833206177, -2.6404619216918945, -4.240480899810791, -4.682087421417236], "predictions": [111, 36, 402, 403, 404, 405, 406, 37, 16, 407, 408, 409, 410, 17, 112, 4, 4], "target_tokens": ["[IN:UPDATE_REMINDER_DATE_TIME", "[SL:TODO", "@ptr6", "@ptr7", "@ptr8", "@ptr9", "SL:TODO]", "[SL:DATE_TIME", "@ptr10", "@ptr11", "@ptr12", "@ptr13", "SL:DATE_TIME]", "IN:UPDATE_REMINDER_DATE_TIME]"], "predicted_tokens": ["[IN:UPDATE_REMINDER_DATE_TIME", "[SL:TODO", "@ptr7", "@ptr8", "@ptr9", "@ptr10", "@ptr11", "SL:TODO]", "[SL:DATE_TIME", "@ptr12", "@ptr13", "@ptr14", "@ptr15", "SL:DATE_TIME]", "IN:UPDATE_REMINDER_DATE_TIME]"]}
{"loss": 1.6183768510818481, "class_log_probabilities": [-0.46477848291397095, -5.459572792053223, -7.7720112800598145, -7.954793930053711], "predictions": [33, 16, 400, 401, 402, 17, 38, 4], "target_tokens": ["[IN:DELETE_REMINDER", "[SL:DATE_TIME", "@ptr5", "@ptr6", "SL:DATE_TIME]", "IN:DELETE_REMINDER]"], "predicted_tokens": ["[IN:DELETE_REMINDER", "[SL:DATE_TIME", "@ptr5", "@ptr6", "@ptr7", "SL:DATE_TIME]", "IN:DELETE_REMINDER]"]}
{"loss": 2.5385994911193848, "class_log_probabilities": [-3.599846124649048, -4.132791519165039, -4.244018077850342, -4.382969856262207], "predictions": [117, 36, 400, 401, 402, 403, 37, 16, 405, 406, 407, 17, 118, 4], "target_tokens": ["[IN:GET_REMINDER_DATE_TIME", "[SL:TODO", "@ptr5", "@ptr6", "@ptr7", "SL:TODO]", "IN:GET_REMINDER_DATE_TIME]"], "predicted_tokens": ["[IN:GET_REMINDER_DATE_TIME", "[SL:TODO", "@ptr5", "@ptr6", "@ptr7", "@ptr8", "SL:TODO]", "[SL:DATE_TIME", "@ptr10", "@ptr11", "@ptr12", "SL:DATE_TIME]", "IN:GET_REMINDER_DATE_TIME]"]}
{"loss": 2.2106881141662598, "class_log_probabilities": [-4.258464336395264, -4.7203755378723145, -5.185229301452637, -5.783621311187744], "predictions": [47, 34, 401, 35, 36, 143, 16, 408, 409, 410, 411, 412, 413, 414, 17, 144, 37, 48, 4, 4], "target_tokens": ["[IN:GET_REMINDER", "[SL:METHOD_RETRIEVAL_REMINDER", "@ptr0", "SL:METHOD_RETRIEVAL_REMINDER]", "[SL:AMOUNT", "@ptr3", "SL:AMOUNT]", "[SL:PERSON_REMINDED", "@ptr5", "SL:PERSON_REMINDED]", "[SL:DATE_TIME", "@ptr12", "@ptr13", "@ptr14", "@ptr15", "@ptr16", "@ptr17", "@ptr18", "@ptr19", "SL:DATE_TIME]", "IN:GET_REMINDER]"], "predicted_tokens": ["[IN:GET_REMINDER", "[SL:PERSON_REMINDED", "@ptr6", "SL:PERSON_REMINDED]", "[SL:TODO", "[IN:GET_TODO", "[SL:DATE_TIME", "@ptr13", "@ptr14", "@ptr15", "@ptr16", "@ptr17", "@ptr18", "@ptr19", "SL:DATE_TIME]", "IN:GET_TODO]", "SL:TODO]", "IN:GET_REMINDER]"]}
{"loss": 3.0503103733062744, "class_log_probabilities": [-4.323902130126953, -4.41080379486084, -5.260241985321045, -6.290771007537842], "predictions": [49, 36, 143, 36, 401, 402, 403, 37, 34, 404, 35, 16, 406, 407, 408, 17, 50, 4, 4, 4, 4, 4, 4, 4, 4], "target_tokens": ["[IN:GET_REMINDER", "[SL:PERSON_REMINDED", "@ptr8", "@ptr9", "SL:PERSON_REMINDED]", "[SL:TODO", "@ptr6", "@ptr7", "SL:TODO]", "[SL:DATE_TIME", "@ptr11", "@ptr12", "SL:DATE_TIME]", "IN:GET_REMINDER]"], "predicted_tokens": ["[IN:CREATE_REMINDER", "[SL:TODO", "[IN:GET_TODO", "[SL:TODO", "@ptr6", "@ptr7", "@ptr8", "SL:TODO]", "[SL:PERSON_REMINDED", "@ptr9", "SL:PERSON_REMINDED]", "[SL:DATE_TIME", "@ptr11", "@ptr12", "@ptr13", "SL:DATE_TIME]", "IN:CREATE_REMINDER]"]}
{"loss": 2.9356307983398438, "class_log_probabilities": [-10.29836654663086, -10.774934768676758, -11.716867446899414, -12.001180648803711], "predictions": [49, 36, 401, 402, 403, 404, 405, 406, 407, 408, 409, 411, 413, 415, 416, 404, 405, 406, 407, 408, 409, 411, 412, 414, 416, 418, 25, 26, 4, 4, 4], "target_tokens": ["[IN:GET_REMINDER", "[SL:METHOD_RETRIEVAL_REMINDER", "@ptr1", "SL:METHOD_RETRIEVAL_REMINDER]", "[SL:TODO", "[IN:GET_TODO", "[SL:TODO", "@ptr5", "@ptr6", "@ptr7", "@ptr8", "@ptr9", "@ptr10", "@ptr11", "@ptr12", "@ptr13", "@ptr14", "@ptr15", "@ptr16", "@ptr17", "@ptr18", "@ptr19", "SL:TODO]", "[SL:LOCATION", "@ptr23", "SL:LOCATION]", "IN:GET_TODO]", "SL:TODO]", "IN:GET_REMINDER]"], "predicted_tokens": ["[IN:CREATE_REMINDER", "[SL:TODO", "@ptr6", "@ptr7", "@ptr8", "@ptr9", "@ptr10", "@ptr11", "@ptr12", "@ptr13", "@ptr14", "@ptr16", "@ptr18", "@ptr20", "@ptr21", "@ptr9", "@ptr10", "@ptr11", "@ptr12", "@ptr13", "@ptr14", "@ptr16", "@ptr17", "@ptr19", "@ptr21", "@ptr23", "SL:CONTENT_EXACT]", "IN:SEND_MESSAGE]"]}
{"loss": 1.5863475799560547, "class_log_probabilities": [-1.4425914287567139, -3.3743748664855957, -3.7183754444122314, -5.387750625610352], "predictions": [49, 34, 397, 35, 36, 399, 400, 401, 402, 37, 16, 403, 404, 405, 406, 17, 50, 4, 4], "target_tokens": ["[IN:CREATE_REMINDER", "[SL:PERSON_REMINDED", "@ptr2", "SL:PERSON_REMINDED]", "[SL:TODO", "@ptr4", "@ptr5", "@ptr6", "SL:TODO]", "[SL:DATE_TIME", "@ptr7", "@ptr8", "@ptr9", "@ptr10", "SL:DATE_TIME]", "IN:CREATE_REMINDER]"], "predicted_tokens": ["[IN:CREATE_REMINDER", "[SL:PERSON_REMINDED", "@ptr2", "SL:PERSON_REMINDED]", "[SL:TODO", "@ptr4", "@ptr5", "@ptr6", "@ptr7", "SL:TODO]", "[SL:DATE_TIME", "@ptr8", "@ptr9", "@ptr10", "@ptr11", "SL:DATE_TIME]", "IN:CREATE_REMINDER]"]}
{"loss": 1.2956197261810303, "class_log_probabilities": [-1.2242045402526855, -2.971766948699951, -6.729613780975342, -6.868500232696533], "predictions": [49, 34, 396, 35, 36, 398, 399, 400, 401, 402, 403, 404, 405, 406, 407, 408, 409, 37, 50, 4, 4], "target_tokens": ["[IN:CREATE_REMINDER", "[SL:PERSON_REMINDED", "@ptr1", "SL:PERSON_REMINDED]", "[SL:TODO", "@ptr3", "@ptr4", "@ptr5", "@ptr6", "@ptr7", "@ptr8", "@ptr9", "@ptr10", "@ptr11", "@ptr12", "@ptr13", "SL:TODO]", "IN:CREATE_REMINDER]"], "predicted_tokens": ["[IN:CREATE_REMINDER", "[SL:PERSON_REMINDED", "@ptr1", "SL:PERSON_REMINDED]", "[SL:TODO", "@ptr3", "@ptr4", "@ptr5", "@ptr6", "@ptr7", "@ptr8", "@ptr9", "@ptr10", "@ptr11", "@ptr12", "@ptr13", "@ptr14", "SL:TODO]", "IN:CREATE_REMINDER]"]}
{"loss": 1.1446787118911743, "class_log_probabilities": [-2.509550094604492, -2.9244415760040283, -3.5251641273498535, -3.6121580600738525], "predictions": [49, 34, 397, 35, 36, 399, 400, 401, 402, 403, 404, 405, 406, 407, 408, 409, 410, 411, 412, 413, 415, 37, 50, 4], "target_tokens": ["[IN:CREATE_REMINDER", "[SL:PERSON_REMINDED", "@ptr2", "SL:PERSON_REMINDED]", "[SL:TODO", "@ptr4", "@ptr5", "@ptr6", "@ptr7", "@ptr8", "@ptr9", "@ptr10", "@ptr11", "@ptr12", "@ptr13", "@ptr14", "@ptr15", "@ptr16", "@ptr17", "@ptr18", "@ptr19", "SL:TODO]", "IN:CREATE_REMINDER]"], "predicted_tokens": ["[IN:CREATE_REMINDER", "[SL:PERSON_REMINDED", "@ptr2", "SL:PERSON_REMINDED]", "[SL:TODO", "@ptr4", "@ptr5", "@ptr6", "@ptr7", "@ptr8", "@ptr9", "@ptr10", "@ptr11", "@ptr12", "@ptr13", "@ptr14", "@ptr15", "@ptr16", "@ptr17", "@ptr18", "@ptr20", "SL:TODO]", "IN:CREATE_REMINDER]"]}
{"loss": 1.3357094526290894, "class_log_probabilities": [-2.1579113006591797, -2.3387885093688965, -4.633671760559082, -4.750600814819336], "predictions": [49, 34, 396, 35, 36, 75, 6, 70, 71, 400, 72, 73, 7, 78, 37, 16, 401, 402, 403, 404, 17, 50, 4], "target_tokens": ["[IN:CREATE_REMINDER", "[SL:PERSON_REMINDED", "@ptr1", "SL:PERSON_REMINDED]", "[SL:TODO", "[IN:CREATE_CALL", "[SL:CONTACT", "[IN:GET_CONTACT", "[SL:TYPE_RELATION", "@ptr5", "SL:TYPE_RELATION]", "IN:GET_CONTACT]", "SL:CONTACT]", "IN:CREATE_CALL]", "SL:TODO]", "[SL:DATE_TIME", "@ptr6", "@ptr7", "@ptr8", "SL:DATE_TIME]", "IN:CREATE_REMINDER]"], "predicted_tokens": ["[IN:CREATE_REMINDER", "[SL:PERSON_REMINDED", "@ptr1", "SL:PERSON_REMINDED]", "[SL:TODO", "[IN:CREATE_CALL", "[SL:CONTACT", "[IN:GET_CONTACT", "[SL:TYPE_RELATION", "@ptr5", "SL:TYPE_RELATION]", "IN:GET_CONTACT]", "SL:CONTACT]", "IN:CREATE_CALL]", "SL:TODO]", "[SL:DATE_TIME", "@ptr6", "@ptr7", "@ptr8", "@ptr9", "SL:DATE_TIME]", "IN:CREATE_REMINDER]"]}
{"loss": 1.9742343425750732, "class_log_probabilities": [-1.5517760515213013, -2.5155446529388428, -4.992214202880859, -5.621834754943848], "predictions": [49, 34, 397, 35, 36, 399, 400, 401, 402, 403, 404, 405, 406, 37, 16, 407, 408, 409, 410, 17, 50, 4], "target_tokens": ["[IN:CREATE_REMINDER", "[SL:PERSON_REMINDED", "@ptr2", "SL:PERSON_REMINDED]", "[SL:TODO", "@ptr5", "@ptr6", "@ptr7", "@ptr8", "@ptr9", "@ptr10", "SL:TODO]", "[SL:DATE_TIME", "@ptr11", "@ptr12", "@ptr13", "SL:DATE_TIME]", "IN:CREATE_REMINDER]"], "predicted_tokens": ["[IN:CREATE_REMINDER", "[SL:PERSON_REMINDED", "@ptr2", "SL:PERSON_REMINDED]", "[SL:TODO", "@ptr4", "@ptr5", "@ptr6", "@ptr7", "@ptr8", "@ptr9", "@ptr10", "@ptr11", "SL:TODO]", "[SL:DATE_TIME", "@ptr12", "@ptr13", "@ptr14", "@ptr15", "SL:DATE_TIME]", "IN:CREATE_REMINDER]"]}
{"loss": 1.24051034450531, "class_log_probabilities": [-1.045171856880188, -4.752180099487305, -6.1097731590271, -6.393582344055176], "predictions": [49, 34, 397, 35, 36, 398, 399, 400, 401, 402, 37, 16, 403, 404, 405, 406, 17, 50, 4, 4], "target_tokens": ["[IN:CREATE_REMINDER", "[SL:PERSON_REMINDED", "@ptr2", "SL:PERSON_REMINDED]", "[SL:TODO", "@ptr3", "@ptr4", "@ptr5", "@ptr6", "@ptr7", "SL:TODO]", "[SL:DATE_TIME", "@ptr8", "@ptr9", "@ptr10", "SL:DATE_TIME]", "IN:CREATE_REMINDER]"], "predicted_tokens": ["[IN:CREATE_REMINDER", "[SL:PERSON_REMINDED", "@ptr2", "SL:PERSON_REMINDED]", "[SL:TODO", "@ptr3", "@ptr4", "@ptr5", "@ptr6", "@ptr7", "SL:TODO]", "[SL:DATE_TIME", "@ptr8", "@ptr9", "@ptr10", "@ptr11", "SL:DATE_TIME]", "IN:CREATE_REMINDER]"]}
{"loss": 2.6889572143554688, "class_log_probabilities": [-2.084773540496826, -2.9774885177612305, -4.1218767166137695, -4.516195774078369], "predictions": [49, 34, 396, 35, 36, 143, 16, 399, 400, 401, 17, 36, 404, 405, 406, 37, 16, 407, 408, 409, 410, 17, 144, 37, 50, 4, 4], "target_tokens": ["[IN:CREATE_REMINDER", "[SL:PERSON_REMINDED", "@ptr1", "SL:PERSON_REMINDED]", "[SL:DATE_TIME", "@ptr2", "@ptr3", "@ptr4", "@ptr5", "SL:DATE_TIME]", "[SL:TODO", "[IN:GET_TODO", "[SL:TODO", "@ptr7", "@ptr8", "@ptr9", "@ptr10", "SL:TODO]", "[SL:DATE_TIME", "@ptr11", "@ptr12", "@ptr13", "@ptr14", "SL:DATE_TIME]", "IN:GET_TODO]", "SL:TODO]", "IN:CREATE_REMINDER]"], "predicted_tokens": ["[IN:CREATE_REMINDER", "[SL:PERSON_REMINDED", "@ptr1", "SL:PERSON_REMINDED]", "[SL:TODO", "[IN:GET_TODO", "[SL:DATE_TIME", "@ptr4", "@ptr5", "@ptr6", "SL:DATE_TIME]", "[SL:TODO", "@ptr9", "@ptr10", "@ptr11", "SL:TODO]", "[SL:DATE_TIME", "@ptr12", "@ptr13", "@ptr14", "@ptr15", "SL:DATE_TIME]", "IN:GET_TODO]", "SL:TODO]", "IN:CREATE_REMINDER]"]}
{"loss": 1.5169212818145752, "class_log_probabilities": [-3.24129319190979, -3.8490073680877686, -4.484236717224121, -5.326142311096191], "predictions": [49, 16, 399, 400, 401, 17, 36, 143, 36, 402, 403, 404, 37, 34, 405, 35, 16, 406, 407, 408, 409, 17, 50, 4, 4, 4, 4, 4, 4], "target_tokens": ["[IN:CREATE_REMINDER", "[SL:DATE_TIME", "@ptr4", "@ptr5", "@ptr6", "SL:DATE_TIME]", "[SL:TODO", "[IN:GET_TODO", "[SL:TODO", "@ptr7", "@ptr8", "@ptr9", "@ptr10", "SL:TODO]", "[SL:DATE_TIME", "@ptr11", "@ptr12", "@ptr13", "SL:DATE_TIME]", "IN:GET_TODO]", "SL:TODO]", "IN:CREATE_REMINDER]"], "predicted_tokens": ["[IN:CREATE_REMINDER", "[SL:DATE_TIME", "@ptr4", "@ptr5", "@ptr6", "SL:DATE_TIME]", "[SL:TODO", "[IN:GET_TODO", "[SL:TODO", "@ptr7", "@ptr8", "@ptr9", "SL:TODO]", "[SL:PERSON_REMINDED", "@ptr10", "SL:PERSON_REMINDED]", "[SL:DATE_TIME", "@ptr11", "@ptr12", "@ptr13", "@ptr14", "SL:DATE_TIME]", "IN:CREATE_REMINDER]"]}
{"loss": 1.745633602142334, "class_log_probabilities": [-2.2536544799804688, -2.875882148742676, -5.252195358276367, -5.343275547027588], "predictions": [95, 16, 398, 399, 400, 401, 17, 96, 4], "target_tokens": ["[IN:IGNORE_CALL", "[SL:DATE_TIME", "@ptr3", "@ptr4", "@ptr5", "@ptr6", "@ptr7", "@ptr8", "SL:DATE_TIME]", "IN:IGNORE_CALL]"], "predicted_tokens": ["[IN:IGNORE_CALL", "[SL:DATE_TIME", "@ptr3", "@ptr4", "@ptr5", "@ptr6", "SL:DATE_TIME]", "IN:IGNORE_CALL]"]}
{"loss": 1.637531042098999, "class_log_probabilities": [-1.0423821210861206, -3.999997138977051, -5.0326762199401855, -5.921725749969482], "predictions": [75, 6, 399, 400, 401, 7, 78, 4, 4, 4, 4, 4, 4], "target_tokens": ["[IN:CREATE_CALL", "[SL:CONTACT", "@ptr4", "@ptr5", "SL:CONTACT]", "IN:CREATE_CALL]"], "predicted_tokens": ["[IN:CREATE_CALL", "[SL:CONTACT", "@ptr4", "@ptr5", "@ptr6", "SL:CONTACT]", "IN:CREATE_CALL]"]}
{"loss": 0.9616848230361938, "class_log_probabilities": [-0.39438989758491516, -7.488268852233887, -7.611537933349609, -8.940289497375488], "predictions": [75, 6, 397, 398, 7, 78, 4, 4, 4, 4], "target_tokens": ["[IN:CREATE_CALL", "[SL:CONTACT", "@ptr2", "@ptr3", "SL:CONTACT]", "IN:CREATE_CALL]"], "predicted_tokens": ["[IN:CREATE_CALL", "[SL:CONTACT", "@ptr2", "@ptr3", "SL:CONTACT]", "IN:CREATE_CALL]"]}
{"loss": 1.4913322925567627, "class_log_probabilities": [-1.092411756515503, -2.9473676681518555, -6.397678852081299, -6.471868515014648], "predictions": [61, 83, 396, 84, 14, 398, 399, 15, 16, 401, 402, 403, 404, 17, 62, 4, 4], "target_tokens": ["[IN:GET_EVENT", "[SL:CATEGORY_EVENT", "@ptr1", "SL:CATEGORY_EVENT]", "[SL:LOCATION", "@ptr3", "@ptr4", "SL:LOCATION]", "[SL:DATE_TIME", "@ptr5", "@ptr6", "@ptr7", "@ptr8", "SL:DATE_TIME]", "IN:GET_EVENT]"], "predicted_tokens": ["[IN:GET_EVENT", "[SL:CATEGORY_EVENT", "@ptr1", "SL:CATEGORY_EVENT]", "[SL:LOCATION", "@ptr3", "@ptr4", "SL:LOCATION]", "[SL:DATE_TIME", "@ptr6", "@ptr7", "@ptr8", "@ptr9", "SL:DATE_TIME]", "IN:GET_EVENT]"]}
{"loss": 3.6752445697784424, "class_log_probabilities": [-2.172475814819336, -2.4752354621887207, -3.647554874420166, -3.9089226722717285], "predictions": [61, 83, 399, 84, 14, 404, 405, 406, 15, 16, 407, 408, 17, 62, 4], "target_tokens": ["[IN:GET_EVENT", "[SL:LOCATION", "@ptr8", "@ptr9", "@ptr10", "SL:LOCATION]", "[SL:DATE_TIME", "@ptr11", "@ptr12", "SL:DATE_TIME]", "IN:GET_EVENT]"], "predicted_tokens": ["[IN:GET_EVENT", "[SL:CATEGORY_EVENT", "@ptr4", "SL:CATEGORY_EVENT]", "[SL:LOCATION", "@ptr9", "@ptr10", "@ptr11", "SL:LOCATION]", "[SL:DATE_TIME", "@ptr12", "@ptr13", "SL:DATE_TIME]", "IN:GET_EVENT]"]}
{"loss": 0.9675917625427246, "class_log_probabilities": [-0.5522139668464661, -5.661945819854736, -8.016215324401855, -8.05732536315918], "predictions": [61, 83, 395, 84, 16, 398, 399, 17, 62, 4, 4], "target_tokens": ["[IN:GET_EVENT", "[SL:CATEGORY_EVENT", "@ptr0", "SL:CATEGORY_EVENT]", "[SL:DATE_TIME", "@ptr3", "@ptr4", "SL:DATE_TIME]", "IN:GET_EVENT]"], "predicted_tokens": ["[IN:GET_EVENT", "[SL:CATEGORY_EVENT", "@ptr0", "SL:CATEGORY_EVENT]", "[SL:DATE_TIME", "@ptr3", "@ptr4", "SL:DATE_TIME]", "IN:GET_EVENT]"]}
{"loss": 0.9597809910774231, "class_log_probabilities": [-0.582673966884613, -5.0008368492126465, -6.034671306610107, -6.507622241973877], "predictions": [61, 16, 395, 396, 17, 62, 4], "target_tokens": ["[IN:GET_EVENT", "[SL:DATE_TIME", "@ptr0", "@ptr1", "SL:DATE_TIME]", "IN:GET_EVENT]"], "predicted_tokens": ["[IN:GET_EVENT", "[SL:DATE_TIME", "@ptr0", "@ptr1", "SL:DATE_TIME]", "IN:GET_EVENT]"]}
{"loss": 3.5484466552734375, "class_log_probabilities": [-0.9435043334960938, -5.693681240081787, -6.420836448669434, -6.925571441650391], "predictions": [61, 83, 395, 396, 397, 398, 84, 14, 400, 401, 402, 15, 16, 403, 404, 17, 62, 4], "target_tokens": ["[IN:GET_EVENT", "[SL:LOCATION", "@ptr5", "@ptr6", "SL:LOCATION]", "[SL:DATE_TIME", "@ptr7", "@ptr8", "SL:DATE_TIME]", "IN:GET_EVENT]"], "predicted_tokens": ["[IN:GET_EVENT", "[SL:CATEGORY_EVENT", "@ptr0", "@ptr1", "@ptr2", "@ptr3", "SL:CATEGORY_EVENT]", "[SL:LOCATION", "@ptr5", "@ptr6", "@ptr7", "SL:LOCATION]", "[SL:DATE_TIME", "@ptr8", "@ptr9", "SL:DATE_TIME]", "IN:GET_EVENT]"]}
{"loss": 3.7007980346679688, "class_log_probabilities": [-7.150226593017578, -7.57620096206665, -8.107705116271973, -8.882468223571777], "predictions": [63, 66, 395, 67, 101, 401, 402, 102, 16, 404, 405, 406, 17, 68, 4, 4], "target_tokens": ["[IN:GET_EMPLOYMENT_TIME", "[SL:CONTACT", "@ptr0", "SL:CONTACT]", "[SL:EMPLOYER", "@ptr5", "@ptr6", "SL:EMPLOYER]", "IN:GET_EMPLOYMENT_TIME]"], "predicted_tokens": ["[IN:PLAY_MUSIC", "[SL:MUSIC_ARTIST_NAME", "@ptr0", "SL:MUSIC_ARTIST_NAME]", "[SL:MUSIC_TRACK_TITLE", "@ptr6", "@ptr7", "SL:MUSIC_TRACK_TITLE]", "[SL:DATE_TIME", "@ptr9", "@ptr10", "@ptr11", "SL:DATE_TIME]", "IN:PLAY_MUSIC]"]}
{"loss": 2.0775094032287598, "class_log_probabilities": [-2.067150831222534, -2.0978002548217773, -3.801481246948242, -4.18982458114624], "predictions": [137, 6, 395, 7, 138, 398, 399, 400, 139, 140, 4, 4, 4, 4, 4, 4], "target_tokens": ["[IN:GET_EMPLOYMENT_TIME", "[SL:CONTACT", "@ptr0", "SL:CONTACT]", "[SL:EMPLOYER", "@ptr3", "@ptr4", "SL:EMPLOYER]", "IN:GET_EMPLOYMENT_TIME]"], "predicted_tokens": ["[IN:GET_EMPLOYER", "[SL:CONTACT", "@ptr0", "SL:CONTACT]", "[SL:EMPLOYER", "@ptr3", "@ptr4", "@ptr5", "SL:EMPLOYER]", "IN:GET_EMPLOYER]"]}
{"loss": 4.649492263793945, "class_log_probabilities": [-1.2792805433273315, -6.469432353973389, -10.012678146362305, -12.664387702941895], "predictions": [70, 71, 395, 72, 93, 398, 94, 73, 4, 4, 4, 4, 4, 4, 4, 4, 4, 4, 4, 4, 4, 4, 4], "target_tokens": ["[IN:GET_EMPLOYMENT_TIME", "[SL:CONTACT_RELATED", "@ptr2", "@ptr3", "SL:CONTACT_RELATED]", "[SL:TYPE_RELATION", "@ptr0", "@ptr1", "SL:TYPE_RELATION]", "IN:GET_EMPLOYMENT_TIME]"], "predicted_tokens": ["[IN:GET_CONTACT", "[SL:TYPE_RELATION", "@ptr0", "SL:TYPE_RELATION]", "[SL:CONTACT_RELATED", "@ptr3", "SL:CONTACT_RELATED]", "IN:GET_CONTACT]"]}
{"loss": 3.3976638317108154, "class_log_probabilities": [-6.620325565338135, -7.703283786773682, -8.113953590393066, -8.331504821777344], "predictions": [125, 6, 396, 397, 398, 7, 257, 403, 404, 405, 406, 258, 16, 406, 17, 126, 4, 4], "target_tokens": ["[IN:GET_EDUCATION_TIME", "[SL:CONTACT", "@ptr0", "@ptr1", "SL:CONTACT]", "[SL:SCHOOL", "@ptr7", "@ptr8", "@ptr9", "SL:SCHOOL]", "IN:GET_EDUCATION_TIME]"], "predicted_tokens": ["[IN:GET_AGE", "[SL:CONTACT", "@ptr1", "@ptr2", "@ptr3", "SL:CONTACT]", "[SL:SCHOOL", "@ptr8", "@ptr9", "@ptr10", "@ptr11", "SL:SCHOOL]", "[SL:DATE_TIME", "@ptr11", "SL:DATE_TIME]", "IN:GET_AGE]"]}
{"loss": 1.0492205619812012, "class_log_probabilities": [-1.0489546060562134, -2.671283006668091, -4.767199993133545, -5.482152938842773], "predictions": [125, 6, 395, 7, 126, 4, 4, 4, 4], "target_tokens": ["[IN:GET_AGE", "[SL:CONTACT", "@ptr0", "SL:CONTACT]", "IN:GET_AGE]"], "predicted_tokens": ["[IN:GET_AGE", "[SL:CONTACT", "@ptr0", "SL:CONTACT]", "IN:GET_AGE]"]}
{"loss": 2.854822874069214, "class_log_probabilities": [-1.3237603902816772, -1.8379158973693848, -6.801857948303223, -6.92777681350708], "predictions": [70, 138, 403, 404, 405, 406, 407, 139, 73, 4, 4], "target_tokens": ["[IN:GET_CONTACT", "[SL:EMPLOYER", "@ptr7", "@ptr8", "@ptr9", "@ptr10", "SL:EMPLOYER]", "IN:GET_CONTACT]"], "predicted_tokens": ["[IN:GET_CONTACT", "[SL:EMPLOYER", "@ptr8", "@ptr9", "@ptr10", "@ptr11", "@ptr12", "SL:EMPLOYER]", "IN:GET_CONTACT]"]}
{"loss": 0.9663138389587402, "class_log_probabilities": [-0.4629010558128357, -5.825756549835205, -5.899521827697754, -6.810366153717041], "predictions": [70, 138, 398, 399, 400, 139, 73, 4, 4], "target_tokens": ["[IN:GET_CONTACT", "[SL:EMPLOYER", "@ptr3", "@ptr4", "@ptr5", "SL:EMPLOYER]", "IN:GET_CONTACT]"], "predicted_tokens": ["[IN:GET_CONTACT", "[SL:EMPLOYER", "@ptr3", "@ptr4", "@ptr5", "SL:EMPLOYER]", "IN:GET_CONTACT]"]}
{"loss": 1.684166431427002, "class_log_probabilities": [-0.31092581152915955, -5.0350260734558105, -7.868748664855957, -7.925092697143555], "predictions": [70, 257, 400, 258, 73, 4], "target_tokens": ["[IN:GET_CONTACT", "[SL:SCHOOL", "@ptr4", "SL:SCHOOL]", "IN:GET_CONTACT]"], "predicted_tokens": ["[IN:GET_CONTACT", "[SL:SCHOOL", "@ptr5", "SL:SCHOOL]", "IN:GET_CONTACT]"]}
{"loss": 2.3093228340148926, "class_log_probabilities": [-0.30713027715682983, -7.5698018074035645, -7.761023998260498, -7.877461910247803], "predictions": [70, 257, 404, 258, 73, 4], "target_tokens": ["[IN:GET_CONTACT", "[SL:SCHOOL", "@ptr8", "SL:SCHOOL]", "IN:GET_CONTACT]"], "predicted_tokens": ["[IN:GET_CONTACT", "[SL:SCHOOL", "@ptr9", "SL:SCHOOL]", "IN:GET_CONTACT]"]}
{"loss": 2.5000946521759033, "class_log_probabilities": [-1.2628532648086548, -3.34163761138916, -3.382289171218872, -4.391913890838623], "predictions": [70, 71, 395, 72, 93, 396, 94, 257, 404, 258, 73, 4], "target_tokens": ["[IN:GET_CONTACT", "[SL:CONTACT_RELATED", "@ptr1", "SL:CONTACT_RELATED]", "[SL:TYPE_RELATION", "@ptr0", "SL:TYPE_RELATION]", "[SL:SCHOOL", "@ptr7", "SL:SCHOOL]", "IN:GET_CONTACT]"], "predicted_tokens": ["[IN:GET_CONTACT", "[SL:TYPE_RELATION", "@ptr0", "SL:TYPE_RELATION]", "[SL:CONTACT_RELATED", "@ptr1", "SL:CONTACT_RELATED]", "[SL:SCHOOL", "@ptr9", "SL:SCHOOL]", "IN:GET_CONTACT]"]}
{"loss": 0.9648103713989258, "class_log_probabilities": [-0.32265856862068176, -8.244359970092773, -8.314781188964844, -8.407442092895508], "predictions": [70, 14, 399, 15, 73, 4], "target_tokens": ["[IN:GET_CONTACT", "[SL:LOCATION", "@ptr4", "SL:LOCATION]", "IN:GET_CONTACT]"], "predicted_tokens": ["[IN:GET_CONTACT", "[SL:LOCATION", "@ptr4", "SL:LOCATION]", "IN:GET_CONTACT]"]}
{"loss": 2.470628261566162, "class_log_probabilities": [-0.6830716133117676, -3.3230631351470947, -6.895390033721924, -7.863866329193115], "predictions": [70, 93, 395, 94, 14, 403, 404, 15, 73, 4, 4, 4, 4], "target_tokens": ["[IN:GET_CONTACT", "[SL:CONTACT_RELATED", "@ptr0", "SL:CONTACT_RELATED]", "[SL:LOCATION", "@ptr7", "@ptr8", "SL:LOCATION]", "IN:GET_CONTACT]"], "predicted_tokens": ["[IN:GET_CONTACT", "[SL:CONTACT_RELATED", "@ptr0", "SL:CONTACT_RELATED]", "[SL:LOCATION", "@ptr8", "@ptr9", "SL:LOCATION]", "IN:GET_CONTACT]"]}
{"loss": 1.095852017402649, "class_log_probabilities": [-1.1771767139434814, -2.283693552017212, -4.48013973236084, -6.019286155700684], "predictions": [70, 71, 396, 72, 93, 397, 398, 94, 73, 4], "target_tokens": ["[IN:GET_CONTACT", "[SL:TYPE_RELATION", "@ptr0", "SL:TYPE_RELATION]", "[SL:CONTACT_RELATED", "@ptr2", "@ptr3", "SL:CONTACT_RELATED]", "IN:GET_CONTACT]"], "predicted_tokens": ["[IN:GET_CONTACT", "[SL:TYPE_RELATION", "@ptr1", "SL:TYPE_RELATION]", "[SL:CONTACT_RELATED", "@ptr2", "@ptr3", "SL:CONTACT_RELATED]", "IN:GET_CONTACT]"]}
{"loss": 1.827158808708191, "class_log_probabilities": [-1.258300542831421, -2.322481393814087, -4.268056392669678, -6.754836559295654], "predictions": [27, 52, 397, 398, 53, 289, 401, 290, 30, 4, 4], "target_tokens": ["[IN:GET_INFO_RECIPES", "[SL:RECIPES_DISH", "@ptr2", "@ptr3", "SL:RECIPES_DISH]", "IN:GET_INFO_RECIPES]"], "predicted_tokens": ["[IN:GET_INFO_RECIPES", "[SL:RECIPES_DISH", "@ptr2", "@ptr3", "SL:RECIPES_DISH]", "[SL:RECIPES_RATING", "@ptr6", "SL:RECIPES_RATING]", "IN:GET_INFO_RECIPES]"]}
{"loss": 4.230519771575928, "class_log_probabilities": [-1.9949601888656616, -2.841892719268799, -3.9792370796203613, -4.454117774963379], "predictions": [227, 90, 398, 91, 16, 399, 400, 17, 228, 4], "target_tokens": ["[IN:SUBTRACT_TIME_TIMER", "[SL:DATE_TIME", "@ptr4", "@ptr5", "SL:DATE_TIME]", "[SL:METHOD_TIMER", "@ptr1", "@ptr2", "@ptr3", "SL:METHOD_TIMER]", "IN:SUBTRACT_TIME_TIMER]"], "predicted_tokens": ["[IN:UPDATE_TIMER", "[SL:METHOD_TIMER", "@ptr3", "SL:METHOD_TIMER]", "[SL:DATE_TIME", "@ptr4", "@ptr5", "SL:DATE_TIME]", "IN:UPDATE_TIMER]"]}
{"loss": 4.319212913513184, "class_log_probabilities": [-0.7344922423362732, -4.373534679412842, -7.491298675537109, -7.700217247009277], "predictions": [39, 40, 398, 41, 56, 401, 402, 403, 404, 57, 42, 4, 4], "target_tokens": ["[IN:GET_STORIES_NEWS", "[SL:NEWS_CATEGORY", "@ptr6", "@ptr7", "SL:NEWS_CATEGORY]", "[SL:NEWS_TYPE", "@ptr3", "SL:NEWS_TYPE]", "[SL:DATE_TIME", "@ptr0", "@ptr1", "SL:DATE_TIME]", "IN:GET_STORIES_NEWS]"], "predicted_tokens": ["[IN:GET_STORIES_NEWS", "[SL:NEWS_TYPE", "@ptr3", "SL:NEWS_TYPE]", "[SL:NEWS_TOPIC", "@ptr6", "@ptr7", "@ptr8", "@ptr9", "SL:NEWS_TOPIC]", "IN:GET_STORIES_NEWS]"]}
{"loss": 3.3459014892578125, "class_log_probabilities": [-0.9408969879150391, -3.471506118774414, -3.971693277359009, -6.890512466430664], "predictions": [39, 43, 395, 396, 44, 40, 398, 41, 42, 4], "target_tokens": ["[IN:GET_STORIES_NEWS", "[SL:NEWS_TYPE", "@ptr3", "@ptr4", "SL:NEWS_TYPE]", "[SL:NEWS_CATEGORY", "@ptr0", "@ptr1", "SL:NEWS_CATEGORY]", "IN:GET_STORIES_NEWS]"], "predicted_tokens": ["[IN:GET_STORIES_NEWS", "[SL:NEWS_CATEGORY", "@ptr0", "@ptr1", "SL:NEWS_CATEGORY]", "[SL:NEWS_TYPE", "@ptr3", "SL:NEWS_TYPE]", "IN:GET_STORIES_NEWS]"]}
{"loss": 3.1767094135284424, "class_log_probabilities": [-1.558746099472046, -2.4683873653411865, -3.1413159370422363, -4.459543704986572], "predictions": [89, 90, 398, 91, 16, 399, 400, 401, 17, 92, 4], "target_tokens": ["[IN:CREATE_TIMER", "[SL:METHOD_TIMER", "@ptr1", "@ptr2", "@ptr3", "SL:METHOD_TIMER]", "[SL:DATE_TIME", "@ptr4", "@ptr5", "SL:DATE_TIME]", "IN:CREATE_TIMER]"], "predicted_tokens": ["[IN:CREATE_TIMER", "[SL:METHOD_TIMER", "@ptr3", "SL:METHOD_TIMER]", "[SL:DATE_TIME", "@ptr4", "@ptr5", "@ptr6", "SL:DATE_TIME]", "IN:CREATE_TIMER]"]}
{"loss": 4.476970672607422, "class_log_probabilities": [-1.0122519731521606, -4.439655303955078, -5.155842304229736, -5.528866767883301], "predictions": [55, 56, 395, 396, 397, 398, 399, 400, 401, 402, 403, 404, 405, 406, 407, 57, 58, 4, 4], "target_tokens": ["[IN:QUESTION_NEWS", "[SL:NEWS_TOPIC", "@ptr1", "SL:NEWS_TOPIC]", "[SL:DATE_TIME", "@ptr6", "@ptr7", "@ptr8", "SL:DATE_TIME]", "[SL:NEWS_CATEGORY", "@ptr2", "@ptr3", "@ptr4", "@ptr5", "SL:NEWS_CATEGORY]", "[SL:NEWS_TOPIC", "@ptr10", "@ptr11", "SL:NEWS_TOPIC]", "IN:QUESTION_NEWS]"], "predicted_tokens": ["[IN:QUESTION_NEWS", "[SL:NEWS_TOPIC", "@ptr0", "@ptr1", "@ptr2", "@ptr3", "@ptr4", "@ptr5", "@ptr6", "@ptr7", "@ptr8", "@ptr9", "@ptr10", "@ptr11", "@ptr12", "SL:NEWS_TOPIC]", "IN:QUESTION_NEWS]"]}
{"loss": 4.046977996826172, "class_log_probabilities": [-4.848356246948242, -4.9065961837768555, -5.190866470336914, -7.106762886047363], "predictions": [13, 14, 395, 396, 397, 398, 15, 14, 400, 401, 402, 15, 16, 403, 404, 17, 135, 407, 408, 136, 18, 4, 4, 4, 4], "target_tokens": ["[IN:GET_WEATHER", "[SL:LOCATION", "@ptr5", "SL:LOCATION]", "[SL:DATE_TIME", "@ptr6", "@ptr7", "@ptr8", "SL:DATE_TIME]", "[SL:WEATHER_TEMPERATURE_UNIT", "@ptr11", "SL:WEATHER_TEMPERATURE_UNIT]", "IN:GET_WEATHER]"], "predicted_tokens": ["[IN:GET_WEATHER", "[SL:LOCATION", "@ptr0", "@ptr1", "@ptr2", "@ptr3", "SL:LOCATION]", "[SL:LOCATION", "@ptr5", "@ptr6", "@ptr7", "SL:LOCATION]", "[SL:DATE_TIME", "@ptr8", "@ptr9", "SL:DATE_TIME]", "[SL:WEATHER_TEMPERATURE_UNIT", "@ptr12", "@ptr13", "SL:WEATHER_TEMPERATURE_UNIT]", "IN:GET_WEATHER]"]}
{"loss": 4.575710296630859, "class_log_probabilities": [-4.938170433044434, -5.460356712341309, -5.629462718963623, -6.354183673858643], "predictions": [13, 16, 395, 396, 397, 17, 14, 401, 15, 79, 405, 406, 80, 135, 407, 136, 18, 4, 4], "target_tokens": ["[IN:GET_WEATHER", "[SL:WEATHER_ATTRIBUTE", "@ptr7", "@ptr8", "SL:WEATHER_ATTRIBUTE]", "[SL:WEATHER_ATTRIBUTE", "@ptr9", "SL:WEATHER_ATTRIBUTE]", "[SL:WEATHER_TEMPERATURE_UNIT", "@ptr11", "SL:WEATHER_TEMPERATURE_UNIT]", "[SL:LOCATION", "@ptr5", "SL:LOCATION]", "[SL:DATE_TIME", "@ptr0", "@ptr1", "@ptr2", "SL:DATE_TIME]", "IN:GET_WEATHER]"], "predicted_tokens": ["[IN:GET_WEATHER", "[SL:DATE_TIME", "@ptr0", "@ptr1", "@ptr2", "SL:DATE_TIME]", "[SL:LOCATION", "@ptr6", "SL:LOCATION]", "[SL:WEATHER_ATTRIBUTE", "@ptr10", "@ptr11", "SL:WEATHER_ATTRIBUTE]", "[SL:WEATHER_TEMPERATURE_UNIT", "@ptr12", "SL:WEATHER_TEMPERATURE_UNIT]", "IN:GET_WEATHER]"]}
{"loss": 1.927491307258606, "class_log_probabilities": [-0.4896518588066101, -4.638244152069092, -6.78162956237793, -7.532446384429932], "predictions": [51, 52, 398, 399, 400, 53, 54, 4, 4], "target_tokens": ["[IN:GET_RECIPES", "[SL:RECIPES_DISH", "@ptr3", "@ptr4", "SL:RECIPES_DISH]", "IN:GET_RECIPES]"], "predicted_tokens": ["[IN:GET_RECIPES", "[SL:RECIPES_DISH", "@ptr3", "@ptr4", "@ptr5", "SL:RECIPES_DISH]", "IN:GET_RECIPES]"]}
{"loss": 3.0146358013153076, "class_log_probabilities": [-2.588200569152832, -2.865966796875, -4.346333980560303, -4.3509063720703125], "predictions": [51, 52, 401, 402, 403, 404, 53, 129, 406, 407, 130, 54, 4, 4], "target_tokens": ["[IN:GET_RECIPES", "[SL:RECIPES_DISH", "@ptr5", "@ptr6", "@ptr7", "@ptr8", "SL:RECIPES_DISH]", "[SL:RECIPES_EXCLUDED_INGREDIENT", "@ptr11", "SL:RECIPES_EXCLUDED_INGREDIENT]", "IN:GET_RECIPES]"], "predicted_tokens": ["[IN:GET_RECIPES", "[SL:RECIPES_DISH", "@ptr6", "@ptr7", "@ptr8", "@ptr9", "SL:RECIPES_DISH]", "[SL:RECIPES_INCLUDED_INGREDIENT", "@ptr11", "@ptr12", "SL:RECIPES_INCLUDED_INGREDIENT]", "IN:GET_RECIPES]"]}
{"loss": 3.319786548614502, "class_log_probabilities": [-3.27537202835083, -3.497180223464966, -3.8809850215911865, -4.011218547821045], "predictions": [13, 16, 395, 396, 17, 79, 399, 80, 18, 4], "target_tokens": ["[IN:GET_WEATHER", "[SL:WEATHER_ATTRIBUTE", "@ptr3", "SL:WEATHER_ATTRIBUTE]", "[SL:DATE_TIME", "@ptr0", "@ptr1", "SL:DATE_TIME]", "IN:GET_WEATHER]"], "predicted_tokens": ["[IN:GET_WEATHER", "[SL:DATE_TIME", "@ptr0", "@ptr1", "SL:DATE_TIME]", "[SL:WEATHER_ATTRIBUTE", "@ptr4", "SL:WEATHER_ATTRIBUTE]", "IN:GET_WEATHER]"]}
{"loss": 0.9895398020744324, "class_log_probabilities": [-0.1485925167798996, -7.640580177307129, -7.722106456756592, -7.795304775238037], "predictions": [241, 242, 4], "target_tokens": ["[IN:SKIP_TRACK_MUSIC", "IN:SKIP_TRACK_MUSIC]"], "predicted_tokens": ["[IN:SKIP_TRACK_MUSIC", "IN:SKIP_TRACK_MUSIC]"]}
{"loss": 3.0509066581726074, "class_log_probabilities": [-0.5443549752235413, -4.7530646324157715, -5.671800136566162, -5.966946125030518], "predictions": [229, 64, 396, 65, 20, 397, 21, 230, 4], "target_tokens": ["[IN:PREVIOUS_TRACK_MUSIC", "[SL:ORDINAL", "@ptr2", "SL:ORDINAL]", "[SL:MUSIC_TYPE", "@ptr1", "SL:MUSIC_TYPE]", "IN:PREVIOUS_TRACK_MUSIC]"], "predicted_tokens": ["[IN:PREVIOUS_TRACK_MUSIC", "[SL:MUSIC_TYPE", "@ptr1", "SL:MUSIC_TYPE]", "[SL:ORDINAL", "@ptr2", "SL:ORDINAL]", "IN:PREVIOUS_TRACK_MUSIC]"]}
{"loss": 1.568099021911621, "class_log_probabilities": [-2.6842360496520996, -3.3792784214019775, -4.36655330657959, -5.026680946350098], "predictions": [205, 208, 4], "target_tokens": ["[IN:START_SHUFFLE_MUSIC", "IN:START_SHUFFLE_MUSIC]"], "predicted_tokens": ["[IN:START_SHUFFLE_MUSIC", "IN:START_SHUFFLE_MUSIC]"]}
{"loss": 0.96463543176651, "class_log_probabilities": [-0.16847211122512817, -8.665251731872559, -8.669167518615723, -8.787043571472168], "predictions": [13, 18, 4, 4], "target_tokens": ["[IN:GET_WEATHER", "IN:GET_WEATHER]"], "predicted_tokens": ["[IN:GET_WEATHER", "IN:GET_WEATHER]"]}
{"loss": 1.5133496522903442, "class_log_probabilities": [-0.7471637725830078, -5.015505313873291, -6.3158135414123535, -6.895695209503174], "predictions": [63, 64, 396, 65, 66, 398, 399, 400, 401, 67, 68, 4], "target_tokens": ["[IN:PLAY_MUSIC", "[SL:MUSIC_TYPE", "@ptr1", "SL:MUSIC_TYPE]", "[SL:MUSIC_ARTIST_NAME", "@ptr3", "@ptr4", "@ptr5", "SL:MUSIC_ARTIST_NAME]", "IN:PLAY_MUSIC]"], "predicted_tokens": ["[IN:PLAY_MUSIC", "[SL:MUSIC_TYPE", "@ptr1", "SL:MUSIC_TYPE]", "[SL:MUSIC_ARTIST_NAME", "@ptr3", "@ptr4", "@ptr5", "@ptr6", "SL:MUSIC_ARTIST_NAME]", "IN:PLAY_MUSIC]"]}
{"loss": 3.438878059387207, "class_log_probabilities": [-0.4951259195804596, -6.165997505187988, -6.771504878997803, -7.22662878036499], "predictions": [63, 64, 397, 65, 68, 4], "target_tokens": ["[IN:PLAY_MUSIC", "[SL:MUSIC_GENRE", "@ptr4", "@ptr5", "@ptr6", "SL:MUSIC_GENRE]", "[SL:MUSIC_TYPE", "@ptr2", "SL:MUSIC_TYPE]", "IN:PLAY_MUSIC]"], "predicted_tokens": ["[IN:PLAY_MUSIC", "[SL:MUSIC_TYPE", "@ptr2", "SL:MUSIC_TYPE]", "IN:PLAY_MUSIC]"]}
{"loss": 2.7770612239837646, "class_log_probabilities": [-2.0748519897460938, -3.6883785724639893, -5.274970531463623, -6.0282979011535645], "predictions": [61, 6, 396, 397, 398, 399, 400, 7, 14, 402, 15, 62, 4, 4], "target_tokens": ["[IN:GET_WEATHER", "[SL:WEATHER_ATTRIBUTE", "@ptr1", "@ptr2", "@ptr3", "@ptr4", "SL:WEATHER_ATTRIBUTE]", "[SL:LOCATION", "@ptr6", "SL:LOCATION]", "IN:GET_WEATHER]"], "predicted_tokens": ["[IN:GET_EVENT", "[SL:CONTACT", "@ptr1", "@ptr2", "@ptr3", "@ptr4", "@ptr5", "SL:CONTACT]", "[SL:LOCATION", "@ptr7", "SL:LOCATION]", "IN:GET_EVENT]"]}
{"loss": 0.9670568108558655, "class_log_probabilities": [-0.31935691833496094, -8.183228492736816, -8.516470909118652, -8.536964416503906], "predictions": [63, 64, 396, 65, 68, 4], "target_tokens": ["[IN:PLAY_MUSIC", "[SL:MUSIC_TYPE", "@ptr1", "SL:MUSIC_TYPE]", "IN:PLAY_MUSIC]"], "predicted_tokens": ["[IN:PLAY_MUSIC", "[SL:MUSIC_TYPE", "@ptr1", "SL:MUSIC_TYPE]", "IN:PLAY_MUSIC]"]}
{"loss": 1.854073166847229, "class_log_probabilities": [-1.9554729461669922, -2.659423351287842, -3.4615678787231445, -5.404141426086426], "predictions": [39, 40, 397, 398, 41, 56, 402, 403, 404, 405, 406, 407, 408, 409, 57, 42, 4], "target_tokens": ["[IN:GET_STORIES_NEWS", "[SL:NEWS_TYPE", "@ptr2", "@ptr3", "SL:NEWS_TYPE]", "[SL:NEWS_TOPIC", "@ptr6", "@ptr7", "@ptr8", "@ptr9", "@ptr10", "@ptr11", "@ptr12", "SL:NEWS_TOPIC]", "IN:GET_STORIES_NEWS]"], "predicted_tokens": ["[IN:GET_STORIES_NEWS", "[SL:NEWS_TYPE", "@ptr2", "@ptr3", "SL:NEWS_TYPE]", "[SL:NEWS_TOPIC", "@ptr7", "@ptr8", "@ptr9", "@ptr10", "@ptr11", "@ptr12", "@ptr13", "@ptr14", "SL:NEWS_TOPIC]", "IN:GET_STORIES_NEWS]"]}
{"loss": 3.75235915184021, "class_log_probabilities": [-0.4274420738220215, -3.964919328689575, -6.012167930603027, -7.77124547958374], "predictions": [115, 90, 399, 91, 116, 4], "target_tokens": ["[IN:GET_TIMER", "[SL:METHOD_TIMER", "@ptr2", "@ptr3", "@ptr4", "SL:METHOD_TIMER]", "IN:GET_TIMER]"], "predicted_tokens": ["[IN:GET_TIMER", "[SL:METHOD_TIMER", "@ptr4", "SL:METHOD_TIMER]", "IN:GET_TIMER]"]}
{"loss": 0.9619038105010986, "class_log_probabilities": [-0.3468697965145111, -7.311116695404053, -8.203398704528809, -8.223275184631348], "predictions": [13, 79, 395, 80, 18, 4, 4], "target_tokens": ["[IN:GET_WEATHER", "[SL:WEATHER_ATTRIBUTE", "@ptr0", "SL:WEATHER_ATTRIBUTE]", "IN:GET_WEATHER]"], "predicted_tokens": ["[IN:GET_WEATHER", "[SL:WEATHER_ATTRIBUTE", "@ptr0", "SL:WEATHER_ATTRIBUTE]", "IN:GET_WEATHER]"]}
{"loss": 3.1723179817199707, "class_log_probabilities": [-0.9092221260070801, -5.661044597625732, -7.531498908996582, -7.917693138122559], "predictions": [39, 16, 395, 396, 17, 40, 398, 41, 56, 401, 402, 403, 57, 42, 4], "target_tokens": ["[IN:GET_STORIES_NEWS", "[SL:NEWS_TYPE", "@ptr3", "SL:NEWS_TYPE]", "[SL:NEWS_TOPIC", "@ptr6", "@ptr7", "SL:NEWS_TOPIC]", "[SL:DATE_TIME", "@ptr0", "@ptr1", "SL:DATE_TIME]", "IN:GET_STORIES_NEWS]"], "predicted_tokens": ["[IN:GET_STORIES_NEWS", "[SL:DATE_TIME", "@ptr0", "@ptr1", "SL:DATE_TIME]", "[SL:NEWS_TYPE", "@ptr3", "SL:NEWS_TYPE]", "[SL:NEWS_TOPIC", "@ptr6", "@ptr7", "@ptr8", "SL:NEWS_TOPIC]", "IN:GET_STORIES_NEWS]"]}
{"loss": 1.0731014013290405, "class_log_probabilities": [-1.759369134902954, -2.192692279815674, -6.777444362640381, -7.166903018951416], "predictions": [45, 16, 399, 400, 401, 402, 17, 46, 4, 4], "target_tokens": ["[IN:CREATE_ALARM", "[SL:DATE_TIME", "@ptr3", "@ptr4", "@ptr5", "@ptr6", "@ptr7", "SL:DATE_TIME]", "IN:CREATE_ALARM]"], "predicted_tokens": ["[IN:CREATE_ALARM", "[SL:DATE_TIME", "@ptr4", "@ptr5", "@ptr6", "@ptr7", "SL:DATE_TIME]", "IN:CREATE_ALARM]"]}
{"loss": 4.505537986755371, "class_log_probabilities": [-0.6179646849632263, -3.796251058578491, -6.865684509277344, -7.100309371948242], "predictions": [115, 90, 397, 91, 116, 4], "target_tokens": ["[IN:GET_TIMER", "[SL:ORDINAL", "@ptr5", "@ptr6", "SL:ORDINAL]", "[SL:METHOD_TIMER", "@ptr0", "@ptr1", "@ptr2", "SL:METHOD_TIMER]", "IN:GET_TIMER]"], "predicted_tokens": ["[IN:GET_TIMER", "[SL:METHOD_TIMER", "@ptr2", "SL:METHOD_TIMER]", "IN:GET_TIMER]"]}
{"loss": 0.9746131896972656, "class_log_probabilities": [-0.30629897117614746, -7.234167575836182, -7.8007025718688965, -8.078286170959473], "predictions": [217, 64, 395, 65, 218, 4], "target_tokens": ["[IN:GET_TRACK_INFO_MUSIC", "[SL:MUSIC_TYPE", "@ptr0", "SL:MUSIC_TYPE]", "IN:GET_TRACK_INFO_MUSIC]"], "predicted_tokens": ["[IN:GET_TRACK_INFO_MUSIC", "[SL:MUSIC_TYPE", "@ptr0", "SL:MUSIC_TYPE]", "IN:GET_TRACK_INFO_MUSIC]"]}
{"loss": 3.4705517292022705, "class_log_probabilities": [-3.413713216781616, -3.841071367263794, -4.168510437011719, -4.416595935821533], "predictions": [13, 16, 395, 396, 17, 79, 402, 403, 404, 405, 80, 14, 407, 408, 410, 15, 18, 4, 4], "target_tokens": ["[IN:GET_WEATHER", "[SL:WEATHER_ATTRIBUTE", "@ptr6", "@ptr7", "@ptr8", "@ptr9", "SL:WEATHER_ATTRIBUTE]", "[SL:LOCATION", "@ptr11", "@ptr12", "@ptr13", "@ptr14", "SL:LOCATION]", "[SL:DATE_TIME", "@ptr0", "@ptr1", "SL:DATE_TIME]", "IN:GET_WEATHER]"], "predicted_tokens": ["[IN:GET_WEATHER", "[SL:DATE_TIME", "@ptr0", "@ptr1", "SL:DATE_TIME]", "[SL:WEATHER_ATTRIBUTE", "@ptr7", "@ptr8", "@ptr9", "@ptr10", "SL:WEATHER_ATTRIBUTE]", "[SL:LOCATION", "@ptr12", "@ptr13", "@ptr15", "SL:LOCATION]", "IN:GET_WEATHER]"]}
{"loss": 0.975847065448761, "class_log_probabilities": [-0.28564873337745667, -8.41622543334961, -8.507479667663574, -8.742681503295898], "predictions": [115, 90, 397, 91, 116, 4, 4, 4], "target_tokens": ["[IN:GET_TIMER", "[SL:METHOD_TIMER", "@ptr2", "SL:METHOD_TIMER]", "IN:GET_TIMER]"], "predicted_tokens": ["[IN:GET_TIMER", "[SL:METHOD_TIMER", "@ptr2", "SL:METHOD_TIMER]", "IN:GET_TIMER]"]}
{"loss": 2.7299134731292725, "class_log_probabilities": [-0.5076385140419006, -8.175207138061523, -8.564326286315918, -8.797496795654297], "predictions": [45, 16, 399, 400, 401, 17, 46, 4, 4], "target_tokens": ["[IN:CREATE_ALARM", "[SL:DATE_TIME", "@ptr3", "@ptr4", "@ptr5", "SL:DATE_TIME]", "IN:CREATE_ALARM]"], "predicted_tokens": ["[IN:CREATE_ALARM", "[SL:DATE_TIME", "@ptr4", "@ptr5", "@ptr6", "SL:DATE_TIME]", "IN:CREATE_ALARM]"]}
{"loss": 3.132550001144409, "class_log_probabilities": [-0.35343098640441895, -7.608965873718262, -8.109981536865234, -8.444221496582031], "predictions": [183, 16, 397, 398, 17, 184, 4, 4], "target_tokens": ["[IN:ADD_TIME_TIMER", "[SL:DATE_TIME", "@ptr2", "@ptr3", "SL:DATE_TIME]", "[SL:METHOD_TIMER", "@ptr5", "@ptr6", "@ptr7", "SL:METHOD_TIMER]", "IN:ADD_TIME_TIMER]"], "predicted_tokens": ["[IN:ADD_TIME_TIMER", "[SL:DATE_TIME", "@ptr2", "@ptr3", "SL:DATE_TIME]", "IN:ADD_TIME_TIMER]"]}
{"loss": 4.067735195159912, "class_log_probabilities": [-0.923961877822876, -3.1638171672821045, -4.200781345367432, -5.030600547790527], "predictions": [39, 40, 397, 41, 43, 399, 44, 42, 4, 4], "target_tokens": ["[IN:GET_STORIES_NEWS", "[SL:NEWS_CATEGORY", "@ptr3", "@ptr4", "SL:NEWS_CATEGORY]", "[SL:NEWS_TYPE", "@ptr0", "@ptr1", "@ptr2", "SL:NEWS_TYPE]", "IN:GET_STORIES_NEWS]"], "predicted_tokens": ["[IN:GET_STORIES_NEWS", "[SL:NEWS_TYPE", "@ptr2", "SL:NEWS_TYPE]", "[SL:NEWS_CATEGORY", "@ptr4", "SL:NEWS_CATEGORY]", "IN:GET_STORIES_NEWS]"]}
{"loss": 2.8365447521209717, "class_log_probabilities": [-0.7477808594703674, -5.844902992248535, -6.9157304763793945, -6.928559303283691], "predictions": [45, 141, 397, 398, 399, 400, 142, 16, 402, 403, 404, 17, 46, 4], "target_tokens": ["[IN:CREATE_ALARM", "[SL:PERIOD", "@ptr2", "@ptr3", "@ptr4", "SL:PERIOD]", "[SL:DATE_TIME", "@ptr5", "@ptr6", "@ptr7", "@ptr8", "SL:DATE_TIME]", "IN:CREATE_ALARM]"], "predicted_tokens": ["[IN:CREATE_ALARM", "[SL:PERIOD", "@ptr2", "@ptr3", "@ptr4", "@ptr5", "SL:PERIOD]", "[SL:DATE_TIME", "@ptr7", "@ptr8", "@ptr9", "SL:DATE_TIME]", "IN:CREATE_ALARM]"]}
{"loss": 3.6091907024383545, "class_log_probabilities": [-0.5347809791564941, -6.667055606842041, -7.30451774597168, -7.950890064239502], "predictions": [13, 16, 399, 400, 401, 17, 18, 4, 4], "target_tokens": ["[IN:GET_WEATHER", "IN:GET_WEATHER]"], "predicted_tokens": ["[IN:GET_WEATHER", "[SL:DATE_TIME", "@ptr4", "@ptr5", "@ptr6", "SL:DATE_TIME]", "IN:GET_WEATHER]"]}
{"loss": 4.308156490325928, "class_log_probabilities": [-0.6176847815513611, -6.077846527099609, -7.474055290222168, -7.740073204040527], "predictions": [63, 64, 398, 65, 66, 402, 403, 404, 67, 68, 4, 4], "target_tokens": ["[IN:PLAY_MUSIC", "[SL:MUSIC_ARTIST_NAME", "@ptr6", "@ptr7", "@ptr8", "SL:MUSIC_ARTIST_NAME]", "[SL:MUSIC_TYPE", "@ptr3", "SL:MUSIC_TYPE]", "IN:PLAY_MUSIC]"], "predicted_tokens": ["[IN:PLAY_MUSIC", "[SL:MUSIC_TYPE", "@ptr3", "SL:MUSIC_TYPE]", "[SL:MUSIC_ARTIST_NAME", "@ptr7", "@ptr8", "@ptr9", "SL:MUSIC_ARTIST_NAME]", "IN:PLAY_MUSIC]"]}
{"loss": 0.9638457894325256, "class_log_probabilities": [-0.5079354047775269, -6.208074569702148, -6.4810285568237305, -7.591747283935547], "predictions": [13, 79, 397, 80, 18, 4], "target_tokens": ["[IN:GET_WEATHER", "[SL:WEATHER_ATTRIBUTE", "@ptr2", "SL:WEATHER_ATTRIBUTE]", "IN:GET_WEATHER]"], "predicted_tokens": ["[IN:GET_WEATHER", "[SL:WEATHER_ATTRIBUTE", "@ptr2", "SL:WEATHER_ATTRIBUTE]", "IN:GET_WEATHER]"]}
{"loss": 3.5049045085906982, "class_log_probabilities": [-1.6515949964523315, -3.237787961959839, -3.516580104827881, -4.662740707397461], "predictions": [63, 64, 397, 65, 20, 398, 399, 21, 68, 4], "target_tokens": ["[IN:SKIP_TRACK_MUSIC", "[SL:ORDINAL", "@ptr3", "@ptr4", "SL:ORDINAL]", "[SL:MUSIC_TYPE", "@ptr2", "SL:MUSIC_TYPE]", "IN:SKIP_TRACK_MUSIC]"], "predicted_tokens": ["[IN:PLAY_MUSIC", "[SL:MUSIC_TYPE", "@ptr2", "SL:MUSIC_TYPE]", "[SL:ORDINAL", "@ptr3", "@ptr4", "SL:ORDINAL]", "IN:PLAY_MUSIC]"]}
{"loss": 3.2158329486846924, "class_log_probabilities": [-0.3826237916946411, -5.06454610824585, -6.0475993156433105, -7.9177021980285645], "predictions": [39, 40, 397, 41, 42, 4, 4], "target_tokens": ["[IN:GET_STORIES_NEWS", "[SL:NEWS_TYPE", "@ptr1", "@ptr2", "SL:NEWS_TYPE]", "IN:GET_STORIES_NEWS]"], "predicted_tokens": ["[IN:GET_STORIES_NEWS", "[SL:NEWS_TYPE", "@ptr2", "SL:NEWS_TYPE]", "IN:GET_STORIES_NEWS]"]}
{"loss": 2.98953914642334, "class_log_probabilities": [-1.1433979272842407, -1.50238835811615, -6.938977241516113, -7.126687526702881], "predictions": [45, 16, 399, 400, 401, 402, 17, 46, 4, 4], "target_tokens": ["[IN:CREATE_ALARM", "[SL:DATE_TIME", "@ptr3", "@ptr4", "@ptr5", "@ptr6", "SL:DATE_TIME]", "IN:CREATE_ALARM]"], "predicted_tokens": ["[IN:CREATE_ALARM", "[SL:DATE_TIME", "@ptr4", "@ptr5", "@ptr6", "@ptr7", "SL:DATE_TIME]", "IN:CREATE_ALARM]"]}
{"loss": 3.3320505619049072, "class_log_probabilities": [-0.32632559537887573, -6.08179235458374, -7.6095452308654785, -7.8684611320495605], "predictions": [63, 66, 397, 67, 68, 4], "target_tokens": ["[IN:PLAY_MUSIC", "[SL:MUSIC_PLAYLIST_TITLE", "@ptr2", "SL:MUSIC_PLAYLIST_TITLE]", "[SL:MUSIC_TYPE", "@ptr1", "SL:MUSIC_TYPE]", "IN:PLAY_MUSIC]"], "predicted_tokens": ["[IN:PLAY_MUSIC", "[SL:MUSIC_ARTIST_NAME", "@ptr2", "SL:MUSIC_ARTIST_NAME]", "IN:PLAY_MUSIC]"]}
{"loss": 3.5470213890075684, "class_log_probabilities": [-1.5338952541351318, -1.7634024620056152, -6.5773115158081055, -6.758707046508789], "predictions": [13, 16, 395, 17, 79, 398, 80, 18, 4, 4], "target_tokens": ["[IN:GET_WEATHER", "[SL:WEATHER_ATTRIBUTE", "@ptr3", "SL:WEATHER_ATTRIBUTE]", "[SL:DATE_TIME", "@ptr0", "@ptr1", "SL:DATE_TIME]", "IN:GET_WEATHER]"], "predicted_tokens": ["[IN:GET_WEATHER", "[SL:DATE_TIME", "@ptr0", "SL:DATE_TIME]", "[SL:WEATHER_ATTRIBUTE", "@ptr3", "SL:WEATHER_ATTRIBUTE]", "IN:GET_WEATHER]"]}
{"loss": 3.488529920578003, "class_log_probabilities": [-0.5596986413002014, -6.138070583343506, -7.3902268409729, -8.335948944091797], "predictions": [89, 90, 397, 91, 16, 398, 399, 17, 92, 4, 4], "target_tokens": ["[IN:CREATE_TIMER", "[SL:DATE_TIME", "@ptr3", "@ptr4", "SL:DATE_TIME]", "[SL:METHOD_TIMER", "@ptr1", "@ptr2", "SL:METHOD_TIMER]", "IN:CREATE_TIMER]"], "predicted_tokens": ["[IN:CREATE_TIMER", "[SL:METHOD_TIMER", "@ptr2", "SL:METHOD_TIMER]", "[SL:DATE_TIME", "@ptr3", "@ptr4", "SL:DATE_TIME]", "IN:CREATE_TIMER]"]}
{"loss": 0.9844727516174316, "class_log_probabilities": [-0.29360291361808777, -8.26287841796875, -8.322094917297363, -8.661046981811523], "predictions": [287, 64, 398, 65, 288, 4, 4, 4], "target_tokens": ["[IN:REPLAY_MUSIC", "[SL:MUSIC_TYPE", "@ptr3", "SL:MUSIC_TYPE]", "IN:REPLAY_MUSIC]"], "predicted_tokens": ["[IN:REPLAY_MUSIC", "[SL:MUSIC_TYPE", "@ptr3", "SL:MUSIC_TYPE]", "IN:REPLAY_MUSIC]"]}
{"loss": 3.364678382873535, "class_log_probabilities": [-1.5835535526275635, -3.4065093994140625, -4.114719390869141, -6.877374172210693], "predictions": [273, 274, 4, 4, 4, 4], "target_tokens": ["[IN:RESTART_TIMER", "[SL:METHOD_TIMER", "@ptr1", "@ptr2", "@ptr3", "SL:METHOD_TIMER]", "IN:RESTART_TIMER]"], "predicted_tokens": ["[IN:RESTART_TIMER", "IN:RESTART_TIMER]"]}
{"loss": 1.35628342628479, "class_log_probabilities": [-4.250958442687988, -5.859184265136719, -5.870318412780762, -7.3060503005981445], "predictions": [55, 56, 395, 396, 397, 398, 399, 57, 58, 4], "target_tokens": ["[IN:QUESTION_MUSIC", "[SL:MUSIC_ARTIST_NAME", "@ptr0", "@ptr1", "@ptr2", "@ptr3", "@ptr4", "SL:MUSIC_ARTIST_NAME]", "IN:QUESTION_MUSIC]"], "predicted_tokens": ["[IN:QUESTION_NEWS", "[SL:NEWS_TOPIC", "@ptr0", "@ptr1", "@ptr2", "@ptr3", "@ptr4", "SL:NEWS_TOPIC]", "IN:QUESTION_NEWS]"]}
{"loss": 4.888307571411133, "class_log_probabilities": [-1.493044376373291, -2.5000150203704834, -3.1552562713623047, -3.374112844467163], "predictions": [273, 90, 399, 91, 16, 404, 405, 406, 17, 274, 4], "target_tokens": ["[IN:RESTART_TIMER", "[SL:AMOUNT", "@ptr4", "SL:AMOUNT]", "[SL:METHOD_TIMER", "@ptr1", "@ptr2", "@ptr3", "SL:METHOD_TIMER]", "[SL:DATE_TIME", "@ptr7", "@ptr8", "@ptr9", "SL:DATE_TIME]", "IN:RESTART_TIMER]"], "predicted_tokens": ["[IN:RESTART_TIMER", "[SL:METHOD_TIMER", "@ptr4", "SL:METHOD_TIMER]", "[SL:DATE_TIME", "@ptr9", "@ptr10", "@ptr11", "SL:DATE_TIME]", "IN:RESTART_TIMER]"]}
{"loss": 3.5041775703430176, "class_log_probabilities": [-0.5044324398040771, -5.205121040344238, -7.494307518005371, -7.606444358825684], "predictions": [63, 64, 399, 65, 151, 400, 152, 68, 4], "target_tokens": ["[IN:PLAY_MUSIC", "[SL:MUSIC_GENRE", "@ptr4", "SL:MUSIC_GENRE]", "[SL:MUSIC_TYPE", "@ptr3", "SL:MUSIC_TYPE]", "IN:PLAY_MUSIC]"], "predicted_tokens": ["[IN:PLAY_MUSIC", "[SL:MUSIC_TYPE", "@ptr4", "SL:MUSIC_TYPE]", "[SL:MUSIC_GENRE", "@ptr5", "SL:MUSIC_GENRE]", "IN:PLAY_MUSIC]"]}
{"loss": 4.008762836456299, "class_log_probabilities": [-0.6600269675254822, -6.19996976852417, -7.185323238372803, -7.357533931732178], "predictions": [63, 64, 396, 65, 66, 403, 404, 405, 406, 407, 67, 68, 4], "target_tokens": ["[IN:PLAY_MUSIC", "[SL:MUSIC_ARTIST_NAME", "@ptr7", "@ptr8", "@ptr9", "@ptr10", "@ptr11", "SL:MUSIC_ARTIST_NAME]", "[SL:MUSIC_TYPE", "@ptr1", "SL:MUSIC_TYPE]", "IN:PLAY_MUSIC]"], "predicted_tokens": ["[IN:PLAY_MUSIC", "[SL:MUSIC_TYPE", "@ptr1", "SL:MUSIC_TYPE]", "[SL:MUSIC_ARTIST_NAME", "@ptr8", "@ptr9", "@ptr10", "@ptr11", "@ptr12", "SL:MUSIC_ARTIST_NAME]", "IN:PLAY_MUSIC]"]}
{"loss": 2.253217935562134, "class_log_probabilities": [-0.6843916773796082, -8.213142395019531, -8.288067817687988, -8.77590274810791], "predictions": [45, 16, 398, 399, 400, 401, 402, 403, 404, 405, 17, 46, 4, 4, 4, 4, 4, 4, 4, 4], "target_tokens": ["[IN:CREATE_ALARM", "[SL:DATE_TIME", "@ptr2", "@ptr3", "@ptr4", "@ptr5", "@ptr6", "@ptr7", "@ptr8", "@ptr9", "SL:DATE_TIME]", "IN:CREATE_ALARM]"], "predicted_tokens": ["[IN:CREATE_ALARM", "[SL:DATE_TIME", "@ptr3", "@ptr4", "@ptr5", "@ptr6", "@ptr7", "@ptr8", "@ptr9", "@ptr10", "SL:DATE_TIME]", "IN:CREATE_ALARM]"]}
{"loss": 2.2892487049102783, "class_log_probabilities": [-0.5947944521903992, -3.4665865898132324, -6.611341953277588, -6.75531530380249], "predictions": [51, 289, 397, 290, 52, 400, 401, 53, 54, 4, 4], "target_tokens": ["[IN:GET_RECIPES", "[SL:RECIPES_RATING", "@ptr1", "@ptr2", "@ptr3", "SL:RECIPES_RATING]", "[SL:RECIPES_DISH", "@ptr5", "@ptr6", "SL:RECIPES_DISH]", "IN:GET_RECIPES]"], "predicted_tokens": ["[IN:GET_RECIPES", "[SL:RECIPES_RATING", "@ptr2", "SL:RECIPES_RATING]", "[SL:RECIPES_DISH", "@ptr5", "@ptr6", "SL:RECIPES_DISH]", "IN:GET_RECIPES]"]}
{"loss": 2.0578248500823975, "class_log_probabilities": [-0.38785791397094727, -6.204652309417725, -6.354252338409424, -6.833009243011475], "predictions": [165, 52, 396, 397, 53, 166, 4, 4], "target_tokens": ["[IN:GET_RECIPES", "[SL:RECIPES_DISH", "@ptr1", "@ptr2", "SL:RECIPES_DISH]", "IN:GET_RECIPES]"], "predicted_tokens": ["[IN:IS_TRUE_RECIPES", "[SL:RECIPES_DISH", "@ptr1", "@ptr2", "SL:RECIPES_DISH]", "IN:IS_TRUE_RECIPES]"]}
{"loss": 1.057503342628479, "class_log_probabilities": [-0.9433380365371704, -1.103630542755127, -7.128944396972656, -8.226116180419922], "predictions": [51, 52, 398, 53, 54, 4, 4], "target_tokens": ["[IN:GET_RECIPES", "[SL:RECIPES_DISH", "@ptr3", "SL:RECIPES_DISH]", "IN:GET_RECIPES]"], "predicted_tokens": ["[IN:GET_RECIPES", "[SL:RECIPES_DISH", "@ptr3", "SL:RECIPES_DISH]", "IN:GET_RECIPES]"]}
{"loss": 1.5178167819976807, "class_log_probabilities": [-1.617192268371582, -2.4736273288726807, -3.1838767528533936, -4.727892875671387], "predictions": [27, 28, 398, 29, 30, 4, 4, 4, 4], "target_tokens": ["[IN:GET_INFO_RECIPES", "[SL:RECIPES_ATTRIBUTE", "@ptr3", "SL:RECIPES_ATTRIBUTE]", "[SL:RECIPES_DISH", "@ptr9", "SL:RECIPES_DISH]", "IN:GET_INFO_RECIPES]"], "predicted_tokens": ["[IN:GET_INFO_RECIPES", "[SL:RECIPES_ATTRIBUTE", "@ptr3", "SL:RECIPES_ATTRIBUTE]", "IN:GET_INFO_RECIPES]"]}
{"loss": 4.129931449890137, "class_log_probabilities": [-0.6563745737075806, -3.6815288066864014, -4.382752895355225, -4.795299530029297], "predictions": [51, 52, 399, 53, 28, 401, 29, 54, 4, 4], "target_tokens": ["[IN:GET_RECIPES", "[SL:RECIPES_ATTRIBUTE", "@ptr4", "@ptr5", "SL:RECIPES_ATTRIBUTE]", "[SL:RECIPES_DISH", "@ptr3", "SL:RECIPES_DISH]", "IN:GET_RECIPES]"], "predicted_tokens": ["[IN:GET_RECIPES", "[SL:RECIPES_DISH", "@ptr4", "SL:RECIPES_DISH]", "[SL:RECIPES_ATTRIBUTE", "@ptr6", "SL:RECIPES_ATTRIBUTE]", "IN:GET_RECIPES]"]}
{"loss": 2.620065212249756, "class_log_probabilities": [-0.5533666014671326, -6.946095943450928, -7.685536861419678, -7.88558292388916], "predictions": [27, 52, 398, 399, 400, 401, 402, 53, 30, 4], "target_tokens": ["[IN:GET_INFO_RECIPES", "[SL:RECIPES_ATTRIBUTE", "@ptr0", "@ptr1", "SL:RECIPES_ATTRIBUTE]", "[SL:RECIPES_DISH", "@ptr3", "@ptr4", "@ptr5", "@ptr6", "SL:RECIPES_DISH]", "IN:GET_INFO_RECIPES]"], "predicted_tokens": ["[IN:GET_INFO_RECIPES", "[SL:RECIPES_DISH", "@ptr3", "@ptr4", "@ptr5", "@ptr6", "@ptr7", "SL:RECIPES_DISH]", "IN:GET_INFO_RECIPES]"]}
{"loss": 2.7128093242645264, "class_log_probabilities": [-3.3908936977386475, -3.723724365234375, -4.277270793914795, -5.690060615539551], "predictions": [165, 129, 396, 397, 130, 166, 4, 4, 4, 4, 4, 4, 4, 4, 4, 4, 4, 4], "target_tokens": ["[IN:IS_TRUE_RECIPES", "[SL:RECIPES_INCLUDED_INGREDIENT", "@ptr1", "@ptr2", "@ptr3", "@ptr4", "@ptr5", "SL:RECIPES_INCLUDED_INGREDIENT]", "[SL:RECIPES_EXCLUDED_INGREDIENT", "@ptr1", "SL:RECIPES_EXCLUDED_INGREDIENT]", "IN:IS_TRUE_RECIPES]"], "predicted_tokens": ["[IN:IS_TRUE_RECIPES", "[SL:RECIPES_INCLUDED_INGREDIENT", "@ptr1", "@ptr2", "SL:RECIPES_INCLUDED_INGREDIENT]", "IN:IS_TRUE_RECIPES]"]}
{"loss": 2.5364887714385986, "class_log_probabilities": [-1.4000177383422852, -2.344194173812866, -2.6443569660186768, -3.444359064102173], "predictions": [5, 10, 70, 93, 399, 94, 71, 401, 72, 73, 11, 12, 4], "target_tokens": ["[IN:GET_MESSAGE", "[SL:RECIPIENT", "[IN:GET_CONTACT", "[SL:CONTACT_RELATED", "@ptr2", "@ptr3", "SL:CONTACT_RELATED]", "[SL:TYPE_RELATION", "@ptr5", "SL:TYPE_RELATION]", "IN:GET_CONTACT]", "SL:RECIPIENT]", "IN:GET_MESSAGE]"], "predicted_tokens": ["[IN:GET_MESSAGE", "[SL:RECIPIENT", "[IN:GET_CONTACT", "[SL:CONTACT_RELATED", "@ptr4", "SL:CONTACT_RELATED]", "[SL:TYPE_RELATION", "@ptr6", "SL:TYPE_RELATION]", "IN:GET_CONTACT]", "SL:RECIPIENT]", "IN:GET_MESSAGE]"]}
{"loss": 3.240931749343872, "class_log_probabilities": [-2.3827033042907715, -3.9239842891693115, -4.122673511505127, -4.364809989929199], "predictions": [23, 6, 395, 396, 397, 7, 10, 402, 11, 10, 404, 405, 406, 407, 11, 26, 4, 4], "target_tokens": ["[IN:GET_MESSAGE", "[SL:SENDER", "@ptr0", "@ptr1", "@ptr2", "SL:SENDER]", "[SL:RECIPIENT", "@ptr6", "SL:RECIPIENT]", "[SL:NAME_APP", "@ptr8", "@ptr9", "@ptr10", "@ptr11", "SL:NAME_APP]", "IN:GET_MESSAGE]"], "predicted_tokens": ["[IN:SEND_MESSAGE", "[SL:CONTACT", "@ptr0", "@ptr1", "@ptr2", "SL:CONTACT]", "[SL:RECIPIENT", "@ptr7", "SL:RECIPIENT]", "[SL:RECIPIENT", "@ptr9", "@ptr10", "@ptr11", "@ptr12", "SL:RECIPIENT]", "IN:SEND_MESSAGE]"]}
{"loss": 1.821869134902954, "class_log_probabilities": [-0.8450261950492859, -5.270965576171875, -5.987798690795898, -6.3076090812683105], "predictions": [23, 10, 398, 399, 11, 10, 401, 402, 403, 404, 11, 26, 4], "target_tokens": ["[IN:SEND_MESSAGE", "[SL:RECIPIENT", "@ptr3", "@ptr4", "SL:RECIPIENT]", "[SL:NAME_APP", "@ptr6", "@ptr7", "@ptr8", "@ptr9", "SL:NAME_APP]", "IN:SEND_MESSAGE]"], "predicted_tokens": ["[IN:SEND_MESSAGE", "[SL:RECIPIENT", "@ptr3", "@ptr4", "SL:RECIPIENT]", "[SL:RECIPIENT", "@ptr6", "@ptr7", "@ptr8", "@ptr9", "SL:RECIPIENT]", "IN:SEND_MESSAGE]"]}
{"loss": 3.5924158096313477, "class_log_probabilities": [-0.7567093372344971, -4.223379611968994, -5.21995210647583, -6.127798557281494], "predictions": [5, 10, 400, 401, 402, 403, 11, 12, 4, 4, 4, 4], "target_tokens": ["[IN:GET_MESSAGE", "[SL:NAME_APP", "@ptr5", "@ptr6", "@ptr7", "SL:NAME_APP]", "IN:GET_MESSAGE]"], "predicted_tokens": ["[IN:GET_MESSAGE", "[SL:RECIPIENT", "@ptr5", "@ptr6", "@ptr7", "@ptr8", "SL:RECIPIENT]", "IN:GET_MESSAGE]"]}
{"loss": 3.0009167194366455, "class_log_probabilities": [-2.483330011367798, -3.0372538566589355, -3.747408390045166, -4.299308776855469], "predictions": [23, 8, 401, 9, 10, 404, 405, 406, 407, 408, 409, 11, 26, 4, 4], "target_tokens": ["[IN:SEND_MESSAGE", "[SL:TYPE_CONTENT", "@ptr5", "SL:TYPE_CONTENT]", "[SL:RECIPIENT", "@ptr7", "SL:RECIPIENT]", "[SL:NAME_APP", "@ptr9", "@ptr10", "@ptr11", "@ptr12", "SL:NAME_APP]", "IN:SEND_MESSAGE]"], "predicted_tokens": ["[IN:SEND_MESSAGE", "[SL:TYPE_CONTENT", "@ptr6", "SL:TYPE_CONTENT]", "[SL:RECIPIENT", "@ptr9", "@ptr10", "@ptr11", "@ptr12", "@ptr13", "@ptr14", "SL:RECIPIENT]", "IN:SEND_MESSAGE]"]}
{"loss": 3.401320219039917, "class_log_probabilities": [-3.1013877391815186, -3.296123743057251, -3.434805393218994, -3.57600736618042], "predictions": [5, 10, 398, 11, 10, 401, 402, 403, 404, 11, 12, 4, 4], "target_tokens": ["[IN:GET_MESSAGE", "[SL:NAME_APP", "@ptr5", "@ptr6", "@ptr7", "@ptr8", "SL:NAME_APP]", "IN:GET_MESSAGE]"], "predicted_tokens": ["[IN:GET_MESSAGE", "[SL:RECIPIENT", "@ptr3", "SL:RECIPIENT]", "[SL:RECIPIENT", "@ptr6", "@ptr7", "@ptr8", "@ptr9", "SL:RECIPIENT]", "IN:GET_MESSAGE]"]}
{"loss": 0.9628917574882507, "class_log_probabilities": [-0.3275514841079712, -8.776686668395996, -8.816920280456543, -11.39669132232666], "predictions": [75, 6, 397, 7, 78, 4, 4, 4, 4, 4], "target_tokens": ["[IN:CREATE_CALL", "[SL:CONTACT", "@ptr2", "SL:CONTACT]", "IN:CREATE_CALL]"], "predicted_tokens": ["[IN:CREATE_CALL", "[SL:CONTACT", "@ptr2", "SL:CONTACT]", "IN:CREATE_CALL]"]}
{"loss": 1.0390567779541016, "class_log_probabilities": [-1.6147834062576294, -3.3285071849823, -3.9179277420043945, -3.9298722743988037], "predictions": [75, 269, 397, 398, 399, 400, 270, 78, 4, 4], "target_tokens": ["[IN:CREATE_CALL", "[SL:GROUP", "@ptr2", "@ptr3", "@ptr4", "@ptr5", "SL:GROUP]", "IN:CREATE_CALL]"], "predicted_tokens": ["[IN:CREATE_CALL", "[SL:GROUP", "@ptr2", "@ptr3", "@ptr4", "@ptr5", "SL:GROUP]", "IN:CREATE_CALL]"]}
{"loss": 3.18538236618042, "class_log_probabilities": [-4.354164123535156, -5.480903625488281, -6.3340559005737305, -7.096824645996094], "predictions": [75, 156, 396, 397, 398, 399, 400, 157, 6, 403, 404, 405, 406, 157, 78, 4, 4], "target_tokens": ["[IN:CREATE_CALL", "[SL:GROUP", "@ptr8", "@ptr9", "SL:GROUP]", "IN:CREATE_CALL]"], "predicted_tokens": ["[IN:CREATE_CALL", "[SL:TITLE_EVENT", "@ptr1", "@ptr2", "@ptr3", "@ptr4", "@ptr5", "SL:TITLE_EVENT]", "[SL:CONTACT", "@ptr8", "@ptr9", "@ptr10", "@ptr11", "SL:TITLE_EVENT]", "IN:CREATE_CALL]"]}
{"loss": 1.512634515762329, "class_log_probabilities": [-3.9639394283294678, -5.905740261077881, -6.148499011993408, -6.599471569061279], "predictions": [321, 156, 401, 402, 403, 404, 405, 406, 407, 408, 409, 410, 411, 412, 413, 157, 322, 4, 4], "target_tokens": ["[IN:SET_RSVP_NO", "[SL:TITLE_EVENT", "@ptr8", "@ptr9", "@ptr10", "@ptr11", "@ptr12", "@ptr13", "@ptr14", "@ptr15", "@ptr16", "@ptr17", "@ptr18", "SL:TITLE_EVENT]", "IN:SET_RSVP_NO]"], "predicted_tokens": ["[IN:SET_RSVP_NO", "[SL:TITLE_EVENT", "@ptr6", "@ptr7", "@ptr8", "@ptr9", "@ptr10", "@ptr11", "@ptr12", "@ptr13", "@ptr14", "@ptr15", "@ptr16", "@ptr17", "@ptr18", "SL:TITLE_EVENT]", "IN:SET_RSVP_NO]"]}
{"loss": 2.9769723415374756, "class_log_probabilities": [-4.689696311950684, -5.1232590675354, -5.147618293762207, -10.663617134094238], "predictions": [23, 10, 404, 405, 406, 407, 408, 409, 11, 26, 4, 4, 4, 4, 4, 4, 4, 4], "target_tokens": ["[IN:SET_RSVP_YES", "[SL:TITLE_EVENT", "@ptr6", "@ptr7", "@ptr8", "@ptr9", "@ptr10", "@ptr11", "@ptr12", "@ptr13", "SL:TITLE_EVENT]", "IN:SET_RSVP_YES]"], "predicted_tokens": ["[IN:SEND_MESSAGE", "[SL:RECIPIENT", "@ptr9", "@ptr10", "@ptr11", "@ptr12", "@ptr13", "@ptr14", "SL:RECIPIENT]", "IN:SEND_MESSAGE]"]}
{"loss": 2.9469223022460938, "class_log_probabilities": [-0.508309543132782, -4.0137739181518555, -4.299335479736328, -4.332201957702637], "predictions": [247, 248, 4], "target_tokens": ["[IN:SET_RSVP_INTERESTED", "[SL:ORDINAL", "@ptr10", "@ptr11", "SL:ORDINAL]", "IN:SET_RSVP_INTERESTED]"], "predicted_tokens": ["[IN:SET_RSVP_INTERESTED", "IN:SET_RSVP_INTERESTED]"]}
{"loss": 4.033104419708252, "class_log_probabilities": [-1.869515299797058, -2.1721577644348145, -2.464496612548828, -3.2434890270233154], "predictions": [89, 90, 399, 91, 16, 404, 17, 92, 4, 4, 4], "target_tokens": ["[IN:ADD_TIME_TIMER", "[SL:METHOD_TIMER", "@ptr2", "@ptr3", "@ptr4", "SL:METHOD_TIMER]", "[SL:DATE_TIME", "@ptr9", "@ptr10", "@ptr11", "SL:DATE_TIME]", "IN:ADD_TIME_TIMER]"], "predicted_tokens": ["[IN:CREATE_TIMER", "[SL:METHOD_TIMER", "@ptr4", "SL:METHOD_TIMER]", "[SL:DATE_TIME", "@ptr9", "SL:DATE_TIME]", "IN:CREATE_TIMER]"]}
{"loss": 3.3075714111328125, "class_log_probabilities": [-0.890829861164093, -1.8026219606399536, -3.2641048431396484, -6.0450029373168945], "predictions": [183, 184, 4, 4, 4, 4, 4, 4], "target_tokens": ["[IN:ADD_TIME_TIMER", "[SL:METHOD_TIMER", "@ptr1", "@ptr2", "@ptr3", "SL:METHOD_TIMER]", "[SL:DATE_TIME", "@ptr9", "@ptr10", "SL:DATE_TIME]", "IN:ADD_TIME_TIMER]"], "predicted_tokens": ["[IN:ADD_TIME_TIMER", "IN:ADD_TIME_TIMER]"]}
{"loss": 5.721700191497803, "class_log_probabilities": [-0.9118714928627014, -5.4520792961120605, -5.5096540451049805, -6.5609002113342285], "predictions": [13, 16, 404, 405, 406, 17, 18, 4], "target_tokens": ["[IN:GET_SUNSET", "IN:GET_SUNSET]"], "predicted_tokens": ["[IN:GET_WEATHER", "[SL:DATE_TIME", "@ptr9", "@ptr10", "@ptr11", "SL:DATE_TIME]", "IN:GET_WEATHER]"]}
{"loss": 3.1251015663146973, "class_log_probabilities": [-1.6382248401641846, -3.4745683670043945, -3.649876594543457, -4.241715431213379], "predictions": [75, 6, 397, 398, 399, 400, 401, 402, 403, 7, 78, 4, 4, 4], "target_tokens": ["[IN:CREATE_CALL", "[SL:CONTACT", "[IN:GET_CONTACT", "[SL:CONTACT_RELATED", "@ptr5", "@ptr6", "@ptr7", "SL:CONTACT_RELATED]", "[SL:TYPE_RELATION", "@ptr2", "@ptr3", "SL:TYPE_RELATION]", "IN:GET_CONTACT]", "SL:CONTACT]", "IN:CREATE_CALL]"], "predicted_tokens": ["[IN:CREATE_CALL", "[SL:CONTACT", "@ptr2", "@ptr3", "@ptr4", "@ptr5", "@ptr6", "@ptr7", "@ptr8", "SL:CONTACT]", "IN:CREATE_CALL]"]}
{"loss": 3.81475567817688, "class_log_probabilities": [-0.8006110787391663, -4.4420695304870605, -5.886556148529053, -6.872359275817871], "predictions": [75, 6, 397, 7, 6, 402, 403, 404, 7, 78, 4, 4, 4, 4], "target_tokens": ["[IN:CREATE_CALL", "[SL:CONTACT", "@ptr2", "SL:CONTACT]", "[SL:NAME_APP", "@ptr4", "SL:NAME_APP]", "IN:CREATE_CALL]"], "predicted_tokens": ["[IN:CREATE_CALL", "[SL:CONTACT", "@ptr2", "SL:CONTACT]", "[SL:CONTACT", "@ptr7", "@ptr8", "@ptr9", "SL:CONTACT]", "IN:CREATE_CALL]"]}
{"loss": 2.421351194381714, "class_log_probabilities": [-2.5880489349365234, -3.608990430831909, -4.639424800872803, -5.411097526550293], "predictions": [75, 6, 400, 401, 402, 403, 7, 6, 406, 7, 78, 4, 4, 4, 4, 4], "target_tokens": ["[IN:CREATE_CALL", "[SL:NAME_APP", "@ptr5", "@ptr6", "@ptr7", "SL:NAME_APP]", "[SL:CONTACT", "@ptr12", "@ptr13", "@ptr14", "@ptr15", "SL:CONTACT]", "IN:CREATE_CALL]"], "predicted_tokens": ["[IN:CREATE_CALL", "[SL:CONTACT", "@ptr5", "@ptr6", "@ptr7", "@ptr8", "SL:CONTACT]", "[SL:CONTACT", "@ptr11", "SL:CONTACT]", "IN:CREATE_CALL]"]}
{"loss": 3.9298412799835205, "class_log_probabilities": [-0.8203302621841431, -4.562662124633789, -4.777196884155273, -5.868601322174072], "predictions": [75, 6, 397, 398, 399, 7, 6, 403, 404, 405, 7, 78, 4, 4], "target_tokens": ["[IN:CREATE_CALL", "[SL:NAME_APP", "@ptr7", "@ptr8", "@ptr9", "SL:NAME_APP]", "[SL:CONTACT", "@ptr2", "@ptr3", "@ptr4", "@ptr5", "SL:CONTACT]", "IN:CREATE_CALL]"], "predicted_tokens": ["[IN:CREATE_CALL", "[SL:CONTACT", "@ptr2", "@ptr3", "@ptr4", "SL:CONTACT]", "[SL:CONTACT", "@ptr8", "@ptr9", "@ptr10", "SL:CONTACT]", "IN:CREATE_CALL]"]}
{"loss": 3.361421585083008, "class_log_probabilities": [-0.6802706718444824, -5.460831642150879, -5.826447010040283, -5.95249080657959], "predictions": [75, 6, 397, 7, 6, 403, 404, 405, 7, 78, 4, 4], "target_tokens": ["[IN:CREATE_CALL", "[SL:CONTACT", "@ptr2", "@ptr3", "SL:CONTACT]", "[SL:NAME_APP", "@ptr7", "@ptr8", "@ptr9", "SL:NAME_APP]", "IN:CREATE_CALL]"], "predicted_tokens": ["[IN:CREATE_CALL", "[SL:CONTACT", "@ptr2", "SL:CONTACT]", "[SL:CONTACT", "@ptr8", "@ptr9", "@ptr10", "SL:CONTACT]", "IN:CREATE_CALL]"]}
{"loss": 2.8379087448120117, "class_log_probabilities": [-0.44969284534454346, -4.214925289154053, -6.154477119445801, -6.84170389175415], "predictions": [183, 167, 400, 168, 184, 4], "target_tokens": ["[IN:ADD_TIME_TIMER", "[SL:TIMER_NAME", "@ptr5", "SL:TIMER_NAME]", "[SL:METHOD_TIMER", "@ptr2", "@ptr3", "@ptr4", "SL:METHOD_TIMER]", "IN:ADD_TIME_TIMER]"], "predicted_tokens": ["[IN:ADD_TIME_TIMER", "[SL:TIMER_NAME", "@ptr5", "SL:TIMER_NAME]", "IN:ADD_TIME_TIMER]"]}
{"loss": 0.9653968811035156, "class_log_probabilities": [-0.4857361316680908, -7.640808582305908, -7.851986885070801, -7.944989204406738], "predictions": [63, 66, 396, 397, 398, 399, 67, 68, 4, 4], "target_tokens": ["[IN:PLAY_MUSIC", "[SL:MUSIC_ARTIST_NAME", "@ptr1", "@ptr2", "@ptr3", "@ptr4", "SL:MUSIC_ARTIST_NAME]", "IN:PLAY_MUSIC]"], "predicted_tokens": ["[IN:PLAY_MUSIC", "[SL:MUSIC_ARTIST_NAME", "@ptr1", "@ptr2", "@ptr3", "@ptr4", "SL:MUSIC_ARTIST_NAME]", "IN:PLAY_MUSIC]"]}
{"loss": 0.9671141505241394, "class_log_probabilities": [-0.4713577628135681, -8.018409729003906, -8.084056854248047, -8.3321533203125], "predictions": [63, 66, 396, 397, 398, 399, 67, 68, 4, 4], "target_tokens": ["[IN:PLAY_MUSIC", "[SL:MUSIC_ARTIST_NAME", "@ptr1", "@ptr2", "@ptr3", "@ptr4", "SL:MUSIC_ARTIST_NAME]", "IN:PLAY_MUSIC]"], "predicted_tokens": ["[IN:PLAY_MUSIC", "[SL:MUSIC_ARTIST_NAME", "@ptr1", "@ptr2", "@ptr3", "@ptr4", "SL:MUSIC_ARTIST_NAME]", "IN:PLAY_MUSIC]"]}
{"loss": 2.8706843852996826, "class_log_probabilities": [-1.6166906356811523, -4.49940299987793, -6.460444450378418, -6.522353649139404], "predictions": [27, 52, 396, 397, 398, 399, 53, 30, 4, 4, 4, 4, 4, 4, 4], "target_tokens": ["[IN:SET_DEFAULT_PROVIDER_MUSIC", "[SL:MUSIC_PROVIDER_NAME", "@ptr1", "@ptr2", "@ptr3", "@ptr4", "SL:MUSIC_PROVIDER_NAME]", "IN:SET_DEFAULT_PROVIDER_MUSIC]"], "predicted_tokens": ["[IN:GET_INFO_RECIPES", "[SL:RECIPES_DISH", "@ptr1", "@ptr2", "@ptr3", "@ptr4", "SL:RECIPES_DISH]", "IN:GET_INFO_RECIPES]"]}
{"loss": 3.662706136703491, "class_log_probabilities": [-2.850801706314087, -4.246394634246826, -4.305938720703125, -4.519070625305176], "predictions": [89, 92, 4, 4, 4, 4, 4], "target_tokens": ["[IN:CREATE_TIMER", "[SL:TIMER_NAME", "@ptr4", "@ptr5", "@ptr6", "SL:TIMER_NAME]", "[SL:METHOD_TIMER", "@ptr1", "@ptr2", "@ptr3", "SL:METHOD_TIMER]", "IN:CREATE_TIMER]"], "predicted_tokens": ["[IN:CREATE_TIMER", "IN:CREATE_TIMER]"]}
{"loss": 0.9737749099731445, "class_log_probabilities": [-0.15482249855995178, -8.415080070495605, -8.689763069152832, -8.699678421020508], "predictions": [61, 62, 4, 4, 4], "target_tokens": ["[IN:GET_EVENT", "IN:GET_EVENT]"], "predicted_tokens": ["[IN:GET_EVENT", "IN:GET_EVENT]"]}
{"loss": 2.339414596557617, "class_log_probabilities": [-0.4977142810821533, -4.720195293426514, -5.0630292892456055, -6.684207439422607], "predictions": [155, 20, 404, 21, 158, 4, 4], "target_tokens": ["[IN:SET_RSVP_YES", "[SL:ORDINAL", "@ptr8", "@ptr9", "SL:ORDINAL]", "IN:SET_RSVP_YES]"], "predicted_tokens": ["[IN:SET_RSVP_YES", "[SL:ORDINAL", "@ptr9", "SL:ORDINAL]", "IN:SET_RSVP_YES]"]}
{"loss": 2.3350579738616943, "class_log_probabilities": [-1.1451433897018433, -5.094653606414795, -6.087435722351074, -6.2778143882751465], "predictions": [70, 6, 397, 398, 399, 400, 401, 402, 403, 404, 7, 73, 4], "target_tokens": ["[IN:PLAY_MEDIA", "[SL:MUSIC_ARTIST_NAME", "@ptr2", "@ptr3", "@ptr4", "@ptr5", "SL:MUSIC_ARTIST_NAME]", "IN:PLAY_MEDIA]"], "predicted_tokens": ["[IN:GET_CONTACT", "[SL:CONTACT", "@ptr2", "@ptr3", "@ptr4", "@ptr5", "@ptr6", "@ptr7", "@ptr8", "@ptr9", "SL:CONTACT]", "IN:GET_CONTACT]"]}
{"loss": 2.4766743183135986, "class_log_probabilities": [-0.4505987763404846, -7.5813798904418945, -8.794059753417969, -9.900500297546387], "predictions": [183, 16, 398, 399, 17, 184, 4, 4, 4, 4, 4, 4], "target_tokens": ["[IN:ADD_TIME_TIMER", "[SL:DATE_TIME", "@ptr3", "@ptr4", "SL:DATE_TIME]", "[SL:TIMER_NAME", "@ptr10", "@ptr11", "@ptr12", "@ptr13", "SL:TIMER_NAME]", "[SL:METHOD_TIMER", "@ptr7", "@ptr8", "@ptr9", "SL:METHOD_TIMER]", "IN:ADD_TIME_TIMER]"], "predicted_tokens": ["[IN:ADD_TIME_TIMER", "[SL:DATE_TIME", "@ptr3", "@ptr4", "SL:DATE_TIME]", "IN:ADD_TIME_TIMER]"]}
{"loss": 3.215803384780884, "class_log_probabilities": [-1.0520925521850586, -3.920396566390991, -4.865911960601807, -5.946821212768555], "predictions": [75, 6, 398, 399, 400, 7, 6, 405, 406, 7, 78, 4, 4], "target_tokens": ["[IN:CREATE_CALL", "[SL:NAME_APP", "@ptr3", "@ptr4", "@ptr5", "SL:NAME_APP]", "[SL:CONTACT", "@ptr9", "@ptr10", "SL:CONTACT]", "IN:CREATE_CALL]"], "predicted_tokens": ["[IN:CREATE_CALL", "[SL:CONTACT", "@ptr3", "@ptr4", "@ptr5", "SL:CONTACT]", "[SL:CONTACT", "@ptr10", "@ptr11", "SL:CONTACT]", "IN:CREATE_CALL]"]}
{"loss": 3.5342910289764404, "class_log_probabilities": [-0.6621643900871277, -3.9749176502227783, -4.809284687042236, -5.976260185241699], "predictions": [213, 214, 4], "target_tokens": ["[IN:SNOOZE_ALARM", "IN:SNOOZE_ALARM]"], "predicted_tokens": ["[IN:SILENCE_ALARM", "IN:SILENCE_ALARM]"]}
{"loss": 2.825493335723877, "class_log_probabilities": [-1.3875430822372437, -1.9171106815338135, -3.200766086578369, -5.184085845947266], "predictions": [23, 8, 398, 9, 10, 70, 71, 400, 72, 93, 402, 94, 73, 11, 26, 4], "target_tokens": ["[IN:SEND_MESSAGE", "[SL:TYPE_CONTENT", "@ptr2", "SL:TYPE_CONTENT]", "[SL:RECIPIENT", "[IN:GET_CONTACT", "[SL:CONTACT_RELATED", "@ptr5", "@ptr6", "SL:CONTACT_RELATED]", "[SL:TYPE_RELATION", "@ptr4", "SL:TYPE_RELATION]", "IN:GET_CONTACT]", "SL:RECIPIENT]", "IN:SEND_MESSAGE]"], "predicted_tokens": ["[IN:SEND_MESSAGE", "[SL:TYPE_CONTENT", "@ptr3", "SL:TYPE_CONTENT]", "[SL:RECIPIENT", "[IN:GET_CONTACT", "[SL:TYPE_RELATION", "@ptr5", "SL:TYPE_RELATION]", "[SL:CONTACT_RELATED", "@ptr7", "SL:CONTACT_RELATED]", "IN:GET_CONTACT]", "SL:RECIPIENT]", "IN:SEND_MESSAGE]"]}
{"loss": 2.4885902404785156, "class_log_probabilities": [-1.7146800756454468, -4.5399627685546875, -4.648746013641357, -5.42156457901001], "predictions": [23, 8, 401, 9, 10, 403, 404, 405, 406, 407, 408, 11, 26, 4], "target_tokens": ["[IN:SEND_MESSAGE", "[SL:TYPE_CONTENT", "@ptr5", "SL:TYPE_CONTENT]", "[SL:RECIPIENT", "@ptr7", "@ptr8", "@ptr9", "@ptr10", "@ptr11", "@ptr12", "SL:RECIPIENT]", "IN:SEND_MESSAGE]"], "predicted_tokens": ["[IN:SEND_MESSAGE", "[SL:TYPE_CONTENT", "@ptr6", "SL:TYPE_CONTENT]", "[SL:RECIPIENT", "@ptr8", "@ptr9", "@ptr10", "@ptr11", "@ptr12", "@ptr13", "SL:RECIPIENT]", "IN:SEND_MESSAGE]"]}
{"loss": 2.7161483764648438, "class_log_probabilities": [-0.7767643928527832, -4.045435428619385, -4.489882946014404, -5.201875686645508], "predictions": [13, 14, 400, 401, 402, 15, 14, 403, 404, 405, 15, 18, 4, 4], "target_tokens": ["[IN:GET_WEATHER", "[SL:LOCATION", "@ptr4", "@ptr5", "@ptr6", "@ptr7", "@ptr8", "@ptr9", "SL:LOCATION]", "IN:GET_WEATHER]"], "predicted_tokens": ["[IN:GET_WEATHER", "[SL:LOCATION", "@ptr5", "@ptr6", "@ptr7", "SL:LOCATION]", "[SL:LOCATION", "@ptr8", "@ptr9", "@ptr10", "SL:LOCATION]", "IN:GET_WEATHER]"]}
{"loss": 2.5476510524749756, "class_log_probabilities": [-2.425140619277954, -4.889598369598389, -4.958847522735596, -5.079193592071533], "predictions": [47, 16, 401, 402, 403, 404, 405, 406, 407, 17, 48, 4], "target_tokens": ["[IN:CREATE_ALARM", "[SL:DATE_TIME", "@ptr4", "@ptr5", "@ptr6", "@ptr7", "@ptr8", "@ptr9", "@ptr10", "@ptr11", "@ptr12", "@ptr13", "SL:DATE_TIME]", "IN:CREATE_ALARM]"], "predicted_tokens": ["[IN:GET_REMINDER", "[SL:DATE_TIME", "@ptr6", "@ptr7", "@ptr8", "@ptr9", "@ptr10", "@ptr11", "@ptr12", "SL:DATE_TIME]", "IN:GET_REMINDER]"]}
{"loss": 0.9644376039505005, "class_log_probabilities": [-0.6539610028266907, -7.514965057373047, -7.68526554107666, -8.149463653564453], "predictions": [75, 6, 397, 398, 7, 6, 400, 7, 78, 4, 4, 4, 4], "target_tokens": ["[IN:CREATE_CALL", "[SL:CONTACT", "@ptr2", "@ptr3", "SL:CONTACT]", "[SL:CONTACT", "@ptr5", "SL:CONTACT]", "IN:CREATE_CALL]"], "predicted_tokens": ["[IN:CREATE_CALL", "[SL:CONTACT", "@ptr2", "@ptr3", "SL:CONTACT]", "[SL:CONTACT", "@ptr5", "SL:CONTACT]", "IN:CREATE_CALL]"]}
{"loss": 0.9641357064247131, "class_log_probabilities": [-0.5502628087997437, -5.62300968170166, -7.471338748931885, -8.009387016296387], "predictions": [75, 6, 397, 7, 6, 399, 7, 78, 4, 4, 4, 4], "target_tokens": ["[IN:CREATE_CALL", "[SL:CONTACT", "@ptr2", "SL:CONTACT]", "[SL:CONTACT", "@ptr4", "SL:CONTACT]", "IN:CREATE_CALL]"], "predicted_tokens": ["[IN:CREATE_CALL", "[SL:CONTACT", "@ptr2", "SL:CONTACT]", "[SL:CONTACT", "@ptr4", "SL:CONTACT]", "IN:CREATE_CALL]"]}
{"loss": 0.9645755887031555, "class_log_probabilities": [-0.5363261699676514, -7.967263221740723, -8.092086791992188, -8.435188293457031], "predictions": [75, 6, 397, 398, 7, 6, 400, 7, 78, 4, 4, 4, 4], "target_tokens": ["[IN:CREATE_CALL", "[SL:CONTACT", "@ptr2", "@ptr3", "SL:CONTACT]", "[SL:CONTACT", "@ptr5", "SL:CONTACT]", "IN:CREATE_CALL]"], "predicted_tokens": ["[IN:CREATE_CALL", "[SL:CONTACT", "@ptr2", "@ptr3", "SL:CONTACT]", "[SL:CONTACT", "@ptr5", "SL:CONTACT]", "IN:CREATE_CALL]"]}
{"loss": 0.9619104862213135, "class_log_probabilities": [-0.44844141602516174, -7.646474361419678, -7.68481969833374, -7.804089069366455], "predictions": [75, 6, 397, 398, 399, 7, 78, 4, 4], "target_tokens": ["[IN:CREATE_CALL", "[SL:CONTACT", "@ptr2", "@ptr3", "@ptr4", "SL:CONTACT]", "IN:CREATE_CALL]"], "predicted_tokens": ["[IN:CREATE_CALL", "[SL:CONTACT", "@ptr2", "@ptr3", "@ptr4", "SL:CONTACT]", "IN:CREATE_CALL]"]}
{"loss": 2.2846105098724365, "class_log_probabilities": [-1.2956405878067017, -3.32967472076416, -4.7544755935668945, -5.396731853485107], "predictions": [75, 6, 397, 398, 399, 400, 7, 78, 4, 4, 4, 4, 4], "target_tokens": ["[IN:CREATE_CALL", "[SL:CONTACT", "@ptr2", "@ptr3", "@ptr4", "@ptr5", "SL:CONTACT]", "[SL:ORDINAL", "@ptr7", "@ptr8", "SL:ORDINAL]", "IN:CREATE_CALL]"], "predicted_tokens": ["[IN:CREATE_CALL", "[SL:CONTACT", "@ptr2", "@ptr3", "@ptr4", "@ptr5", "SL:CONTACT]", "IN:CREATE_CALL]"]}
{"loss": 2.1192617416381836, "class_log_probabilities": [-1.0573102235794067, -4.357540130615234, -5.032284736633301, -5.534515380859375], "predictions": [211, 6, 398, 399, 400, 401, 402, 7, 212, 4], "target_tokens": ["[IN:GET_LOCATION", "[SL:TITLE_EVENT", "@ptr3", "@ptr4", "@ptr5", "@ptr6", "SL:TITLE_EVENT]", "IN:GET_LOCATION]"], "predicted_tokens": ["[IN:GET_LOCATION", "[SL:CONTACT", "@ptr3", "@ptr4", "@ptr5", "@ptr6", "@ptr7", "SL:CONTACT]", "IN:GET_LOCATION]"]}
{"loss": 2.1143009662628174, "class_log_probabilities": [-2.6993515491485596, -3.7230587005615234, -5.200544357299805, -5.254914283752441], "predictions": [70, 93, 399, 94, 156, 404, 405, 406, 407, 408, 409, 157, 73, 4], "target_tokens": ["[IN:GET_ATTENDEE_EVENT", "[SL:TITLE_EVENT", "@ptr8", "@ptr9", "@ptr10", "@ptr11", "@ptr12", "@ptr13", "SL:TITLE_EVENT]", "IN:GET_ATTENDEE_EVENT]"], "predicted_tokens": ["[IN:GET_CONTACT", "[SL:CONTACT_RELATED", "@ptr4", "SL:CONTACT_RELATED]", "[SL:TITLE_EVENT", "@ptr9", "@ptr10", "@ptr11", "@ptr12", "@ptr13", "@ptr14", "SL:TITLE_EVENT]", "IN:GET_CONTACT]"]}
{"loss": 1.9711036682128906, "class_log_probabilities": [-2.392023801803589, -3.488539457321167, -4.549609661102295, -4.992329120635986], "predictions": [61, 83, 398, 399, 400, 401, 402, 403, 404, 15, 62, 4], "target_tokens": ["[IN:GET_EVENT", "[SL:CATEGORY_EVENT", "@ptr3", "@ptr4", "@ptr5", "SL:CATEGORY_EVENT]", "[SL:LOCATION", "@ptr7", "@ptr8", "SL:LOCATION]", "IN:GET_EVENT]"], "predicted_tokens": ["[IN:GET_EVENT", "[SL:CATEGORY_EVENT", "@ptr3", "@ptr4", "@ptr5", "@ptr6", "@ptr7", "@ptr8", "@ptr9", "SL:LOCATION]", "IN:GET_EVENT]"]}
{"loss": 1.8839035034179688, "class_log_probabilities": [-0.45372897386550903, -7.19542121887207, -7.580731391906738, -7.782702445983887], "predictions": [75, 6, 397, 398, 399, 7, 78, 4, 4], "target_tokens": ["[IN:CREATE_CALL", "[SL:CONTACT", "@ptr2", "@ptr3", "SL:CONTACT]", "IN:CREATE_CALL]"], "predicted_tokens": ["[IN:CREATE_CALL", "[SL:CONTACT", "@ptr2", "@ptr3", "@ptr4", "SL:CONTACT]", "IN:CREATE_CALL]"]}
{"loss": 0.9625434279441833, "class_log_probabilities": [-0.4413697123527527, -7.5761003494262695, -7.96629524230957, -8.053131103515625], "predictions": [75, 6, 397, 398, 399, 7, 78, 4, 4], "target_tokens": ["[IN:CREATE_CALL", "[SL:CONTACT", "@ptr2", "@ptr3", "@ptr4", "SL:CONTACT]", "IN:CREATE_CALL]"], "predicted_tokens": ["[IN:CREATE_CALL", "[SL:CONTACT", "@ptr2", "@ptr3", "@ptr4", "SL:CONTACT]", "IN:CREATE_CALL]"]}
{"loss": 3.535876512527466, "class_log_probabilities": [-0.2395111471414566, -6.803980827331543, -7.121603965759277, -8.87335205078125], "predictions": [75, 78, 4, 4], "target_tokens": ["[IN:ANSWER_CALL", "IN:ANSWER_CALL]"], "predicted_tokens": ["[IN:CREATE_CALL", "IN:CREATE_CALL]"]}
{"loss": 1.9229985475540161, "class_log_probabilities": [-1.1581223011016846, -3.265357732772827, -4.70330810546875, -5.905661582946777], "predictions": [23, 10, 397, 398, 399, 400, 11, 8, 402, 9, 26, 4], "target_tokens": ["[IN:SEND_MESSAGE", "[SL:RECIPIENT", "@ptr2", "@ptr3", "@ptr4", "SL:RECIPIENT]", "[SL:TYPE_CONTENT", "@ptr6", "SL:TYPE_CONTENT]", "IN:SEND_MESSAGE]"], "predicted_tokens": ["[IN:SEND_MESSAGE", "[SL:RECIPIENT", "@ptr2", "@ptr3", "@ptr4", "@ptr5", "SL:RECIPIENT]", "[SL:TYPE_CONTENT", "@ptr7", "SL:TYPE_CONTENT]", "IN:SEND_MESSAGE]"]}
{"loss": 1.6188137531280518, "class_log_probabilities": [-0.9320358633995056, -3.1146321296691895, -4.212295055389404, -6.034907341003418], "predictions": [23, 8, 398, 9, 10, 401, 402, 11, 26, 4, 4], "target_tokens": ["[IN:SEND_MESSAGE", "[SL:TYPE_CONTENT", "@ptr3", "SL:TYPE_CONTENT]", "[SL:RECIPIENT", "@ptr5", "@ptr6", "SL:RECIPIENT]", "IN:SEND_MESSAGE]"], "predicted_tokens": ["[IN:SEND_MESSAGE", "[SL:TYPE_CONTENT", "@ptr3", "SL:TYPE_CONTENT]", "[SL:RECIPIENT", "@ptr6", "@ptr7", "SL:RECIPIENT]", "IN:SEND_MESSAGE]"]}
{"loss": 2.791038751602173, "class_log_probabilities": [-5.075801372528076, -5.1536970138549805, -5.331470012664795, -5.960902690887451], "predictions": [23, 10, 70, 71, 401, 402, 403, 72, 93, 404, 94, 73, 11, 24, 407, 408, 409, 410, 411, 412, 413, 414, 25, 26, 4], "target_tokens": ["[IN:SEND_MESSAGE", "[SL:TYPE_CONTENT", "@ptr3", "SL:TYPE_CONTENT]", "[SL:RECIPIENT", "[IN:GET_CONTACT", "[SL:CONTACT_RELATED", "@ptr7", "@ptr8", "SL:CONTACT_RELATED]", "[SL:TYPE_RELATION", "@ptr5", "@ptr6", "SL:TYPE_RELATION]", "IN:GET_CONTACT]", "SL:RECIPIENT]", "[SL:CONTENT_EXACT", "@ptr11", "@ptr12", "@ptr13", "@ptr14", "@ptr15", "SL:CONTENT_EXACT]", "IN:SEND_MESSAGE]"], "predicted_tokens": ["[IN:SEND_MESSAGE", "[SL:RECIPIENT", "[IN:GET_CONTACT", "[SL:TYPE_RELATION", "@ptr6", "@ptr7", "@ptr8", "SL:TYPE_RELATION]", "[SL:CONTACT_RELATED", "@ptr9", "SL:CONTACT_RELATED]", "IN:GET_CONTACT]", "SL:RECIPIENT]", "[SL:CONTENT_EXACT", "@ptr12", "@ptr13", "@ptr14", "@ptr15", "@ptr16", "@ptr17", "@ptr18", "@ptr19", "SL:CONTENT_EXACT]", "IN:SEND_MESSAGE]"]}
{"loss": 3.2043449878692627, "class_log_probabilities": [-2.8265700340270996, -4.333332061767578, -4.447308540344238, -6.132143497467041], "predictions": [75, 6, 397, 398, 7, 6, 70, 71, 400, 72, 93, 401, 94, 6, 403, 404, 405, 406, 7, 73, 7, 78, 4], "target_tokens": ["[IN:CREATE_CALL", "[SL:CONTACT", "[IN:GET_CONTACT", "[SL:CONTACT_RELATED", "@ptr5", "@ptr6", "SL:CONTACT_RELATED]", "[SL:TYPE_RELATION", "@ptr4", "SL:TYPE_RELATION]", "[SL:CONTACT", "@ptr2", "@ptr3", "SL:CONTACT]", "IN:GET_CONTACT]", "SL:CONTACT]", "[SL:NAME_APP", "@ptr8", "@ptr9", "@ptr10", "SL:NAME_APP]", "IN:CREATE_CALL]"], "predicted_tokens": ["[IN:CREATE_CALL", "[SL:CONTACT", "@ptr2", "@ptr3", "SL:CONTACT]", "[SL:CONTACT", "[IN:GET_CONTACT", "[SL:TYPE_RELATION", "@ptr5", "SL:TYPE_RELATION]", "[SL:CONTACT_RELATED", "@ptr6", "SL:CONTACT_RELATED]", "[SL:CONTACT", "@ptr8", "@ptr9", "@ptr10", "@ptr11", "SL:CONTACT]", "IN:GET_CONTACT]", "SL:CONTACT]", "IN:CREATE_CALL]"]}
{"loss": 1.3700981140136719, "class_log_probabilities": [-1.4384866952896118, -1.9787366390228271, -5.811394691467285, -6.542362213134766], "predictions": [75, 6, 398, 399, 400, 401, 402, 403, 404, 7, 78, 4, 4, 4], "target_tokens": ["[IN:CREATE_CALL", "[SL:CONTACT", "@ptr3", "@ptr4", "@ptr5", "@ptr6", "@ptr7", "@ptr8", "SL:CONTACT]", "IN:CREATE_CALL]"], "predicted_tokens": ["[IN:CREATE_CALL", "[SL:CONTACT", "@ptr3", "@ptr4", "@ptr5", "@ptr6", "@ptr7", "@ptr8", "@ptr9", "SL:CONTACT]", "IN:CREATE_CALL]"]}
{"loss": 1.5559457540512085, "class_log_probabilities": [-1.1750266551971436, -4.225903511047363, -5.004317760467529, -5.278115272521973], "predictions": [75, 6, 398, 399, 400, 401, 7, 6, 402, 403, 404, 405, 7, 78, 4], "target_tokens": ["[IN:CREATE_CALL", "[SL:CONTACT", "@ptr3", "@ptr4", "@ptr5", "@ptr6", "@ptr7", "@ptr8", "@ptr9", "SL:CONTACT]", "IN:CREATE_CALL]"], "predicted_tokens": ["[IN:CREATE_CALL", "[SL:CONTACT", "@ptr3", "@ptr4", "@ptr5", "@ptr6", "SL:CONTACT]", "[SL:CONTACT", "@ptr7", "@ptr8", "@ptr9", "@ptr10", "SL:CONTACT]", "IN:CREATE_CALL]"]}
{"loss": 3.374831199645996, "class_log_probabilities": [-1.604471206665039, -3.0926566123962402, -4.921899318695068, -5.111110210418701], "predictions": [13, 16, 397, 398, 399, 400, 401, 402, 403, 17, 18, 4], "target_tokens": ["[IN:GET_SUNRISE", "[SL:DATE_TIME", "@ptr5", "@ptr6", "@ptr7", "SL:DATE_TIME]", "IN:GET_SUNRISE]"], "predicted_tokens": ["[IN:GET_WEATHER", "[SL:DATE_TIME", "@ptr2", "@ptr3", "@ptr4", "@ptr5", "@ptr6", "@ptr7", "@ptr8", "SL:DATE_TIME]", "IN:GET_WEATHER]"]}
{"loss": 1.0021625757217407, "class_log_probabilities": [-0.13324670493602753, -7.525665760040283, -8.14433765411377, -8.189240455627441], "predictions": [221, 222, 4, 4], "target_tokens": ["[IN:GET_SUNSET", "IN:GET_SUNSET]"], "predicted_tokens": ["[IN:GET_SUNSET", "IN:GET_SUNSET]"]}
{"loss": 2.4711384773254395, "class_log_probabilities": [-0.9585193395614624, -5.561971187591553, -5.596344947814941, -6.065125465393066], "predictions": [107, 108, 70, 71, 396, 397, 72, 93, 399, 94, 73, 109, 110, 4, 4], "target_tokens": ["[IN:UPDATE_CALL", "[SL:CONTACT_ADDED", "[IN:GET_CONTACT", "[SL:CONTACT_RELATED", "@ptr3", "@ptr4", "SL:CONTACT_RELATED]", "[SL:TYPE_RELATION", "@ptr1", "@ptr2", "SL:TYPE_RELATION]", "IN:GET_CONTACT]", "SL:CONTACT_ADDED]", "IN:UPDATE_CALL]"], "predicted_tokens": ["[IN:UPDATE_CALL", "[SL:CONTACT_ADDED", "[IN:GET_CONTACT", "[SL:TYPE_RELATION", "@ptr1", "@ptr2", "SL:TYPE_RELATION]", "[SL:CONTACT_RELATED", "@ptr4", "SL:CONTACT_RELATED]", "IN:GET_CONTACT]", "SL:CONTACT_ADDED]", "IN:UPDATE_CALL]"]}
{"loss": 0.9674847722053528, "class_log_probabilities": [-0.33880773186683655, -6.707240104675293, -7.783351898193359, -8.196209907531738], "predictions": [107, 108, 396, 109, 110, 4, 4], "target_tokens": ["[IN:UPDATE_CALL", "[SL:CONTACT_ADDED", "@ptr1", "SL:CONTACT_ADDED]", "IN:UPDATE_CALL]"], "predicted_tokens": ["[IN:UPDATE_CALL", "[SL:CONTACT_ADDED", "@ptr1", "SL:CONTACT_ADDED]", "IN:UPDATE_CALL]"]}
{"loss": 2.494591236114502, "class_log_probabilities": [-3.726902484893799, -4.252767562866211, -4.617453575134277, -5.2078962326049805], "predictions": [5, 59, 70, 93, 395, 94, 71, 400, 72, 93, 402, 94, 73, 60, 12, 4], "target_tokens": ["[IN:GET_CALL", "[SL:CONTACT", "[IN:GET_CONTACT", "[SL:CONTACT_RELATED", "@ptr6", "@ptr7", "SL:CONTACT_RELATED]", "[SL:TYPE_RELATION", "@ptr5", "SL:TYPE_RELATION]", "IN:GET_CONTACT]", "SL:CONTACT]", "IN:GET_CALL]"], "predicted_tokens": ["[IN:GET_MESSAGE", "[SL:SENDER", "[IN:GET_CONTACT", "[SL:CONTACT_RELATED", "@ptr0", "SL:CONTACT_RELATED]", "[SL:TYPE_RELATION", "@ptr5", "SL:TYPE_RELATION]", "[SL:CONTACT_RELATED", "@ptr7", "SL:CONTACT_RELATED]", "IN:GET_CONTACT]", "SL:SENDER]", "IN:GET_MESSAGE]"]}
{"loss": 1.610975980758667, "class_log_probabilities": [-1.596481442451477, -4.565796852111816, -4.83606481552124, -6.683712482452393], "predictions": [69, 6, 395, 396, 7, 16, 400, 401, 402, 17, 74, 4, 4, 4, 4], "target_tokens": ["[IN:GET_CALL_TIME", "[SL:CONTACT", "@ptr0", "@ptr1", "SL:CONTACT]", "[SL:DATE_TIME", "@ptr5", "@ptr6", "SL:DATE_TIME]", "IN:GET_CALL_TIME]"], "predicted_tokens": ["[IN:GET_CALL_TIME", "[SL:CONTACT", "@ptr0", "@ptr1", "SL:CONTACT]", "[SL:DATE_TIME", "@ptr5", "@ptr6", "@ptr7", "SL:DATE_TIME]", "IN:GET_CALL_TIME]"]}
{"loss": 2.6086997985839844, "class_log_probabilities": [-0.9544528722763062, -3.8010075092315674, -3.8775503635406494, -6.008681297302246], "predictions": [185, 6, 399, 7, 16, 402, 403, 404, 405, 17, 186, 4, 4], "target_tokens": ["[IN:GET_CALL_TIME", "[SL:CONTACT", "@ptr4", "SL:CONTACT]", "[SL:DATE_TIME", "@ptr8", "@ptr9", "SL:DATE_TIME]", "IN:GET_CALL_TIME]"], "predicted_tokens": ["[IN:GET_CALL", "[SL:CONTACT", "@ptr4", "SL:CONTACT]", "[SL:DATE_TIME", "@ptr7", "@ptr8", "@ptr9", "@ptr10", "SL:DATE_TIME]", "IN:GET_CALL]"]}
{"loss": 0.9740322232246399, "class_log_probabilities": [-0.15510842204093933, -8.259634971618652, -8.453398704528809, -8.63779354095459], "predictions": [81, 82, 4, 4], "target_tokens": ["[IN:END_CALL", "IN:END_CALL]"], "predicted_tokens": ["[IN:END_CALL", "IN:END_CALL]"]}
{"loss": 3.4338743686676025, "class_log_probabilities": [-0.655896782875061, -4.974054336547852, -7.919341087341309, -8.163723945617676], "predictions": [75, 6, 70, 71, 399, 72, 93, 401, 94, 73, 7, 78, 4], "target_tokens": ["[IN:CREATE_CALL", "[SL:CONTACT", "[IN:GET_CONTACT", "[SL:CONTACT_RELATED", "@ptr4", "@ptr5", "SL:CONTACT_RELATED]", "[SL:TYPE_RELATION", "@ptr3", "SL:TYPE_RELATION]", "IN:GET_CONTACT]", "SL:CONTACT]", "IN:CREATE_CALL]"], "predicted_tokens": ["[IN:CREATE_CALL", "[SL:CONTACT", "[IN:GET_CONTACT", "[SL:TYPE_RELATION", "@ptr4", "SL:TYPE_RELATION]", "[SL:CONTACT_RELATED", "@ptr6", "SL:CONTACT_RELATED]", "IN:GET_CONTACT]", "SL:CONTACT]", "IN:CREATE_CALL]"]}
{"loss": 2.1721854209899902, "class_log_probabilities": [-3.6707212924957275, -3.995421886444092, -4.480218410491943, -4.851078987121582], "predictions": [13, 79, 397, 80, 79, 400, 80, 16, 406, 407, 408, 17, 18, 4], "target_tokens": ["[IN:GET_WEATHER", "[SL:WEATHER_ATTRIBUTE", "@ptr4", "SL:WEATHER_ATTRIBUTE]", "[SL:DATE_TIME", "@ptr11", "@ptr12", "SL:DATE_TIME]", "IN:GET_WEATHER]"], "predicted_tokens": ["[IN:GET_WEATHER", "[SL:WEATHER_ATTRIBUTE", "@ptr2", "SL:WEATHER_ATTRIBUTE]", "[SL:WEATHER_ATTRIBUTE", "@ptr5", "SL:WEATHER_ATTRIBUTE]", "[SL:DATE_TIME", "@ptr11", "@ptr12", "@ptr13", "SL:DATE_TIME]", "IN:GET_WEATHER]"]}
{"loss": 1.0241565704345703, "class_log_probabilities": [-1.157325267791748, -2.5475242137908936, -2.9306373596191406, -6.450992584228516], "predictions": [13, 16, 396, 397, 17, 18, 4], "target_tokens": ["[IN:GET_WEATHER", "[SL:DATE_TIME", "@ptr1", "@ptr2", "SL:DATE_TIME]", "IN:GET_WEATHER]"], "predicted_tokens": ["[IN:GET_WEATHER", "[SL:DATE_TIME", "@ptr1", "@ptr2", "SL:DATE_TIME]", "IN:GET_WEATHER]"]}
{"loss": 2.0525851249694824, "class_log_probabilities": [-1.5888373851776123, -2.488945484161377, -4.251672267913818, -6.750018119812012], "predictions": [13, 16, 399, 400, 401, 402, 403, 17, 14, 405, 15, 18, 4, 4], "target_tokens": ["[IN:GET_WEATHER", "[SL:DATE_TIME", "@ptr4", "@ptr5", "@ptr6", "@ptr7", "@ptr8", "@ptr9", "SL:DATE_TIME]", "IN:GET_WEATHER]"], "predicted_tokens": ["[IN:GET_WEATHER", "[SL:DATE_TIME", "@ptr4", "@ptr5", "@ptr6", "@ptr7", "@ptr8", "SL:DATE_TIME]", "[SL:LOCATION", "@ptr10", "SL:LOCATION]", "IN:GET_WEATHER]"]}
{"loss": 2.149947166442871, "class_log_probabilities": [-1.8697532415390015, -2.318120002746582, -3.9288547039031982, -4.836137294769287], "predictions": [13, 14, 396, 397, 15, 16, 405, 406, 407, 408, 409, 410, 17, 18, 4], "target_tokens": ["[IN:GET_WEATHER", "[SL:LOCATION", "@ptr1", "@ptr2", "SL:LOCATION]", "[SL:DATE_TIME", "@ptr8", "@ptr9", "@ptr10", "@ptr11", "@ptr12", "@ptr13", "@ptr14", "SL:DATE_TIME]", "IN:GET_WEATHER]"], "predicted_tokens": ["[IN:GET_WEATHER", "[SL:LOCATION", "@ptr1", "@ptr2", "SL:LOCATION]", "[SL:DATE_TIME", "@ptr10", "@ptr11", "@ptr12", "@ptr13", "@ptr14", "@ptr15", "SL:DATE_TIME]", "IN:GET_WEATHER]"]}
{"loss": 2.821307897567749, "class_log_probabilities": [-0.8982521295547485, -3.6875877380371094, -7.125472545623779, -7.453686714172363], "predictions": [13, 14, 399, 400, 401, 15, 16, 402, 403, 404, 405, 406, 17, 18, 4, 4], "target_tokens": ["[IN:GET_WEATHER", "[SL:LOCATION", "@ptr3", "@ptr4", "@ptr5", "SL:LOCATION]", "[SL:DATE_TIME", "@ptr7", "@ptr8", "@ptr9", "SL:DATE_TIME]", "IN:GET_WEATHER]"], "predicted_tokens": ["[IN:GET_WEATHER", "[SL:LOCATION", "@ptr4", "@ptr5", "@ptr6", "SL:LOCATION]", "[SL:DATE_TIME", "@ptr7", "@ptr8", "@ptr9", "@ptr10", "@ptr11", "SL:DATE_TIME]", "IN:GET_WEATHER]"]}
{"loss": 6.0226874351501465, "class_log_probabilities": [-3.7738101482391357, -4.280961036682129, -4.496906280517578, -6.186591625213623], "predictions": [23, 10, 397, 398, 399, 11, 10, 401, 402, 11, 10, 404, 11, 26, 4], "target_tokens": ["[IN:GET_WEATHER", "[SL:LOCATION", "@ptr5", "SL:LOCATION]", "IN:GET_WEATHER]"], "predicted_tokens": ["[IN:SEND_MESSAGE", "[SL:RECIPIENT", "@ptr2", "@ptr3", "@ptr4", "SL:RECIPIENT]", "[SL:RECIPIENT", "@ptr6", "@ptr7", "SL:RECIPIENT]", "[SL:RECIPIENT", "@ptr9", "SL:RECIPIENT]", "IN:SEND_MESSAGE]"]}
{"loss": 3.954413414001465, "class_log_probabilities": [-0.4341336190700531, -4.352260589599609, -6.697751522064209, -6.759038925170898], "predictions": [259, 16, 402, 403, 17, 260, 4, 4], "target_tokens": ["[IN:SNOOZE_ALARM", "[SL:DATE_TIME", "@ptr5", "@ptr6", "@ptr7", "@ptr8", "SL:DATE_TIME]", "IN:SNOOZE_ALARM]"], "predicted_tokens": ["[IN:UPDATE_ALARM", "[SL:DATE_TIME", "@ptr7", "@ptr8", "SL:DATE_TIME]", "IN:UPDATE_ALARM]"]}
{"loss": 3.009246587753296, "class_log_probabilities": [-2.4326822757720947, -2.621694803237915, -3.1549324989318848, -6.004207611083984], "predictions": [45, 34, 405, 406, 35, 16, 407, 408, 409, 17, 46, 4], "target_tokens": ["[IN:CREATE_ALARM", "[SL:ALARM_NAME", "@ptr10", "SL:ALARM_NAME]", "[SL:DATE_TIME", "@ptr11", "@ptr12", "@ptr13", "SL:DATE_TIME]", "IN:CREATE_ALARM]"], "predicted_tokens": ["[IN:CREATE_ALARM", "[SL:PERSON_REMINDED", "@ptr10", "@ptr11", "SL:PERSON_REMINDED]", "[SL:DATE_TIME", "@ptr12", "@ptr13", "@ptr14", "SL:DATE_TIME]", "IN:CREATE_ALARM]"]}
{"loss": 2.7255170345306396, "class_log_probabilities": [-0.6250933408737183, -3.191140651702881, -8.204533576965332, -8.325812339782715], "predictions": [45, 16, 399, 400, 401, 402, 17, 46, 4, 4], "target_tokens": ["[IN:CREATE_ALARM", "[SL:DATE_TIME", "@ptr3", "@ptr4", "@ptr5", "@ptr6", "SL:DATE_TIME]", "IN:CREATE_ALARM]"], "predicted_tokens": ["[IN:CREATE_ALARM", "[SL:DATE_TIME", "@ptr4", "@ptr5", "@ptr6", "@ptr7", "SL:DATE_TIME]", "IN:CREATE_ALARM]"]}
{"loss": 2.5098278522491455, "class_log_probabilities": [-0.9906291961669922, -3.2813029289245605, -4.501611709594727, -4.76089334487915], "predictions": [45, 46, 4], "target_tokens": ["[IN:SILENCE_ALARM", "IN:SILENCE_ALARM]"], "predicted_tokens": ["[IN:CREATE_ALARM", "IN:CREATE_ALARM]"]}
{"loss": 1.7477415800094604, "class_log_probabilities": [-0.8751166462898254, -4.531031131744385, -5.667611598968506, -7.681203842163086], "predictions": [45, 16, 399, 400, 401, 402, 403, 404, 405, 406, 407, 408, 17, 46, 4, 4, 4], "target_tokens": ["[IN:CREATE_ALARM", "[SL:DATE_TIME", "@ptr3", "@ptr4", "@ptr5", "@ptr6", "@ptr7", "@ptr8", "@ptr9", "@ptr10", "@ptr11", "@ptr12", "SL:DATE_TIME]", "IN:CREATE_ALARM]"], "predicted_tokens": ["[IN:CREATE_ALARM", "[SL:DATE_TIME", "@ptr4", "@ptr5", "@ptr6", "@ptr7", "@ptr8", "@ptr9", "@ptr10", "@ptr11", "@ptr12", "@ptr13", "SL:DATE_TIME]", "IN:CREATE_ALARM]"]}
{"loss": 2.2961337566375732, "class_log_probabilities": [-3.1139943599700928, -3.5786337852478027, -4.814764022827148, -5.021279811859131], "predictions": [45, 249, 401, 402, 250, 16, 406, 407, 408, 409, 410, 411, 412, 17, 46, 4, 4, 4, 4], "target_tokens": ["[IN:CREATE_ALARM", "[SL:ALARM_NAME", "@ptr5", "@ptr6", "SL:ALARM_NAME]", "[SL:DATE_TIME", "@ptr10", "@ptr11", "@ptr12", "@ptr13", "@ptr14", "@ptr15", "SL:DATE_TIME]", "IN:CREATE_ALARM]"], "predicted_tokens": ["[IN:CREATE_ALARM", "[SL:ALARM_NAME", "@ptr6", "@ptr7", "SL:ALARM_NAME]", "[SL:DATE_TIME", "@ptr11", "@ptr12", "@ptr13", "@ptr14", "@ptr15", "@ptr16", "@ptr17", "SL:DATE_TIME]", "IN:CREATE_ALARM]"]}
{"loss": 1.926923155784607, "class_log_probabilities": [-3.872621536254883, -4.449256420135498, -4.723452091217041, -5.33341646194458], "predictions": [49, 16, 399, 400, 401, 402, 403, 404, 405, 406, 407, 408, 409, 410, 17, 16, 412, 414, 17, 50, 4, 4], "target_tokens": ["[IN:CREATE_ALARM", "[SL:DATE_TIME", "@ptr4", "@ptr5", "@ptr6", "@ptr7", "@ptr8", "@ptr9", "@ptr10", "@ptr11", "@ptr12", "@ptr13", "SL:DATE_TIME]", "[SL:DATE_TIME", "@ptr14", "@ptr15", "@ptr16", "@ptr17", "SL:DATE_TIME]", "IN:CREATE_ALARM]"], "predicted_tokens": ["[IN:CREATE_REMINDER", "[SL:DATE_TIME", "@ptr4", "@ptr5", "@ptr6", "@ptr7", "@ptr8", "@ptr9", "@ptr10", "@ptr11", "@ptr12", "@ptr13", "@ptr14", "@ptr15", "SL:DATE_TIME]", "[SL:DATE_TIME", "@ptr17", "@ptr19", "SL:DATE_TIME]", "IN:CREATE_REMINDER]"]}
{"loss": 0.9657268524169922, "class_log_probabilities": [-0.16785117983818054, -8.505406379699707, -8.569129943847656, -8.596908569335938], "predictions": [45, 46, 4], "target_tokens": ["[IN:CREATE_ALARM", "IN:CREATE_ALARM]"], "predicted_tokens": ["[IN:CREATE_ALARM", "IN:CREATE_ALARM]"]}
{"loss": 5.229140758514404, "class_log_probabilities": [-3.020085334777832, -3.7476377487182617, -5.089331150054932, -5.339921951293945], "predictions": [49, 34, 397, 35, 50, 4, 4, 4, 4, 4, 4], "target_tokens": ["[IN:GET_ALARM", "[SL:AMOUNT", "@ptr7", "SL:AMOUNT]", "IN:GET_ALARM]"], "predicted_tokens": ["[IN:CREATE_REMINDER", "[SL:PERSON_REMINDED", "@ptr2", "SL:PERSON_REMINDED]", "IN:CREATE_REMINDER]"]}
{"loss": 1.8052732944488525, "class_log_probabilities": [-0.6251632571220398, -5.48648738861084, -5.503921985626221, -6.059360027313232], "predictions": [45, 16, 398, 399, 400, 17, 46, 4], "target_tokens": ["[IN:CREATE_ALARM", "[SL:DATE_TIME", "@ptr3", "@ptr4", "@ptr5", "@ptr6", "SL:DATE_TIME]", "IN:CREATE_ALARM]"], "predicted_tokens": ["[IN:CREATE_ALARM", "[SL:DATE_TIME", "@ptr3", "@ptr4", "@ptr5", "SL:DATE_TIME]", "IN:CREATE_ALARM]"]}
{"loss": 0.960181713104248, "class_log_probabilities": [-0.4680148959159851, -8.363890647888184, -8.572542190551758, -8.767724990844727], "predictions": [45, 16, 398, 399, 400, 17, 46, 4], "target_tokens": ["[IN:CREATE_ALARM", "[SL:DATE_TIME", "@ptr3", "@ptr4", "@ptr5", "SL:DATE_TIME]", "IN:CREATE_ALARM]"], "predicted_tokens": ["[IN:CREATE_ALARM", "[SL:DATE_TIME", "@ptr3", "@ptr4", "@ptr5", "SL:DATE_TIME]", "IN:CREATE_ALARM]"]}
{"loss": 1.7821239233016968, "class_log_probabilities": [-0.5664272904396057, -8.173933982849121, -8.5767240524292, -8.646831512451172], "predictions": [45, 16, 401, 402, 403, 404, 405, 17, 46, 4], "target_tokens": ["[IN:CREATE_ALARM", "[SL:DATE_TIME", "@ptr5", "@ptr6", "@ptr7", "@ptr8", "@ptr9", "@ptr10", "SL:DATE_TIME]", "IN:CREATE_ALARM]"], "predicted_tokens": ["[IN:CREATE_ALARM", "[SL:DATE_TIME", "@ptr6", "@ptr7", "@ptr8", "@ptr9", "@ptr10", "SL:DATE_TIME]", "IN:CREATE_ALARM]"]}
{"loss": 3.5222232341766357, "class_log_probabilities": [-0.39858317375183105, -8.63184928894043, -8.855682373046875, -8.945249557495117], "predictions": [45, 16, 399, 400, 17, 46, 4, 4], "target_tokens": ["[IN:CREATE_ALARM", "[SL:DATE_TIME", "@ptr3", "@ptr4", "SL:DATE_TIME]", "IN:CREATE_ALARM]"], "predicted_tokens": ["[IN:CREATE_ALARM", "[SL:DATE_TIME", "@ptr4", "@ptr5", "SL:DATE_TIME]", "IN:CREATE_ALARM]"]}
{"loss": 2.4744460582733154, "class_log_probabilities": [-0.4549718201160431, -5.15509033203125, -5.371002674102783, -6.576213359832764], "predictions": [153, 6, 399, 400, 7, 154, 4, 4], "target_tokens": ["[IN:GET_CALL", "[SL:CONTACT", "@ptr4", "@ptr5", "SL:CONTACT]", "IN:GET_CALL]"], "predicted_tokens": ["[IN:ANSWER_CALL", "[SL:CONTACT", "@ptr4", "@ptr5", "SL:CONTACT]", "IN:ANSWER_CALL]"]}
{"loss": 1.5759916305541992, "class_log_probabilities": [-0.8449170589447021, -5.286086082458496, -5.5044684410095215, -6.884493350982666], "predictions": [63, 206, 396, 397, 398, 399, 400, 401, 402, 403, 404, 405, 207, 103, 407, 104, 68, 4], "target_tokens": ["[IN:PLAY_MUSIC", "[SL:MUSIC_ALBUM_TITLE", "@ptr1", "@ptr2", "@ptr3", "@ptr4", "@ptr5", "@ptr6", "@ptr7", "@ptr8", "@ptr9", "SL:MUSIC_ALBUM_TITLE]", "[SL:MUSIC_PROVIDER_NAME", "@ptr11", "SL:MUSIC_PROVIDER_NAME]", "IN:PLAY_MUSIC]"], "predicted_tokens": ["[IN:PLAY_MUSIC", "[SL:MUSIC_ALBUM_TITLE", "@ptr1", "@ptr2", "@ptr3", "@ptr4", "@ptr5", "@ptr6", "@ptr7", "@ptr8", "@ptr9", "@ptr10", "SL:MUSIC_ALBUM_TITLE]", "[SL:MUSIC_PROVIDER_NAME", "@ptr12", "SL:MUSIC_PROVIDER_NAME]", "IN:PLAY_MUSIC]"]}
{"loss": 2.2884538173675537, "class_log_probabilities": [-1.31428861618042, -2.7504942417144775, -5.81326150894165, -6.256680011749268], "predictions": [63, 101, 396, 397, 398, 399, 400, 401, 402, 403, 404, 405, 406, 407, 408, 102, 68, 4], "target_tokens": ["[IN:PLAY_MUSIC", "[SL:MUSIC_ALBUM_TITLE", "@ptr1", "@ptr2", "@ptr3", "@ptr4", "@ptr5", "@ptr6", "@ptr7", "@ptr8", "@ptr9", "SL:MUSIC_ALBUM_TITLE]", "[SL:MUSIC_PROVIDER_NAME", "@ptr11", "@ptr12", "@ptr13", "SL:MUSIC_PROVIDER_NAME]", "IN:PLAY_MUSIC]"], "predicted_tokens": ["[IN:PLAY_MUSIC", "[SL:MUSIC_TRACK_TITLE", "@ptr1", "@ptr2", "@ptr3", "@ptr4", "@ptr5", "@ptr6", "@ptr7", "@ptr8", "@ptr9", "@ptr10", "@ptr11", "@ptr12", "@ptr13", "SL:MUSIC_TRACK_TITLE]", "IN:PLAY_MUSIC]"]}
{"loss": 1.4372519254684448, "class_log_probabilities": [-1.0624417066574097, -4.837551116943359, -5.348299026489258, -7.032924175262451], "predictions": [45, 16, 398, 399, 400, 401, 402, 403, 404, 405, 406, 407, 17, 46, 4, 4, 4, 4, 4, 4, 4, 4], "target_tokens": ["[IN:CREATE_ALARM", "[SL:DATE_TIME", "@ptr4", "@ptr5", "@ptr6", "@ptr7", "@ptr8", "@ptr9", "@ptr10", "@ptr11", "@ptr12", "SL:DATE_TIME]", "IN:CREATE_ALARM]"], "predicted_tokens": ["[IN:CREATE_ALARM", "[SL:DATE_TIME", "@ptr3", "@ptr4", "@ptr5", "@ptr6", "@ptr7", "@ptr8", "@ptr9", "@ptr10", "@ptr11", "@ptr12", "SL:DATE_TIME]", "IN:CREATE_ALARM]"]}
{"loss": 0.9674636125564575, "class_log_probabilities": [-0.7865538001060486, -6.459365367889404, -7.246973514556885, -7.262077331542969], "predictions": [45, 16, 397, 398, 399, 400, 401, 402, 403, 404, 405, 406, 17, 46, 4, 4, 4, 4, 4, 4, 4, 4], "target_tokens": ["[IN:CREATE_ALARM", "[SL:DATE_TIME", "@ptr2", "@ptr3", "@ptr4", "@ptr5", "@ptr6", "@ptr7", "@ptr8", "@ptr9", "@ptr10", "@ptr11", "SL:DATE_TIME]", "IN:CREATE_ALARM]"], "predicted_tokens": ["[IN:CREATE_ALARM", "[SL:DATE_TIME", "@ptr2", "@ptr3", "@ptr4", "@ptr5", "@ptr6", "@ptr7", "@ptr8", "@ptr9", "@ptr10", "@ptr11", "SL:DATE_TIME]", "IN:CREATE_ALARM]"]}
{"loss": 3.6041815280914307, "class_log_probabilities": [-1.2473758459091187, -1.836558222770691, -3.982412815093994, -4.101672649383545], "predictions": [259, 16, 401, 402, 17, 260, 4, 4], "target_tokens": ["[IN:SNOOZE_ALARM", "[SL:DATE_TIME", "@ptr4", "@ptr5", "@ptr6", "@ptr7", "SL:DATE_TIME]", "IN:SNOOZE_ALARM]"], "predicted_tokens": ["[IN:UPDATE_ALARM", "[SL:DATE_TIME", "@ptr6", "@ptr7", "SL:DATE_TIME]", "IN:UPDATE_ALARM]"]}
{"loss": 2.593879461288452, "class_log_probabilities": [-1.2479679584503174, -3.036327600479126, -7.3763933181762695, -7.584970474243164], "predictions": [49, 36, 400, 401, 402, 37, 16, 403, 404, 405, 406, 407, 17, 50, 4, 4], "target_tokens": ["[IN:CREATE_ALARM", "[SL:ALARM_NAME", "@ptr4", "@ptr5", "@ptr6", "SL:ALARM_NAME]", "[SL:DATE_TIME", "@ptr7", "@ptr8", "@ptr9", "@ptr10", "@ptr11", "@ptr12", "SL:DATE_TIME]", "IN:CREATE_ALARM]"], "predicted_tokens": ["[IN:CREATE_REMINDER", "[SL:TODO", "@ptr5", "@ptr6", "@ptr7", "SL:TODO]", "[SL:DATE_TIME", "@ptr8", "@ptr9", "@ptr10", "@ptr11", "@ptr12", "SL:DATE_TIME]", "IN:CREATE_REMINDER]"]}
{"loss": 3.5917630195617676, "class_log_probabilities": [-4.149172306060791, -5.1683669090271, -6.013830661773682, -7.2515740394592285], "predictions": [75, 78, 4, 4, 4, 4, 4, 4, 4, 4], "target_tokens": ["[IN:GET_WEATHER", "[SL:LOCATION", "@ptr8", "@ptr9", "SL:LOCATION]", "IN:GET_WEATHER]"], "predicted_tokens": ["[IN:CREATE_CALL", "IN:CREATE_CALL]"]}
{"loss": 0.9652758240699768, "class_log_probabilities": [-0.3213576674461365, -8.529878616333008, -8.571657180786133, -8.583099365234375], "predictions": [13, 14, 399, 15, 18, 4], "target_tokens": ["[IN:GET_WEATHER", "[SL:LOCATION", "@ptr4", "SL:LOCATION]", "IN:GET_WEATHER]"], "predicted_tokens": ["[IN:GET_WEATHER", "[SL:LOCATION", "@ptr4", "SL:LOCATION]", "IN:GET_WEATHER]"]}
{"loss": 2.4126577377319336, "class_log_probabilities": [-0.5430992245674133, -5.732074737548828, -6.357644081115723, -6.643794059753418], "predictions": [13, 14, 402, 403, 404, 405, 15, 18, 4, 4, 4, 4], "target_tokens": ["[IN:GET_WEATHER", "[SL:LOCATION", "@ptr6", "@ptr7", "@ptr8", "@ptr9", "SL:LOCATION]", "IN:GET_WEATHER]"], "predicted_tokens": ["[IN:GET_WEATHER", "[SL:LOCATION", "@ptr7", "@ptr8", "@ptr9", "@ptr10", "SL:LOCATION]", "IN:GET_WEATHER]"]}
{"loss": 1.162290334701538, "class_log_probabilities": [-2.839233636856079, -3.310694694519043, -3.382453203201294, -3.6641299724578857], "predictions": [63, 103, 397, 104, 66, 400, 401, 402, 403, 404, 67, 68, 4], "target_tokens": ["[IN:PLAY_MUSIC", "[SL:MUSIC_PROVIDER_NAME", "@ptr2", "SL:MUSIC_PROVIDER_NAME]", "[SL:MUSIC_RADIO_ID", "@ptr5", "@ptr6", "@ptr7", "@ptr8", "@ptr9", "SL:MUSIC_RADIO_ID]", "IN:PLAY_MUSIC]"], "predicted_tokens": ["[IN:PLAY_MUSIC", "[SL:MUSIC_PROVIDER_NAME", "@ptr2", "SL:MUSIC_PROVIDER_NAME]", "[SL:MUSIC_ARTIST_NAME", "@ptr5", "@ptr6", "@ptr7", "@ptr8", "@ptr9", "SL:MUSIC_ARTIST_NAME]", "IN:PLAY_MUSIC]"]}
{"loss": 3.338310956954956, "class_log_probabilities": [-2.778449058532715, -3.1511828899383545, -3.3094937801361084, -3.6814491748809814], "predictions": [75, 6, 398, 399, 7, 6, 70, 71, 401, 72, 93, 403, 94, 73, 7, 78, 4, 4], "target_tokens": ["[IN:CREATE_CALL", "[SL:CONTACT", "[IN:GET_CONTACT", "[SL:CONTACT_RELATED", "@ptr7", "@ptr8", "SL:CONTACT_RELATED]", "[SL:TYPE_RELATION", "@ptr5", "@ptr6", "SL:TYPE_RELATION]", "[SL:CONTACT", "@ptr3", "@ptr4", "SL:CONTACT]", "IN:GET_CONTACT]", "SL:CONTACT]", "IN:CREATE_CALL]"], "predicted_tokens": ["[IN:CREATE_CALL", "[SL:CONTACT", "@ptr3", "@ptr4", "SL:CONTACT]", "[SL:CONTACT", "[IN:GET_CONTACT", "[SL:TYPE_RELATION", "@ptr6", "SL:TYPE_RELATION]", "[SL:CONTACT_RELATED", "@ptr8", "SL:CONTACT_RELATED]", "IN:GET_CONTACT]", "SL:CONTACT]", "IN:CREATE_CALL]"]}
{"loss": 1.1452536582946777, "class_log_probabilities": [-2.8432111740112305, -2.8603317737579346, -3.407437801361084, -4.040144920349121], "predictions": [13, 16, 399, 400, 401, 402, 403, 404, 17, 18, 4, 4, 4, 4, 4, 4, 4, 4, 4, 4], "target_tokens": ["[IN:GET_WEATHER", "[SL:DATE_TIME", "@ptr4", "@ptr5", "@ptr6", "@ptr7", "@ptr8", "@ptr9", "@ptr10", "@ptr11", "@ptr12", "@ptr13", "@ptr14", "SL:DATE_TIME]", "IN:GET_WEATHER]"], "predicted_tokens": ["[IN:GET_WEATHER", "[SL:DATE_TIME", "@ptr4", "@ptr5", "@ptr6", "@ptr7", "@ptr8", "@ptr9", "SL:DATE_TIME]", "IN:GET_WEATHER]"]}
{"loss": 3.5541388988494873, "class_log_probabilities": [-0.3753282129764557, -4.839358806610107, -6.33452844619751, -7.632318019866943], "predictions": [13, 135, 402, 136, 18, 4], "target_tokens": ["[IN:GET_WEATHER", "[SL:WEATHER_ATTRIBUTE", "@ptr1", "SL:WEATHER_ATTRIBUTE]", "[SL:WEATHER_TEMPERATURE_UNIT", "@ptr6", "SL:WEATHER_TEMPERATURE_UNIT]", "IN:GET_WEATHER]"], "predicted_tokens": ["[IN:GET_WEATHER", "[SL:WEATHER_TEMPERATURE_UNIT", "@ptr7", "SL:WEATHER_TEMPERATURE_UNIT]", "IN:GET_WEATHER]"]}
{"loss": 2.526108741760254, "class_log_probabilities": [-0.6011607050895691, -6.254563331604004, -7.3506669998168945, -7.734484672546387], "predictions": [13, 16, 399, 400, 401, 402, 403, 17, 18, 4], "target_tokens": ["[IN:GET_WEATHER", "[SL:DATE_TIME", "@ptr5", "@ptr6", "@ptr7", "SL:DATE_TIME]", "IN:GET_WEATHER]"], "predicted_tokens": ["[IN:GET_WEATHER", "[SL:DATE_TIME", "@ptr4", "@ptr5", "@ptr6", "@ptr7", "@ptr8", "SL:DATE_TIME]", "IN:GET_WEATHER]"]}
{"loss": 2.4317433834075928, "class_log_probabilities": [-0.5947996377944946, -3.7158634662628174, -4.338144779205322, -7.819273948669434], "predictions": [13, 14, 403, 404, 15, 18, 4, 4, 4], "target_tokens": ["[IN:GET_WEATHER", "[SL:LOCATION", "@ptr7", "SL:LOCATION]", "IN:GET_WEATHER]"], "predicted_tokens": ["[IN:GET_WEATHER", "[SL:LOCATION", "@ptr8", "@ptr9", "SL:LOCATION]", "IN:GET_WEATHER]"]}
{"loss": 2.2429418563842773, "class_log_probabilities": [-0.43824195861816406, -2.922853946685791, -4.968751907348633, -7.972592830657959], "predictions": [13, 14, 403, 15, 18, 4, 4], "target_tokens": ["[IN:GET_WEATHER", "[SL:LOCATION", "@ptr7", "SL:LOCATION]", "IN:GET_WEATHER]"], "predicted_tokens": ["[IN:GET_WEATHER", "[SL:LOCATION", "@ptr8", "SL:LOCATION]", "IN:GET_WEATHER]"]}
{"loss": 0.960882306098938, "class_log_probabilities": [-0.48531731963157654, -5.183238506317139, -8.516886711120605, -8.60800838470459], "predictions": [13, 16, 398, 399, 400, 17, 18, 4, 4], "target_tokens": ["[IN:GET_WEATHER", "[SL:DATE_TIME", "@ptr3", "@ptr4", "@ptr5", "SL:DATE_TIME]", "IN:GET_WEATHER]"], "predicted_tokens": ["[IN:GET_WEATHER", "[SL:DATE_TIME", "@ptr3", "@ptr4", "@ptr5", "SL:DATE_TIME]", "IN:GET_WEATHER]"]}
{"loss": 4.195079326629639, "class_log_probabilities": [-0.42577165365219116, -7.3402299880981445, -7.6691155433654785, -8.125691413879395], "predictions": [13, 14, 399, 400, 401, 15, 18, 4], "target_tokens": ["[IN:GET_WEATHER", "[SL:DATE_TIME", "@ptr2", "@ptr3", "@ptr4", "@ptr5", "SL:DATE_TIME]", "IN:GET_WEATHER]"], "predicted_tokens": ["[IN:GET_WEATHER", "[SL:LOCATION", "@ptr4", "@ptr5", "@ptr6", "SL:LOCATION]", "IN:GET_WEATHER]"]}
{"loss": 2.0968430042266846, "class_log_probabilities": [-0.5975756645202637, -4.736057281494141, -4.996465682983398, -7.947514533996582], "predictions": [13, 16, 401, 402, 403, 404, 405, 17, 18, 4, 4], "target_tokens": ["[IN:GET_WEATHER", "[SL:DATE_TIME", "@ptr5", "@ptr6", "@ptr7", "@ptr8", "@ptr9", "SL:DATE_TIME]", "IN:GET_WEATHER]"], "predicted_tokens": ["[IN:GET_WEATHER", "[SL:DATE_TIME", "@ptr6", "@ptr7", "@ptr8", "@ptr9", "@ptr10", "SL:DATE_TIME]", "IN:GET_WEATHER]"]}
{"loss": 2.884939193725586, "class_log_probabilities": [-0.870448648929596, -4.577784061431885, -6.174284934997559, -6.873710632324219], "predictions": [13, 14, 399, 400, 15, 16, 404, 405, 406, 17, 18, 4], "target_tokens": ["[IN:GET_WEATHER", "[SL:LOCATION", "@ptr4", "SL:LOCATION]", "IN:GET_WEATHER]"], "predicted_tokens": ["[IN:GET_WEATHER", "[SL:LOCATION", "@ptr4", "@ptr5", "SL:LOCATION]", "[SL:DATE_TIME", "@ptr9", "@ptr10", "@ptr11", "SL:DATE_TIME]", "IN:GET_WEATHER]"]}
{"loss": 2.0440781116485596, "class_log_probabilities": [-1.0411102771759033, -5.251471042633057, -6.273597717285156, -6.306874752044678], "predictions": [13, 14, 399, 15, 16, 401, 402, 403, 17, 18, 4, 4], "target_tokens": ["[IN:GET_WEATHER", "[SL:LOCATION", "@ptr4", "SL:LOCATION]", "IN:GET_WEATHER]"], "predicted_tokens": ["[IN:GET_WEATHER", "[SL:LOCATION", "@ptr4", "SL:LOCATION]", "[SL:DATE_TIME", "@ptr6", "@ptr7", "@ptr8", "SL:DATE_TIME]", "IN:GET_WEATHER]"]}
{"loss": 1.6704071760177612, "class_log_probabilities": [-0.9613711833953857, -4.229787826538086, -4.942211627960205, -5.7101263999938965], "predictions": [45, 16, 399, 400, 401, 402, 403, 404, 405, 17, 46, 4], "target_tokens": ["[IN:CREATE_ALARM", "[SL:DATE_TIME", "@ptr4", "@ptr5", "@ptr6", "@ptr7", "@ptr8", "@ptr9", "SL:DATE_TIME]", "IN:CREATE_ALARM]"], "predicted_tokens": ["[IN:CREATE_ALARM", "[SL:DATE_TIME", "@ptr4", "@ptr5", "@ptr6", "@ptr7", "@ptr8", "@ptr9", "@ptr10", "SL:DATE_TIME]", "IN:CREATE_ALARM]"]}
{"loss": 4.183097839355469, "class_log_probabilities": [-0.762339174747467, -4.561245918273926, -4.700445175170898, -5.530946254730225], "predictions": [259, 16, 401, 402, 403, 17, 260, 4], "target_tokens": ["[IN:SNOOZE_ALARM", "[SL:DATE_TIME", "@ptr4", "@ptr5", "@ptr6", "@ptr7", "SL:DATE_TIME]", "IN:SNOOZE_ALARM]"], "predicted_tokens": ["[IN:UPDATE_ALARM", "[SL:DATE_TIME", "@ptr6", "@ptr7", "@ptr8", "SL:DATE_TIME]", "IN:UPDATE_ALARM]"]}
{"loss": 4.5502400398254395, "class_log_probabilities": [-0.1831931173801422, -6.161402225494385, -6.399128437042236, -7.84972620010376], "predictions": [259, 260, 4], "target_tokens": ["[IN:SNOOZE_ALARM", "IN:SNOOZE_ALARM]"], "predicted_tokens": ["[IN:UPDATE_ALARM", "IN:UPDATE_ALARM]"]}
{"loss": 1.6787410974502563, "class_log_probabilities": [-0.7642307281494141, -4.326481342315674, -6.598677635192871, -7.259779930114746], "predictions": [45, 16, 399, 400, 401, 402, 403, 404, 17, 46, 4, 4], "target_tokens": ["[IN:CREATE_ALARM", "[SL:DATE_TIME", "@ptr4", "@ptr5", "@ptr6", "@ptr7", "@ptr8", "SL:DATE_TIME]", "IN:CREATE_ALARM]"], "predicted_tokens": ["[IN:CREATE_ALARM", "[SL:DATE_TIME", "@ptr4", "@ptr5", "@ptr6", "@ptr7", "@ptr8", "@ptr9", "SL:DATE_TIME]", "IN:CREATE_ALARM]"]}
{"loss": 2.0991780757904053, "class_log_probabilities": [-0.5884700417518616, -4.3619184494018555, -5.348814487457275, -5.933304786682129], "predictions": [49, 34, 400, 35, 50, 4], "target_tokens": ["[IN:CREATE_ALARM", "IN:CREATE_ALARM]"], "predicted_tokens": ["[IN:CREATE_REMINDER", "[SL:PERSON_REMINDED", "@ptr5", "SL:PERSON_REMINDED]", "IN:CREATE_REMINDER]"]}
{"loss": 1.9740005731582642, "class_log_probabilities": [-1.3747721910476685, -3.6902756690979004, -4.015404224395752, -4.494734764099121], "predictions": [75, 6, 396, 397, 7, 78, 4], "target_tokens": ["[IN:UPDATE_CALL", "[SL:CONTACT_ADDED", "@ptr1", "@ptr2", "SL:CONTACT_ADDED]", "IN:UPDATE_CALL]"], "predicted_tokens": ["[IN:CREATE_CALL", "[SL:CONTACT", "@ptr1", "@ptr2", "SL:CONTACT]", "IN:CREATE_CALL]"]}
{"loss": 3.6853880882263184, "class_log_probabilities": [-5.744893550872803, -6.877529144287109, -7.62744665145874, -8.745219230651855], "predictions": [23, 10, 396, 11, 24, 405, 406, 407, 25, 26, 4, 4, 4, 4, 4, 4, 4], "target_tokens": ["[IN:GET_CALL_TIME", "[SL:CONTACT", "@ptr0", "@ptr1", "@ptr2", "SL:CONTACT]", "IN:GET_CALL_TIME]"], "predicted_tokens": ["[IN:SEND_MESSAGE", "[SL:RECIPIENT", "@ptr1", "SL:RECIPIENT]", "[SL:CONTENT_EXACT", "@ptr10", "@ptr11", "@ptr12", "SL:CONTENT_EXACT]", "IN:SEND_MESSAGE]"]}
{"loss": 3.350017786026001, "class_log_probabilities": [-2.6326041221618652, -3.91607928276062, -4.100485801696777, -4.906692028045654], "predictions": [215, 6, 402, 403, 404, 405, 7, 216, 4, 4], "target_tokens": ["[IN:UPDATE_METHOD_CALL", "IN:UPDATE_METHOD_CALL]"], "predicted_tokens": ["[IN:SWITCH_CALL", "[SL:CONTACT", "@ptr7", "@ptr8", "@ptr9", "@ptr10", "SL:CONTACT]", "IN:SWITCH_CALL]"]}
{"loss": 1.1853747367858887, "class_log_probabilities": [-1.2980122566223145, -4.130067825317383, -5.79675817489624, -8.406492233276367], "predictions": [245, 246, 4, 4, 4, 4, 4, 4, 4], "target_tokens": ["[IN:UPDATE_METHOD_CALL", "IN:UPDATE_METHOD_CALL]"], "predicted_tokens": ["[IN:UPDATE_METHOD_CALL", "IN:UPDATE_METHOD_CALL]"]}
{"loss": 3.011821985244751, "class_log_probabilities": [-2.685452699661255, -5.4558515548706055, -5.7321319580078125, -6.331090927124023], "predictions": [75, 76, 400, 401, 402, 403, 77, 78, 4], "target_tokens": ["[IN:UPDATE_METHOD_CALL", "IN:UPDATE_METHOD_CALL]"], "predicted_tokens": ["[IN:CREATE_CALL", "[SL:NAME_APP", "@ptr5", "@ptr6", "@ptr7", "@ptr8", "SL:NAME_APP]", "IN:CREATE_CALL]"]}
{"loss": 2.1463136672973633, "class_log_probabilities": [-4.667177200317383, -5.436653137207031, -5.4372429847717285, -6.699369430541992], "predictions": [245, 246, 4, 4, 4, 4, 4, 4, 4], "target_tokens": ["[IN:UPDATE_METHOD_CALL", "IN:UPDATE_METHOD_CALL]"], "predicted_tokens": ["[IN:UPDATE_METHOD_CALL", "IN:UPDATE_METHOD_CALL]"]}
{"loss": 1.527787208557129, "class_log_probabilities": [-0.9083168506622314, -2.156050205230713, -6.837759494781494, -7.870686054229736], "predictions": [63, 66, 396, 397, 398, 399, 400, 67, 103, 401, 104, 68, 4], "target_tokens": ["[IN:PLAY_MUSIC", "[SL:MUSIC_ARTIST_NAME", "@ptr1", "@ptr2", "@ptr3", "@ptr4", "SL:MUSIC_ARTIST_NAME]", "[SL:MUSIC_PROVIDER_NAME", "@ptr5", "SL:MUSIC_PROVIDER_NAME]", "IN:PLAY_MUSIC]"], "predicted_tokens": ["[IN:PLAY_MUSIC", "[SL:MUSIC_ARTIST_NAME", "@ptr1", "@ptr2", "@ptr3", "@ptr4", "@ptr5", "SL:MUSIC_ARTIST_NAME]", "[SL:MUSIC_PROVIDER_NAME", "@ptr6", "SL:MUSIC_PROVIDER_NAME]", "IN:PLAY_MUSIC]"]}
{"loss": 2.932629346847534, "class_log_probabilities": [-1.9119150638580322, -2.96346378326416, -5.306075096130371, -5.386282920837402], "predictions": [75, 6, 70, 71, 397, 398, 72, 93, 401, 402, 403, 404, 7, 73, 7, 78, 4, 4], "target_tokens": ["[IN:CREATE_CALL", "[SL:CONTACT", "[IN:GET_CONTACT", "[SL:CONTACT_RELATED", "@ptr5", "@ptr6", "@ptr7", "@ptr8", "SL:CONTACT_RELATED]", "[SL:TYPE_RELATION", "@ptr2", "@ptr3", "SL:TYPE_RELATION]", "IN:GET_CONTACT]", "SL:CONTACT]", "IN:CREATE_CALL]"], "predicted_tokens": ["[IN:CREATE_CALL", "[SL:CONTACT", "[IN:GET_CONTACT", "[SL:TYPE_RELATION", "@ptr2", "@ptr3", "SL:TYPE_RELATION]", "[SL:CONTACT_RELATED", "@ptr6", "@ptr7", "@ptr8", "@ptr9", "SL:CONTACT]", "IN:GET_CONTACT]", "SL:CONTACT]", "IN:CREATE_CALL]"]}
{"loss": 2.5720858573913574, "class_log_probabilities": [-1.621561050415039, -3.1336865425109863, -3.8741888999938965, -4.108236789703369], "predictions": [75, 6, 70, 71, 397, 72, 93, 400, 401, 402, 403, 94, 73, 7, 78, 4, 4], "target_tokens": ["[IN:CREATE_CALL", "[SL:CONTACT", "[IN:GET_CONTACT", "[SL:CONTACT_RELATED", "@ptr4", "@ptr5", "@ptr6", "@ptr7", "SL:CONTACT_RELATED]", "[SL:TYPE_RELATION", "@ptr2", "SL:TYPE_RELATION]", "IN:GET_CONTACT]", "SL:CONTACT]", "IN:CREATE_CALL]"], "predicted_tokens": ["[IN:CREATE_CALL", "[SL:CONTACT", "[IN:GET_CONTACT", "[SL:TYPE_RELATION", "@ptr2", "SL:TYPE_RELATION]", "[SL:CONTACT_RELATED", "@ptr5", "@ptr6", "@ptr7", "@ptr8", "SL:CONTACT_RELATED]", "IN:GET_CONTACT]", "SL:CONTACT]", "IN:CREATE_CALL]"]}
{"loss": 2.630065441131592, "class_log_probabilities": [-0.7150735259056091, -7.458671569824219, -7.939992427825928, -8.359436988830566], "predictions": [75, 6, 70, 71, 397, 72, 93, 399, 400, 94, 73, 7, 78, 4, 4], "target_tokens": ["[IN:CREATE_CALL", "[SL:CONTACT", "[IN:GET_CONTACT", "[SL:CONTACT_RELATED", "@ptr4", "@ptr5", "SL:CONTACT_RELATED]", "[SL:TYPE_RELATION", "@ptr2", "SL:TYPE_RELATION]", "IN:GET_CONTACT]", "SL:CONTACT]", "IN:CREATE_CALL]"], "predicted_tokens": ["[IN:CREATE_CALL", "[SL:CONTACT", "[IN:GET_CONTACT", "[SL:TYPE_RELATION", "@ptr2", "SL:TYPE_RELATION]", "[SL:CONTACT_RELATED", "@ptr4", "@ptr5", "SL:CONTACT_RELATED]", "IN:GET_CONTACT]", "SL:CONTACT]", "IN:CREATE_CALL]"]}
{"loss": 0.9652091264724731, "class_log_probabilities": [-0.36894676089286804, -7.8588032722473145, -8.07374382019043, -8.437161445617676], "predictions": [75, 6, 397, 398, 7, 78, 4], "target_tokens": ["[IN:CREATE_CALL", "[SL:CONTACT", "@ptr2", "@ptr3", "SL:CONTACT]", "IN:CREATE_CALL]"], "predicted_tokens": ["[IN:CREATE_CALL", "[SL:CONTACT", "@ptr2", "@ptr3", "SL:CONTACT]", "IN:CREATE_CALL]"]}
{"loss": 2.507495164871216, "class_log_probabilities": [-0.801507830619812, -3.735795736312866, -6.119654178619385, -6.535571575164795], "predictions": [61, 83, 398, 84, 16, 400, 401, 17, 62, 4, 4], "target_tokens": ["[IN:GET_EVENT", "[SL:CATEGORY_EVENT", "@ptr1", "@ptr2", "@ptr3", "SL:CATEGORY_EVENT]", "[SL:DATE_TIME", "@ptr4", "@ptr5", "SL:DATE_TIME]", "IN:GET_EVENT]"], "predicted_tokens": ["[IN:GET_EVENT", "[SL:CATEGORY_EVENT", "@ptr3", "SL:CATEGORY_EVENT]", "[SL:DATE_TIME", "@ptr5", "@ptr6", "SL:DATE_TIME]", "IN:GET_EVENT]"]}
{"loss": 1.301396131515503, "class_log_probabilities": [-2.5821104049682617, -2.670858860015869, -3.3081750869750977, -3.516108751296997], "predictions": [61, 83, 397, 398, 84, 16, 399, 400, 401, 402, 17, 62, 4], "target_tokens": ["[IN:GET_EVENT", "[SL:CATEGORY_EVENT", "@ptr1", "@ptr2", "@ptr3", "SL:CATEGORY_EVENT]", "[SL:DATE_TIME", "@ptr4", "@ptr5", "@ptr6", "SL:DATE_TIME]", "IN:GET_EVENT]"], "predicted_tokens": ["[IN:GET_EVENT", "[SL:CATEGORY_EVENT", "@ptr2", "@ptr3", "SL:CATEGORY_EVENT]", "[SL:DATE_TIME", "@ptr4", "@ptr5", "@ptr6", "@ptr7", "SL:DATE_TIME]", "IN:GET_EVENT]"]}
{"loss": 3.2431633472442627, "class_log_probabilities": [-2.4181113243103027, -3.283587694168091, -4.546926975250244, -4.665874004364014], "predictions": [13, 14, 401, 15, 18, 4, 4, 4, 4], "target_tokens": ["[IN:GET_WEATHER", "[SL:WEATHER_TEMPERATURE_UNIT", "@ptr5", "SL:WEATHER_TEMPERATURE_UNIT]", "IN:GET_WEATHER]"], "predicted_tokens": ["[IN:GET_WEATHER", "[SL:LOCATION", "@ptr6", "SL:LOCATION]", "IN:GET_WEATHER]"]}
{"loss": 0.962027370929718, "class_log_probabilities": [-0.5859116911888123, -6.547815799713135, -6.809356212615967, -8.019015312194824], "predictions": [70, 16, 398, 399, 400, 401, 402, 17, 73, 4, 4], "target_tokens": ["[IN:GET_CONTACT", "[SL:DATE_TIME", "@ptr3", "@ptr4", "@ptr5", "@ptr6", "@ptr7", "SL:DATE_TIME]", "IN:GET_CONTACT]"], "predicted_tokens": ["[IN:GET_CONTACT", "[SL:DATE_TIME", "@ptr3", "@ptr4", "@ptr5", "@ptr6", "@ptr7", "SL:DATE_TIME]", "IN:GET_CONTACT]"]}
{"loss": 2.5796444416046143, "class_log_probabilities": [-2.233583927154541, -4.229569435119629, -4.897151947021484, -5.669226169586182], "predictions": [45, 16, 396, 397, 398, 399, 400, 401, 402, 403, 17, 46, 4], "target_tokens": ["[IN:GET_SUNSET", "[SL:DATE_TIME", "@ptr4", "@ptr5", "@ptr6", "@ptr7", "@ptr8", "SL:DATE_TIME]", "IN:GET_SUNSET]"], "predicted_tokens": ["[IN:CREATE_ALARM", "[SL:DATE_TIME", "@ptr1", "@ptr2", "@ptr3", "@ptr4", "@ptr5", "@ptr6", "@ptr7", "@ptr8", "SL:DATE_TIME]", "IN:CREATE_ALARM]"]}
{"loss": 3.741408109664917, "class_log_probabilities": [-0.39701929688453674, -7.221253871917725, -8.060522079467773, -8.129925727844238], "predictions": [23, 10, 401, 402, 11, 26, 4, 4], "target_tokens": ["[IN:SEND_MESSAGE", "[SL:RECIPIENT", "@ptr5", "@ptr6", "SL:RECIPIENT]", "IN:SEND_MESSAGE]"], "predicted_tokens": ["[IN:SEND_MESSAGE", "[SL:RECIPIENT", "@ptr6", "@ptr7", "SL:RECIPIENT]", "IN:SEND_MESSAGE]"]}
{"loss": 0.9746282696723938, "class_log_probabilities": [-0.5086584091186523, -2.901620864868164, -6.838634967803955, -7.872136116027832], "predictions": [23, 10, 399, 11, 26, 4, 4], "target_tokens": ["[IN:SEND_MESSAGE", "[SL:RECIPIENT", "@ptr4", "SL:RECIPIENT]", "IN:SEND_MESSAGE]"], "predicted_tokens": ["[IN:SEND_MESSAGE", "[SL:RECIPIENT", "@ptr4", "SL:RECIPIENT]", "IN:SEND_MESSAGE]"]}
{"loss": 2.2630555629730225, "class_log_probabilities": [-1.0835275650024414, -1.6815176010131836, -4.541207790374756, -6.780496120452881], "predictions": [5, 10, 399, 11, 12, 4, 4, 4, 4, 4], "target_tokens": ["[IN:GET_MESSAGE", "IN:GET_MESSAGE]"], "predicted_tokens": ["[IN:GET_MESSAGE", "[SL:RECIPIENT", "@ptr4", "SL:RECIPIENT]", "IN:GET_MESSAGE]"]}
{"loss": 0.9685029983520508, "class_log_probabilities": [-0.21008816361427307, -5.811856269836426, -6.316519260406494, -6.88371467590332], "predictions": [95, 96, 4], "target_tokens": ["[IN:IGNORE_CALL", "IN:IGNORE_CALL]"], "predicted_tokens": ["[IN:IGNORE_CALL", "IN:IGNORE_CALL]"]}
{"loss": 1.0580499172210693, "class_log_probabilities": [-2.093257427215576, -2.4720659255981445, -3.6708321571350098, -5.519006252288818], "predictions": [75, 6, 397, 398, 399, 400, 401, 7, 78, 4, 4, 4, 4, 4, 4], "target_tokens": ["[IN:CREATE_CALL", "[SL:CONTACT", "@ptr2", "@ptr3", "@ptr4", "@ptr5", "@ptr6", "SL:CONTACT]", "IN:CREATE_CALL]"], "predicted_tokens": ["[IN:CREATE_CALL", "[SL:CONTACT", "@ptr2", "@ptr3", "@ptr4", "@ptr5", "@ptr6", "SL:CONTACT]", "IN:CREATE_CALL]"]}
{"loss": 3.1224427223205566, "class_log_probabilities": [-2.43601131439209, -3.5264511108398438, -4.969870567321777, -6.478082656860352], "predictions": [55, 56, 399, 400, 401, 57, 58, 4], "target_tokens": ["[IN:GET_AVAILABILITY", "[SL:CONTACT", "@ptr4", "@ptr5", "SL:CONTACT]", "IN:GET_AVAILABILITY]"], "predicted_tokens": ["[IN:QUESTION_NEWS", "[SL:NEWS_TOPIC", "@ptr4", "@ptr5", "@ptr6", "SL:NEWS_TOPIC]", "IN:QUESTION_NEWS]"]}
{"loss": 0.9679721593856812, "class_log_probabilities": [-0.5257444381713867, -6.5054731369018555, -7.748620510101318, -7.854787349700928], "predictions": [171, 6, 395, 7, 6, 397, 398, 7, 172, 4, 4, 4, 4], "target_tokens": ["[IN:GET_AVAILABILITY", "[SL:CONTACT", "@ptr0", "SL:CONTACT]", "[SL:CONTACT", "@ptr2", "@ptr3", "SL:CONTACT]", "IN:GET_AVAILABILITY]"], "predicted_tokens": ["[IN:GET_AVAILABILITY", "[SL:CONTACT", "@ptr0", "SL:CONTACT]", "[SL:CONTACT", "@ptr2", "@ptr3", "SL:CONTACT]", "IN:GET_AVAILABILITY]"]}
{"loss": 5.785160541534424, "class_log_probabilities": [-2.2442760467529297, -6.038641452789307, -6.518819808959961, -7.201220989227295], "predictions": [70, 6, 396, 7, 73, 4, 4, 4, 4, 4, 4], "target_tokens": ["[IN:GET_AVAILABILITY", "IN:GET_AVAILABILITY]"], "predicted_tokens": ["[IN:GET_CONTACT", "[SL:CONTACT", "@ptr1", "SL:CONTACT]", "IN:GET_CONTACT]"]}
{"loss": 0.9629350304603577, "class_log_probabilities": [-0.3270362913608551, -8.758596420288086, -8.76406192779541, -11.586026191711426], "predictions": [75, 6, 397, 7, 78, 4, 4, 4, 4, 4], "target_tokens": ["[IN:CREATE_CALL", "[SL:CONTACT", "@ptr2", "SL:CONTACT]", "IN:CREATE_CALL]"], "predicted_tokens": ["[IN:CREATE_CALL", "[SL:CONTACT", "@ptr2", "SL:CONTACT]", "IN:CREATE_CALL]"]}
{"loss": 0.9625193476676941, "class_log_probabilities": [-0.3305084705352783, -8.275355339050293, -8.754708290100098, -8.816207885742188], "predictions": [75, 6, 398, 7, 78, 4, 4, 4], "target_tokens": ["[IN:CREATE_CALL", "[SL:CONTACT", "@ptr3", "SL:CONTACT]", "IN:CREATE_CALL]"], "predicted_tokens": ["[IN:CREATE_CALL", "[SL:CONTACT", "@ptr3", "SL:CONTACT]", "IN:CREATE_CALL]"]}
{"loss": 0.9628355503082275, "class_log_probabilities": [-0.32800328731536865, -8.736084938049316, -8.82447338104248, -11.264476776123047], "predictions": [75, 6, 397, 7, 78, 4, 4, 4, 4, 4], "target_tokens": ["[IN:CREATE_CALL", "[SL:CONTACT", "@ptr2", "SL:CONTACT]", "IN:CREATE_CALL]"], "predicted_tokens": ["[IN:CREATE_CALL", "[SL:CONTACT", "@ptr2", "SL:CONTACT]", "IN:CREATE_CALL]"]}
{"loss": 0.9581037163734436, "class_log_probabilities": [-0.1943124383687973, -8.076641082763672, -8.523707389831543, -8.777650833129883], "predictions": [31, 32, 4, 4], "target_tokens": ["[IN:SET_UNAVAILABLE", "IN:SET_UNAVAILABLE]"], "predicted_tokens": ["[IN:SET_UNAVAILABLE", "IN:SET_UNAVAILABLE]"]}
{"loss": 1.0030204057693481, "class_log_probabilities": [-0.1292048990726471, -8.083796501159668, -8.385860443115234, -8.406798362731934], "predictions": [153, 154, 4], "target_tokens": ["[IN:ANSWER_CALL", "IN:ANSWER_CALL]"], "predicted_tokens": ["[IN:ANSWER_CALL", "IN:ANSWER_CALL]"]}
{"loss": 0.959031879901886, "class_log_probabilities": [-0.20340344309806824, -6.98335599899292, -7.813088417053223, -8.73861312866211], "predictions": [31, 32, 4, 4], "target_tokens": ["[IN:SET_UNAVAILABLE", "IN:SET_UNAVAILABLE]"], "predicted_tokens": ["[IN:SET_UNAVAILABLE", "IN:SET_UNAVAILABLE]"]}
{"loss": 0.9620862007141113, "class_log_probabilities": [-0.17674636840820312, -8.57923698425293, -8.681225776672363, -8.756946563720703], "predictions": [171, 172, 4, 4], "target_tokens": ["[IN:GET_AVAILABILITY", "IN:GET_AVAILABILITY]"], "predicted_tokens": ["[IN:GET_AVAILABILITY", "IN:GET_AVAILABILITY]"]}
{"loss": 1.8853250741958618, "class_log_probabilities": [-0.4544820487499237, -3.538775682449341, -4.319214344024658, -5.881755352020264], "predictions": [153, 154, 4], "target_tokens": ["[IN:SWITCH_CALL", "IN:SWITCH_CALL]"], "predicted_tokens": ["[IN:ANSWER_CALL", "IN:ANSWER_CALL]"]}
{"loss": 2.9648818969726562, "class_log_probabilities": [-1.5357720851898193, -9.301740646362305, -9.45290470123291, -9.596643447875977], "predictions": [70, 73, 4, 4, 4, 4, 4, 4], "target_tokens": ["[IN:GET_AVAILABILITY", "IN:GET_AVAILABILITY]"], "predicted_tokens": ["[IN:GET_CONTACT", "IN:GET_CONTACT]"]}
{"loss": 2.896507978439331, "class_log_probabilities": [-0.18964385986328125, -6.81364107131958, -8.377079963684082, -8.50778579711914], "predictions": [31, 32, 4], "target_tokens": ["[IN:SET_AVAILABLE", "IN:SET_AVAILABLE]"], "predicted_tokens": ["[IN:SET_UNAVAILABLE", "IN:SET_UNAVAILABLE]"]}
{"loss": 0.9886765480041504, "class_log_probabilities": [-0.1413954794406891, -8.230672836303711, -8.390562057495117, -8.401155471801758], "predictions": [215, 216, 4], "target_tokens": ["[IN:SWITCH_CALL", "IN:SWITCH_CALL]"], "predicted_tokens": ["[IN:SWITCH_CALL", "IN:SWITCH_CALL]"]}
{"loss": 1.3985881805419922, "class_log_probabilities": [-0.8605065941810608, -1.9429994821548462, -5.547449111938477, -6.991395950317383], "predictions": [70, 73, 4], "target_tokens": ["[IN:GET_AVAILABILITY", "IN:GET_AVAILABILITY]"], "predicted_tokens": ["[IN:GET_CONTACT", "IN:GET_CONTACT]"]}
{"loss": 0.9643440246582031, "class_log_probabilities": [-0.5356405377388, -8.285515785217285, -8.420051574707031, -8.769408226013184], "predictions": [75, 6, 70, 71, 397, 72, 73, 7, 78, 4], "target_tokens": ["[IN:CREATE_CALL", "[SL:CONTACT", "[IN:GET_CONTACT", "[SL:TYPE_RELATION", "@ptr2", "SL:TYPE_RELATION]", "IN:GET_CONTACT]", "SL:CONTACT]", "IN:CREATE_CALL]"], "predicted_tokens": ["[IN:CREATE_CALL", "[SL:CONTACT", "[IN:GET_CONTACT", "[SL:TYPE_RELATION", "@ptr2", "SL:TYPE_RELATION]", "IN:GET_CONTACT]", "SL:CONTACT]", "IN:CREATE_CALL]"]}
{"loss": 0.9747265577316284, "class_log_probabilities": [-0.4815019965171814, -7.0318217277526855, -7.570924282073975, -7.727755069732666], "predictions": [107, 108, 70, 71, 396, 72, 73, 109, 110, 4], "target_tokens": ["[IN:UPDATE_CALL", "[SL:CONTACT_ADDED", "[IN:GET_CONTACT", "[SL:TYPE_RELATION", "@ptr1", "SL:TYPE_RELATION]", "IN:GET_CONTACT]", "SL:CONTACT_ADDED]", "IN:UPDATE_CALL]"], "predicted_tokens": ["[IN:UPDATE_CALL", "[SL:CONTACT_ADDED", "[IN:GET_CONTACT", "[SL:TYPE_RELATION", "@ptr1", "SL:TYPE_RELATION]", "IN:GET_CONTACT]", "SL:CONTACT_ADDED]", "IN:UPDATE_CALL]"]}
{"loss": 3.1915504932403564, "class_log_probabilities": [-0.6269528865814209, -7.20130729675293, -7.506808757781982, -7.594023704528809], "predictions": [107, 108, 70, 71, 396, 72, 93, 398, 94, 73, 109, 110, 4], "target_tokens": ["[IN:UPDATE_CALL", "[SL:CONTACT_ADDED", "[IN:GET_CONTACT", "[SL:CONTACT_RELATED", "@ptr2", "@ptr3", "SL:CONTACT_RELATED]", "[SL:TYPE_RELATION", "@ptr1", "SL:TYPE_RELATION]", "IN:GET_CONTACT]", "SL:CONTACT_ADDED]", "IN:UPDATE_CALL]"], "predicted_tokens": ["[IN:UPDATE_CALL", "[SL:CONTACT_ADDED", "[IN:GET_CONTACT", "[SL:TYPE_RELATION", "@ptr1", "SL:TYPE_RELATION]", "[SL:CONTACT_RELATED", "@ptr3", "SL:CONTACT_RELATED]", "IN:GET_CONTACT]", "SL:CONTACT_ADDED]", "IN:UPDATE_CALL]"]}
{"loss": 3.2996315956115723, "class_log_probabilities": [-0.8741337060928345, -4.285796642303467, -5.880829811096191, -7.0795745849609375], "predictions": [75, 6, 397, 398, 399, 7, 78, 4, 4, 4, 4, 4, 4, 4, 4], "target_tokens": ["[IN:UPDATE_CALL", "[SL:CONTACT_ADDED", "@ptr2", "@ptr3", "@ptr4", "SL:CONTACT_ADDED]", "IN:UPDATE_CALL]"], "predicted_tokens": ["[IN:CREATE_CALL", "[SL:CONTACT", "@ptr2", "@ptr3", "@ptr4", "SL:CONTACT]", "IN:CREATE_CALL]"]}
{"loss": 2.6928622722625732, "class_log_probabilities": [-1.8691766262054443, -2.9838333129882812, -3.6277036666870117, -6.111782073974609], "predictions": [75, 6, 70, 71, 403, 72, 93, 405, 94, 73, 7, 78, 4, 4, 4], "target_tokens": ["[IN:CREATE_CALL", "[SL:CONTACT", "[IN:GET_CONTACT", "[SL:CONTACT_RELATED", "@ptr8", "@ptr9", "SL:CONTACT_RELATED]", "[SL:TYPE_RELATION", "@ptr7", "SL:TYPE_RELATION]", "IN:GET_CONTACT]", "SL:CONTACT]", "IN:CREATE_CALL]"], "predicted_tokens": ["[IN:CREATE_CALL", "[SL:CONTACT", "[IN:GET_CONTACT", "[SL:TYPE_RELATION", "@ptr8", "SL:TYPE_RELATION]", "[SL:CONTACT_RELATED", "@ptr10", "SL:CONTACT_RELATED]", "IN:GET_CONTACT]", "SL:CONTACT]", "IN:CREATE_CALL]"]}
{"loss": 0.9622828960418701, "class_log_probabilities": [-0.33162587881088257, -8.773770332336426, -8.798948287963867, -8.82171630859375], "predictions": [75, 6, 399, 7, 78, 4, 4, 4], "target_tokens": ["[IN:CREATE_CALL", "[SL:CONTACT", "@ptr4", "SL:CONTACT]", "IN:CREATE_CALL]"], "predicted_tokens": ["[IN:CREATE_CALL", "[SL:CONTACT", "@ptr4", "SL:CONTACT]", "IN:CREATE_CALL]"]}
{"loss": 0.965837299823761, "class_log_probabilities": [-0.4140099287033081, -4.343820571899414, -6.180166721343994, -6.3805742263793945], "predictions": [107, 108, 397, 109, 110, 4], "target_tokens": ["[IN:UPDATE_CALL", "[SL:CONTACT_ADDED", "@ptr2", "SL:CONTACT_ADDED]", "IN:UPDATE_CALL]"], "predicted_tokens": ["[IN:UPDATE_CALL", "[SL:CONTACT_ADDED", "@ptr2", "SL:CONTACT_ADDED]", "IN:UPDATE_CALL]"]}
{"loss": 0.9672741889953613, "class_log_probabilities": [-0.3345273733139038, -6.82158088684082, -7.659610271453857, -8.67171859741211], "predictions": [107, 108, 397, 109, 110, 4, 4, 4], "target_tokens": ["[IN:UPDATE_CALL", "[SL:CONTACT_ADDED", "@ptr2", "SL:CONTACT_ADDED]", "IN:UPDATE_CALL]"], "predicted_tokens": ["[IN:UPDATE_CALL", "[SL:CONTACT_ADDED", "@ptr2", "SL:CONTACT_ADDED]", "IN:UPDATE_CALL]"]}
{"loss": 1.4445247650146484, "class_log_probabilities": [-1.0837757587432861, -3.2868759632110596, -4.648783206939697, -4.918288230895996], "predictions": [107, 108, 70, 71, 396, 397, 398, 72, 73, 109, 110, 4], "target_tokens": ["[IN:UPDATE_CALL", "[SL:CONTACT_ADDED", "[IN:GET_CONTACT", "[SL:TYPE_RELATION", "@ptr1", "@ptr2", "SL:TYPE_RELATION]", "IN:GET_CONTACT]", "SL:CONTACT_ADDED]", "IN:UPDATE_CALL]"], "predicted_tokens": ["[IN:UPDATE_CALL", "[SL:CONTACT_ADDED", "[IN:GET_CONTACT", "[SL:TYPE_RELATION", "@ptr1", "@ptr2", "@ptr3", "SL:TYPE_RELATION]", "IN:GET_CONTACT]", "SL:CONTACT_ADDED]", "IN:UPDATE_CALL]"]}
{"loss": 1.121229648590088, "class_log_probabilities": [-1.2880340814590454, -2.704517126083374, -3.053938388824463, -6.97922945022583], "predictions": [75, 6, 70, 71, 397, 72, 73, 7, 78, 4, 4, 4, 4], "target_tokens": ["[IN:CREATE_CALL", "[SL:CONTACT", "[IN:GET_CONTACT", "[SL:TYPE_RELATION", "@ptr2", "@ptr3", "SL:TYPE_RELATION]", "IN:GET_CONTACT]", "SL:CONTACT]", "IN:CREATE_CALL]"], "predicted_tokens": ["[IN:CREATE_CALL", "[SL:CONTACT", "[IN:GET_CONTACT", "[SL:TYPE_RELATION", "@ptr2", "SL:TYPE_RELATION]", "IN:GET_CONTACT]", "SL:CONTACT]", "IN:CREATE_CALL]"]}
{"loss": 2.5490047931671143, "class_log_probabilities": [-1.5578477382659912, -4.723162651062012, -5.488083362579346, -5.573950290679932], "predictions": [23, 10, 70, 71, 396, 72, 93, 398, 94, 73, 11, 24, 400, 401, 402, 403, 404, 405, 406, 407, 408, 409, 410, 411, 25, 26, 4], "target_tokens": ["[IN:SEND_MESSAGE", "[SL:RECIPIENT", "[IN:GET_CONTACT", "[SL:CONTACT_RELATED", "@ptr2", "@ptr3", "SL:CONTACT_RELATED]", "[SL:TYPE_RELATION", "@ptr1", "SL:TYPE_RELATION]", "IN:GET_CONTACT]", "SL:RECIPIENT]", "[SL:CONTENT_EXACT", "@ptr6", "@ptr7", "@ptr8", "@ptr9", "@ptr10", "@ptr11", "@ptr12", "@ptr13", "@ptr14", "SL:CONTENT_EXACT]", "IN:SEND_MESSAGE]"], "predicted_tokens": ["[IN:SEND_MESSAGE", "[SL:RECIPIENT", "[IN:GET_CONTACT", "[SL:TYPE_RELATION", "@ptr1", "SL:TYPE_RELATION]", "[SL:CONTACT_RELATED", "@ptr3", "SL:CONTACT_RELATED]", "IN:GET_CONTACT]", "SL:RECIPIENT]", "[SL:CONTENT_EXACT", "@ptr5", "@ptr6", "@ptr7", "@ptr8", "@ptr9", "@ptr10", "@ptr11", "@ptr12", "@ptr13", "@ptr14", "@ptr15", "@ptr16", "SL:CONTENT_EXACT]", "IN:SEND_MESSAGE]"]}
{"loss": 0.9705467224121094, "class_log_probabilities": [-0.6108671426773071, -5.429193019866943, -6.9650373458862305, -7.311522960662842], "predictions": [23, 10, 399, 11, 24, 401, 402, 403, 25, 26, 4, 4], "target_tokens": ["[IN:SEND_MESSAGE", "[SL:RECIPIENT", "@ptr4", "SL:RECIPIENT]", "[SL:CONTENT_EXACT", "@ptr6", "@ptr7", "@ptr8", "SL:CONTENT_EXACT]", "IN:SEND_MESSAGE]"], "predicted_tokens": ["[IN:SEND_MESSAGE", "[SL:RECIPIENT", "@ptr4", "SL:RECIPIENT]", "[SL:CONTENT_EXACT", "@ptr6", "@ptr7", "@ptr8", "SL:CONTENT_EXACT]", "IN:SEND_MESSAGE]"]}
{"loss": 2.005542516708374, "class_log_probabilities": [-0.8225448727607727, -4.749651908874512, -6.646942138671875, -7.264492988586426], "predictions": [23, 10, 70, 71, 398, 72, 73, 11, 24, 403, 404, 25, 26, 4], "target_tokens": ["[IN:SEND_MESSAGE", "[SL:RECIPIENT", "[IN:GET_CONTACT", "[SL:TYPE_RELATION", "@ptr3", "SL:TYPE_RELATION]", "IN:GET_CONTACT]", "SL:RECIPIENT]", "[SL:CONTENT_EXACT", "@ptr7", "@ptr8", "SL:CONTENT_EXACT]", "IN:SEND_MESSAGE]"], "predicted_tokens": ["[IN:SEND_MESSAGE", "[SL:RECIPIENT", "[IN:GET_CONTACT", "[SL:TYPE_RELATION", "@ptr3", "SL:TYPE_RELATION]", "IN:GET_CONTACT]", "SL:RECIPIENT]", "[SL:CONTENT_EXACT", "@ptr8", "@ptr9", "SL:CONTENT_EXACT]", "IN:SEND_MESSAGE]"]}
{"loss": 1.7725307941436768, "class_log_probabilities": [-0.5683190822601318, -5.895230293273926, -7.090196132659912, -7.349804401397705], "predictions": [5, 16, 402, 403, 404, 405, 17, 12, 4, 4], "target_tokens": ["[IN:GET_MESSAGE", "[SL:DATE_TIME", "@ptr6", "@ptr7", "@ptr8", "@ptr9", "@ptr10", "SL:DATE_TIME]", "IN:GET_MESSAGE]"], "predicted_tokens": ["[IN:GET_MESSAGE", "[SL:DATE_TIME", "@ptr7", "@ptr8", "@ptr9", "@ptr10", "SL:DATE_TIME]", "IN:GET_MESSAGE]"]}
{"loss": 1.32155179977417, "class_log_probabilities": [-2.127934455871582, -2.879781723022461, -3.2948315143585205, -3.4313604831695557], "predictions": [23, 10, 398, 399, 400, 401, 11, 24, 404, 405, 406, 407, 408, 409, 410, 411, 412, 25, 26, 4, 4], "target_tokens": ["[IN:SEND_MESSAGE", "[SL:RECIPIENT", "@ptr3", "@ptr4", "@ptr5", "SL:RECIPIENT]", "[SL:CONTENT_EXACT", "@ptr9", "@ptr10", "@ptr11", "@ptr12", "@ptr13", "@ptr14", "@ptr15", "@ptr16", "SL:CONTENT_EXACT]", "IN:SEND_MESSAGE]"], "predicted_tokens": ["[IN:SEND_MESSAGE", "[SL:RECIPIENT", "@ptr3", "@ptr4", "@ptr5", "@ptr6", "SL:RECIPIENT]", "[SL:CONTENT_EXACT", "@ptr9", "@ptr10", "@ptr11", "@ptr12", "@ptr13", "@ptr14", "@ptr15", "@ptr16", "@ptr17", "SL:CONTENT_EXACT]", "IN:SEND_MESSAGE]"]}
{"loss": 2.7443137168884277, "class_log_probabilities": [-1.5307683944702148, -3.3833658695220947, -3.530299186706543, -4.689403533935547], "predictions": [23, 10, 70, 71, 398, 72, 93, 400, 94, 73, 11, 24, 405, 406, 407, 25, 26, 4, 4], "target_tokens": ["[IN:SEND_MESSAGE", "[SL:RECIPIENT", "[IN:GET_CONTACT", "[SL:CONTACT_RELATED", "@ptr4", "@ptr5", "SL:CONTACT_RELATED]", "[SL:TYPE_RELATION", "@ptr3", "SL:TYPE_RELATION]", "IN:GET_CONTACT]", "SL:RECIPIENT]", "[SL:CONTENT_EXACT", "@ptr9", "@ptr10", "@ptr11", "SL:CONTENT_EXACT]", "IN:SEND_MESSAGE]"], "predicted_tokens": ["[IN:SEND_MESSAGE", "[SL:RECIPIENT", "[IN:GET_CONTACT", "[SL:TYPE_RELATION", "@ptr3", "SL:TYPE_RELATION]", "[SL:CONTACT_RELATED", "@ptr5", "SL:CONTACT_RELATED]", "IN:GET_CONTACT]", "SL:RECIPIENT]", "[SL:CONTENT_EXACT", "@ptr10", "@ptr11", "@ptr12", "SL:CONTENT_EXACT]", "IN:SEND_MESSAGE]"]}
{"loss": 4.713726997375488, "class_log_probabilities": [-2.298943281173706, -3.482164144515991, -4.393157958984375, -4.514283180236816], "predictions": [23, 10, 396, 11, 24, 401, 402, 25, 26, 4, 4], "target_tokens": ["[IN:GET_MESSAGE", "[SL:SENDER", "@ptr0", "@ptr1", "SL:SENDER]", "[SL:RECIPIENT", "@ptr6", "SL:RECIPIENT]", "[SL:DATE_TIME", "@ptr7", "@ptr8", "SL:DATE_TIME]", "IN:GET_MESSAGE]"], "predicted_tokens": ["[IN:SEND_MESSAGE", "[SL:RECIPIENT", "@ptr1", "SL:RECIPIENT]", "[SL:CONTENT_EXACT", "@ptr6", "@ptr7", "SL:CONTENT_EXACT]", "IN:SEND_MESSAGE]"]}
{"loss": 2.0349280834198, "class_log_probabilities": [-2.1281394958496094, -2.2393646240234375, -3.7706761360168457, -5.239831447601318], "predictions": [49, 34, 397, 35, 36, 75, 6, 399, 7, 78, 37, 16, 403, 404, 405, 17, 50, 4, 4, 4, 4], "target_tokens": ["[IN:CREATE_REMINDER", "[SL:PERSON_REMINDED", "@ptr2", "SL:PERSON_REMINDED]", "[SL:TODO", "[IN:CREATE_CALL", "[SL:CONTACT", "@ptr5", "@ptr6", "SL:CONTACT]", "IN:CREATE_CALL]", "SL:TODO]", "[SL:DATE_TIME", "@ptr7", "@ptr8", "@ptr9", "SL:DATE_TIME]", "IN:CREATE_REMINDER]"], "predicted_tokens": ["[IN:CREATE_REMINDER", "[SL:PERSON_REMINDED", "@ptr2", "SL:PERSON_REMINDED]", "[SL:TODO", "[IN:CREATE_CALL", "[SL:CONTACT", "@ptr4", "SL:CONTACT]", "IN:CREATE_CALL]", "SL:TODO]", "[SL:DATE_TIME", "@ptr8", "@ptr9", "@ptr10", "SL:DATE_TIME]", "IN:CREATE_REMINDER]"]}
{"loss": 3.0126473903656006, "class_log_probabilities": [-1.627101182937622, -1.9043776988983154, -2.2457916736602783, -3.3950564861297607], "predictions": [33, 34, 401, 35, 36, 403, 404, 37, 38, 4, 4], "target_tokens": ["[IN:DELETE_REMINDER", "[SL:PERSON_REMINDED", "@ptr4", "@ptr5", "SL:PERSON_REMINDED]", "[SL:TODO", "@ptr7", "@ptr8", "SL:TODO]", "IN:DELETE_REMINDER]"], "predicted_tokens": ["[IN:DELETE_REMINDER", "[SL:PERSON_REMINDED", "@ptr6", "SL:PERSON_REMINDED]", "[SL:TODO", "@ptr8", "@ptr9", "SL:TODO]", "IN:DELETE_REMINDER]"]}
{"loss": 1.4186798334121704, "class_log_probabilities": [-0.9760574698448181, -5.880529880523682, -5.932947158813477, -6.768799304962158], "predictions": [49, 34, 396, 35, 36, 75, 6, 400, 401, 7, 78, 37, 16, 403, 404, 405, 406, 407, 17, 50, 4, 4, 4, 4, 4, 4], "target_tokens": ["[IN:CREATE_REMINDER", "[SL:PERSON_REMINDED", "@ptr1", "SL:PERSON_REMINDED]", "[SL:TODO", "[IN:CREATE_CALL", "[SL:CONTACT", "@ptr5", "@ptr6", "SL:CONTACT]", "IN:CREATE_CALL]", "SL:TODO]", "[SL:DATE_TIME", "@ptr7", "@ptr8", "@ptr9", "@ptr10", "@ptr11", "@ptr12", "SL:DATE_TIME]", "IN:CREATE_REMINDER]"], "predicted_tokens": ["[IN:CREATE_REMINDER", "[SL:PERSON_REMINDED", "@ptr1", "SL:PERSON_REMINDED]", "[SL:TODO", "[IN:CREATE_CALL", "[SL:CONTACT", "@ptr5", "@ptr6", "SL:CONTACT]", "IN:CREATE_CALL]", "SL:TODO]", "[SL:DATE_TIME", "@ptr8", "@ptr9", "@ptr10", "@ptr11", "@ptr12", "SL:DATE_TIME]", "IN:CREATE_REMINDER]"]}
{"loss": 4.076373100280762, "class_log_probabilities": [-0.9671797156333923, -3.5022993087768555, -4.84529972076416, -4.892190933227539], "predictions": [111, 34, 401, 35, 16, 402, 403, 17, 112, 4], "target_tokens": ["[IN:UPDATE_REMINDER_DATE_TIME", "[SL:PERSON_REMINDED", "@ptr4", "@ptr5", "SL:PERSON_REMINDED]", "[SL:DATE_TIME", "@ptr6", "@ptr7", "SL:DATE_TIME]", "IN:UPDATE_REMINDER_DATE_TIME]"], "predicted_tokens": ["[IN:UPDATE_REMINDER_DATE_TIME", "[SL:PERSON_REMINDED", "@ptr6", "SL:PERSON_REMINDED]", "[SL:DATE_TIME", "@ptr7", "@ptr8", "SL:DATE_TIME]", "IN:UPDATE_REMINDER_DATE_TIME]"]}
{"loss": 1.7038486003875732, "class_log_probabilities": [-1.8028415441513062, -3.0762243270874023, -3.3288440704345703, -3.3693127632141113], "predictions": [49, 34, 397, 35, 36, 398, 399, 400, 401, 402, 37, 16, 404, 405, 406, 407, 408, 409, 17, 50, 4, 4], "target_tokens": ["[IN:CREATE_REMINDER", "[SL:PERSON_REMINDED", "@ptr2", "SL:PERSON_REMINDED]", "[SL:TODO", "@ptr3", "@ptr4", "@ptr5", "@ptr6", "SL:TODO]", "[SL:DATE_TIME", "@ptr7", "@ptr8", "@ptr9", "@ptr10", "@ptr11", "@ptr12", "@ptr13", "@ptr14", "SL:DATE_TIME]", "IN:CREATE_REMINDER]"], "predicted_tokens": ["[IN:CREATE_REMINDER", "[SL:PERSON_REMINDED", "@ptr2", "SL:PERSON_REMINDED]", "[SL:TODO", "@ptr3", "@ptr4", "@ptr5", "@ptr6", "@ptr7", "SL:TODO]", "[SL:DATE_TIME", "@ptr9", "@ptr10", "@ptr11", "@ptr12", "@ptr13", "@ptr14", "SL:DATE_TIME]", "IN:CREATE_REMINDER]"]}
{"loss": 2.02409029006958, "class_log_probabilities": [-1.1596369743347168, -4.345443248748779, -5.706485271453857, -6.663201332092285], "predictions": [49, 34, 396, 35, 36, 399, 400, 401, 402, 403, 404, 37, 16, 405, 406, 407, 17, 50, 4, 4, 4], "target_tokens": ["[IN:CREATE_REMINDER", "[SL:PERSON_REMINDED", "@ptr1", "SL:PERSON_REMINDED]", "[SL:TODO", "@ptr4", "@ptr5", "@ptr6", "@ptr7", "@ptr8", "SL:TODO]", "[SL:DATE_TIME", "@ptr9", "@ptr10", "@ptr11", "SL:DATE_TIME]", "IN:CREATE_REMINDER]"], "predicted_tokens": ["[IN:CREATE_REMINDER", "[SL:PERSON_REMINDED", "@ptr1", "SL:PERSON_REMINDED]", "[SL:TODO", "@ptr4", "@ptr5", "@ptr6", "@ptr7", "@ptr8", "@ptr9", "SL:TODO]", "[SL:DATE_TIME", "@ptr10", "@ptr11", "@ptr12", "SL:DATE_TIME]", "IN:CREATE_REMINDER]"]}
{"loss": 1.1103895902633667, "class_log_probabilities": [-1.0559784173965454, -2.525022268295288, -6.793792724609375, -7.325727462768555], "predictions": [49, 34, 396, 35, 36, 398, 399, 400, 401, 37, 50, 4], "target_tokens": ["[IN:CREATE_REMINDER", "[SL:PERSON_REMINDED", "@ptr1", "SL:PERSON_REMINDED]", "[SL:TODO", "@ptr3", "@ptr4", "@ptr5", "SL:TODO]", "IN:CREATE_REMINDER]"], "predicted_tokens": ["[IN:CREATE_REMINDER", "[SL:PERSON_REMINDED", "@ptr1", "SL:PERSON_REMINDED]", "[SL:TODO", "@ptr3", "@ptr4", "@ptr5", "@ptr6", "SL:TODO]", "IN:CREATE_REMINDER]"]}
{"loss": 2.425053358078003, "class_log_probabilities": [-0.8684348464012146, -7.93857479095459, -8.300718307495117, -8.525237083435059], "predictions": [49, 34, 397, 35, 36, 398, 399, 400, 37, 16, 401, 402, 403, 17, 50, 4, 4, 4, 4], "target_tokens": ["[IN:CREATE_REMINDER", "[SL:PERSON_REMINDED", "@ptr2", "SL:PERSON_REMINDED]", "[SL:TODO", "@ptr3", "@ptr4", "SL:TODO]", "[SL:DATE_TIME", "@ptr5", "@ptr6", "@ptr7", "SL:DATE_TIME]", "IN:CREATE_REMINDER]"], "predicted_tokens": ["[IN:CREATE_REMINDER", "[SL:PERSON_REMINDED", "@ptr2", "SL:PERSON_REMINDED]", "[SL:TODO", "@ptr3", "@ptr4", "@ptr5", "SL:TODO]", "[SL:DATE_TIME", "@ptr6", "@ptr7", "@ptr8", "SL:DATE_TIME]", "IN:CREATE_REMINDER]"]}
{"loss": 1.5937527418136597, "class_log_probabilities": [-0.7513808608055115, -7.624004364013672, -8.062105178833008, -8.85007381439209], "predictions": [49, 34, 397, 35, 36, 398, 399, 400, 401, 402, 403, 404, 37, 50, 4, 4, 4, 4, 4, 4, 4, 4], "target_tokens": ["[IN:CREATE_REMINDER", "[SL:PERSON_REMINDED", "@ptr2", "SL:PERSON_REMINDED]", "[SL:TODO", "@ptr3", "@ptr4", "@ptr5", "@ptr6", "SL:TODO]", "IN:CREATE_REMINDER]"], "predicted_tokens": ["[IN:CREATE_REMINDER", "[SL:PERSON_REMINDED", "@ptr2", "SL:PERSON_REMINDED]", "[SL:TODO", "@ptr3", "@ptr4", "@ptr5", "@ptr6", "@ptr7", "@ptr8", "@ptr9", "SL:TODO]", "IN:CREATE_REMINDER]"]}
{"loss": 2.238757610321045, "class_log_probabilities": [-0.8529173135757446, -3.8723301887512207, -4.022449970245361, -5.344569206237793], "predictions": [49, 16, 401, 402, 403, 17, 50, 4, 4], "target_tokens": ["[IN:CREATE_REMINDER", "[SL:DATE_TIME", "@ptr5", "@ptr6", "@ptr7", "SL:DATE_TIME]", "IN:CREATE_REMINDER]"], "predicted_tokens": ["[IN:CREATE_REMINDER", "[SL:DATE_TIME", "@ptr6", "@ptr7", "@ptr8", "SL:DATE_TIME]", "IN:CREATE_REMINDER]"]}
{"loss": 1.3747533559799194, "class_log_probabilities": [-0.852887749671936, -6.671106338500977, -7.794530391693115, -8.074223518371582], "predictions": [49, 34, 397, 35, 36, 398, 399, 400, 401, 402, 403, 404, 405, 406, 37, 50, 4, 4, 4, 4, 4, 4, 4, 4], "target_tokens": ["[IN:CREATE_REMINDER", "[SL:PERSON_REMINDED", "@ptr2", "SL:PERSON_REMINDED]", "[SL:TODO", "@ptr3", "@ptr4", "@ptr5", "@ptr6", "@ptr7", "@ptr8", "@ptr9", "@ptr10", "SL:TODO]", "IN:CREATE_REMINDER]"], "predicted_tokens": ["[IN:CREATE_REMINDER", "[SL:PERSON_REMINDED", "@ptr2", "SL:PERSON_REMINDED]", "[SL:TODO", "@ptr3", "@ptr4", "@ptr5", "@ptr6", "@ptr7", "@ptr8", "@ptr9", "@ptr10", "@ptr11", "SL:TODO]", "IN:CREATE_REMINDER]"]}
{"loss": 3.0598061084747314, "class_log_probabilities": [-0.6634966135025024, -5.709237575531006, -6.841156959533691, -6.965311527252197], "predictions": [47, 16, 399, 400, 401, 402, 17, 48, 4], "target_tokens": ["[IN:GET_REMINDER", "[SL:AMOUNT", "@ptr3", "SL:AMOUNT]", "[SL:DATE_TIME", "@ptr4", "@ptr5", "@ptr6", "SL:DATE_TIME]", "IN:GET_REMINDER]"], "predicted_tokens": ["[IN:GET_REMINDER", "[SL:DATE_TIME", "@ptr4", "@ptr5", "@ptr6", "@ptr7", "SL:DATE_TIME]", "IN:GET_REMINDER]"]}
{"loss": 2.08884859085083, "class_log_probabilities": [-1.0884466171264648, -4.264964580535889, -5.574307918548584, -6.126857280731201], "predictions": [45, 16, 401, 402, 403, 404, 405, 406, 407, 408, 409, 410, 17, 46, 4], "target_tokens": ["[IN:CREATE_REMINDER", "[SL:DATE_TIME", "@ptr5", "@ptr6", "@ptr7", "@ptr8", "@ptr9", "@ptr10", "@ptr11", "@ptr12", "@ptr13", "@ptr14", "SL:DATE_TIME]", "IN:CREATE_REMINDER]"], "predicted_tokens": ["[IN:CREATE_ALARM", "[SL:DATE_TIME", "@ptr6", "@ptr7", "@ptr8", "@ptr9", "@ptr10", "@ptr11", "@ptr12", "@ptr13", "@ptr14", "@ptr15", "SL:DATE_TIME]", "IN:CREATE_ALARM]"]}
{"loss": 1.9195060729980469, "class_log_probabilities": [-1.2344138622283936, -1.683751106262207, -6.92836332321167, -7.571445465087891], "predictions": [49, 16, 400, 401, 402, 17, 50, 4, 4], "target_tokens": ["[IN:CREATE_REMINDER", "[SL:DATE_TIME", "@ptr4", "@ptr5", "@ptr6", "SL:DATE_TIME]", "IN:CREATE_REMINDER]"], "predicted_tokens": ["[IN:CREATE_REMINDER", "[SL:DATE_TIME", "@ptr5", "@ptr6", "@ptr7", "SL:DATE_TIME]", "IN:CREATE_REMINDER]"]}
{"loss": 1.5811525583267212, "class_log_probabilities": [-1.0382206439971924, -3.2550337314605713, -4.010242938995361, -5.877244472503662], "predictions": [49, 34, 397, 35, 36, 398, 399, 400, 37, 16, 401, 402, 403, 17, 50, 4], "target_tokens": ["[IN:CREATE_REMINDER", "[SL:PERSON_REMINDED", "@ptr2", "SL:PERSON_REMINDED]", "[SL:TODO", "@ptr4", "@ptr5", "SL:TODO]", "[SL:DATE_TIME", "@ptr6", "@ptr7", "SL:DATE_TIME]", "IN:CREATE_REMINDER]"], "predicted_tokens": ["[IN:CREATE_REMINDER", "[SL:PERSON_REMINDED", "@ptr2", "SL:PERSON_REMINDED]", "[SL:TODO", "@ptr3", "@ptr4", "@ptr5", "SL:TODO]", "[SL:DATE_TIME", "@ptr6", "@ptr7", "@ptr8", "SL:DATE_TIME]", "IN:CREATE_REMINDER]"]}
{"loss": 1.9473168849945068, "class_log_probabilities": [-1.0813045501708984, -5.558681488037109, -5.987356662750244, -8.528632164001465], "predictions": [49, 34, 396, 35, 36, 397, 398, 399, 400, 401, 37, 16, 402, 403, 404, 405, 17, 50, 4], "target_tokens": ["[IN:CREATE_REMINDER", "[SL:PERSON_REMINDED", "@ptr1", "SL:PERSON_REMINDED]", "[SL:TODO", "@ptr3", "@ptr4", "@ptr5", "SL:TODO]", "[SL:DATE_TIME", "@ptr7", "@ptr8", "@ptr9", "SL:DATE_TIME]", "IN:CREATE_REMINDER]"], "predicted_tokens": ["[IN:CREATE_REMINDER", "[SL:PERSON_REMINDED", "@ptr1", "SL:PERSON_REMINDED]", "[SL:TODO", "@ptr2", "@ptr3", "@ptr4", "@ptr5", "@ptr6", "SL:TODO]", "[SL:DATE_TIME", "@ptr7", "@ptr8", "@ptr9", "@ptr10", "SL:DATE_TIME]", "IN:CREATE_REMINDER]"]}
{"loss": 1.7777549028396606, "class_log_probabilities": [-1.2086305618286133, -1.7510112524032593, -6.554453372955322, -8.47952651977539], "predictions": [33, 16, 399, 400, 401, 402, 403, 17, 38, 4, 4, 4, 4], "target_tokens": ["[IN:DELETE_REMINDER", "[SL:DATE_TIME", "@ptr4", "@ptr5", "@ptr6", "@ptr7", "SL:DATE_TIME]", "IN:DELETE_REMINDER]"], "predicted_tokens": ["[IN:DELETE_REMINDER", "[SL:DATE_TIME", "@ptr4", "@ptr5", "@ptr6", "@ptr7", "@ptr8", "SL:DATE_TIME]", "IN:DELETE_REMINDER]"]}
{"loss": 2.966926336288452, "class_log_probabilities": [-5.715063095092773, -5.956440448760986, -6.5499372482299805, -7.663966178894043], "predictions": [49, 36, 402, 403, 404, 405, 406, 407, 35, 16, 411, 412, 413, 414, 17, 50, 4, 4, 4, 4, 4], "target_tokens": ["[IN:UPDATE_REMINDER_DATE_TIME", "[SL:PERSON_REMINDED", "@ptr10", "@ptr11", "SL:PERSON_REMINDED]", "[SL:TODO", "@ptr6", "@ptr7", "@ptr8", "@ptr9", "SL:TODO]", "[SL:DATE_TIME", "@ptr13", "@ptr14", "@ptr15", "SL:DATE_TIME]", "[SL:DATE_TIME", "@ptr16", "@ptr17", "@ptr18", "SL:DATE_TIME]", "IN:UPDATE_REMINDER_DATE_TIME]"], "predicted_tokens": ["[IN:CREATE_REMINDER", "[SL:TODO", "@ptr7", "@ptr8", "@ptr9", "@ptr10", "@ptr11", "@ptr12", "SL:PERSON_REMINDED]", "[SL:DATE_TIME", "@ptr16", "@ptr17", "@ptr18", "@ptr19", "SL:DATE_TIME]", "IN:CREATE_REMINDER]"]}
{"loss": 1.6407134532928467, "class_log_probabilities": [-0.592704713344574, -8.03812313079834, -8.253591537475586, -8.417230606079102], "predictions": [49, 34, 396, 35, 36, 398, 399, 400, 37, 50, 4], "target_tokens": ["[IN:CREATE_REMINDER", "[SL:PERSON_REMINDED", "@ptr1", "SL:PERSON_REMINDED]", "[SL:TODO", "@ptr3", "@ptr4", "SL:TODO]", "IN:CREATE_REMINDER]"], "predicted_tokens": ["[IN:CREATE_REMINDER", "[SL:PERSON_REMINDED", "@ptr1", "SL:PERSON_REMINDED]", "[SL:TODO", "@ptr3", "@ptr4", "@ptr5", "SL:TODO]", "IN:CREATE_REMINDER]"]}
{"loss": 1.8029285669326782, "class_log_probabilities": [-5.277456760406494, -5.579987049102783, -5.638888835906982, -6.126729488372803], "predictions": [111, 16, 401, 402, 403, 404, 405, 406, 407, 408, 409, 410, 17, 16, 411, 412, 413, 17, 112, 4, 4, 4, 4], "target_tokens": ["[IN:UPDATE_REMINDER_DATE_TIME", "[SL:DATE_TIME", "@ptr5", "@ptr6", "@ptr7", "@ptr8", "@ptr9", "@ptr10", "@ptr11", "@ptr12", "@ptr13", "SL:DATE_TIME]", "[SL:DATE_TIME", "@ptr14", "@ptr15", "@ptr16", "@ptr17", "@ptr18", "@ptr19", "SL:DATE_TIME]", "IN:UPDATE_REMINDER_DATE_TIME]"], "predicted_tokens": ["[IN:UPDATE_REMINDER_DATE_TIME", "[SL:DATE_TIME", "@ptr6", "@ptr7", "@ptr8", "@ptr9", "@ptr10", "@ptr11", "@ptr12", "@ptr13", "@ptr14", "@ptr15", "SL:DATE_TIME]", "[SL:DATE_TIME", "@ptr16", "@ptr17", "@ptr18", "SL:DATE_TIME]", "IN:UPDATE_REMINDER_DATE_TIME]"]}
{"loss": 3.1211962699890137, "class_log_probabilities": [-4.023512840270996, -4.51327657699585, -5.498724460601807, -6.675745964050293], "predictions": [163, 36, 400, 401, 402, 37, 16, 403, 404, 405, 17, 36, 409, 410, 411, 412, 413, 37, 164, 4, 4, 4, 4, 4, 4, 4], "target_tokens": ["[IN:UPDATE_REMINDER_TODO", "[SL:DATE_TIME", "@ptr8", "@ptr9", "SL:DATE_TIME]", "[SL:TODO", "@ptr4", "@ptr5", "@ptr6", "SL:TODO]", "[SL:TODO", "@ptr13", "@ptr14", "@ptr15", "@ptr16", "SL:TODO]", "IN:UPDATE_REMINDER_TODO]"], "predicted_tokens": ["[IN:UPDATE_REMINDER_TODO", "[SL:TODO", "@ptr5", "@ptr6", "@ptr7", "SL:TODO]", "[SL:DATE_TIME", "@ptr8", "@ptr9", "@ptr10", "SL:DATE_TIME]", "[SL:TODO", "@ptr14", "@ptr15", "@ptr16", "@ptr17", "@ptr18", "SL:TODO]", "IN:UPDATE_REMINDER_TODO]"]}
{"loss": 1.7275307178497314, "class_log_probabilities": [-0.9021885991096497, -5.6362080574035645, -5.902948379516602, -6.009044647216797], "predictions": [49, 34, 397, 35, 36, 398, 399, 400, 37, 50, 4], "target_tokens": ["[IN:CREATE_REMINDER", "[SL:PERSON_REMINDED", "@ptr2", "SL:PERSON_REMINDED]", "[SL:TODO", "@ptr3", "@ptr4", "SL:TODO]", "IN:CREATE_REMINDER]"], "predicted_tokens": ["[IN:CREATE_REMINDER", "[SL:PERSON_REMINDED", "@ptr2", "SL:PERSON_REMINDED]", "[SL:TODO", "@ptr3", "@ptr4", "@ptr5", "SL:TODO]", "IN:CREATE_REMINDER]"]}
{"loss": 2.4139580726623535, "class_log_probabilities": [-4.493474960327148, -4.555538177490234, -4.6199750900268555, -52.656009674072266], "predictions": [49, 34, 397, 398, 399, 35, 36, 143, 16, 400, 401, 402, 403, 17, 36, 405, 406, 407, 408, 409, 410, 37, 144, 37, 50, 4, 4, 4, 4, 4, 4, 4, 4, 4, 4, 4, 4, 4, 4, 4, 4, 4, 4, 4, 4, 4, 4, 4, 4, 4, 4, 4, 4, 4, 4, 4, 4, 4, 4, 4, 4, 4, 4, 4, 4, 4, 4, 4, 4, 4, 4, 4, 4, 4, 4, 4, 4, 4, 4, 4, 4, 4, 4, 4, 4, 4, 4, 4, 4, 4, 4, 4, 4, 4, 4, 4, 4, 4, 4, 4], "target_tokens": ["[IN:CREATE_REMINDER", "[SL:PERSON_REMINDED", "@ptr2", "@ptr3", "SL:PERSON_REMINDED]", "[SL:TODO", "[IN:GET_TODO", "[SL:TODO", "@ptr4", "SL:TODO]", "[SL:DATE_TIME", "@ptr5", "@ptr6", "@ptr7", "SL:DATE_TIME]", "IN:GET_TODO]", "SL:TODO]", "[SL:DATE_TIME", "@ptr15", "@ptr16", "@ptr17", "@ptr18", "SL:DATE_TIME]", "IN:CREATE_REMINDER]"], "predicted_tokens": ["[IN:CREATE_REMINDER", "[SL:PERSON_REMINDED", "@ptr2", "@ptr3", "@ptr4", "SL:PERSON_REMINDED]", "[SL:TODO", "[IN:GET_TODO", "[SL:DATE_TIME", "@ptr5", "@ptr6", "@ptr7", "@ptr8", "SL:DATE_TIME]", "[SL:TODO", "@ptr10", "@ptr11", "@ptr12", "@ptr13", "@ptr14", "@ptr15", "SL:TODO]", "IN:GET_TODO]", "SL:TODO]", "IN:CREATE_REMINDER]"]}
{"loss": 2.925382614135742, "class_log_probabilities": [-2.4266347885131836, -2.467883825302124, -3.5273208618164062, -4.301303863525391], "predictions": [33, 34, 400, 35, 36, 402, 403, 404, 405, 406, 407, 408, 37, 16, 409, 410, 411, 17, 38, 4, 4, 4, 4, 4], "target_tokens": ["[IN:DELETE_REMINDER", "[SL:PERSON_REMINDED", "@ptr4", "@ptr5", "SL:PERSON_REMINDED]", "[SL:TODO", "@ptr7", "@ptr8", "@ptr9", "@ptr10", "SL:TODO]", "[SL:DATE_TIME", "@ptr11", "@ptr12", "@ptr13", "@ptr14", "SL:DATE_TIME]", "IN:DELETE_REMINDER]"], "predicted_tokens": ["[IN:DELETE_REMINDER", "[SL:PERSON_REMINDED", "@ptr5", "SL:PERSON_REMINDED]", "[SL:TODO", "@ptr7", "@ptr8", "@ptr9", "@ptr10", "@ptr11", "@ptr12", "@ptr13", "SL:TODO]", "[SL:DATE_TIME", "@ptr14", "@ptr15", "@ptr16", "SL:DATE_TIME]", "IN:DELETE_REMINDER]"]}
{"loss": 3.304105520248413, "class_log_probabilities": [-1.3389829397201538, -1.595695972442627, -7.013692378997803, -7.506075382232666], "predictions": [47, 16, 398, 399, 400, 401, 402, 403, 17, 34, 404, 35, 48, 4, 4, 4], "target_tokens": ["[IN:GET_REMINDER", "[SL:PERSON_REMINDED", "@ptr8", "@ptr9", "SL:PERSON_REMINDED]", "[SL:DATE_TIME", "@ptr3", "@ptr4", "@ptr5", "@ptr6", "@ptr7", "SL:DATE_TIME]", "IN:GET_REMINDER]"], "predicted_tokens": ["[IN:GET_REMINDER", "[SL:DATE_TIME", "@ptr3", "@ptr4", "@ptr5", "@ptr6", "@ptr7", "@ptr8", "SL:DATE_TIME]", "[SL:PERSON_REMINDED", "@ptr9", "SL:PERSON_REMINDED]", "IN:GET_REMINDER]"]}
{"loss": 3.61649489402771, "class_log_probabilities": [-2.059229850769043, -2.2721338272094727, -3.92850661277771, -8.101786613464355], "predictions": [33, 36, 403, 404, 37, 16, 405, 406, 407, 408, 409, 410, 411, 412, 413, 415, 17, 38, 4, 4, 4, 4, 4, 4, 4, 4, 4, 4, 4, 4, 4, 4, 4, 4], "target_tokens": ["[IN:DELETE_REMINDER", "[SL:AMOUNT", "@ptr5", "SL:AMOUNT]", "[SL:TODO", "[IN:GET_TODO", "[SL:DATE_TIME", "@ptr9", "@ptr10", "@ptr11", "@ptr12", "@ptr13", "@ptr14", "@ptr15", "@ptr16", "SL:DATE_TIME]", "[SL:TODO", "@ptr7", "@ptr8", "SL:TODO]", "IN:GET_TODO]", "SL:TODO]", "[SL:DATE_TIME", "@ptr18", "@ptr19", "SL:DATE_TIME]", "IN:DELETE_REMINDER]"], "predicted_tokens": ["[IN:DELETE_REMINDER", "[SL:TODO", "@ptr8", "@ptr9", "SL:TODO]", "[SL:DATE_TIME", "@ptr10", "@ptr11", "@ptr12", "@ptr13", "@ptr14", "@ptr15", "@ptr16", "@ptr17", "@ptr18", "@ptr20", "SL:DATE_TIME]", "IN:DELETE_REMINDER]"]}
{"loss": 1.6731646060943604, "class_log_probabilities": [-0.6530791521072388, -5.872013092041016, -7.344426155090332, -7.7168869972229], "predictions": [49, 36, 399, 400, 401, 402, 403, 37, 50, 4, 4], "target_tokens": ["[IN:CREATE_REMINDER", "[SL:TODO", "@ptr4", "@ptr5", "@ptr6", "@ptr7", "SL:TODO]", "IN:CREATE_REMINDER]"], "predicted_tokens": ["[IN:CREATE_REMINDER", "[SL:TODO", "@ptr4", "@ptr5", "@ptr6", "@ptr7", "@ptr8", "SL:TODO]", "IN:CREATE_REMINDER]"]}
{"loss": 2.8886852264404297, "class_log_probabilities": [-3.3725337982177734, -3.374635696411133, -3.794903516769409, -4.389257907867432], "predictions": [111, 36, 400, 401, 402, 403, 404, 37, 34, 405, 35, 16, 407, 408, 409, 410, 411, 17, 112, 4], "target_tokens": ["[IN:UPDATE_REMINDER_DATE_TIME", "[SL:PERSON_REMINDED", "@ptr8", "@ptr9", "SL:PERSON_REMINDED]", "[SL:TODO", "@ptr4", "@ptr5", "@ptr6", "@ptr7", "SL:TODO]", "[SL:DATE_TIME", "@ptr10", "@ptr11", "@ptr12", "@ptr13", "@ptr14", "SL:DATE_TIME]", "IN:UPDATE_REMINDER_DATE_TIME]"], "predicted_tokens": ["[IN:UPDATE_REMINDER_DATE_TIME", "[SL:TODO", "@ptr5", "@ptr6", "@ptr7", "@ptr8", "@ptr9", "SL:TODO]", "[SL:PERSON_REMINDED", "@ptr10", "SL:PERSON_REMINDED]", "[SL:DATE_TIME", "@ptr12", "@ptr13", "@ptr14", "@ptr15", "@ptr16", "SL:DATE_TIME]", "IN:UPDATE_REMINDER_DATE_TIME]"]}
{"loss": 2.5953121185302734, "class_log_probabilities": [-0.9202543497085571, -4.323317050933838, -4.764575004577637, -5.066442966461182], "predictions": [47, 34, 399, 35, 16, 401, 402, 403, 404, 405, 406, 407, 17, 48, 4, 4], "target_tokens": ["[IN:GET_REMINDER", "[SL:PERSON_REMINDED", "@ptr3", "@ptr4", "SL:PERSON_REMINDED]", "[SL:DATE_TIME", "@ptr5", "@ptr6", "@ptr7", "@ptr8", "@ptr9", "@ptr10", "@ptr11", "SL:DATE_TIME]", "IN:GET_REMINDER]"], "predicted_tokens": ["[IN:GET_REMINDER", "[SL:PERSON_REMINDED", "@ptr4", "SL:PERSON_REMINDED]", "[SL:DATE_TIME", "@ptr6", "@ptr7", "@ptr8", "@ptr9", "@ptr10", "@ptr11", "@ptr12", "SL:DATE_TIME]", "IN:GET_REMINDER]"]}
{"loss": 3.2639753818511963, "class_log_probabilities": [-57.74092102050781, -58.34716796875, -58.92816925048828, -59.000789642333984], "predictions": [111, 34, 401, 35, 36, 402, 403, 37, 34, 405, 35, 16, 408, 409, 410, 411, 412, 17, 16, 410, 412, 17, 16, 410, 412, 17, 16, 410, 412, 17, 16, 410, 412, 17, 16, 410, 412, 17, 16, 410, 412, 17, 16, 410, 412, 17, 16, 410, 412, 17, 16, 410, 412, 17, 16, 410, 412, 17, 16, 410, 412, 17, 16, 410, 412, 17, 16, 410, 412, 17, 16, 410, 412, 17, 16, 410, 412, 17, 16, 410, 412, 17, 16, 410, 412, 17, 16, 410, 412, 17, 16, 410, 412, 17, 16, 410, 412, 17, 16, 414], "target_tokens": ["[IN:UPDATE_REMINDER_DATE_TIME", "[SL:PERSON_REMINDED", "@ptr7", "@ptr8", "SL:PERSON_REMINDED]", "[SL:DATE_TIME", "@ptr5", "@ptr6", "SL:DATE_TIME]", "[SL:TODO", "@ptr10", "@ptr11", "SL:TODO]", "[SL:DATE_TIME", "@ptr12", "@ptr13", "@ptr14", "SL:DATE_TIME]", "[SL:DATE_TIME", "@ptr17", "@ptr18", "@ptr19", "@ptr20", "@ptr21", "@ptr22", "SL:DATE_TIME]", "IN:UPDATE_REMINDER_DATE_TIME]"], "predicted_tokens": ["[IN:UPDATE_REMINDER_DATE_TIME", "[SL:PERSON_REMINDED", "@ptr6", "SL:PERSON_REMINDED]", "[SL:TODO", "@ptr7", "@ptr8", "SL:TODO]", "[SL:PERSON_REMINDED", "@ptr10", "SL:PERSON_REMINDED]", "[SL:DATE_TIME", "@ptr13", "@ptr14", "@ptr15", "@ptr16", "@ptr17", "SL:DATE_TIME]", "[SL:DATE_TIME", "@ptr15", "@ptr17", "SL:DATE_TIME]", "[SL:DATE_TIME", "@ptr15", "@ptr17", "SL:DATE_TIME]", "[SL:DATE_TIME", "@ptr15", "@ptr17", "SL:DATE_TIME]", "[SL:DATE_TIME", "@ptr15", "@ptr17", "SL:DATE_TIME]", "[SL:DATE_TIME", "@ptr15", "@ptr17", "SL:DATE_TIME]", "[SL:DATE_TIME", "@ptr15", "@ptr17", "SL:DATE_TIME]", "[SL:DATE_TIME", "@ptr15", "@ptr17", "SL:DATE_TIME]", "[SL:DATE_TIME", "@ptr15", "@ptr17", "SL:DATE_TIME]", "[SL:DATE_TIME", "@ptr15", "@ptr17", "SL:DATE_TIME]", "[SL:DATE_TIME", "@ptr15", "@ptr17", "SL:DATE_TIME]", "[SL:DATE_TIME", "@ptr15", "@ptr17", "SL:DATE_TIME]", "[SL:DATE_TIME", "@ptr15", "@ptr17", "SL:DATE_TIME]", "[SL:DATE_TIME", "@ptr15", "@ptr17", "SL:DATE_TIME]", "[SL:DATE_TIME", "@ptr15", "@ptr17", "SL:DATE_TIME]", "[SL:DATE_TIME", "@ptr15", "@ptr17", "SL:DATE_TIME]", "[SL:DATE_TIME", "@ptr15", "@ptr17", "SL:DATE_TIME]", "[SL:DATE_TIME", "@ptr15", "@ptr17", "SL:DATE_TIME]", "[SL:DATE_TIME", "@ptr15", "@ptr17", "SL:DATE_TIME]", "[SL:DATE_TIME", "@ptr15", "@ptr17", "SL:DATE_TIME]", "[SL:DATE_TIME", "@ptr15", "@ptr17", "SL:DATE_TIME]", "[SL:DATE_TIME", "@ptr19"]}
{"loss": 4.073330402374268, "class_log_probabilities": [-1.9016377925872803, -3.1325392723083496, -4.062104225158691, -4.313024520874023], "predictions": [111, 36, 400, 401, 402, 403, 37, 34, 404, 35, 16, 406, 407, 408, 17, 112, 4], "target_tokens": ["[IN:UPDATE_REMINDER_DATE_TIME", "[SL:PERSON_REMINDED", "@ptr7", "@ptr8", "SL:PERSON_REMINDED]", "[SL:TODO", "@ptr4", "@ptr5", "@ptr6", "SL:TODO]", "[SL:DATE_TIME", "@ptr9", "@ptr10", "@ptr11", "SL:DATE_TIME]", "IN:UPDATE_REMINDER_DATE_TIME]"], "predicted_tokens": ["[IN:UPDATE_REMINDER_DATE_TIME", "[SL:TODO", "@ptr5", "@ptr6", "@ptr7", "@ptr8", "SL:TODO]", "[SL:PERSON_REMINDED", "@ptr9", "SL:PERSON_REMINDED]", "[SL:DATE_TIME", "@ptr11", "@ptr12", "@ptr13", "SL:DATE_TIME]", "IN:UPDATE_REMINDER_DATE_TIME]"]}
{"loss": 4.510900020599365, "class_log_probabilities": [-9.952836990356445, -10.263784408569336, -10.346148490905762, -10.582194328308105], "predictions": [49, 34, 406, 35, 36, 143, 36, 408, 409, 410, 411, 412, 413, 414, 415, 37, 144, 37, 16, 412, 413, 415, 17, 50, 4, 4], "target_tokens": ["[IN:UPDATE_REMINDER", "[SL:PERSON_REMINDED", "@ptr9", "@ptr10", "SL:PERSON_REMINDED]", "[SL:DATE_TIME", "@ptr15", "@ptr16", "@ptr17", "SL:DATE_TIME]", "[SL:TODO", "@ptr12", "@ptr13", "@ptr14", "SL:TODO]", "[SL:LOCATION", "@ptr19", "SL:LOCATION]", "IN:UPDATE_REMINDER]"], "predicted_tokens": ["[IN:CREATE_REMINDER", "[SL:PERSON_REMINDED", "@ptr11", "SL:PERSON_REMINDED]", "[SL:TODO", "[IN:GET_TODO", "[SL:TODO", "@ptr13", "@ptr14", "@ptr15", "@ptr16", "@ptr17", "@ptr18", "@ptr19", "@ptr20", "SL:TODO]", "IN:GET_TODO]", "SL:TODO]", "[SL:DATE_TIME", "@ptr17", "@ptr18", "@ptr20", "SL:DATE_TIME]", "IN:CREATE_REMINDER]"]}
{"loss": 2.739607572555542, "class_log_probabilities": [-3.391892433166504, -3.7745697498321533, -4.187795162200928, -4.781418800354004], "predictions": [191, 83, 396, 84, 192, 4], "target_tokens": ["[IN:UPDATE_REMINDER_TODO", "[SL:TODO", "@ptr1", "SL:TODO]", "[SL:TODO", "@ptr4", "@ptr5", "@ptr6", "@ptr7", "SL:TODO]", "IN:UPDATE_REMINDER_TODO]"], "predicted_tokens": ["[IN:ADD_TO_PLAYLIST_MUSIC", "[SL:CATEGORY_EVENT", "@ptr1", "SL:CATEGORY_EVENT]", "IN:ADD_TO_PLAYLIST_MUSIC]"]}
{"loss": 2.6351242065429688, "class_log_probabilities": [-8.595198631286621, -9.208006858825684, -9.74252986907959, -91.66162109375], "predictions": [111, 34, 397, 398, 399, 400, 401, 35, 16, 404, 405, 406, 407, 408, 409, 410, 411, 17, 16, 413, 414, 415, 416, 417, 419, 420, 17, 112, 4, 4, 4, 4, 4, 4, 4, 4, 4, 4, 4, 4, 4, 4, 4, 4, 4, 4, 4, 4, 4, 4, 4, 4, 4, 4, 4, 4, 4, 4, 4, 4, 4, 4, 4, 4, 4, 4, 4, 4, 4, 4, 4, 4, 4, 4, 4, 4, 4, 4, 4, 4, 4, 4, 4, 4, 4, 4, 4, 4, 4, 4, 4, 4, 4, 4, 4, 4, 4, 4, 4, 4], "target_tokens": ["[IN:UPDATE_REMINDER_DATE_TIME", "[SL:PERSON_REMINDED", "@ptr6", "@ptr7", "SL:PERSON_REMINDED]", "[SL:TODO", "@ptr1", "@ptr2", "@ptr3", "@ptr4", "@ptr5", "SL:TODO]", "[SL:DATE_TIME", "@ptr8", "@ptr9", "@ptr10", "@ptr11", "@ptr12", "@ptr13", "@ptr14", "@ptr15", "@ptr16", "SL:DATE_TIME]", "[SL:DATE_TIME", "@ptr17", "@ptr18", "@ptr19", "@ptr20", "@ptr21", "@ptr22", "@ptr23", "@ptr24", "@ptr25", "SL:DATE_TIME]", "IN:UPDATE_REMINDER_DATE_TIME]"], "predicted_tokens": ["[IN:UPDATE_REMINDER_DATE_TIME", "[SL:PERSON_REMINDED", "@ptr2", "@ptr3", "@ptr4", "@ptr5", "@ptr6", "SL:PERSON_REMINDED]", "[SL:DATE_TIME", "@ptr9", "@ptr10", "@ptr11", "@ptr12", "@ptr13", "@ptr14", "@ptr15", "@ptr16", "SL:DATE_TIME]", "[SL:DATE_TIME", "@ptr18", "@ptr19", "@ptr20", "@ptr21", "@ptr22", "@ptr24", "@ptr25", "SL:DATE_TIME]", "IN:UPDATE_REMINDER_DATE_TIME]"]}
{"loss": 1.4238331317901611, "class_log_probabilities": [-1.3075741529464722, -3.337820529937744, -6.252347946166992, -6.555505752563477], "predictions": [49, 34, 396, 35, 36, 400, 401, 402, 403, 37, 16, 404, 405, 406, 407, 17, 50, 4, 4], "target_tokens": ["[IN:CREATE_REMINDER", "[SL:PERSON_REMINDED", "@ptr1", "SL:PERSON_REMINDED]", "[SL:TODO", "@ptr5", "@ptr6", "@ptr7", "@ptr8", "SL:TODO]", "[SL:DATE_TIME", "@ptr10", "@ptr11", "SL:DATE_TIME]", "IN:CREATE_REMINDER]"], "predicted_tokens": ["[IN:CREATE_REMINDER", "[SL:PERSON_REMINDED", "@ptr1", "SL:PERSON_REMINDED]", "[SL:TODO", "@ptr5", "@ptr6", "@ptr7", "@ptr8", "SL:TODO]", "[SL:DATE_TIME", "@ptr9", "@ptr10", "@ptr11", "@ptr12", "SL:DATE_TIME]", "IN:CREATE_REMINDER]"]}
{"loss": 1.5992193222045898, "class_log_probabilities": [-1.6497366428375244, -3.603229522705078, -4.638803005218506, -5.73872184753418], "predictions": [23, 10, 396, 11, 24, 398, 399, 400, 401, 402, 403, 404, 405, 406, 407, 25, 26, 4], "target_tokens": ["[IN:CREATE_REMINDER", "[SL:PERSON_REMINDED", "@ptr1", "SL:PERSON_REMINDED]", "[SL:TODO", "@ptr3", "@ptr4", "@ptr5", "@ptr6", "@ptr7", "@ptr8", "@ptr9", "@ptr10", "SL:TODO]", "IN:CREATE_REMINDER]"], "predicted_tokens": ["[IN:SEND_MESSAGE", "[SL:RECIPIENT", "@ptr1", "SL:RECIPIENT]", "[SL:CONTENT_EXACT", "@ptr3", "@ptr4", "@ptr5", "@ptr6", "@ptr7", "@ptr8", "@ptr9", "@ptr10", "@ptr11", "@ptr12", "SL:CONTENT_EXACT]", "IN:SEND_MESSAGE]"]}
{"loss": 1.5699394941329956, "class_log_probabilities": [-3.5035691261291504, -4.07904052734375, -5.074653625488281, -5.117067337036133], "predictions": [49, 34, 397, 35, 36, 398, 399, 400, 401, 402, 403, 404, 405, 406, 407, 408, 37, 16, 410, 411, 412, 413, 414, 415, 416, 417, 418, 17, 50, 4, 4], "target_tokens": ["[IN:CREATE_REMINDER", "[SL:PERSON_REMINDED", "@ptr2", "SL:PERSON_REMINDED]", "[SL:TODO", "@ptr4", "@ptr5", "@ptr6", "@ptr7", "@ptr8", "@ptr9", "@ptr10", "@ptr11", "@ptr12", "SL:TODO]", "[SL:DATE_TIME", "@ptr14", "@ptr15", "@ptr16", "@ptr17", "@ptr18", "@ptr19", "@ptr20", "@ptr21", "@ptr22", "SL:DATE_TIME]", "IN:CREATE_REMINDER]"], "predicted_tokens": ["[IN:CREATE_REMINDER", "[SL:PERSON_REMINDED", "@ptr2", "SL:PERSON_REMINDED]", "[SL:TODO", "@ptr3", "@ptr4", "@ptr5", "@ptr6", "@ptr7", "@ptr8", "@ptr9", "@ptr10", "@ptr11", "@ptr12", "@ptr13", "SL:TODO]", "[SL:DATE_TIME", "@ptr15", "@ptr16", "@ptr17", "@ptr18", "@ptr19", "@ptr20", "@ptr21", "@ptr22", "@ptr23", "SL:DATE_TIME]", "IN:CREATE_REMINDER]"]}
{"loss": 1.3567537069320679, "class_log_probabilities": [-3.892387628555298, -4.302687168121338, -4.728845596313477, -5.911881923675537], "predictions": [49, 34, 396, 35, 36, 399, 400, 401, 402, 403, 404, 37, 16, 406, 407, 408, 409, 410, 411, 412, 413, 414, 415, 17, 50, 4, 4, 4], "target_tokens": ["[IN:CREATE_REMINDER", "[SL:PERSON_REMINDED", "@ptr1", "SL:PERSON_REMINDED]", "[SL:TODO", "@ptr4", "@ptr5", "@ptr6", "@ptr7", "@ptr8", "SL:TODO]", "[SL:DATE_TIME", "@ptr9", "@ptr10", "@ptr11", "@ptr12", "@ptr13", "@ptr14", "@ptr15", "@ptr16", "@ptr17", "@ptr18", "@ptr19", "SL:DATE_TIME]", "IN:CREATE_REMINDER]"], "predicted_tokens": ["[IN:CREATE_REMINDER", "[SL:PERSON_REMINDED", "@ptr1", "SL:PERSON_REMINDED]", "[SL:TODO", "@ptr4", "@ptr5", "@ptr6", "@ptr7", "@ptr8", "@ptr9", "SL:TODO]", "[SL:DATE_TIME", "@ptr11", "@ptr12", "@ptr13", "@ptr14", "@ptr15", "@ptr16", "@ptr17", "@ptr18", "@ptr19", "@ptr20", "SL:DATE_TIME]", "IN:CREATE_REMINDER]"]}
{"loss": 2.225173234939575, "class_log_probabilities": [-1.1335384845733643, -3.0870702266693115, -6.974513530731201, -7.608218669891357], "predictions": [49, 34, 397, 35, 36, 398, 399, 400, 401, 402, 403, 404, 37, 16, 405, 406, 407, 408, 17, 50, 4], "target_tokens": ["[IN:CREATE_REMINDER", "[SL:PERSON_REMINDED", "@ptr2", "SL:PERSON_REMINDED]", "[SL:TODO", "@ptr3", "@ptr4", "@ptr5", "@ptr6", "@ptr7", "@ptr8", "SL:TODO]", "[SL:DATE_TIME", "@ptr9", "@ptr10", "@ptr11", "SL:DATE_TIME]", "IN:CREATE_REMINDER]"], "predicted_tokens": ["[IN:CREATE_REMINDER", "[SL:PERSON_REMINDED", "@ptr2", "SL:PERSON_REMINDED]", "[SL:TODO", "@ptr3", "@ptr4", "@ptr5", "@ptr6", "@ptr7", "@ptr8", "@ptr9", "SL:TODO]", "[SL:DATE_TIME", "@ptr10", "@ptr11", "@ptr12", "@ptr13", "SL:DATE_TIME]", "IN:CREATE_REMINDER]"]}
{"loss": 2.3842344284057617, "class_log_probabilities": [-4.159121990203857, -4.451113224029541, -4.8675689697265625, -4.995888710021973], "predictions": [33, 36, 143, 36, 402, 403, 404, 405, 406, 407, 37, 144, 37, 34, 408, 35, 16, 409, 410, 411, 412, 17, 38, 4, 4], "target_tokens": ["[IN:DELETE_REMINDER", "[SL:TODO", "@ptr6", "@ptr7", "@ptr8", "@ptr9", "@ptr10", "@ptr11", "SL:TODO]", "[SL:DATE_TIME", "@ptr12", "@ptr13", "@ptr14", "SL:DATE_TIME]", "IN:DELETE_REMINDER]"], "predicted_tokens": ["[IN:DELETE_REMINDER", "[SL:TODO", "[IN:GET_TODO", "[SL:TODO", "@ptr7", "@ptr8", "@ptr9", "@ptr10", "@ptr11", "@ptr12", "SL:TODO]", "IN:GET_TODO]", "SL:TODO]", "[SL:PERSON_REMINDED", "@ptr13", "SL:PERSON_REMINDED]", "[SL:DATE_TIME", "@ptr14", "@ptr15", "@ptr16", "@ptr17", "SL:DATE_TIME]", "IN:DELETE_REMINDER]"]}
{"loss": 2.7716593742370605, "class_log_probabilities": [-1.3331270217895508, -3.0836639404296875, -5.434678554534912, -5.717910289764404], "predictions": [33, 36, 401, 402, 403, 37, 16, 404, 405, 406, 407, 17, 38, 4, 4, 4], "target_tokens": ["[IN:DELETE_REMINDER", "[SL:TODO", "@ptr6", "@ptr7", "SL:TODO]", "[SL:DATE_TIME", "@ptr8", "@ptr9", "@ptr10", "@ptr11", "SL:DATE_TIME]", "IN:DELETE_REMINDER]"], "predicted_tokens": ["[IN:DELETE_REMINDER", "[SL:TODO", "@ptr6", "@ptr7", "@ptr8", "SL:TODO]", "[SL:DATE_TIME", "@ptr9", "@ptr10", "@ptr11", "@ptr12", "SL:DATE_TIME]", "IN:DELETE_REMINDER]"]}
{"loss": 2.0970284938812256, "class_log_probabilities": [-3.542484998703003, -3.665804862976074, -5.122692584991455, -5.132504940032959], "predictions": [49, 36, 75, 6, 402, 403, 404, 7, 78, 37, 16, 405, 406, 407, 408, 409, 410, 17, 50, 4, 4, 4], "target_tokens": ["[IN:CREATE_REMINDER", "[SL:TODO", "[IN:CREATE_CALL", "[SL:CONTACT", "@ptr7", "@ptr8", "SL:CONTACT]", "IN:CREATE_CALL]", "SL:TODO]", "[SL:DATE_TIME", "@ptr9", "@ptr10", "@ptr11", "@ptr12", "@ptr13", "@ptr14", "SL:DATE_TIME]", "IN:CREATE_REMINDER]"], "predicted_tokens": ["[IN:CREATE_REMINDER", "[SL:TODO", "[IN:CREATE_CALL", "[SL:CONTACT", "@ptr7", "@ptr8", "@ptr9", "SL:CONTACT]", "IN:CREATE_CALL]", "SL:TODO]", "[SL:DATE_TIME", "@ptr10", "@ptr11", "@ptr12", "@ptr13", "@ptr14", "@ptr15", "SL:DATE_TIME]", "IN:CREATE_REMINDER]"]}
{"loss": 2.421205997467041, "class_log_probabilities": [-0.5769882202148438, -5.3935089111328125, -7.221001625061035, -7.5243635177612305], "predictions": [33, 36, 400, 401, 402, 403, 404, 37, 38, 4, 4], "target_tokens": ["[IN:DELETE_REMINDER", "[SL:TODO", "@ptr6", "@ptr7", "@ptr8", "SL:TODO]", "IN:DELETE_REMINDER]"], "predicted_tokens": ["[IN:DELETE_REMINDER", "[SL:TODO", "@ptr5", "@ptr6", "@ptr7", "@ptr8", "@ptr9", "SL:TODO]", "IN:DELETE_REMINDER]"]}
{"loss": 3.121443748474121, "class_log_probabilities": [-0.9981464147567749, -3.353868246078491, -3.460556745529175, -5.237987995147705], "predictions": [49, 36, 401, 402, 403, 37, 16, 404, 405, 406, 407, 408, 17, 50, 4, 4, 4, 4], "target_tokens": ["[IN:CREATE_REMINDER", "[SL:TODO", "@ptr5", "@ptr6", "@ptr7", "SL:TODO]", "[SL:DATE_TIME", "@ptr8", "@ptr9", "@ptr10", "@ptr11", "@ptr12", "SL:DATE_TIME]", "IN:CREATE_REMINDER]"], "predicted_tokens": ["[IN:CREATE_REMINDER", "[SL:TODO", "@ptr6", "@ptr7", "@ptr8", "SL:TODO]", "[SL:DATE_TIME", "@ptr9", "@ptr10", "@ptr11", "@ptr12", "@ptr13", "SL:DATE_TIME]", "IN:CREATE_REMINDER]"]}
{"loss": 2.171325445175171, "class_log_probabilities": [-7.008845806121826, -60.597251892089844, -60.64897918701172, -61.602176666259766], "predictions": [49, 36, 75, 6, 402, 403, 404, 405, 406, 7, 78, 37, 34, 407, 408, 409, 35, 50, 4, 4, 4, 4, 4, 4, 4, 4, 4, 4, 4, 4, 4, 4, 4, 4, 4, 4, 4, 4, 4, 4, 4, 4, 4, 4, 4, 4, 4, 4, 4, 4, 4, 4, 4, 4, 4, 4, 4, 4, 4, 4, 4, 4, 4, 4, 4, 4, 4, 4, 4, 4, 4, 4, 4, 4, 4, 4, 4, 4, 4, 4, 4, 4, 4, 4, 4, 4, 4, 4, 4, 4, 4, 4, 4, 4, 4, 4, 4, 4, 4, 4], "target_tokens": ["[IN:CREATE_REMINDER", "[SL:TODO", "[IN:GET_TODO", "[SL:TODO", "[IN:CREATE_CALL", "[SL:CONTACT", "@ptr7", "@ptr8", "@ptr9", "@ptr10", "@ptr11", "@ptr12", "@ptr13", "SL:CONTACT]", "IN:CREATE_CALL]", "SL:TODO]", "[SL:TODO", "@ptr15", "@ptr16", "@ptr17", "@ptr18", "@ptr19", "@ptr20", "@ptr21", "@ptr22", "@ptr23", "@ptr24", "@ptr25", "@ptr26", "SL:TODO]", "IN:GET_TODO]", "SL:TODO]", "IN:CREATE_REMINDER]"], "predicted_tokens": ["[IN:CREATE_REMINDER", "[SL:TODO", "[IN:CREATE_CALL", "[SL:CONTACT", "@ptr7", "@ptr8", "@ptr9", "@ptr10", "@ptr11", "SL:CONTACT]", "IN:CREATE_CALL]", "SL:TODO]", "[SL:PERSON_REMINDED", "@ptr12", "@ptr13", "@ptr14", "SL:PERSON_REMINDED]", "IN:CREATE_REMINDER]"]}
{"loss": 2.664266586303711, "class_log_probabilities": [-2.129263401031494, -3.3905282020568848, -3.810521125793457, -4.593035697937012], "predictions": [49, 36, 403, 404, 405, 406, 407, 408, 409, 37, 34, 409, 35, 16, 411, 412, 413, 17, 50, 4, 4], "target_tokens": ["[IN:CREATE_REMINDER", "[SL:TODO", "@ptr7", "@ptr8", "@ptr9", "@ptr10", "@ptr11", "@ptr12", "@ptr13", "SL:TODO]", "[SL:DATE_TIME", "@ptr14", "@ptr15", "SL:DATE_TIME]", "IN:CREATE_REMINDER]"], "predicted_tokens": ["[IN:CREATE_REMINDER", "[SL:TODO", "@ptr8", "@ptr9", "@ptr10", "@ptr11", "@ptr12", "@ptr13", "@ptr14", "SL:TODO]", "[SL:PERSON_REMINDED", "@ptr14", "SL:PERSON_REMINDED]", "[SL:DATE_TIME", "@ptr16", "@ptr17", "@ptr18", "SL:DATE_TIME]", "IN:CREATE_REMINDER]"]}
{"loss": 1.975651502609253, "class_log_probabilities": [-3.4752767086029053, -3.855076551437378, -4.135288715362549, -5.039322376251221], "predictions": [33, 34, 400, 35, 36, 75, 6, 405, 406, 407, 408, 7, 78, 37, 38, 4, 4, 4, 4, 4, 4], "target_tokens": ["[IN:DELETE_REMINDER", "[SL:PERSON_REMINDED", "@ptr4", "@ptr5", "SL:PERSON_REMINDED]", "[SL:TODO", "[IN:CREATE_CALL", "[SL:CONTACT", "@ptr10", "@ptr11", "@ptr12", "@ptr13", "SL:CONTACT]", "IN:CREATE_CALL]", "SL:TODO]", "IN:DELETE_REMINDER]"], "predicted_tokens": ["[IN:DELETE_REMINDER", "[SL:PERSON_REMINDED", "@ptr5", "SL:PERSON_REMINDED]", "[SL:TODO", "[IN:CREATE_CALL", "[SL:CONTACT", "@ptr10", "@ptr11", "@ptr12", "@ptr13", "SL:CONTACT]", "IN:CREATE_CALL]", "SL:TODO]", "IN:DELETE_REMINDER]"]}
{"loss": 1.3849074840545654, "class_log_probabilities": [-0.9106150269508362, -6.7118706703186035, -6.931993007659912, -7.159633636474609], "predictions": [49, 34, 397, 35, 36, 398, 399, 400, 401, 402, 403, 404, 405, 406, 407, 37, 50, 4, 4], "target_tokens": ["[IN:CREATE_REMINDER", "[SL:PERSON_REMINDED", "@ptr2", "SL:PERSON_REMINDED]", "[SL:TODO", "@ptr3", "@ptr4", "@ptr5", "@ptr6", "@ptr7", "@ptr8", "@ptr9", "@ptr10", "@ptr11", "SL:TODO]", "IN:CREATE_REMINDER]"], "predicted_tokens": ["[IN:CREATE_REMINDER", "[SL:PERSON_REMINDED", "@ptr2", "SL:PERSON_REMINDED]", "[SL:TODO", "@ptr3", "@ptr4", "@ptr5", "@ptr6", "@ptr7", "@ptr8", "@ptr9", "@ptr10", "@ptr11", "@ptr12", "SL:TODO]", "IN:CREATE_REMINDER]"]}
{"loss": 0.9624269604682922, "class_log_probabilities": [-0.22375328838825226, -6.393855094909668, -6.569785118103027, -6.794578552246094], "predictions": [95, 96, 4], "target_tokens": ["[IN:IGNORE_CALL", "IN:IGNORE_CALL]"], "predicted_tokens": ["[IN:IGNORE_CALL", "IN:IGNORE_CALL]"]}
{"loss": 3.004585027694702, "class_log_probabilities": [-0.8101643919944763, -4.935891628265381, -6.25669527053833, -6.686228275299072], "predictions": [107, 108, 70, 71, 396, 397, 72, 93, 399, 94, 73, 109, 110, 4, 4], "target_tokens": ["[IN:UPDATE_CALL", "[SL:CONTACT_ADDED", "[IN:GET_CONTACT", "[SL:CONTACT_RELATED", "@ptr3", "@ptr4", "SL:CONTACT_RELATED]", "[SL:TYPE_RELATION", "@ptr1", "@ptr2", "SL:TYPE_RELATION]", "IN:GET_CONTACT]", "SL:CONTACT_ADDED]", "IN:UPDATE_CALL]"], "predicted_tokens": ["[IN:UPDATE_CALL", "[SL:CONTACT_ADDED", "[IN:GET_CONTACT", "[SL:TYPE_RELATION", "@ptr1", "@ptr2", "SL:TYPE_RELATION]", "[SL:CONTACT_RELATED", "@ptr4", "SL:CONTACT_RELATED]", "IN:GET_CONTACT]", "SL:CONTACT_ADDED]", "IN:UPDATE_CALL]"]}
{"loss": 1.010279655456543, "class_log_probabilities": [-0.1270015388727188, -7.8468918800354, -8.036974906921387, -8.153040885925293], "predictions": [209, 210, 4], "target_tokens": ["[IN:GET_CALL_CONTACT", "IN:GET_CALL_CONTACT]"], "predicted_tokens": ["[IN:GET_CALL_CONTACT", "IN:GET_CALL_CONTACT]"]}
{"loss": 2.7060556411743164, "class_log_probabilities": [-1.044603943824768, -3.2326130867004395, -3.932424545288086, -4.867847919464111], "predictions": [209, 16, 408, 409, 17, 210, 4], "target_tokens": ["[IN:GET_CALL_CONTACT", "IN:GET_CALL_CONTACT]"], "predicted_tokens": ["[IN:GET_CALL_CONTACT", "[SL:DATE_TIME", "@ptr13", "@ptr14", "SL:DATE_TIME]", "IN:GET_CALL_CONTACT]"]}
{"loss": 3.8920767307281494, "class_log_probabilities": [-0.6361415982246399, -3.3969810009002686, -5.246464729309082, -7.854607105255127], "predictions": [61, 14, 400, 15, 16, 402, 403, 404, 17, 62, 4, 4], "target_tokens": ["[IN:GET_EVENT", "[SL:LOCATION", "@ptr4", "SL:LOCATION]", "[SL:DATE_TIME", "@ptr5", "@ptr6", "@ptr7", "SL:DATE_TIME]", "IN:GET_EVENT]"], "predicted_tokens": ["[IN:GET_EVENT", "[SL:LOCATION", "@ptr5", "SL:LOCATION]", "[SL:DATE_TIME", "@ptr7", "@ptr8", "@ptr9", "SL:DATE_TIME]", "IN:GET_EVENT]"]}
{"loss": 1.3147015571594238, "class_log_probabilities": [-1.7858483791351318, -2.4902541637420654, -4.469917297363281, -7.074203014373779], "predictions": [61, 83, 395, 84, 16, 396, 397, 398, 399, 17, 14, 401, 402, 403, 404, 405, 15, 62, 4], "target_tokens": ["[IN:GET_EVENT", "[SL:CATEGORY_EVENT", "@ptr0", "SL:CATEGORY_EVENT]", "[SL:DATE_TIME", "@ptr1", "@ptr2", "@ptr3", "@ptr4", "SL:DATE_TIME]", "[SL:LOCATION", "@ptr6", "@ptr7", "@ptr8", "@ptr9", "SL:LOCATION]", "IN:GET_EVENT]"], "predicted_tokens": ["[IN:GET_EVENT", "[SL:CATEGORY_EVENT", "@ptr0", "SL:CATEGORY_EVENT]", "[SL:DATE_TIME", "@ptr1", "@ptr2", "@ptr3", "@ptr4", "SL:DATE_TIME]", "[SL:LOCATION", "@ptr6", "@ptr7", "@ptr8", "@ptr9", "@ptr10", "SL:LOCATION]", "IN:GET_EVENT]"]}
{"loss": 1.4291590452194214, "class_log_probabilities": [-1.1480276584625244, -2.628547191619873, -3.934462070465088, -6.350214958190918], "predictions": [61, 83, 395, 396, 397, 84, 16, 398, 399, 400, 17, 14, 403, 15, 62, 4, 4], "target_tokens": ["[IN:GET_EVENT", "[SL:CATEGORY_EVENT", "@ptr0", "@ptr1", "@ptr2", "SL:CATEGORY_EVENT]", "[SL:DATE_TIME", "@ptr3", "@ptr4", "@ptr5", "SL:DATE_TIME]", "[SL:LOCATION", "@ptr7", "SL:LOCATION]", "IN:GET_EVENT]"], "predicted_tokens": ["[IN:GET_EVENT", "[SL:CATEGORY_EVENT", "@ptr0", "@ptr1", "@ptr2", "SL:CATEGORY_EVENT]", "[SL:DATE_TIME", "@ptr3", "@ptr4", "@ptr5", "SL:DATE_TIME]", "[SL:LOCATION", "@ptr8", "SL:LOCATION]", "IN:GET_EVENT]"]}
{"loss": 3.749692678451538, "class_log_probabilities": [-0.3860785961151123, -7.551064491271973, -8.117749214172363, -8.144489288330078], "predictions": [61, 14, 400, 401, 15, 62, 4], "target_tokens": ["[IN:GET_EVENT", "[SL:LOCATION", "@ptr4", "@ptr5", "SL:LOCATION]", "IN:GET_EVENT]"], "predicted_tokens": ["[IN:GET_EVENT", "[SL:LOCATION", "@ptr5", "@ptr6", "SL:LOCATION]", "IN:GET_EVENT]"]}
{"loss": 2.8453924655914307, "class_log_probabilities": [-1.2164802551269531, -2.079697847366333, -6.902799606323242, -8.36720085144043], "predictions": [61, 14, 400, 15, 16, 402, 403, 17, 62, 4, 4, 4], "target_tokens": ["[IN:GET_EVENT", "[SL:LOCATION", "@ptr5", "SL:LOCATION]", "[SL:DATE_TIME", "@ptr6", "@ptr7", "SL:DATE_TIME]", "IN:GET_EVENT]"], "predicted_tokens": ["[IN:GET_EVENT", "[SL:LOCATION", "@ptr5", "SL:LOCATION]", "[SL:DATE_TIME", "@ptr7", "@ptr8", "SL:DATE_TIME]", "IN:GET_EVENT]"]}
{"loss": 1.703770637512207, "class_log_probabilities": [-1.1872334480285645, -3.6043741703033447, -5.043630123138428, -5.972049236297607], "predictions": [295, 83, 395, 396, 397, 84, 14, 401, 402, 403, 404, 405, 15, 296, 4], "target_tokens": ["[IN:GET_EVENT", "[SL:CATEGORY_EVENT", "@ptr0", "@ptr1", "@ptr2", "@ptr3", "@ptr4", "SL:CATEGORY_EVENT]", "[SL:LOCATION", "@ptr6", "@ptr7", "@ptr8", "@ptr9", "@ptr10", "SL:LOCATION]", "IN:GET_EVENT]"], "predicted_tokens": ["[IN:GET_DATE_TIME_EVENT", "[SL:CATEGORY_EVENT", "@ptr0", "@ptr1", "@ptr2", "SL:CATEGORY_EVENT]", "[SL:LOCATION", "@ptr6", "@ptr7", "@ptr8", "@ptr9", "@ptr10", "SL:LOCATION]", "IN:GET_DATE_TIME_EVENT]"]}
{"loss": 3.2541592121124268, "class_log_probabilities": [-1.1833443641662598, -2.8107399940490723, -3.664743661880493, -5.065698146820068], "predictions": [13, 16, 407, 408, 17, 18, 4], "target_tokens": ["[IN:GET_EVENT", "[SL:DATE_TIME", "@ptr10", "@ptr11", "SL:DATE_TIME]", "IN:GET_EVENT]"], "predicted_tokens": ["[IN:GET_WEATHER", "[SL:DATE_TIME", "@ptr12", "@ptr13", "SL:DATE_TIME]", "IN:GET_WEATHER]"]}
{"loss": 1.604760766029358, "class_log_probabilities": [-1.0802639722824097, -5.018589973449707, -5.93989896774292, -6.59225606918335], "predictions": [61, 83, 395, 396, 397, 84, 14, 399, 400, 15, 16, 401, 402, 403, 17, 62, 4], "target_tokens": ["[IN:GET_EVENT", "[SL:CATEGORY_EVENT", "@ptr1", "@ptr2", "SL:CATEGORY_EVENT]", "[SL:LOCATION", "@ptr4", "@ptr5", "SL:LOCATION]", "[SL:DATE_TIME", "@ptr6", "@ptr7", "SL:DATE_TIME]", "IN:GET_EVENT]"], "predicted_tokens": ["[IN:GET_EVENT", "[SL:CATEGORY_EVENT", "@ptr0", "@ptr1", "@ptr2", "SL:CATEGORY_EVENT]", "[SL:LOCATION", "@ptr4", "@ptr5", "SL:LOCATION]", "[SL:DATE_TIME", "@ptr6", "@ptr7", "@ptr8", "SL:DATE_TIME]", "IN:GET_EVENT]"]}
{"loss": 1.4910380840301514, "class_log_probabilities": [-0.9752242565155029, -3.161487579345703, -6.060747146606445, -6.192347049713135], "predictions": [61, 83, 396, 84, 14, 399, 15, 16, 401, 402, 403, 404, 17, 62, 4, 4], "target_tokens": ["[IN:GET_EVENT", "[SL:CATEGORY_EVENT", "@ptr1", "SL:CATEGORY_EVENT]", "[SL:LOCATION", "@ptr4", "SL:LOCATION]", "[SL:DATE_TIME", "@ptr6", "@ptr7", "@ptr8", "SL:DATE_TIME]", "IN:GET_EVENT]"], "predicted_tokens": ["[IN:GET_EVENT", "[SL:CATEGORY_EVENT", "@ptr1", "SL:CATEGORY_EVENT]", "[SL:LOCATION", "@ptr4", "SL:LOCATION]", "[SL:DATE_TIME", "@ptr6", "@ptr7", "@ptr8", "@ptr9", "SL:DATE_TIME]", "IN:GET_EVENT]"]}
{"loss": 1.4463688135147095, "class_log_probabilities": [-1.0515704154968262, -3.313014030456543, -3.523582696914673, -3.7651538848876953], "predictions": [61, 14, 400, 401, 402, 15, 16, 404, 405, 17, 62, 4, 4], "target_tokens": ["[IN:GET_EVENT", "[SL:LOCATION", "@ptr5", "@ptr6", "@ptr7", "SL:LOCATION]", "[SL:DATE_TIME", "@ptr8", "@ptr9", "SL:DATE_TIME]", "IN:GET_EVENT]"], "predicted_tokens": ["[IN:GET_EVENT", "[SL:LOCATION", "@ptr5", "@ptr6", "@ptr7", "SL:LOCATION]", "[SL:DATE_TIME", "@ptr9", "@ptr10", "SL:DATE_TIME]", "IN:GET_EVENT]"]}
{"loss": 3.4470901489257812, "class_log_probabilities": [-0.6794290542602539, -4.792033672332764, -6.957115650177002, -7.137553691864014], "predictions": [61, 14, 400, 401, 402, 403, 15, 16, 404, 405, 17, 62, 4, 4], "target_tokens": ["[IN:GET_EVENT", "[SL:LOCATION", "@ptr4", "@ptr5", "@ptr6", "SL:LOCATION]", "[SL:DATE_TIME", "@ptr7", "@ptr8", "SL:DATE_TIME]", "IN:GET_EVENT]"], "predicted_tokens": ["[IN:GET_EVENT", "[SL:LOCATION", "@ptr5", "@ptr6", "@ptr7", "@ptr8", "SL:LOCATION]", "[SL:DATE_TIME", "@ptr9", "@ptr10", "SL:DATE_TIME]", "IN:GET_EVENT]"]}
{"loss": 2.83317232131958, "class_log_probabilities": [-0.6960674524307251, -5.2222466468811035, -5.462512016296387, -6.717336654663086], "predictions": [13, 16, 404, 405, 406, 17, 18, 4, 4, 4, 4, 4, 4], "target_tokens": ["[IN:GET_EVENT", "[SL:DATE_TIME", "@ptr9", "@ptr10", "SL:DATE_TIME]", "IN:GET_EVENT]"], "predicted_tokens": ["[IN:GET_WEATHER", "[SL:DATE_TIME", "@ptr9", "@ptr10", "@ptr11", "SL:DATE_TIME]", "IN:GET_WEATHER]"]}
{"loss": 1.858173131942749, "class_log_probabilities": [-1.353057622909546, -1.6320432424545288, -6.78992223739624, -7.092292308807373], "predictions": [61, 16, 400, 401, 402, 17, 62, 4, 4], "target_tokens": ["[IN:GET_EVENT", "[SL:DATE_TIME", "@ptr4", "@ptr5", "@ptr6", "SL:DATE_TIME]", "IN:GET_EVENT]"], "predicted_tokens": ["[IN:GET_EVENT", "[SL:DATE_TIME", "@ptr5", "@ptr6", "@ptr7", "SL:DATE_TIME]", "IN:GET_EVENT]"]}
{"loss": 0.9703617095947266, "class_log_probabilities": [-0.31447920203208923, -8.0829496383667, -8.083475112915039, -8.385640144348145], "predictions": [61, 83, 398, 84, 62, 4, 4, 4], "target_tokens": ["[IN:GET_EVENT", "[SL:CATEGORY_EVENT", "@ptr3", "SL:CATEGORY_EVENT]", "IN:GET_EVENT]"], "predicted_tokens": ["[IN:GET_EVENT", "[SL:CATEGORY_EVENT", "@ptr3", "SL:CATEGORY_EVENT]", "IN:GET_EVENT]"]}
{"loss": 0.9917797446250916, "class_log_probabilities": [-0.37664416432380676, -6.877762317657471, -7.565011978149414, -8.482390403747559], "predictions": [63, 223, 396, 224, 103, 398, 104, 68, 4, 4, 4, 4], "target_tokens": ["[IN:PLAY_MUSIC", "[SL:MUSIC_RADIO_ID", "@ptr1", "SL:MUSIC_RADIO_ID]", "[SL:MUSIC_PROVIDER_NAME", "@ptr3", "SL:MUSIC_PROVIDER_NAME]", "IN:PLAY_MUSIC]"], "predicted_tokens": ["[IN:PLAY_MUSIC", "[SL:MUSIC_RADIO_ID", "@ptr1", "SL:MUSIC_RADIO_ID]", "[SL:MUSIC_PROVIDER_NAME", "@ptr3", "SL:MUSIC_PROVIDER_NAME]", "IN:PLAY_MUSIC]"]}
{"loss": 2.6770081520080566, "class_log_probabilities": [-1.2640399932861328, -3.13171648979187, -5.3846516609191895, -5.9904656410217285], "predictions": [105, 6, 395, 396, 397, 398, 399, 400, 7, 106, 4], "target_tokens": ["[IN:GET_LIFE_EVENT", "[SL:CONTACT", "@ptr0", "@ptr1", "@ptr2", "@ptr3", "@ptr4", "SL:CONTACT]", "[SL:LIFE_EVENT", "@ptr5", "@ptr6", "SL:LIFE_EVENT]", "IN:GET_LIFE_EVENT]"], "predicted_tokens": ["[IN:GET_INFO_CONTACT", "[SL:CONTACT", "@ptr0", "@ptr1", "@ptr2", "@ptr3", "@ptr4", "@ptr5", "SL:CONTACT]", "IN:GET_INFO_CONTACT]"]}
{"loss": 0.9685906171798706, "class_log_probabilities": [-0.37508511543273926, -7.8036208152771, -8.041298866271973, -8.157636642456055], "predictions": [105, 6, 397, 398, 7, 106, 4], "target_tokens": ["[IN:GET_INFO_CONTACT", "[SL:CONTACT", "@ptr2", "@ptr3", "SL:CONTACT]", "IN:GET_INFO_CONTACT]"], "predicted_tokens": ["[IN:GET_INFO_CONTACT", "[SL:CONTACT", "@ptr2", "@ptr3", "SL:CONTACT]", "IN:GET_INFO_CONTACT]"]}
{"loss": 3.8972251415252686, "class_log_probabilities": [-1.6948983669281006, -3.3457815647125244, -5.387380123138428, -5.566520690917969], "predictions": [23, 10, 396, 11, 24, 397, 398, 399, 400, 401, 402, 403, 404, 25, 26, 4], "target_tokens": ["[IN:GET_INFO_CONTACT", "[SL:CONTACT", "@ptr6", "@ptr7", "@ptr8", "SL:CONTACT]", "IN:GET_INFO_CONTACT]"], "predicted_tokens": ["[IN:SEND_MESSAGE", "[SL:RECIPIENT", "@ptr1", "SL:RECIPIENT]", "[SL:CONTENT_EXACT", "@ptr2", "@ptr3", "@ptr4", "@ptr5", "@ptr6", "@ptr7", "@ptr8", "@ptr9", "SL:CONTENT_EXACT]", "IN:SEND_MESSAGE]"]}
{"loss": 0.9788334369659424, "class_log_probabilities": [-0.4186095893383026, -6.408300876617432, -6.862038612365723, -7.996235370635986], "predictions": [193, 6, 395, 396, 397, 7, 196, 4], "target_tokens": ["[IN:GET_EMPLOYMENT_TIME", "[SL:CONTACT", "@ptr0", "@ptr1", "@ptr2", "SL:CONTACT]", "IN:GET_EMPLOYMENT_TIME]"], "predicted_tokens": ["[IN:GET_EMPLOYMENT_TIME", "[SL:CONTACT", "@ptr0", "@ptr1", "@ptr2", "SL:CONTACT]", "IN:GET_EMPLOYMENT_TIME]"]}
{"loss": 1.8464877605438232, "class_log_probabilities": [-0.46672728657722473, -6.335852146148682, -6.356117248535156, -6.427093505859375], "predictions": [211, 6, 395, 396, 397, 7, 212, 4], "target_tokens": ["[IN:GET_EMPLOYER", "[SL:CONTACT", "@ptr0", "@ptr1", "@ptr2", "SL:CONTACT]", "IN:GET_EMPLOYER]"], "predicted_tokens": ["[IN:GET_LOCATION", "[SL:CONTACT", "@ptr0", "@ptr1", "@ptr2", "SL:CONTACT]", "IN:GET_LOCATION]"]}
{"loss": 1.1251744031906128, "class_log_probabilities": [-1.2031662464141846, -1.9836056232452393, -3.2990293502807617, -7.319451808929443], "predictions": [137, 6, 396, 7, 140, 4, 4], "target_tokens": ["[IN:GET_EMPLOYER", "[SL:CONTACT", "@ptr0", "@ptr1", "SL:CONTACT]", "IN:GET_EMPLOYER]"], "predicted_tokens": ["[IN:GET_EMPLOYER", "[SL:CONTACT", "@ptr1", "SL:CONTACT]", "IN:GET_EMPLOYER]"]}
{"loss": 0.9768492579460144, "class_log_probabilities": [-0.29269635677337646, -8.059582710266113, -8.140018463134766, -8.769335746765137], "predictions": [137, 6, 395, 7, 140, 4, 4], "target_tokens": ["[IN:GET_EMPLOYER", "[SL:CONTACT", "@ptr0", "SL:CONTACT]", "IN:GET_EMPLOYER]"], "predicted_tokens": ["[IN:GET_EMPLOYER", "[SL:CONTACT", "@ptr0", "SL:CONTACT]", "IN:GET_EMPLOYER]"]}
{"loss": 1.882344126701355, "class_log_probabilities": [-0.3608352243900299, -6.281097888946533, -7.176856994628906, -7.604002952575684], "predictions": [137, 6, 395, 396, 7, 140, 4], "target_tokens": ["[IN:GET_EMPLOYER", "[SL:CONTACT", "@ptr0", "@ptr1", "@ptr2", "SL:CONTACT]", "IN:GET_EMPLOYER]"], "predicted_tokens": ["[IN:GET_EMPLOYER", "[SL:CONTACT", "@ptr0", "@ptr1", "SL:CONTACT]", "IN:GET_EMPLOYER]"]}
{"loss": 2.6662967205047607, "class_log_probabilities": [-0.3382308781147003, -7.64113187789917, -8.419602394104004, -8.449291229248047], "predictions": [211, 6, 397, 398, 7, 212, 4], "target_tokens": ["[IN:GET_EMPLOYER", "[SL:CONTACT", "@ptr2", "@ptr3", "SL:CONTACT]", "IN:GET_EMPLOYER]"], "predicted_tokens": ["[IN:GET_LOCATION", "[SL:CONTACT", "@ptr2", "@ptr3", "SL:CONTACT]", "IN:GET_LOCATION]"]}
{"loss": 0.9836754202842712, "class_log_probabilities": [-0.38295087218284607, -6.795239448547363, -6.972651958465576, -7.1335768699646], "predictions": [125, 6, 395, 396, 397, 7, 126, 4], "target_tokens": ["[IN:GET_AGE", "[SL:CONTACT", "@ptr0", "@ptr1", "@ptr2", "SL:CONTACT]", "IN:GET_AGE]"], "predicted_tokens": ["[IN:GET_AGE", "[SL:CONTACT", "@ptr0", "@ptr1", "@ptr2", "SL:CONTACT]", "IN:GET_AGE]"]}
{"loss": 2.5024755001068115, "class_log_probabilities": [-0.599677324295044, -4.026086807250977, -4.594241142272949, -6.654199123382568], "predictions": [211, 6, 396, 7, 14, 403, 15, 212, 4, 4], "target_tokens": ["[IN:GET_LOCATION", "[SL:CONTACT", "@ptr0", "@ptr1", "SL:CONTACT]", "[SL:LOCATION", "@ptr7", "SL:LOCATION]", "IN:GET_LOCATION]"], "predicted_tokens": ["[IN:GET_LOCATION", "[SL:CONTACT", "@ptr1", "SL:CONTACT]", "[SL:LOCATION", "@ptr8", "SL:LOCATION]", "IN:GET_LOCATION]"]}
{"loss": 0.97125244140625, "class_log_probabilities": [-0.30362468957901, -8.236520767211914, -8.362337112426758, -8.854580879211426], "predictions": [211, 6, 395, 7, 212, 4, 4], "target_tokens": ["[IN:GET_LOCATION", "[SL:CONTACT", "@ptr0", "SL:CONTACT]", "IN:GET_LOCATION]"], "predicted_tokens": ["[IN:GET_LOCATION", "[SL:CONTACT", "@ptr0", "SL:CONTACT]", "IN:GET_LOCATION]"]}
{"loss": 3.2213964462280273, "class_log_probabilities": [-0.5282560586929321, -4.369840621948242, -6.17817497253418, -6.185561180114746], "predictions": [70, 138, 403, 404, 405, 406, 139, 73, 4, 4], "target_tokens": ["[IN:GET_CONTACT", "[SL:EMPLOYER", "@ptr7", "@ptr8", "@ptr9", "@ptr10", "SL:EMPLOYER]", "IN:GET_CONTACT]"], "predicted_tokens": ["[IN:GET_CONTACT", "[SL:EMPLOYER", "@ptr8", "@ptr9", "@ptr10", "@ptr11", "SL:EMPLOYER]", "IN:GET_CONTACT]"]}
{"loss": 1.7228049039840698, "class_log_probabilities": [-1.3913002014160156, -1.4812284708023071, -5.241586208343506, -7.109607696533203], "predictions": [70, 138, 400, 401, 402, 139, 73, 4, 4], "target_tokens": ["[IN:GET_CONTACT", "[SL:EMPLOYER", "@ptr4", "@ptr5", "@ptr6", "SL:EMPLOYER]", "IN:GET_CONTACT]"], "predicted_tokens": ["[IN:GET_CONTACT", "[SL:EMPLOYER", "@ptr5", "@ptr6", "@ptr7", "SL:EMPLOYER]", "IN:GET_CONTACT]"]}
{"loss": 2.0663931369781494, "class_log_probabilities": [-0.7100872993469238, -4.66987419128418, -5.607074737548828, -6.359440326690674], "predictions": [70, 138, 399, 400, 139, 14, 403, 404, 15, 73, 4, 4], "target_tokens": ["[IN:GET_CONTACT", "[SL:EMPLOYER", "@ptr4", "@ptr5", "SL:EMPLOYER]", "IN:GET_CONTACT]"], "predicted_tokens": ["[IN:GET_CONTACT", "[SL:EMPLOYER", "@ptr4", "@ptr5", "SL:EMPLOYER]", "[SL:LOCATION", "@ptr8", "@ptr9", "SL:LOCATION]", "IN:GET_CONTACT]"]}
{"loss": 2.113990068435669, "class_log_probabilities": [-0.5628405213356018, -5.335534572601318, -6.892711639404297, -7.777171611785889], "predictions": [70, 138, 399, 400, 401, 402, 403, 404, 139, 73, 4, 4], "target_tokens": ["[IN:GET_CONTACT", "[SL:EMPLOYER", "@ptr4", "@ptr5", "SL:EMPLOYER]", "IN:GET_CONTACT]"], "predicted_tokens": ["[IN:GET_CONTACT", "[SL:EMPLOYER", "@ptr4", "@ptr5", "@ptr6", "@ptr7", "@ptr8", "@ptr9", "SL:EMPLOYER]", "IN:GET_CONTACT]"]}
{"loss": 3.7212562561035156, "class_log_probabilities": [-0.36750370264053345, -6.766233921051025, -7.505940914154053, -7.64419412612915], "predictions": [70, 138, 403, 404, 139, 73, 4, 4], "target_tokens": ["[IN:GET_CONTACT", "[SL:EMPLOYER", "@ptr7", "@ptr8", "SL:EMPLOYER]", "IN:GET_CONTACT]"], "predicted_tokens": ["[IN:GET_CONTACT", "[SL:EMPLOYER", "@ptr8", "@ptr9", "SL:EMPLOYER]", "IN:GET_CONTACT]"]}
{"loss": 2.835315704345703, "class_log_probabilities": [-0.5261929035186768, -6.115008354187012, -7.048820495605469, -7.268360137939453], "predictions": [70, 138, 402, 403, 404, 405, 139, 73, 4], "target_tokens": ["[IN:GET_CONTACT", "[SL:EMPLOYER", "@ptr6", "@ptr7", "@ptr8", "@ptr9", "SL:EMPLOYER]", "IN:GET_CONTACT]"], "predicted_tokens": ["[IN:GET_CONTACT", "[SL:EMPLOYER", "@ptr7", "@ptr8", "@ptr9", "@ptr10", "SL:EMPLOYER]", "IN:GET_CONTACT]"]}
{"loss": 3.1789183616638184, "class_log_probabilities": [-0.4578634202480316, -6.098911762237549, -6.8152852058410645, -6.869096279144287], "predictions": [70, 138, 404, 405, 406, 139, 73, 4, 4], "target_tokens": ["[IN:GET_CONTACT", "[SL:EMPLOYER", "@ptr8", "@ptr9", "@ptr10", "SL:EMPLOYER]", "IN:GET_CONTACT]"], "predicted_tokens": ["[IN:GET_CONTACT", "[SL:EMPLOYER", "@ptr9", "@ptr10", "@ptr11", "SL:EMPLOYER]", "IN:GET_CONTACT]"]}
{"loss": 1.396960735321045, "class_log_probabilities": [-3.2870712280273438, -6.31295108795166, -6.685967445373535, -6.890008926391602], "predictions": [70, 93, 395, 94, 73, 4, 4, 4, 4, 4, 4, 4, 4, 4, 4], "target_tokens": ["[IN:GET_CONTACT", "[SL:CONTACT_RELATED", "@ptr0", "SL:CONTACT_RELATED]", "[SL:SCHOOL", "@ptr13", "@ptr14", "@ptr15", "@ptr16", "@ptr17", "@ptr18", "@ptr19", "@ptr20", "SL:SCHOOL]", "IN:GET_CONTACT]"], "predicted_tokens": ["[IN:GET_CONTACT", "[SL:CONTACT_RELATED", "@ptr0", "SL:CONTACT_RELATED]", "IN:GET_CONTACT]"]}
{"loss": 3.107417345046997, "class_log_probabilities": [-1.396808385848999, -1.4015003442764282, -4.444418430328369, -5.838655948638916], "predictions": [70, 257, 404, 405, 258, 16, 408, 409, 17, 73, 4, 4, 4], "target_tokens": ["[IN:GET_CONTACT", "[SL:SCHOOL", "@ptr8", "@ptr9", "SL:SCHOOL]", "[SL:DATE_TIME", "@ptr12", "SL:DATE_TIME]", "IN:GET_CONTACT]"], "predicted_tokens": ["[IN:GET_CONTACT", "[SL:SCHOOL", "@ptr9", "@ptr10", "SL:SCHOOL]", "[SL:DATE_TIME", "@ptr13", "@ptr14", "SL:DATE_TIME]", "IN:GET_CONTACT]"]}
{"loss": 1.584593415260315, "class_log_probabilities": [-1.1578019857406616, -3.1114003658294678, -5.49938440322876, -5.750889301300049], "predictions": [70, 93, 395, 94, 257, 400, 401, 402, 258, 73, 4], "target_tokens": ["[IN:GET_CONTACT", "[SL:CONTACT_RELATED", "@ptr0", "SL:CONTACT_RELATED]", "[SL:SCHOOL", "@ptr5", "@ptr6", "SL:SCHOOL]", "IN:GET_CONTACT]"], "predicted_tokens": ["[IN:GET_CONTACT", "[SL:CONTACT_RELATED", "@ptr0", "SL:CONTACT_RELATED]", "[SL:SCHOOL", "@ptr5", "@ptr6", "@ptr7", "SL:SCHOOL]", "IN:GET_CONTACT]"]}
{"loss": 2.199092388153076, "class_log_probabilities": [-0.564642071723938, -7.0412750244140625, -7.544384002685547, -7.561400413513184], "predictions": [70, 93, 395, 94, 257, 401, 402, 403, 258, 73, 4], "target_tokens": ["[IN:GET_CONTACT", "[SL:CONTACT_RELATED", "@ptr0", "SL:CONTACT_RELATED]", "[SL:SCHOOL", "@ptr5", "@ptr6", "@ptr7", "SL:SCHOOL]", "IN:GET_CONTACT]"], "predicted_tokens": ["[IN:GET_CONTACT", "[SL:CONTACT_RELATED", "@ptr0", "SL:CONTACT_RELATED]", "[SL:SCHOOL", "@ptr6", "@ptr7", "@ptr8", "SL:SCHOOL]", "IN:GET_CONTACT]"]}
{"loss": 1.9271363019943237, "class_log_probabilities": [-0.529914915561676, -5.548820495605469, -5.759469032287598, -7.193722248077393], "predictions": [70, 71, 395, 72, 14, 403, 15, 73, 4, 4], "target_tokens": ["[IN:GET_CONTACT", "[SL:TYPE_RELATION", "@ptr0", "SL:TYPE_RELATION]", "[SL:LOCATION", "@ptr7", "SL:LOCATION]", "IN:GET_CONTACT]"], "predicted_tokens": ["[IN:GET_CONTACT", "[SL:TYPE_RELATION", "@ptr0", "SL:TYPE_RELATION]", "[SL:LOCATION", "@ptr8", "SL:LOCATION]", "IN:GET_CONTACT]"]}
{"loss": 0.9635232090950012, "class_log_probabilities": [-0.5002206563949585, -7.476619720458984, -7.755082130432129, -7.94602108001709], "predictions": [70, 14, 398, 399, 400, 401, 15, 73, 4], "target_tokens": ["[IN:GET_CONTACT", "[SL:LOCATION", "@ptr3", "@ptr4", "@ptr5", "@ptr6", "SL:LOCATION]", "IN:GET_CONTACT]"], "predicted_tokens": ["[IN:GET_CONTACT", "[SL:LOCATION", "@ptr3", "@ptr4", "@ptr5", "@ptr6", "SL:LOCATION]", "IN:GET_CONTACT]"]}
{"loss": 1.5116411447525024, "class_log_probabilities": [-1.3296747207641602, -2.9302282333374023, -5.052679538726807, -6.6702985763549805], "predictions": [70, 93, 395, 94, 71, 397, 72, 14, 399, 400, 401, 402, 15, 73, 4], "target_tokens": ["[IN:GET_CONTACT", "[SL:CONTACT_RELATED", "@ptr0", "SL:CONTACT_RELATED]", "[SL:TYPE_RELATION", "@ptr2", "SL:TYPE_RELATION]", "[SL:LOCATION", "@ptr4", "@ptr5", "@ptr6", "SL:LOCATION]", "IN:GET_CONTACT]"], "predicted_tokens": ["[IN:GET_CONTACT", "[SL:CONTACT_RELATED", "@ptr0", "SL:CONTACT_RELATED]", "[SL:TYPE_RELATION", "@ptr2", "SL:TYPE_RELATION]", "[SL:LOCATION", "@ptr4", "@ptr5", "@ptr6", "@ptr7", "SL:LOCATION]", "IN:GET_CONTACT]"]}
{"loss": 4.698086738586426, "class_log_probabilities": [-0.7740596532821655, -2.0792202949523926, -7.321007251739502, -7.456506729125977], "predictions": [70, 71, 397, 72, 93, 400, 401, 94, 73, 4], "target_tokens": ["[IN:GET_CONTACT", "[SL:CONTACT_RELATED", "@ptr4", "@ptr5", "SL:CONTACT_RELATED]", "[SL:TYPE_RELATION", "@ptr2", "SL:TYPE_RELATION]", "IN:GET_CONTACT]"], "predicted_tokens": ["[IN:GET_CONTACT", "[SL:TYPE_RELATION", "@ptr2", "SL:TYPE_RELATION]", "[SL:CONTACT_RELATED", "@ptr5", "@ptr6", "SL:CONTACT_RELATED]", "IN:GET_CONTACT]"]}
{"loss": 2.1591763496398926, "class_log_probabilities": [-1.1889770030975342, -1.4391093254089355, -6.4185471534729, -6.877364158630371], "predictions": [70, 71, 396, 72, 93, 398, 399, 94, 73, 4], "target_tokens": ["[IN:GET_CONTACT", "[SL:TYPE_RELATION", "@ptr0", "SL:TYPE_RELATION]", "[SL:CONTACT_RELATED", "@ptr2", "@ptr3", "SL:CONTACT_RELATED]", "IN:GET_CONTACT]"], "predicted_tokens": ["[IN:GET_CONTACT", "[SL:TYPE_RELATION", "@ptr1", "SL:TYPE_RELATION]", "[SL:CONTACT_RELATED", "@ptr3", "@ptr4", "SL:CONTACT_RELATED]", "IN:GET_CONTACT]"]}
{"loss": 2.224647045135498, "class_log_probabilities": [-0.4823145270347595, -6.571405410766602, -7.136241912841797, -7.839670181274414], "predictions": [70, 71, 397, 72, 93, 399, 94, 73, 4], "target_tokens": ["[IN:GET_CONTACT", "[SL:TYPE_RELATION", "@ptr1", "SL:TYPE_RELATION]", "[SL:CONTACT_RELATED", "@ptr3", "SL:CONTACT_RELATED]", "IN:GET_CONTACT]"], "predicted_tokens": ["[IN:GET_CONTACT", "[SL:TYPE_RELATION", "@ptr2", "SL:TYPE_RELATION]", "[SL:CONTACT_RELATED", "@ptr4", "SL:CONTACT_RELATED]", "IN:GET_CONTACT]"]}
{"loss": 3.669384479522705, "class_log_probabilities": [-0.9586755037307739, -4.086063385009766, -4.639934539794922, -4.804847240447998], "predictions": [251, 66, 397, 398, 399, 67, 252, 4], "target_tokens": ["[IN:GET_RECIPES", "[SL:RECIPES_DISH", "@ptr2", "@ptr3", "@ptr4", "SL:RECIPES_DISH]", "IN:GET_RECIPES]"], "predicted_tokens": ["[IN:QUESTION_MUSIC", "[SL:MUSIC_ARTIST_NAME", "@ptr2", "@ptr3", "@ptr4", "SL:MUSIC_ARTIST_NAME]", "IN:QUESTION_MUSIC]"]}
{"loss": 0.9667156338691711, "class_log_probabilities": [-0.3909710645675659, -6.611904144287109, -7.466029644012451, -7.781559467315674], "predictions": [51, 52, 398, 53, 54, 4, 4, 4, 4, 4], "target_tokens": ["[IN:GET_RECIPES", "[SL:RECIPES_DISH", "@ptr3", "SL:RECIPES_DISH]", "IN:GET_RECIPES]"], "predicted_tokens": ["[IN:GET_RECIPES", "[SL:RECIPES_DISH", "@ptr3", "SL:RECIPES_DISH]", "IN:GET_RECIPES]"]}
{"loss": 3.940711498260498, "class_log_probabilities": [-0.3709191083908081, -4.8011369705200195, -6.247147560119629, -6.715683937072754], "predictions": [275, 90, 398, 91, 276, 4], "target_tokens": ["[IN:RESUME_TIMER", "[SL:METHOD_TIMER", "@ptr1", "@ptr2", "@ptr3", "SL:METHOD_TIMER]", "IN:RESUME_TIMER]"], "predicted_tokens": ["[IN:RESUME_TIMER", "[SL:METHOD_TIMER", "@ptr3", "SL:METHOD_TIMER]", "IN:RESUME_TIMER]"]}
{"loss": 3.6945571899414062, "class_log_probabilities": [-0.8589438199996948, -3.278089761734009, -6.224630832672119, -6.294882297515869], "predictions": [89, 90, 398, 91, 167, 399, 400, 401, 402, 403, 168, 92, 4, 4], "target_tokens": ["[IN:CREATE_TIMER", "[SL:TIMER_NAME", "@ptr4", "@ptr5", "@ptr6", "@ptr7", "SL:TIMER_NAME]", "[SL:METHOD_TIMER", "@ptr1", "@ptr2", "@ptr3", "SL:METHOD_TIMER]", "IN:CREATE_TIMER]"], "predicted_tokens": ["[IN:CREATE_TIMER", "[SL:METHOD_TIMER", "@ptr3", "SL:METHOD_TIMER]", "[SL:TIMER_NAME", "@ptr4", "@ptr5", "@ptr6", "@ptr7", "@ptr8", "SL:TIMER_NAME]", "IN:CREATE_TIMER]"]}
{"loss": 4.036204814910889, "class_log_probabilities": [-3.9706690311431885, -5.838216304779053, -6.817989349365234, -6.919430732727051], "predictions": [63, 402, 403, 404, 405, 406, 407, 408, 102, 68, 4, 4], "target_tokens": ["[IN:QUESTION_NEWS", "[SL:NEWS_TOPIC", "@ptr0", "@ptr1", "@ptr2", "@ptr3", "@ptr4", "SL:NEWS_TOPIC]", "[SL:NEWS_SOURCE", "@ptr6", "@ptr7", "@ptr8", "SL:NEWS_SOURCE]", "[SL:DATE_TIME", "@ptr9", "@ptr10", "@ptr11", "@ptr12", "SL:DATE_TIME]", "IN:QUESTION_NEWS]"], "predicted_tokens": ["[IN:PLAY_MUSIC", "@ptr7", "@ptr8", "@ptr9", "@ptr10", "@ptr11", "@ptr12", "@ptr13", "SL:MUSIC_TRACK_TITLE]", "IN:PLAY_MUSIC]"]}
{"loss": 2.478358268737793, "class_log_probabilities": [-0.937901496887207, -2.850735664367676, -2.9651007652282715, -9.767733573913574], "predictions": [70, 6, 395, 396, 397, 7, 73, 4, 4, 4, 4, 4, 4], "target_tokens": ["[IN:QUESTION_NEWS", "[SL:NEWS_TOPIC", "@ptr0", "@ptr1", "@ptr2", "SL:NEWS_TOPIC]", "IN:QUESTION_NEWS]"], "predicted_tokens": ["[IN:GET_CONTACT", "[SL:CONTACT", "@ptr0", "@ptr1", "@ptr2", "SL:CONTACT]", "IN:GET_CONTACT]"]}
{"loss": 0.9679808020591736, "class_log_probabilities": [-0.8906994462013245, -3.714475631713867, -7.4106011390686035, -7.465084075927734], "predictions": [39, 40, 397, 41, 56, 402, 403, 404, 405, 406, 407, 57, 42, 4, 4], "target_tokens": ["[IN:GET_STORIES_NEWS", "[SL:NEWS_TYPE", "@ptr2", "SL:NEWS_TYPE]", "[SL:NEWS_TOPIC", "@ptr7", "@ptr8", "@ptr9", "@ptr10", "@ptr11", "@ptr12", "SL:NEWS_TOPIC]", "IN:GET_STORIES_NEWS]"], "predicted_tokens": ["[IN:GET_STORIES_NEWS", "[SL:NEWS_TYPE", "@ptr2", "SL:NEWS_TYPE]", "[SL:NEWS_TOPIC", "@ptr7", "@ptr8", "@ptr9", "@ptr10", "@ptr11", "@ptr12", "SL:NEWS_TOPIC]", "IN:GET_STORIES_NEWS]"]}
{"loss": 6.181402683258057, "class_log_probabilities": [-0.9821562170982361, -4.179105758666992, -4.5340495109558105, -5.584561824798584], "predictions": [13, 14, 401, 15, 18, 4, 4], "target_tokens": ["[IN:QUESTION_NEWS", "[SL:NEWS_TOPIC", "@ptr0", "@ptr1", "@ptr2", "@ptr3", "@ptr4", "@ptr5", "@ptr6", "SL:NEWS_TOPIC]", "IN:QUESTION_NEWS]"], "predicted_tokens": ["[IN:GET_WEATHER", "[SL:LOCATION", "@ptr6", "SL:LOCATION]", "IN:GET_WEATHER]"]}
{"loss": 2.932821273803711, "class_log_probabilities": [-0.493314266204834, -6.878530502319336, -7.1225905418396, -7.665215015411377], "predictions": [39, 16, 398, 399, 400, 17, 42, 4, 4], "target_tokens": ["[IN:GET_STORIES_NEWS", "[SL:NEWS_TYPE", "@ptr1", "SL:NEWS_TYPE]", "[SL:DATE_TIME", "@ptr2", "@ptr3", "@ptr4", "@ptr5", "SL:DATE_TIME]", "IN:GET_STORIES_NEWS]"], "predicted_tokens": ["[IN:GET_STORIES_NEWS", "[SL:DATE_TIME", "@ptr3", "@ptr4", "@ptr5", "SL:DATE_TIME]", "IN:GET_STORIES_NEWS]"]}
{"loss": 2.6079370975494385, "class_log_probabilities": [-0.8233239650726318, -3.439305067062378, -7.066356182098389, -7.251826763153076], "predictions": [55, 56, 401, 402, 403, 404, 405, 406, 407, 57, 58, 4, 4], "target_tokens": ["[IN:GET_STORIES_NEWS", "[SL:NEWS_TYPE", "@ptr1", "@ptr2", "SL:NEWS_TYPE]", "[SL:NEWS_TOPIC", "@ptr6", "@ptr7", "@ptr8", "@ptr9", "@ptr10", "@ptr11", "@ptr12", "SL:NEWS_TOPIC]", "IN:GET_STORIES_NEWS]"], "predicted_tokens": ["[IN:QUESTION_NEWS", "[SL:NEWS_TOPIC", "@ptr6", "@ptr7", "@ptr8", "@ptr9", "@ptr10", "@ptr11", "@ptr12", "SL:NEWS_TOPIC]", "IN:QUESTION_NEWS]"]}
{"loss": 2.2693850994110107, "class_log_probabilities": [-1.3027573823928833, -2.118008852005005, -3.6550674438476562, -4.680997848510742], "predictions": [27, 129, 395, 396, 130, 129, 399, 400, 130, 30, 4, 4], "target_tokens": ["[IN:IS_TRUE_RECIPES", "[SL:RECIPES_INCLUDED_INGREDIENT", "@ptr0", "@ptr1", "SL:RECIPES_INCLUDED_INGREDIENT]", "IN:IS_TRUE_RECIPES]"], "predicted_tokens": ["[IN:GET_INFO_RECIPES", "[SL:RECIPES_INCLUDED_INGREDIENT", "@ptr0", "@ptr1", "SL:RECIPES_INCLUDED_INGREDIENT]", "[SL:RECIPES_INCLUDED_INGREDIENT", "@ptr4", "@ptr5", "SL:RECIPES_INCLUDED_INGREDIENT]", "IN:GET_INFO_RECIPES]"]}
{"loss": 2.896059036254883, "class_log_probabilities": [-1.5218249559402466, -3.026141405105591, -4.358628273010254, -4.733105659484863], "predictions": [39, 40, 399, 41, 56, 401, 402, 57, 42, 4, 4], "target_tokens": ["[IN:GET_STORIES_NEWS", "[SL:NEWS_TYPE", "@ptr1", "@ptr2", "@ptr3", "SL:NEWS_TYPE]", "[SL:NEWS_TOPIC", "@ptr5", "@ptr6", "SL:NEWS_TOPIC]", "IN:GET_STORIES_NEWS]"], "predicted_tokens": ["[IN:GET_STORIES_NEWS", "[SL:NEWS_TYPE", "@ptr4", "SL:NEWS_TYPE]", "[SL:NEWS_TOPIC", "@ptr6", "@ptr7", "SL:NEWS_TOPIC]", "IN:GET_STORIES_NEWS]"]}
{"loss": 2.0318446159362793, "class_log_probabilities": [-0.7902851700782776, -3.758836030960083, -3.7751903533935547, -5.960081577301025], "predictions": [45, 141, 397, 398, 142, 16, 401, 402, 17, 46, 4, 4], "target_tokens": ["[IN:CREATE_ALARM", "[SL:PERIOD", "@ptr2", "@ptr3", "SL:PERIOD]", "[SL:DATE_TIME", "@ptr4", "@ptr5", "@ptr6", "@ptr7", "SL:DATE_TIME]", "IN:CREATE_ALARM]"], "predicted_tokens": ["[IN:CREATE_ALARM", "[SL:PERIOD", "@ptr2", "@ptr3", "SL:PERIOD]", "[SL:DATE_TIME", "@ptr6", "@ptr7", "SL:DATE_TIME]", "IN:CREATE_ALARM]"]}
{"loss": 3.850086212158203, "class_log_probabilities": [-0.7913928031921387, -3.757317066192627, -6.914676189422607, -7.503167629241943], "predictions": [227, 90, 398, 91, 16, 400, 401, 402, 17, 228, 4], "target_tokens": ["[IN:UPDATE_TIMER", "[SL:METHOD_TIMER", "@ptr1", "@ptr2", "@ptr3", "SL:METHOD_TIMER]", "[SL:DATE_TIME", "@ptr4", "@ptr5", "@ptr6", "SL:DATE_TIME]", "IN:UPDATE_TIMER]"], "predicted_tokens": ["[IN:UPDATE_TIMER", "[SL:METHOD_TIMER", "@ptr3", "SL:METHOD_TIMER]", "[SL:DATE_TIME", "@ptr5", "@ptr6", "@ptr7", "SL:DATE_TIME]", "IN:UPDATE_TIMER]"]}
{"loss": 2.534238576889038, "class_log_probabilities": [-0.731825053691864, -3.8343095779418945, -5.603452682495117, -5.703052520751953], "predictions": [89, 90, 397, 91, 16, 399, 400, 17, 92, 4, 4], "target_tokens": ["[IN:CREATE_TIMER", "[SL:METHOD_TIMER", "@ptr1", "@ptr2", "SL:METHOD_TIMER]", "[SL:DATE_TIME", "@ptr3", "@ptr4", "@ptr5", "SL:DATE_TIME]", "IN:CREATE_TIMER]"], "predicted_tokens": ["[IN:CREATE_TIMER", "[SL:METHOD_TIMER", "@ptr2", "SL:METHOD_TIMER]", "[SL:DATE_TIME", "@ptr4", "@ptr5", "SL:DATE_TIME]", "IN:CREATE_TIMER]"]}
{"loss": 2.4362103939056396, "class_log_probabilities": [-0.37260758876800537, -7.30799674987793, -7.313867092132568, -8.981966018676758], "predictions": [183, 16, 396, 397, 17, 184, 4, 4, 4], "target_tokens": ["[IN:ADD_TIME_TIMER", "[SL:DATE_TIME", "@ptr1", "@ptr2", "SL:DATE_TIME]", "[SL:METHOD_TIMER", "@ptr5", "@ptr6", "@ptr7", "@ptr8", "SL:METHOD_TIMER]", "IN:ADD_TIME_TIMER]"], "predicted_tokens": ["[IN:ADD_TIME_TIMER", "[SL:DATE_TIME", "@ptr1", "@ptr2", "SL:DATE_TIME]", "IN:ADD_TIME_TIMER]"]}
{"loss": 3.861983299255371, "class_log_probabilities": [-0.3058430552482605, -7.0919036865234375, -7.879090785980225, -8.316940307617188], "predictions": [219, 16, 396, 397, 17, 220, 4], "target_tokens": ["[IN:SUBTRACT_TIME_TIMER", "[SL:DATE_TIME", "@ptr1", "@ptr2", "SL:DATE_TIME]", "[SL:ORDINAL", "@ptr7", "SL:ORDINAL]", "[SL:METHOD_TIMER", "@ptr4", "@ptr5", "@ptr6", "SL:METHOD_TIMER]", "IN:SUBTRACT_TIME_TIMER]"], "predicted_tokens": ["[IN:SUBTRACT_TIME_TIMER", "[SL:DATE_TIME", "@ptr1", "@ptr2", "SL:DATE_TIME]", "IN:SUBTRACT_TIME_TIMER]"]}
{"loss": 2.714069366455078, "class_log_probabilities": [-1.4246708154678345, -1.9774527549743652, -3.803816080093384, -6.413850784301758], "predictions": [219, 16, 399, 400, 17, 220, 4, 4, 4, 4], "target_tokens": ["[IN:SUBTRACT_TIME_TIMER", "[SL:METHOD_TIMER", "@ptr1", "@ptr2", "@ptr3", "SL:METHOD_TIMER]", "[SL:DATE_TIME", "@ptr4", "@ptr5", "SL:DATE_TIME]", "IN:SUBTRACT_TIME_TIMER]"], "predicted_tokens": ["[IN:SUBTRACT_TIME_TIMER", "[SL:DATE_TIME", "@ptr4", "@ptr5", "SL:DATE_TIME]", "IN:SUBTRACT_TIME_TIMER]"]}
{"loss": 4.088646411895752, "class_log_probabilities": [-1.5130212306976318, -3.033304452896118, -4.687228202819824, -5.910746097564697], "predictions": [39, 43, 396, 44, 16, 398, 17, 42, 4], "target_tokens": ["[IN:GET_STORIES_NEWS", "[SL:DATE_TIME", "@ptr2", "SL:DATE_TIME]", "[SL:NEWS_CATEGORY", "@ptr1", "SL:NEWS_CATEGORY]", "[SL:NEWS_TYPE", "@ptr0", "SL:NEWS_TYPE]", "IN:GET_STORIES_NEWS]"], "predicted_tokens": ["[IN:GET_STORIES_NEWS", "[SL:NEWS_CATEGORY", "@ptr1", "SL:NEWS_CATEGORY]", "[SL:DATE_TIME", "@ptr3", "SL:DATE_TIME]", "IN:GET_STORIES_NEWS]"]}
{"loss": 2.123112201690674, "class_log_probabilities": [-0.8979995250701904, -2.499345302581787, -6.987718105316162, -7.405640602111816], "predictions": [39, 40, 396, 41, 16, 398, 399, 400, 17, 42, 4, 4], "target_tokens": ["[IN:GET_STORIES_NEWS", "[SL:NEWS_TYPE", "@ptr1", "SL:NEWS_TYPE]", "IN:GET_STORIES_NEWS]"], "predicted_tokens": ["[IN:GET_STORIES_NEWS", "[SL:NEWS_TYPE", "@ptr1", "SL:NEWS_TYPE]", "[SL:DATE_TIME", "@ptr3", "@ptr4", "@ptr5", "SL:DATE_TIME]", "IN:GET_STORIES_NEWS]"]}
{"loss": 3.4588749408721924, "class_log_probabilities": [-0.8512212038040161, -2.496671199798584, -5.328784465789795, -7.337532043457031], "predictions": [13, 16, 397, 17, 14, 399, 15, 18, 4, 4], "target_tokens": ["[IN:GET_WEATHER", "[SL:DATE_TIME", "@ptr1", "@ptr2", "SL:DATE_TIME]", "[SL:WEATHER_TEMPERATURE_UNIT", "@ptr3", "SL:WEATHER_TEMPERATURE_UNIT]", "IN:GET_WEATHER]"], "predicted_tokens": ["[IN:GET_WEATHER", "[SL:DATE_TIME", "@ptr2", "SL:DATE_TIME]", "[SL:LOCATION", "@ptr4", "SL:LOCATION]", "IN:GET_WEATHER]"]}
{"loss": 1.7683415412902832, "class_log_probabilities": [-3.5925374031066895, -3.6239020824432373, -4.695220470428467, -4.870201110839844], "predictions": [13, 14, 397, 398, 399, 400, 401, 15, 16, 403, 404, 405, 406, 17, 79, 409, 410, 80, 18, 4], "target_tokens": ["[IN:GET_WEATHER", "[SL:LOCATION", "@ptr3", "@ptr4", "@ptr5", "@ptr6", "SL:LOCATION]", "[SL:DATE_TIME", "@ptr8", "@ptr9", "@ptr10", "SL:DATE_TIME]", "[SL:WEATHER_TEMPERATURE_UNIT", "@ptr14", "SL:WEATHER_TEMPERATURE_UNIT]", "IN:GET_WEATHER]"], "predicted_tokens": ["[IN:GET_WEATHER", "[SL:LOCATION", "@ptr2", "@ptr3", "@ptr4", "@ptr5", "@ptr6", "SL:LOCATION]", "[SL:DATE_TIME", "@ptr8", "@ptr9", "@ptr10", "@ptr11", "SL:DATE_TIME]", "[SL:WEATHER_ATTRIBUTE", "@ptr14", "@ptr15", "SL:WEATHER_ATTRIBUTE]", "IN:GET_WEATHER]"]}
{"loss": 4.2896928787231445, "class_log_probabilities": [-2.139845848083496, -2.6879868507385254, -3.275613307952881, -5.834558010101318], "predictions": [27, 52, 395, 53, 113, 401, 402, 114, 30, 4, 4, 4, 4, 4, 4], "target_tokens": ["[IN:GET_INFO_RECIPES", "[SL:RECIPES_ATTRIBUTE", "@ptr8", "@ptr9", "SL:RECIPES_ATTRIBUTE]", "[SL:RECIPES_DISH", "@ptr0", "SL:RECIPES_DISH]", "[SL:RECIPES_COOKING_METHOD", "@ptr5", "@ptr6", "SL:RECIPES_COOKING_METHOD]", "IN:GET_INFO_RECIPES]"], "predicted_tokens": ["[IN:GET_INFO_RECIPES", "[SL:RECIPES_DISH", "@ptr0", "SL:RECIPES_DISH]", "[SL:RECIPES_COOKING_METHOD", "@ptr6", "@ptr7", "SL:RECIPES_COOKING_METHOD]", "IN:GET_INFO_RECIPES]"]}
{"loss": 0.9655999541282654, "class_log_probabilities": [-0.32526421546936035, -7.209518909454346, -7.258061408996582, -8.506831169128418], "predictions": [51, 52, 398, 53, 54, 4], "target_tokens": ["[IN:GET_RECIPES", "[SL:RECIPES_DISH", "@ptr3", "SL:RECIPES_DISH]", "IN:GET_RECIPES]"], "predicted_tokens": ["[IN:GET_RECIPES", "[SL:RECIPES_DISH", "@ptr3", "SL:RECIPES_DISH]", "IN:GET_RECIPES]"]}
{"loss": 3.8985371589660645, "class_log_probabilities": [-1.9336903095245361, -2.9703762531280518, -3.4751951694488525, -4.5098700523376465], "predictions": [27, 279, 398, 399, 280, 30, 4], "target_tokens": ["[IN:GET_INFO_RECIPES", "[SL:RECIPES_QUALIFIER_NUTRITION", "@ptr4", "SL:RECIPES_QUALIFIER_NUTRITION]", "[SL:RECIPES_TYPE_NUTRITION", "@ptr3", "SL:RECIPES_TYPE_NUTRITION]", "IN:GET_INFO_RECIPES]"], "predicted_tokens": ["[IN:GET_INFO_RECIPES", "[SL:RECIPES_TYPE_NUTRITION", "@ptr3", "@ptr4", "SL:RECIPES_TYPE_NUTRITION]", "IN:GET_INFO_RECIPES]"]}
{"loss": 1.2373088598251343, "class_log_probabilities": [-1.7123404741287231, -1.9976832866668701, -3.3963778018951416, -4.21393346786499], "predictions": [27, 129, 400, 130, 113, 402, 403, 404, 405, 114, 30, 4], "target_tokens": ["[IN:GET_RECIPES", "[SL:RECIPES_INCLUDED_INGREDIENT", "@ptr5", "SL:RECIPES_INCLUDED_INGREDIENT]", "[SL:RECIPES_COOKING_METHOD", "@ptr7", "@ptr8", "@ptr9", "SL:RECIPES_COOKING_METHOD]", "IN:GET_RECIPES]"], "predicted_tokens": ["[IN:GET_INFO_RECIPES", "[SL:RECIPES_INCLUDED_INGREDIENT", "@ptr5", "SL:RECIPES_INCLUDED_INGREDIENT]", "[SL:RECIPES_COOKING_METHOD", "@ptr7", "@ptr8", "@ptr9", "@ptr10", "SL:RECIPES_COOKING_METHOD]", "IN:GET_INFO_RECIPES]"]}
{"loss": 0.9665418863296509, "class_log_probabilities": [-0.3704359531402588, -8.024087905883789, -8.332124710083008, -8.453399658203125], "predictions": [51, 52, 399, 400, 53, 54, 4], "target_tokens": ["[IN:GET_RECIPES", "[SL:RECIPES_DISH", "@ptr4", "@ptr5", "SL:RECIPES_DISH]", "IN:GET_RECIPES]"], "predicted_tokens": ["[IN:GET_RECIPES", "[SL:RECIPES_DISH", "@ptr4", "@ptr5", "SL:RECIPES_DISH]", "IN:GET_RECIPES]"]}
{"loss": 3.354069471359253, "class_log_probabilities": [-1.3556239604949951, -2.7223727703094482, -3.518871784210205, -3.5516579151153564], "predictions": [51, 145, 401, 402, 146, 54, 4, 4, 4, 4, 4], "target_tokens": ["[IN:GET_RECIPES", "[SL:RECIPES_TYPE", "@ptr6", "SL:RECIPES_TYPE]", "[SL:RECIPES_DISH", "@ptr4", "SL:RECIPES_DISH]", "IN:GET_RECIPES]"], "predicted_tokens": ["[IN:GET_RECIPES", "[SL:RECIPES_TYPE", "@ptr6", "@ptr7", "SL:RECIPES_TYPE]", "IN:GET_RECIPES]"]}
{"loss": 3.413264751434326, "class_log_probabilities": [-2.5761425495147705, -3.807392120361328, -4.7103118896484375, -5.118774890899658], "predictions": [27, 113, 397, 114, 28, 399, 29, 129, 402, 130, 30, 4, 4], "target_tokens": ["[IN:GET_INFO_RECIPES", "[SL:RECIPES_COOKING_METHOD", "@ptr1", "@ptr2", "SL:RECIPES_COOKING_METHOD]", "[SL:RECIPES_INCLUDED_INGREDIENT", "@ptr6", "SL:RECIPES_INCLUDED_INGREDIENT]", "IN:GET_INFO_RECIPES]"], "predicted_tokens": ["[IN:GET_INFO_RECIPES", "[SL:RECIPES_COOKING_METHOD", "@ptr2", "SL:RECIPES_COOKING_METHOD]", "[SL:RECIPES_ATTRIBUTE", "@ptr4", "SL:RECIPES_ATTRIBUTE]", "[SL:RECIPES_INCLUDED_INGREDIENT", "@ptr7", "SL:RECIPES_INCLUDED_INGREDIENT]", "IN:GET_INFO_RECIPES]"]}
{"loss": 1.826817274093628, "class_log_probabilities": [-1.8885477781295776, -2.7437455654144287, -4.468423366546631, -4.778472900390625], "predictions": [165, 129, 395, 396, 130, 181, 399, 182, 166, 4], "target_tokens": ["[IN:IS_TRUE_RECIPES", "[SL:RECIPES_INCLUDED_INGREDIENT", "@ptr0", "@ptr1", "SL:RECIPES_INCLUDED_INGREDIENT]", "[SL:RECIPES_DIET", "@ptr3", "SL:RECIPES_DIET]", "IN:IS_TRUE_RECIPES]"], "predicted_tokens": ["[IN:IS_TRUE_RECIPES", "[SL:RECIPES_INCLUDED_INGREDIENT", "@ptr0", "@ptr1", "SL:RECIPES_INCLUDED_INGREDIENT]", "[SL:RECIPES_DIET", "@ptr4", "SL:RECIPES_DIET]", "IN:IS_TRUE_RECIPES]"]}
{"loss": 2.850277900695801, "class_log_probabilities": [-1.5369797945022583, -1.9744946956634521, -5.155290603637695, -5.188107967376709], "predictions": [27, 52, 397, 53, 30, 4], "target_tokens": ["[IN:GET_RECIPES", "[SL:RECIPES_DISH", "@ptr2", "SL:RECIPES_DISH]", "IN:GET_RECIPES]"], "predicted_tokens": ["[IN:GET_INFO_RECIPES", "[SL:RECIPES_DISH", "@ptr2", "SL:RECIPES_DISH]", "IN:GET_INFO_RECIPES]"]}
{"loss": 1.0021625757217407, "class_log_probabilities": [-0.13324670493602753, -7.525665760040283, -8.14433765411377, -8.189240455627441], "predictions": [221, 222, 4, 4], "target_tokens": ["[IN:GET_SUNSET", "IN:GET_SUNSET]"], "predicted_tokens": ["[IN:GET_SUNSET", "IN:GET_SUNSET]"]}
{"loss": 2.2580490112304688, "class_log_probabilities": [-0.3439924120903015, -5.114802360534668, -6.347266674041748, -6.444931507110596], "predictions": [297, 64, 398, 65, 298, 4], "target_tokens": ["[IN:STOP_MUSIC", "[SL:MUSIC_TYPE", "@ptr2", "SL:MUSIC_TYPE]", "IN:STOP_MUSIC]"], "predicted_tokens": ["[IN:STOP_MUSIC", "[SL:MUSIC_TYPE", "@ptr3", "SL:MUSIC_TYPE]", "IN:STOP_MUSIC]"]}
{"loss": 2.154510021209717, "class_log_probabilities": [-1.0189391374588013, -2.426802396774292, -4.332733631134033, -7.081842422485352], "predictions": [221, 16, 399, 400, 401, 402, 17, 222, 4], "target_tokens": ["[IN:GET_SUNSET", "[SL:DATE_TIME", "@ptr5", "@ptr6", "SL:DATE_TIME]", "IN:GET_SUNSET]"], "predicted_tokens": ["[IN:GET_SUNSET", "[SL:DATE_TIME", "@ptr4", "@ptr5", "@ptr6", "@ptr7", "SL:DATE_TIME]", "IN:GET_SUNSET]"]}
{"loss": 0.9834259152412415, "class_log_probabilities": [-0.14219751954078674, -8.576343536376953, -8.6172513961792, -8.729377746582031], "predictions": [115, 116, 4, 4], "target_tokens": ["[IN:GET_TIMER", "IN:GET_TIMER]"], "predicted_tokens": ["[IN:GET_TIMER", "IN:GET_TIMER]"]}
{"loss": 1.4706826210021973, "class_log_probabilities": [-0.6381945610046387, -6.570705413818359, -7.2437615394592285, -7.841253280639648], "predictions": [45, 16, 399, 400, 401, 402, 403, 17, 46, 4, 4], "target_tokens": ["[IN:CREATE_ALARM", "[SL:DATE_TIME", "@ptr3", "@ptr4", "@ptr5", "@ptr6", "@ptr7", "@ptr8", "SL:DATE_TIME]", "IN:CREATE_ALARM]"], "predicted_tokens": ["[IN:CREATE_ALARM", "[SL:DATE_TIME", "@ptr4", "@ptr5", "@ptr6", "@ptr7", "@ptr8", "SL:DATE_TIME]", "IN:CREATE_ALARM]"]}
{"loss": 1.9873186349868774, "class_log_probabilities": [-2.3687074184417725, -4.672203540802002, -5.037318706512451, -6.162079811096191], "predictions": [63, 66, 397, 398, 67, 103, 402, 403, 404, 104, 68, 4, 4], "target_tokens": ["[IN:PLAY_MUSIC", "[SL:MUSIC_PLAYLIST_TITLE", "@ptr2", "@ptr3", "SL:MUSIC_PLAYLIST_TITLE]", "[SL:MUSIC_TYPE", "@ptr1", "SL:MUSIC_TYPE]", "[SL:MUSIC_PROVIDER_NAME", "@ptr7", "@ptr8", "@ptr9", "SL:MUSIC_PROVIDER_NAME]", "IN:PLAY_MUSIC]"], "predicted_tokens": ["[IN:PLAY_MUSIC", "[SL:MUSIC_ARTIST_NAME", "@ptr2", "@ptr3", "SL:MUSIC_ARTIST_NAME]", "[SL:MUSIC_PROVIDER_NAME", "@ptr7", "@ptr8", "@ptr9", "SL:MUSIC_PROVIDER_NAME]", "IN:PLAY_MUSIC]"]}
{"loss": 0.9898752570152283, "class_log_probabilities": [-0.14259494841098785, -7.027523040771484, -7.384055137634277, -7.409418106079102], "predictions": [217, 218, 4], "target_tokens": ["[IN:GET_TRACK_INFO_MUSIC", "IN:GET_TRACK_INFO_MUSIC]"], "predicted_tokens": ["[IN:GET_TRACK_INFO_MUSIC", "IN:GET_TRACK_INFO_MUSIC]"]}
{"loss": 2.1339409351348877, "class_log_probabilities": [-0.7219623327255249, -8.167845726013184, -8.520297050476074, -8.85727596282959], "predictions": [45, 16, 398, 399, 400, 401, 402, 403, 404, 405, 17, 46, 4, 4, 4, 4, 4, 4], "target_tokens": ["[IN:CREATE_ALARM", "[SL:DATE_TIME", "@ptr4", "@ptr5", "@ptr6", "@ptr7", "@ptr8", "@ptr9", "@ptr10", "@ptr11", "SL:DATE_TIME]", "IN:CREATE_ALARM]"], "predicted_tokens": ["[IN:CREATE_ALARM", "[SL:DATE_TIME", "@ptr3", "@ptr4", "@ptr5", "@ptr6", "@ptr7", "@ptr8", "@ptr9", "@ptr10", "SL:DATE_TIME]", "IN:CREATE_ALARM]"]}
{"loss": 0.9822845458984375, "class_log_probabilities": [-0.2879353165626526, -7.837088108062744, -8.206425666809082, -8.335150718688965], "predictions": [287, 64, 396, 65, 288, 4, 4], "target_tokens": ["[IN:REPLAY_MUSIC", "[SL:MUSIC_TYPE", "@ptr1", "SL:MUSIC_TYPE]", "IN:REPLAY_MUSIC]"], "predicted_tokens": ["[IN:REPLAY_MUSIC", "[SL:MUSIC_TYPE", "@ptr1", "SL:MUSIC_TYPE]", "IN:REPLAY_MUSIC]"]}
{"loss": 3.0183780193328857, "class_log_probabilities": [-1.1894030570983887, -4.303277015686035, -4.351567268371582, -6.266144275665283], "predictions": [13, 16, 396, 397, 398, 399, 17, 14, 401, 402, 403, 15, 18, 4], "target_tokens": ["[IN:GET_WEATHER", "[SL:DATE_TIME", "@ptr1", "@ptr2", "@ptr3", "SL:DATE_TIME]", "[SL:LOCATION", "@ptr5", "@ptr6", "SL:LOCATION]", "IN:GET_WEATHER]"], "predicted_tokens": ["[IN:GET_WEATHER", "[SL:DATE_TIME", "@ptr1", "@ptr2", "@ptr3", "@ptr4", "SL:DATE_TIME]", "[SL:LOCATION", "@ptr6", "@ptr7", "@ptr8", "SL:LOCATION]", "IN:GET_WEATHER]"]}
{"loss": 3.364323616027832, "class_log_probabilities": [-1.438439130783081, -2.1291284561157227, -3.907639503479004, -4.461764812469482], "predictions": [39, 56, 399, 400, 57, 42, 4], "target_tokens": ["[IN:GET_STORIES_NEWS", "[SL:NEWS_TYPE", "@ptr1", "SL:NEWS_TYPE]", "[SL:NEWS_TOPIC", "@ptr4", "SL:NEWS_TOPIC]", "IN:GET_STORIES_NEWS]"], "predicted_tokens": ["[IN:GET_STORIES_NEWS", "[SL:NEWS_TOPIC", "@ptr4", "@ptr5", "SL:NEWS_TOPIC]", "IN:GET_STORIES_NEWS]"]}
{"loss": 3.658405065536499, "class_log_probabilities": [-0.3306010365486145, -6.642467498779297, -7.7908525466918945, -8.15311336517334], "predictions": [115, 90, 399, 91, 116, 4], "target_tokens": ["[IN:GET_TIMER", "[SL:METHOD_TIMER", "@ptr1", "@ptr2", "@ptr3", "SL:METHOD_TIMER]", "IN:GET_TIMER]"], "predicted_tokens": ["[IN:GET_TIMER", "[SL:METHOD_TIMER", "@ptr4", "SL:METHOD_TIMER]", "IN:GET_TIMER]"]}
{"loss": 3.233330488204956, "class_log_probabilities": [-0.532324492931366, -6.723986625671387, -6.822317123413086, -7.273616790771484], "predictions": [13, 14, 395, 396, 397, 15, 18, 4, 4, 4, 4], "target_tokens": ["[IN:GET_WEATHER", "[SL:WEATHER_ATTRIBUTE", "@ptr3", "SL:WEATHER_ATTRIBUTE]", "[SL:LOCATION", "@ptr0", "@ptr1", "@ptr2", "SL:LOCATION]", "IN:GET_WEATHER]"], "predicted_tokens": ["[IN:GET_WEATHER", "[SL:LOCATION", "@ptr0", "@ptr1", "@ptr2", "SL:LOCATION]", "IN:GET_WEATHER]"]}
{"loss": 2.82098650932312, "class_log_probabilities": [-0.5803421139717102, -7.638766288757324, -8.334749221801758, -8.438135147094727], "predictions": [13, 79, 395, 80, 16, 400, 401, 17, 18, 4, 4], "target_tokens": ["[IN:GET_WEATHER", "[SL:WEATHER_ATTRIBUTE", "@ptr0", "SL:WEATHER_ATTRIBUTE]", "[SL:DATE_TIME", "@ptr4", "@ptr5", "SL:DATE_TIME]", "IN:GET_WEATHER]"], "predicted_tokens": ["[IN:GET_WEATHER", "[SL:WEATHER_ATTRIBUTE", "@ptr0", "SL:WEATHER_ATTRIBUTE]", "[SL:DATE_TIME", "@ptr5", "@ptr6", "SL:DATE_TIME]", "IN:GET_WEATHER]"]}
{"loss": 2.715740442276001, "class_log_probabilities": [-0.4889630079269409, -7.564046859741211, -7.638679027557373, -8.028226852416992], "predictions": [219, 16, 396, 397, 17, 90, 403, 91, 220, 4], "target_tokens": ["[IN:SUBTRACT_TIME_TIMER", "[SL:DATE_TIME", "@ptr1", "@ptr2", "SL:DATE_TIME]", "[SL:METHOD_TIMER", "@ptr5", "@ptr6", "@ptr7", "SL:METHOD_TIMER]", "IN:SUBTRACT_TIME_TIMER]"], "predicted_tokens": ["[IN:SUBTRACT_TIME_TIMER", "[SL:DATE_TIME", "@ptr1", "@ptr2", "SL:DATE_TIME]", "[SL:METHOD_TIMER", "@ptr8", "SL:METHOD_TIMER]", "IN:SUBTRACT_TIME_TIMER]"]}
{"loss": 1.7648266553878784, "class_log_probabilities": [-0.3404347896575928, -6.646374225616455, -7.960371017456055, -8.207834243774414], "predictions": [13, 16, 395, 17, 18, 4, 4], "target_tokens": ["[IN:GET_WEATHER", "[SL:DATE_TIME", "@ptr0", "@ptr1", "SL:DATE_TIME]", "IN:GET_WEATHER]"], "predicted_tokens": ["[IN:GET_WEATHER", "[SL:DATE_TIME", "@ptr0", "SL:DATE_TIME]", "IN:GET_WEATHER]"]}
{"loss": 2.964759349822998, "class_log_probabilities": [-0.9539282917976379, -3.4069154262542725, -5.764651775360107, -6.8305840492248535], "predictions": [13, 14, 398, 399, 400, 401, 15, 16, 402, 403, 404, 405, 17, 18, 4], "target_tokens": ["[IN:GET_WEATHER", "[SL:LOCATION", "@ptr3", "@ptr4", "@ptr5", "SL:LOCATION]", "[SL:DATE_TIME", "@ptr6", "@ptr7", "@ptr8", "SL:DATE_TIME]", "IN:GET_WEATHER]"], "predicted_tokens": ["[IN:GET_WEATHER", "[SL:LOCATION", "@ptr3", "@ptr4", "@ptr5", "@ptr6", "SL:LOCATION]", "[SL:DATE_TIME", "@ptr7", "@ptr8", "@ptr9", "@ptr10", "SL:DATE_TIME]", "IN:GET_WEATHER]"]}
{"loss": 3.1399216651916504, "class_log_probabilities": [-0.4475246071815491, -3.851060152053833, -5.235474109649658, -5.887665748596191], "predictions": [225, 226, 4], "target_tokens": ["[IN:DELETE_TIMER", "[SL:METHOD_TIMER", "@ptr1", "@ptr2", "@ptr3", "SL:METHOD_TIMER]", "IN:DELETE_TIMER]"], "predicted_tokens": ["[IN:DELETE_TIMER", "IN:DELETE_TIMER]"]}
{"loss": 2.092451333999634, "class_log_probabilities": [-1.5826966762542725, -2.644904851913452, -4.71238899230957, -5.029176712036133], "predictions": [89, 90, 399, 91, 16, 400, 401, 402, 403, 404, 17, 92, 4, 4], "target_tokens": ["[IN:CREATE_ALARM", "[SL:DATE_TIME", "@ptr4", "@ptr5", "@ptr6", "@ptr7", "@ptr8", "@ptr9", "SL:DATE_TIME]", "IN:CREATE_ALARM]"], "predicted_tokens": ["[IN:CREATE_TIMER", "[SL:METHOD_TIMER", "@ptr4", "SL:METHOD_TIMER]", "[SL:DATE_TIME", "@ptr5", "@ptr6", "@ptr7", "@ptr8", "@ptr9", "SL:DATE_TIME]", "IN:CREATE_TIMER]"]}
{"loss": 1.7356446981430054, "class_log_probabilities": [-1.2867897748947144, -1.4916132688522339, -5.540114402770996, -5.920136451721191], "predictions": [13, 14, 398, 399, 15, 18, 4, 4], "target_tokens": ["[IN:GET_WEATHER", "[SL:LOCATION", "@ptr2", "@ptr3", "SL:LOCATION]", "IN:GET_WEATHER]"], "predicted_tokens": ["[IN:GET_WEATHER", "[SL:LOCATION", "@ptr3", "@ptr4", "SL:LOCATION]", "IN:GET_WEATHER]"]}
{"loss": 1.7754268646240234, "class_log_probabilities": [-0.8692863583564758, -2.3410022258758545, -5.609123706817627, -6.225865840911865], "predictions": [45, 141, 398, 399, 400, 401, 142, 46, 4], "target_tokens": ["[IN:CREATE_ALARM", "[SL:PERIOD", "@ptr3", "@ptr4", "@ptr5", "SL:PERIOD]", "IN:CREATE_ALARM]"], "predicted_tokens": ["[IN:CREATE_ALARM", "[SL:PERIOD", "@ptr3", "@ptr4", "@ptr5", "@ptr6", "SL:PERIOD]", "IN:CREATE_ALARM]"]}
{"loss": 0.9626865983009338, "class_log_probabilities": [-0.34213125705718994, -6.818744659423828, -8.274394989013672, -8.37240982055664], "predictions": [13, 79, 395, 80, 18, 4, 4], "target_tokens": ["[IN:GET_WEATHER", "[SL:WEATHER_ATTRIBUTE", "@ptr0", "SL:WEATHER_ATTRIBUTE]", "IN:GET_WEATHER]"], "predicted_tokens": ["[IN:GET_WEATHER", "[SL:WEATHER_ATTRIBUTE", "@ptr0", "SL:WEATHER_ATTRIBUTE]", "IN:GET_WEATHER]"]}
{"loss": 2.6223843097686768, "class_log_probabilities": [-0.7016750574111938, -3.736846685409546, -6.440561294555664, -7.668849945068359], "predictions": [89, 90, 396, 91, 16, 398, 399, 17, 92, 4, 4], "target_tokens": ["[IN:CREATE_TIMER", "[SL:METHOD_TIMER", "@ptr0", "@ptr1", "SL:METHOD_TIMER]", "[SL:DATE_TIME", "@ptr2", "@ptr3", "@ptr4", "SL:DATE_TIME]", "IN:CREATE_TIMER]"], "predicted_tokens": ["[IN:CREATE_TIMER", "[SL:METHOD_TIMER", "@ptr1", "SL:METHOD_TIMER]", "[SL:DATE_TIME", "@ptr3", "@ptr4", "SL:DATE_TIME]", "IN:CREATE_TIMER]"]}
{"loss": 0.9608883857727051, "class_log_probabilities": [-0.35695356130599976, -7.945254325866699, -7.96742057800293, -8.147342681884766], "predictions": [13, 79, 398, 80, 18, 4, 4], "target_tokens": ["[IN:GET_WEATHER", "[SL:WEATHER_ATTRIBUTE", "@ptr3", "SL:WEATHER_ATTRIBUTE]", "IN:GET_WEATHER]"], "predicted_tokens": ["[IN:GET_WEATHER", "[SL:WEATHER_ATTRIBUTE", "@ptr3", "SL:WEATHER_ATTRIBUTE]", "IN:GET_WEATHER]"]}
{"loss": 3.3458542823791504, "class_log_probabilities": [-2.345538854598999, -2.692589282989502, -2.8408639430999756, -6.065380573272705], "predictions": [13, 16, 395, 396, 17, 79, 400, 80, 18, 4], "target_tokens": ["[IN:GET_WEATHER", "[SL:WEATHER_ATTRIBUTE", "@ptr4", "SL:WEATHER_ATTRIBUTE]", "[SL:DATE_TIME", "@ptr0", "@ptr1", "SL:DATE_TIME]", "IN:GET_WEATHER]"], "predicted_tokens": ["[IN:GET_WEATHER", "[SL:DATE_TIME", "@ptr0", "@ptr1", "SL:DATE_TIME]", "[SL:WEATHER_ATTRIBUTE", "@ptr5", "SL:WEATHER_ATTRIBUTE]", "IN:GET_WEATHER]"]}
{"loss": 1.4915883541107178, "class_log_probabilities": [-0.6453257203102112, -6.482579708099365, -7.669635772705078, -8.299036979675293], "predictions": [13, 79, 395, 80, 16, 398, 399, 400, 17, 18, 4], "target_tokens": ["[IN:GET_WEATHER", "[SL:WEATHER_ATTRIBUTE", "@ptr0", "SL:WEATHER_ATTRIBUTE]", "[SL:DATE_TIME", "@ptr3", "@ptr4", "SL:DATE_TIME]", "IN:GET_WEATHER]"], "predicted_tokens": ["[IN:GET_WEATHER", "[SL:WEATHER_ATTRIBUTE", "@ptr0", "SL:WEATHER_ATTRIBUTE]", "[SL:DATE_TIME", "@ptr3", "@ptr4", "@ptr5", "SL:DATE_TIME]", "IN:GET_WEATHER]"]}
{"loss": 4.473552703857422, "class_log_probabilities": [-0.731968104839325, -3.858166456222534, -4.661900997161865, -4.713247299194336], "predictions": [89, 90, 398, 91, 92, 4], "target_tokens": ["[IN:RESUME_TIMER", "[SL:METHOD_TIMER", "@ptr1", "@ptr2", "@ptr3", "SL:METHOD_TIMER]", "IN:RESUME_TIMER]"], "predicted_tokens": ["[IN:CREATE_TIMER", "[SL:METHOD_TIMER", "@ptr3", "SL:METHOD_TIMER]", "IN:CREATE_TIMER]"]}
{"loss": 1.9761731624603271, "class_log_probabilities": [-0.9694724082946777, -2.985098361968994, -6.743289947509766, -7.420080661773682], "predictions": [45, 16, 400, 401, 402, 403, 404, 405, 406, 407, 408, 409, 17, 46, 4], "target_tokens": ["[IN:CREATE_ALARM", "[SL:DATE_TIME", "@ptr3", "@ptr4", "@ptr5", "@ptr6", "@ptr7", "@ptr8", "@ptr9", "@ptr10", "@ptr11", "@ptr12", "@ptr13", "SL:DATE_TIME]", "IN:CREATE_ALARM]"], "predicted_tokens": ["[IN:CREATE_ALARM", "[SL:DATE_TIME", "@ptr5", "@ptr6", "@ptr7", "@ptr8", "@ptr9", "@ptr10", "@ptr11", "@ptr12", "@ptr13", "@ptr14", "SL:DATE_TIME]", "IN:CREATE_ALARM]"]}
{"loss": 2.399935722351074, "class_log_probabilities": [-0.5944482088088989, -6.317447185516357, -7.882794380187988, -8.211764335632324], "predictions": [13, 79, 397, 80, 14, 400, 401, 15, 18, 4, 4], "target_tokens": ["[IN:GET_WEATHER", "[SL:WEATHER_ATTRIBUTE", "@ptr2", "@ptr3", "SL:WEATHER_ATTRIBUTE]", "[SL:DATE_TIME", "@ptr5", "@ptr6", "SL:DATE_TIME]", "IN:GET_WEATHER]"], "predicted_tokens": ["[IN:GET_WEATHER", "[SL:WEATHER_ATTRIBUTE", "@ptr2", "SL:WEATHER_ATTRIBUTE]", "[SL:LOCATION", "@ptr5", "@ptr6", "SL:LOCATION]", "IN:GET_WEATHER]"]}
{"loss": 2.1040537357330322, "class_log_probabilities": [-2.076514720916748, -2.8587138652801514, -2.911235809326172, -4.213111400604248], "predictions": [13, 16, 398, 399, 400, 401, 402, 403, 404, 405, 17, 18, 4, 4, 4], "target_tokens": ["[IN:GET_WEATHER", "[SL:WEATHER_ATTRIBUTE", "@ptr2", "SL:WEATHER_ATTRIBUTE]", "[SL:DATE_TIME", "@ptr7", "@ptr8", "@ptr9", "SL:DATE_TIME]", "IN:GET_WEATHER]"], "predicted_tokens": ["[IN:GET_WEATHER", "[SL:DATE_TIME", "@ptr3", "@ptr4", "@ptr5", "@ptr6", "@ptr7", "@ptr8", "@ptr9", "@ptr10", "SL:DATE_TIME]", "IN:GET_WEATHER]"]}
{"loss": 2.074763059616089, "class_log_probabilities": [-2.3704211711883545, -3.1891229152679443, -3.418710470199585, -4.248288631439209], "predictions": [55, 56, 396, 397, 398, 406, 407, 408, 409, 57, 58, 4, 4, 4], "target_tokens": ["[IN:QUESTION_NEWS", "[SL:NEWS_TOPIC", "@ptr5", "@ptr6", "@ptr7", "@ptr8", "@ptr9", "@ptr10", "@ptr11", "@ptr12", "SL:NEWS_TOPIC]", "IN:QUESTION_NEWS]"], "predicted_tokens": ["[IN:QUESTION_NEWS", "[SL:NEWS_TOPIC", "@ptr1", "@ptr2", "@ptr3", "@ptr11", "@ptr12", "@ptr13", "@ptr14", "SL:NEWS_TOPIC]", "IN:QUESTION_NEWS]"]}
{"loss": 4.080388069152832, "class_log_probabilities": [-0.28306952118873596, -8.226527214050293, -8.409452438354492, -8.450742721557617], "predictions": [115, 90, 398, 91, 116, 4, 4], "target_tokens": ["[IN:GET_TIMER", "[SL:METHOD_TIMER", "@ptr1", "@ptr2", "@ptr3", "SL:METHOD_TIMER]", "IN:GET_TIMER]"], "predicted_tokens": ["[IN:GET_TIMER", "[SL:METHOD_TIMER", "@ptr3", "SL:METHOD_TIMER]", "IN:GET_TIMER]"]}
{"loss": 2.3881542682647705, "class_log_probabilities": [-1.111622929573059, -4.132007598876953, -5.003185749053955, -5.396618366241455], "predictions": [13, 79, 395, 80, 79, 402, 403, 404, 80, 18, 4, 4], "target_tokens": ["[IN:GET_WEATHER", "[SL:WEATHER_ATTRIBUTE", "@ptr0", "SL:WEATHER_ATTRIBUTE]", "[SL:WEATHER_ATTRIBUTE", "@ptr6", "@ptr7", "@ptr8", "SL:WEATHER_ATTRIBUTE]", "IN:GET_WEATHER]"], "predicted_tokens": ["[IN:GET_WEATHER", "[SL:WEATHER_ATTRIBUTE", "@ptr0", "SL:WEATHER_ATTRIBUTE]", "[SL:WEATHER_ATTRIBUTE", "@ptr7", "@ptr8", "@ptr9", "SL:WEATHER_ATTRIBUTE]", "IN:GET_WEATHER]"]}
{"loss": 4.694528579711914, "class_log_probabilities": [-1.4885272979736328, -2.1402857303619385, -3.5408706665039062, -4.056476593017578], "predictions": [39, 40, 400, 41, 16, 401, 402, 17, 42, 4, 4], "target_tokens": ["[IN:GET_STORIES_NEWS", "[SL:DATE_TIME", "@ptr4", "SL:DATE_TIME]", "[SL:NEWS_TYPE", "@ptr5", "@ptr6", "SL:NEWS_TYPE]", "IN:GET_STORIES_NEWS]"], "predicted_tokens": ["[IN:GET_STORIES_NEWS", "[SL:NEWS_TYPE", "@ptr5", "SL:NEWS_TYPE]", "[SL:DATE_TIME", "@ptr6", "@ptr7", "SL:DATE_TIME]", "IN:GET_STORIES_NEWS]"]}
{"loss": 3.9053876399993896, "class_log_probabilities": [-0.2943507432937622, -7.552242755889893, -8.077969551086426, -8.521780967712402], "predictions": [115, 90, 400, 91, 116, 4, 4, 4], "target_tokens": ["[IN:GET_TIMER", "[SL:METHOD_TIMER", "@ptr3", "@ptr4", "@ptr5", "SL:METHOD_TIMER]", "IN:GET_TIMER]"], "predicted_tokens": ["[IN:GET_TIMER", "[SL:METHOD_TIMER", "@ptr5", "SL:METHOD_TIMER]", "IN:GET_TIMER]"]}
{"loss": 1.290540337562561, "class_log_probabilities": [-3.343837022781372, -4.20490026473999, -6.149350643157959, -6.244811534881592], "predictions": [63, 151, 399, 152, 68, 4], "target_tokens": ["[IN:PLAY_MUSIC", "[SL:MUSIC_GENRE", "@ptr4", "SL:MUSIC_GENRE]", "IN:PLAY_MUSIC]"], "predicted_tokens": ["[IN:PLAY_MUSIC", "[SL:MUSIC_GENRE", "@ptr4", "SL:MUSIC_GENRE]", "IN:PLAY_MUSIC]"]}
{"loss": 0.9606635570526123, "class_log_probabilities": [-0.3537923991680145, -7.880186557769775, -8.343376159667969, -8.36579418182373], "predictions": [13, 79, 397, 80, 18, 4, 4], "target_tokens": ["[IN:GET_WEATHER", "[SL:WEATHER_ATTRIBUTE", "@ptr2", "SL:WEATHER_ATTRIBUTE]", "IN:GET_WEATHER]"], "predicted_tokens": ["[IN:GET_WEATHER", "[SL:WEATHER_ATTRIBUTE", "@ptr2", "SL:WEATHER_ATTRIBUTE]", "IN:GET_WEATHER]"]}
{"loss": 3.4564027786254883, "class_log_probabilities": [-0.6003249287605286, -7.172746181488037, -7.475246906280518, -8.075211524963379], "predictions": [45, 16, 403, 404, 405, 406, 407, 17, 46, 4], "target_tokens": ["[IN:CREATE_ALARM", "[SL:ALARM_NAME", "@ptr1", "@ptr2", "@ptr3", "@ptr4", "@ptr5", "@ptr6", "SL:ALARM_NAME]", "[SL:DATE_TIME", "@ptr7", "@ptr8", "@ptr9", "@ptr10", "@ptr11", "@ptr12", "SL:DATE_TIME]", "IN:CREATE_ALARM]"], "predicted_tokens": ["[IN:CREATE_ALARM", "[SL:DATE_TIME", "@ptr8", "@ptr9", "@ptr10", "@ptr11", "@ptr12", "SL:DATE_TIME]", "IN:CREATE_ALARM]"]}
{"loss": 1.011225938796997, "class_log_probabilities": [-1.091911792755127, -2.032616138458252, -6.3612589836120605, -6.651695728302002], "predictions": [169, 64, 397, 65, 66, 401, 402, 403, 67, 170, 4, 4], "target_tokens": ["[IN:REMOVE_FROM_PLAYLIST_MUSIC", "[SL:MUSIC_TYPE", "@ptr2", "SL:MUSIC_TYPE]", "[SL:MUSIC_ARTIST_NAME", "@ptr6", "@ptr7", "@ptr8", "SL:MUSIC_ARTIST_NAME]", "IN:REMOVE_FROM_PLAYLIST_MUSIC]"], "predicted_tokens": ["[IN:REMOVE_FROM_PLAYLIST_MUSIC", "[SL:MUSIC_TYPE", "@ptr2", "SL:MUSIC_TYPE]", "[SL:MUSIC_ARTIST_NAME", "@ptr6", "@ptr7", "@ptr8", "SL:MUSIC_ARTIST_NAME]", "IN:REMOVE_FROM_PLAYLIST_MUSIC]"]}
{"loss": 4.655691146850586, "class_log_probabilities": [-0.4672695994377136, -4.800870895385742, -5.537318706512451, -5.856777191162109], "predictions": [115, 90, 398, 91, 116, 4], "target_tokens": ["[IN:CREATE_TIMER", "[SL:METHOD_TIMER", "@ptr1", "@ptr2", "@ptr3", "SL:METHOD_TIMER]", "IN:CREATE_TIMER]"], "predicted_tokens": ["[IN:GET_TIMER", "[SL:METHOD_TIMER", "@ptr3", "SL:METHOD_TIMER]", "IN:GET_TIMER]"]}
{"loss": 1.6972709894180298, "class_log_probabilities": [-1.0728693008422852, -2.190441131591797, -5.356014728546143, -7.031991481781006], "predictions": [13, 79, 399, 400, 401, 402, 80, 18, 4], "target_tokens": ["[IN:GET_WEATHER", "[SL:WEATHER_ATTRIBUTE", "@ptr4", "@ptr5", "@ptr6", "SL:WEATHER_ATTRIBUTE]", "IN:GET_WEATHER]"], "predicted_tokens": ["[IN:GET_WEATHER", "[SL:WEATHER_ATTRIBUTE", "@ptr4", "@ptr5", "@ptr6", "@ptr7", "SL:WEATHER_ATTRIBUTE]", "IN:GET_WEATHER]"]}
{"loss": 4.9057393074035645, "class_log_probabilities": [-0.14930593967437744, -7.846883773803711, -7.984050750732422, -8.698137283325195], "predictions": [115, 116, 4, 4], "target_tokens": ["[IN:GET_ALARM", "IN:GET_ALARM]"], "predicted_tokens": ["[IN:GET_TIMER", "IN:GET_TIMER]"]}
{"loss": 0.96379154920578, "class_log_probabilities": [-0.3367607295513153, -7.467496871948242, -7.942205905914307, -8.200170516967773], "predictions": [13, 79, 398, 80, 18, 4, 4], "target_tokens": ["[IN:GET_WEATHER", "[SL:WEATHER_ATTRIBUTE", "@ptr3", "SL:WEATHER_ATTRIBUTE]", "IN:GET_WEATHER]"], "predicted_tokens": ["[IN:GET_WEATHER", "[SL:WEATHER_ATTRIBUTE", "@ptr3", "SL:WEATHER_ATTRIBUTE]", "IN:GET_WEATHER]"]}
{"loss": 3.797520875930786, "class_log_probabilities": [-1.0287870168685913, -2.1971235275268555, -4.331685543060303, -6.283926486968994], "predictions": [287, 64, 398, 65, 288, 4, 4, 4, 4], "target_tokens": ["[IN:PREVIOUS_TRACK_MUSIC", "[SL:ORDINAL", "@ptr4", "@ptr5", "SL:ORDINAL]", "[SL:MUSIC_TYPE", "@ptr3", "SL:MUSIC_TYPE]", "IN:PREVIOUS_TRACK_MUSIC]"], "predicted_tokens": ["[IN:REPLAY_MUSIC", "[SL:MUSIC_TYPE", "@ptr3", "SL:MUSIC_TYPE]", "IN:REPLAY_MUSIC]"]}
{"loss": 5.098598003387451, "class_log_probabilities": [-1.1501901149749756, -2.9060966968536377, -5.168380260467529, -6.527105808258057], "predictions": [39, 40, 396, 41, 56, 398, 399, 400, 401, 402, 57, 16, 404, 405, 17, 42, 4, 4], "target_tokens": ["[IN:GET_STORIES_NEWS", "[SL:DATE_TIME", "@ptr8", "@ptr9", "SL:DATE_TIME]", "[SL:NEWS_REFERENCE", "@ptr0", "@ptr1", "SL:NEWS_REFERENCE]", "[SL:NEWS_CATEGORY", "@ptr2", "@ptr3", "SL:NEWS_CATEGORY]", "[SL:NEWS_TYPE", "@ptr4", "@ptr5", "@ptr6", "SL:NEWS_TYPE]", "IN:GET_STORIES_NEWS]"], "predicted_tokens": ["[IN:GET_STORIES_NEWS", "[SL:NEWS_TYPE", "@ptr1", "SL:NEWS_TYPE]", "[SL:NEWS_TOPIC", "@ptr3", "@ptr4", "@ptr5", "@ptr6", "@ptr7", "SL:NEWS_TOPIC]", "[SL:DATE_TIME", "@ptr9", "@ptr10", "SL:DATE_TIME]", "IN:GET_STORIES_NEWS]"]}
{"loss": 3.411160707473755, "class_log_probabilities": [-0.22868463397026062, -6.30994176864624, -6.572268009185791, -7.416261672973633], "predictions": [115, 116, 4], "target_tokens": ["[IN:GET_ALARM", "IN:GET_ALARM]"], "predicted_tokens": ["[IN:GET_TIMER", "IN:GET_TIMER]"]}
{"loss": 1.6020559072494507, "class_log_probabilities": [-0.7011358737945557, -6.262146472930908, -7.63218879699707, -7.731158256530762], "predictions": [13, 16, 396, 397, 398, 399, 17, 14, 402, 403, 15, 18, 4, 4], "target_tokens": ["[IN:GET_WEATHER", "[SL:DATE_TIME", "@ptr1", "@ptr2", "@ptr3", "@ptr4", "SL:DATE_TIME]", "[SL:LOCATION", "@ptr6", "SL:LOCATION]", "IN:GET_WEATHER]"], "predicted_tokens": ["[IN:GET_WEATHER", "[SL:DATE_TIME", "@ptr1", "@ptr2", "@ptr3", "@ptr4", "SL:DATE_TIME]", "[SL:LOCATION", "@ptr7", "@ptr8", "SL:LOCATION]", "IN:GET_WEATHER]"]}
{"loss": 3.2383978366851807, "class_log_probabilities": [-1.6543681621551514, -1.9920583963394165, -5.675212860107422, -5.959225654602051], "predictions": [39, 40, 397, 398, 41, 56, 402, 403, 404, 405, 57, 42, 4, 4], "target_tokens": ["[IN:GET_STORIES_NEWS", "[SL:NEWS_TYPE", "@ptr1", "@ptr2", "SL:NEWS_TYPE]", "[SL:NEWS_TOPIC", "@ptr5", "@ptr6", "@ptr7", "@ptr8", "@ptr9", "SL:NEWS_TOPIC]", "IN:GET_STORIES_NEWS]"], "predicted_tokens": ["[IN:GET_STORIES_NEWS", "[SL:NEWS_TYPE", "@ptr2", "@ptr3", "SL:NEWS_TYPE]", "[SL:NEWS_TOPIC", "@ptr7", "@ptr8", "@ptr9", "@ptr10", "SL:NEWS_TOPIC]", "IN:GET_STORIES_NEWS]"]}
{"loss": 1.9536018371582031, "class_log_probabilities": [-0.6462174654006958, -5.36846923828125, -7.623265266418457, -8.131719589233398], "predictions": [13, 79, 395, 80, 16, 400, 401, 402, 17, 18, 4, 4], "target_tokens": ["[IN:GET_WEATHER", "[SL:WEATHER_ATTRIBUTE", "@ptr0", "@ptr1", "SL:WEATHER_ATTRIBUTE]", "[SL:DATE_TIME", "@ptr5", "@ptr6", "SL:DATE_TIME]", "IN:GET_WEATHER]"], "predicted_tokens": ["[IN:GET_WEATHER", "[SL:WEATHER_ATTRIBUTE", "@ptr0", "SL:WEATHER_ATTRIBUTE]", "[SL:DATE_TIME", "@ptr5", "@ptr6", "@ptr7", "SL:DATE_TIME]", "IN:GET_WEATHER]"]}
{"loss": 2.320312261581421, "class_log_probabilities": [-0.8567807674407959, -4.782737731933594, -4.941129684448242, -8.584792137145996], "predictions": [225, 226, 4, 4, 4, 4, 4, 4, 4, 4, 4, 4], "target_tokens": ["[IN:DELETE_TIMER", "[SL:METHOD_TIMER", "@ptr1", "@ptr2", "@ptr3", "SL:METHOD_TIMER]", "IN:DELETE_TIMER]"], "predicted_tokens": ["[IN:DELETE_TIMER", "IN:DELETE_TIMER]"]}
{"loss": 0.9618247151374817, "class_log_probabilities": [-0.5676219463348389, -8.028779029846191, -8.262758255004883, -8.509709358215332], "predictions": [13, 79, 398, 80, 16, 401, 402, 17, 18, 4, 4], "target_tokens": ["[IN:GET_WEATHER", "[SL:WEATHER_ATTRIBUTE", "@ptr3", "SL:WEATHER_ATTRIBUTE]", "[SL:DATE_TIME", "@ptr6", "@ptr7", "SL:DATE_TIME]", "IN:GET_WEATHER]"], "predicted_tokens": ["[IN:GET_WEATHER", "[SL:WEATHER_ATTRIBUTE", "@ptr3", "SL:WEATHER_ATTRIBUTE]", "[SL:DATE_TIME", "@ptr6", "@ptr7", "SL:DATE_TIME]", "IN:GET_WEATHER]"]}
{"loss": 1.8835703134536743, "class_log_probabilities": [-0.970860481262207, -2.4267053604125977, -6.066540718078613, -6.169908046722412], "predictions": [13, 16, 398, 399, 400, 17, 18, 4, 4, 4, 4], "target_tokens": ["[IN:GET_WEATHER", "[SL:WEATHER_ATTRIBUTE", "@ptr0", "@ptr1", "@ptr2", "SL:WEATHER_ATTRIBUTE]", "[SL:DATE_TIME", "@ptr3", "@ptr4", "@ptr5", "SL:DATE_TIME]", "IN:GET_WEATHER]"], "predicted_tokens": ["[IN:GET_WEATHER", "[SL:DATE_TIME", "@ptr3", "@ptr4", "@ptr5", "SL:DATE_TIME]", "IN:GET_WEATHER]"]}
{"loss": 3.318613290786743, "class_log_probabilities": [-0.7720988988876343, -5.328219413757324, -6.119925022125244, -6.331964015960693], "predictions": [13, 16, 395, 396, 17, 14, 399, 400, 401, 15, 18, 4], "target_tokens": ["[IN:GET_WEATHER", "[SL:LOCATION", "@ptr4", "@ptr5", "SL:LOCATION]", "[SL:DATE_TIME", "@ptr0", "@ptr1", "SL:DATE_TIME]", "IN:GET_WEATHER]"], "predicted_tokens": ["[IN:GET_WEATHER", "[SL:DATE_TIME", "@ptr0", "@ptr1", "SL:DATE_TIME]", "[SL:LOCATION", "@ptr4", "@ptr5", "@ptr6", "SL:LOCATION]", "IN:GET_WEATHER]"]}
{"loss": 1.8501538038253784, "class_log_probabilities": [-0.6526224613189697, -7.34459924697876, -7.558393955230713, -7.642437934875488], "predictions": [39, 40, 396, 41, 56, 398, 399, 400, 57, 42, 4], "target_tokens": ["[IN:GET_STORIES_NEWS", "[SL:NEWS_TYPE", "@ptr1", "SL:NEWS_TYPE]", "[SL:NEWS_CATEGORY", "@ptr3", "@ptr4", "@ptr5", "SL:NEWS_CATEGORY]", "IN:GET_STORIES_NEWS]"], "predicted_tokens": ["[IN:GET_STORIES_NEWS", "[SL:NEWS_TYPE", "@ptr1", "SL:NEWS_TYPE]", "[SL:NEWS_TOPIC", "@ptr3", "@ptr4", "@ptr5", "SL:NEWS_TOPIC]", "IN:GET_STORIES_NEWS]"]}
{"loss": 1.3524446487426758, "class_log_probabilities": [-0.4436781108379364, -3.0155787467956543, -8.240761756896973, -8.651642799377441], "predictions": [13, 14, 400, 15, 18, 4, 4, 4], "target_tokens": ["[IN:GET_WEATHER", "[SL:LOCATION", "@ptr4", "SL:LOCATION]", "IN:GET_WEATHER]"], "predicted_tokens": ["[IN:GET_WEATHER", "[SL:LOCATION", "@ptr5", "SL:LOCATION]", "IN:GET_WEATHER]"]}
{"loss": 1.9931683540344238, "class_log_probabilities": [-0.5769017934799194, -8.150596618652344, -8.328956604003906, -8.536412239074707], "predictions": [45, 16, 401, 402, 403, 404, 405, 17, 46, 4], "target_tokens": ["[IN:CREATE_ALARM", "[SL:DATE_TIME", "@ptr5", "@ptr6", "@ptr7", "@ptr8", "@ptr9", "@ptr10", "SL:DATE_TIME]", "IN:CREATE_ALARM]"], "predicted_tokens": ["[IN:CREATE_ALARM", "[SL:DATE_TIME", "@ptr6", "@ptr7", "@ptr8", "@ptr9", "@ptr10", "SL:DATE_TIME]", "IN:CREATE_ALARM]"]}
{"loss": 3.8486881256103516, "class_log_probabilities": [-0.523883044719696, -6.727705955505371, -8.06849479675293, -8.274347305297852], "predictions": [39, 40, 401, 41, 16, 402, 403, 17, 42, 4], "target_tokens": ["[IN:GET_STORIES_NEWS", "[SL:NEWS_TYPE", "@ptr5", "SL:NEWS_TYPE]", "[SL:DATE_TIME", "@ptr6", "@ptr7", "SL:DATE_TIME]", "IN:GET_STORIES_NEWS]"], "predicted_tokens": ["[IN:GET_STORIES_NEWS", "[SL:NEWS_TYPE", "@ptr6", "SL:NEWS_TYPE]", "[SL:DATE_TIME", "@ptr7", "@ptr8", "SL:DATE_TIME]", "IN:GET_STORIES_NEWS]"]}
{"loss": 0.9703142046928406, "class_log_probabilities": [-0.3083350360393524, -8.261460304260254, -8.511256217956543, -8.585573196411133], "predictions": [63, 64, 396, 65, 68, 4], "target_tokens": ["[IN:PLAY_MUSIC", "[SL:MUSIC_TYPE", "@ptr1", "SL:MUSIC_TYPE]", "IN:PLAY_MUSIC]"], "predicted_tokens": ["[IN:PLAY_MUSIC", "[SL:MUSIC_TYPE", "@ptr1", "SL:MUSIC_TYPE]", "IN:PLAY_MUSIC]"]}
{"loss": 2.5350637435913086, "class_log_probabilities": [-0.8681416511535645, -4.441129207611084, -4.543254375457764, -7.0688862800598145], "predictions": [45, 249, 400, 401, 402, 403, 250, 16, 404, 405, 406, 407, 408, 409, 410, 17, 46, 4], "target_tokens": ["[IN:CREATE_ALARM", "[SL:ALARM_NAME", "@ptr4", "@ptr5", "@ptr6", "SL:ALARM_NAME]", "[SL:DATE_TIME", "@ptr7", "@ptr8", "@ptr9", "@ptr10", "@ptr11", "@ptr12", "@ptr13", "@ptr14", "SL:DATE_TIME]", "IN:CREATE_ALARM]"], "predicted_tokens": ["[IN:CREATE_ALARM", "[SL:ALARM_NAME", "@ptr5", "@ptr6", "@ptr7", "@ptr8", "SL:ALARM_NAME]", "[SL:DATE_TIME", "@ptr9", "@ptr10", "@ptr11", "@ptr12", "@ptr13", "@ptr14", "@ptr15", "SL:DATE_TIME]", "IN:CREATE_ALARM]"]}
{"loss": 1.6268833875656128, "class_log_probabilities": [-0.7435925602912903, -6.61574649810791, -6.786285877227783, -7.162545680999756], "predictions": [45, 16, 399, 400, 17, 46, 4, 4], "target_tokens": ["[IN:CREATE_ALARM", "[SL:DATE_TIME", "@ptr3", "@ptr4", "@ptr5", "SL:DATE_TIME]", "IN:CREATE_ALARM]"], "predicted_tokens": ["[IN:CREATE_ALARM", "[SL:DATE_TIME", "@ptr4", "@ptr5", "SL:DATE_TIME]", "IN:CREATE_ALARM]"]}
{"loss": 0.9644944071769714, "class_log_probabilities": [-0.33238187432289124, -8.216636657714844, -8.447381973266602, -8.551039695739746], "predictions": [63, 64, 396, 65, 68, 4, 4], "target_tokens": ["[IN:PLAY_MUSIC", "[SL:MUSIC_TYPE", "@ptr1", "SL:MUSIC_TYPE]", "IN:PLAY_MUSIC]"], "predicted_tokens": ["[IN:PLAY_MUSIC", "[SL:MUSIC_TYPE", "@ptr1", "SL:MUSIC_TYPE]", "IN:PLAY_MUSIC]"]}
{"loss": 3.8556599617004395, "class_log_probabilities": [-0.3046337962150574, -7.821765899658203, -8.082021713256836, -8.271201133728027], "predictions": [115, 90, 403, 91, 116, 4], "target_tokens": ["[IN:GET_TIMER", "[SL:METHOD_TIMER", "@ptr5", "@ptr6", "@ptr7", "SL:METHOD_TIMER]", "IN:GET_TIMER]"], "predicted_tokens": ["[IN:GET_TIMER", "[SL:METHOD_TIMER", "@ptr8", "SL:METHOD_TIMER]", "IN:GET_TIMER]"]}
{"loss": 5.4235029220581055, "class_log_probabilities": [-0.602339506149292, -3.7511684894561768, -3.793959617614746, -4.205752372741699], "predictions": [89, 90, 398, 91, 92, 4], "target_tokens": ["[IN:RESTART_TIMER", "[SL:METHOD_TIMER", "@ptr1", "@ptr2", "@ptr3", "SL:METHOD_TIMER]", "IN:RESTART_TIMER]"], "predicted_tokens": ["[IN:CREATE_TIMER", "[SL:METHOD_TIMER", "@ptr3", "SL:METHOD_TIMER]", "IN:CREATE_TIMER]"]}
{"loss": 3.0390307903289795, "class_log_probabilities": [-0.9471374154090881, -2.4720678329467773, -5.500275135040283, -6.787830352783203], "predictions": [51, 52, 396, 397, 398, 53, 54, 4, 4], "target_tokens": ["[IN:CREATE_PLAYLIST_MUSIC", "[SL:MUSIC_TYPE", "@ptr1", "@ptr2", "@ptr3", "@ptr4", "SL:MUSIC_TYPE]", "IN:CREATE_PLAYLIST_MUSIC]"], "predicted_tokens": ["[IN:GET_RECIPES", "[SL:RECIPES_DISH", "@ptr1", "@ptr2", "@ptr3", "SL:RECIPES_DISH]", "IN:GET_RECIPES]"]}
{"loss": 1.4158786535263062, "class_log_probabilities": [-1.1841989755630493, -2.4305434226989746, -7.515056610107422, -7.652228832244873], "predictions": [39, 40, 396, 41, 56, 399, 400, 401, 402, 57, 16, 403, 404, 405, 17, 42, 4], "target_tokens": ["[IN:GET_STORIES_NEWS", "[SL:NEWS_TYPE", "@ptr1", "SL:NEWS_TYPE]", "[SL:NEWS_TOPIC", "@ptr4", "@ptr5", "@ptr6", "@ptr7", "SL:NEWS_TOPIC]", "[SL:DATE_TIME", "@ptr8", "@ptr9", "SL:DATE_TIME]", "IN:GET_STORIES_NEWS]"], "predicted_tokens": ["[IN:GET_STORIES_NEWS", "[SL:NEWS_TYPE", "@ptr1", "SL:NEWS_TYPE]", "[SL:NEWS_TOPIC", "@ptr4", "@ptr5", "@ptr6", "@ptr7", "SL:NEWS_TOPIC]", "[SL:DATE_TIME", "@ptr8", "@ptr9", "@ptr10", "SL:DATE_TIME]", "IN:GET_STORIES_NEWS]"]}
{"loss": 3.772092819213867, "class_log_probabilities": [-0.3592808246612549, -3.1085519790649414, -6.555781841278076, -6.59982442855835], "predictions": [273, 90, 400, 91, 274, 4, 4], "target_tokens": ["[IN:RESTART_TIMER", "[SL:METHOD_TIMER", "@ptr3", "@ptr4", "@ptr5", "SL:METHOD_TIMER]", "IN:RESTART_TIMER]"], "predicted_tokens": ["[IN:RESTART_TIMER", "[SL:METHOD_TIMER", "@ptr5", "SL:METHOD_TIMER]", "IN:RESTART_TIMER]"]}
{"loss": 2.8827412128448486, "class_log_probabilities": [-0.40249258279800415, -4.178845405578613, -4.90622615814209, -5.674374103546143], "predictions": [115, 116, 4], "target_tokens": ["[IN:GET_ALARM", "IN:GET_ALARM]"], "predicted_tokens": ["[IN:GET_TIMER", "IN:GET_TIMER]"]}
{"loss": 1.0936493873596191, "class_log_probabilities": [-2.3566200733184814, -2.49332857131958, -3.2838640213012695, -3.9113309383392334], "predictions": [45, 16, 399, 400, 401, 17, 46, 4, 4], "target_tokens": ["[IN:CREATE_ALARM", "[SL:DATE_TIME", "@ptr3", "@ptr4", "@ptr5", "@ptr6", "SL:DATE_TIME]", "IN:CREATE_ALARM]"], "predicted_tokens": ["[IN:CREATE_ALARM", "[SL:DATE_TIME", "@ptr4", "@ptr5", "@ptr6", "SL:DATE_TIME]", "IN:CREATE_ALARM]"]}
{"loss": 0.9806703925132751, "class_log_probabilities": [-0.34287306666374207, -7.510904788970947, -7.680126667022705, -7.884000778198242], "predictions": [219, 16, 396, 397, 17, 220, 4], "target_tokens": ["[IN:SUBTRACT_TIME_TIMER", "[SL:DATE_TIME", "@ptr1", "@ptr2", "SL:DATE_TIME]", "IN:SUBTRACT_TIME_TIMER]"], "predicted_tokens": ["[IN:SUBTRACT_TIME_TIMER", "[SL:DATE_TIME", "@ptr1", "@ptr2", "SL:DATE_TIME]", "IN:SUBTRACT_TIME_TIMER]"]}
{"loss": 2.6692373752593994, "class_log_probabilities": [-1.142381191253662, -3.4227383136749268, -3.9673445224761963, -5.288004398345947], "predictions": [39, 40, 396, 41, 56, 397, 398, 57, 42, 4], "target_tokens": ["[IN:GET_STORIES_NEWS", "[SL:NEWS_CATEGORY", "@ptr2", "@ptr3", "SL:NEWS_CATEGORY]", "[SL:NEWS_TYPE", "@ptr1", "SL:NEWS_TYPE]", "IN:GET_STORIES_NEWS]"], "predicted_tokens": ["[IN:GET_STORIES_NEWS", "[SL:NEWS_TYPE", "@ptr1", "SL:NEWS_TYPE]", "[SL:NEWS_TOPIC", "@ptr2", "@ptr3", "SL:NEWS_TOPIC]", "IN:GET_STORIES_NEWS]"]}
{"loss": 0.9681634306907654, "class_log_probabilities": [-0.682751476764679, -5.988752841949463, -7.570371627807617, -8.67776107788086], "predictions": [63, 64, 396, 65, 66, 398, 399, 400, 401, 402, 67, 68, 4, 4, 4, 4, 4, 4, 4], "target_tokens": ["[IN:PLAY_MUSIC", "[SL:MUSIC_TYPE", "@ptr1", "SL:MUSIC_TYPE]", "[SL:MUSIC_ARTIST_NAME", "@ptr3", "@ptr4", "@ptr5", "@ptr6", "@ptr7", "SL:MUSIC_ARTIST_NAME]", "IN:PLAY_MUSIC]"], "predicted_tokens": ["[IN:PLAY_MUSIC", "[SL:MUSIC_TYPE", "@ptr1", "SL:MUSIC_TYPE]", "[SL:MUSIC_ARTIST_NAME", "@ptr3", "@ptr4", "@ptr5", "@ptr6", "@ptr7", "SL:MUSIC_ARTIST_NAME]", "IN:PLAY_MUSIC]"]}
{"loss": 2.2312917709350586, "class_log_probabilities": [-2.0105903148651123, -3.3236191272735596, -3.518223762512207, -4.865199089050293], "predictions": [39, 40, 398, 41, 56, 402, 403, 404, 57, 42, 4, 4], "target_tokens": ["[IN:GET_STORIES_NEWS", "[SL:NEWS_TYPE", "@ptr1", "@ptr2", "@ptr3", "SL:NEWS_TYPE]", "[SL:NEWS_SOURCE", "@ptr6", "@ptr7", "@ptr8", "SL:NEWS_SOURCE]", "IN:GET_STORIES_NEWS]"], "predicted_tokens": ["[IN:GET_STORIES_NEWS", "[SL:NEWS_TYPE", "@ptr3", "SL:NEWS_TYPE]", "[SL:NEWS_TOPIC", "@ptr7", "@ptr8", "@ptr9", "SL:NEWS_TOPIC]", "IN:GET_STORIES_NEWS]"]}
{"loss": 0.9603970646858215, "class_log_probabilities": [-0.418369323015213, -6.856283664703369, -8.28885269165039, -8.391204833984375], "predictions": [13, 16, 395, 396, 17, 18, 4], "target_tokens": ["[IN:GET_WEATHER", "[SL:DATE_TIME", "@ptr0", "@ptr1", "SL:DATE_TIME]", "IN:GET_WEATHER]"], "predicted_tokens": ["[IN:GET_WEATHER", "[SL:DATE_TIME", "@ptr0", "@ptr1", "SL:DATE_TIME]", "IN:GET_WEATHER]"]}
{"loss": 1.5200245380401611, "class_log_probabilities": [-1.5364298820495605, -1.6201063394546509, -8.730389595031738, -9.171527862548828], "predictions": [45, 16, 399, 400, 401, 402, 403, 404, 405, 406, 17, 46, 4, 4, 4, 4, 4, 4, 4, 4, 4], "target_tokens": ["[IN:CREATE_ALARM", "[SL:DATE_TIME", "@ptr3", "@ptr4", "@ptr5", "@ptr6", "@ptr7", "@ptr8", "@ptr9", "@ptr10", "SL:DATE_TIME]", "IN:CREATE_ALARM]"], "predicted_tokens": ["[IN:CREATE_ALARM", "[SL:DATE_TIME", "@ptr4", "@ptr5", "@ptr6", "@ptr7", "@ptr8", "@ptr9", "@ptr10", "@ptr11", "SL:DATE_TIME]", "IN:CREATE_ALARM]"]}
{"loss": 3.497478485107422, "class_log_probabilities": [-0.5087106823921204, -5.262507915496826, -5.929114818572998, -6.019371509552002], "predictions": [287, 101, 396, 397, 102, 288, 4, 4], "target_tokens": ["[IN:REPLAY_MUSIC", "[SL:MUSIC_TYPE", "@ptr1", "SL:MUSIC_TYPE]", "IN:REPLAY_MUSIC]"], "predicted_tokens": ["[IN:REPLAY_MUSIC", "[SL:MUSIC_TRACK_TITLE", "@ptr1", "@ptr2", "SL:MUSIC_TRACK_TITLE]", "IN:REPLAY_MUSIC]"]}
{"loss": 1.7104554176330566, "class_log_probabilities": [-1.0197352170944214, -3.0249104499816895, -3.2950289249420166, -6.01172399520874], "predictions": [13, 79, 397, 80, 14, 399, 15, 16, 401, 402, 17, 18, 4, 4, 4, 4], "target_tokens": ["[IN:GET_WEATHER", "[SL:WEATHER_ATTRIBUTE", "@ptr2", "SL:WEATHER_ATTRIBUTE]", "[SL:LOCATION", "@ptr4", "SL:LOCATION]", "[SL:DATE_TIME", "@ptr5", "@ptr6", "SL:DATE_TIME]", "IN:GET_WEATHER]"], "predicted_tokens": ["[IN:GET_WEATHER", "[SL:WEATHER_ATTRIBUTE", "@ptr2", "SL:WEATHER_ATTRIBUTE]", "[SL:LOCATION", "@ptr4", "SL:LOCATION]", "[SL:DATE_TIME", "@ptr6", "@ptr7", "SL:DATE_TIME]", "IN:GET_WEATHER]"]}
{"loss": 2.738751173019409, "class_log_probabilities": [-2.2614781856536865, -3.5412139892578125, -4.1835432052612305, -4.691287517547607], "predictions": [39, 40, 395, 41, 16, 396, 17, 56, 399, 57, 42, 4, 4], "target_tokens": ["[IN:GET_STORIES_NEWS", "[SL:DATE_TIME", "@ptr1", "SL:DATE_TIME]", "[SL:NEWS_TYPE", "@ptr0", "SL:NEWS_TYPE]", "[SL:NEWS_TOPIC", "@ptr4", "SL:NEWS_TOPIC]", "IN:GET_STORIES_NEWS]"], "predicted_tokens": ["[IN:GET_STORIES_NEWS", "[SL:NEWS_TYPE", "@ptr0", "SL:NEWS_TYPE]", "[SL:DATE_TIME", "@ptr1", "SL:DATE_TIME]", "[SL:NEWS_TOPIC", "@ptr4", "SL:NEWS_TOPIC]", "IN:GET_STORIES_NEWS]"]}
{"loss": 2.9937429428100586, "class_log_probabilities": [-1.965006947517395, -2.701864719390869, -4.562351226806641, -5.104332447052002], "predictions": [63, 64, 396, 65, 101, 397, 398, 399, 400, 401, 102, 66, 403, 404, 405, 406, 67, 68, 4], "target_tokens": ["[IN:PLAY_MUSIC", "[SL:MUSIC_GENRE", "@ptr2", "@ptr3", "@ptr4", "SL:MUSIC_GENRE]", "[SL:MUSIC_TYPE", "@ptr1", "SL:MUSIC_TYPE]", "[SL:MUSIC_PROVIDER_NAME", "@ptr8", "@ptr9", "@ptr10", "@ptr11", "SL:MUSIC_PROVIDER_NAME]", "IN:PLAY_MUSIC]"], "predicted_tokens": ["[IN:PLAY_MUSIC", "[SL:MUSIC_TYPE", "@ptr1", "SL:MUSIC_TYPE]", "[SL:MUSIC_TRACK_TITLE", "@ptr2", "@ptr3", "@ptr4", "@ptr5", "@ptr6", "SL:MUSIC_TRACK_TITLE]", "[SL:MUSIC_ARTIST_NAME", "@ptr8", "@ptr9", "@ptr10", "@ptr11", "SL:MUSIC_ARTIST_NAME]", "IN:PLAY_MUSIC]"]}
{"loss": 0.960154116153717, "class_log_probabilities": [-0.6418808102607727, -8.581535339355469, -8.593989372253418, -8.668014526367188], "predictions": [13, 79, 397, 80, 16, 398, 399, 400, 17, 18, 4, 4], "target_tokens": ["[IN:GET_WEATHER", "[SL:WEATHER_ATTRIBUTE", "@ptr2", "SL:WEATHER_ATTRIBUTE]", "[SL:DATE_TIME", "@ptr3", "@ptr4", "@ptr5", "SL:DATE_TIME]", "IN:GET_WEATHER]"], "predicted_tokens": ["[IN:GET_WEATHER", "[SL:WEATHER_ATTRIBUTE", "@ptr2", "SL:WEATHER_ATTRIBUTE]", "[SL:DATE_TIME", "@ptr3", "@ptr4", "@ptr5", "SL:DATE_TIME]", "IN:GET_WEATHER]"]}
{"loss": 2.990454912185669, "class_log_probabilities": [-0.7394993901252747, -2.9799392223358154, -6.437864303588867, -7.265903949737549], "predictions": [89, 16, 399, 400, 401, 402, 17, 92, 4, 4], "target_tokens": ["[IN:CREATE_TIMER", "[SL:METHOD_TIMER", "@ptr1", "@ptr2", "SL:METHOD_TIMER]", "[SL:DATE_TIME", "@ptr4", "@ptr5", "@ptr6", "SL:DATE_TIME]", "IN:CREATE_TIMER]"], "predicted_tokens": ["[IN:CREATE_TIMER", "[SL:DATE_TIME", "@ptr4", "@ptr5", "@ptr6", "@ptr7", "SL:DATE_TIME]", "IN:CREATE_TIMER]"]}
{"loss": 1.7599587440490723, "class_log_probabilities": [-0.768287181854248, -3.4372711181640625, -5.479711055755615, -7.247984409332275], "predictions": [13, 14, 398, 399, 400, 401, 15, 18, 4], "target_tokens": ["[IN:GET_WEATHER", "[SL:LOCATION", "@ptr3", "@ptr4", "@ptr5", "SL:LOCATION]", "IN:GET_WEATHER]"], "predicted_tokens": ["[IN:GET_WEATHER", "[SL:LOCATION", "@ptr3", "@ptr4", "@ptr5", "@ptr6", "SL:LOCATION]", "IN:GET_WEATHER]"]}
{"loss": 4.317129611968994, "class_log_probabilities": [-2.3455653190612793, -2.702057361602783, -3.1171891689300537, -3.6226565837860107], "predictions": [39, 40, 396, 41, 56, 401, 57, 16, 403, 404, 17, 42, 4, 4, 4, 4, 4], "target_tokens": ["[IN:GET_STORIES_NEWS", "[SL:NEWS_REFERENCE", "@ptr2", "@ptr3", "SL:NEWS_REFERENCE]", "[SL:NEWS_TYPE", "@ptr0", "@ptr1", "SL:NEWS_TYPE]", "[SL:NEWS_TOPIC", "@ptr5", "SL:NEWS_TOPIC]", "IN:GET_STORIES_NEWS]"], "predicted_tokens": ["[IN:GET_STORIES_NEWS", "[SL:NEWS_TYPE", "@ptr1", "SL:NEWS_TYPE]", "[SL:NEWS_TOPIC", "@ptr6", "SL:NEWS_TOPIC]", "[SL:DATE_TIME", "@ptr8", "@ptr9", "SL:DATE_TIME]", "IN:GET_STORIES_NEWS]"]}
{"loss": 2.982579231262207, "class_log_probabilities": [-0.7411372661590576, -4.287590503692627, -6.882439136505127, -7.916574478149414], "predictions": [39, 40, 396, 41, 16, 401, 402, 403, 17, 42, 4, 4], "target_tokens": ["[IN:GET_STORIES_NEWS", "[SL:NEWS_TYPE", "@ptr0", "@ptr1", "SL:NEWS_TYPE]", "[SL:DATE_TIME", "@ptr6", "@ptr7", "SL:DATE_TIME]", "IN:GET_STORIES_NEWS]"], "predicted_tokens": ["[IN:GET_STORIES_NEWS", "[SL:NEWS_TYPE", "@ptr1", "SL:NEWS_TYPE]", "[SL:DATE_TIME", "@ptr6", "@ptr7", "@ptr8", "SL:DATE_TIME]", "IN:GET_STORIES_NEWS]"]}
{"loss": 2.2402899265289307, "class_log_probabilities": [-4.933468818664551, -5.0413594245910645, -6.035658359527588, -6.054568767547607], "predictions": [49, 36, 143, 16, 403, 404, 405, 406, 407, 408, 409, 410, 411, 412, 413, 17, 144, 37, 16, 412, 413, 414, 17, 50, 4, 4], "target_tokens": ["[IN:CREATE_ALARM", "[SL:ALARM_NAME", "@ptr2", "@ptr3", "@ptr4", "@ptr5", "@ptr6", "SL:ALARM_NAME]", "[SL:DATE_TIME", "@ptr7", "@ptr8", "@ptr9", "@ptr10", "@ptr11", "@ptr12", "@ptr13", "@ptr14", "@ptr15", "@ptr16", "@ptr17", "SL:DATE_TIME]", "IN:CREATE_ALARM]"], "predicted_tokens": ["[IN:CREATE_REMINDER", "[SL:TODO", "[IN:GET_TODO", "[SL:DATE_TIME", "@ptr8", "@ptr9", "@ptr10", "@ptr11", "@ptr12", "@ptr13", "@ptr14", "@ptr15", "@ptr16", "@ptr17", "@ptr18", "SL:DATE_TIME]", "IN:GET_TODO]", "SL:TODO]", "[SL:DATE_TIME", "@ptr17", "@ptr18", "@ptr19", "SL:DATE_TIME]", "IN:CREATE_REMINDER]"]}
{"loss": 3.892017364501953, "class_log_probabilities": [-0.39410775899887085, -3.2418272495269775, -8.336776733398438, -8.412376403808594], "predictions": [39, 40, 399, 41, 42, 4], "target_tokens": ["[IN:GET_STORIES_NEWS", "[SL:NEWS_REFERENCE", "@ptr2", "@ptr3", "SL:NEWS_REFERENCE]", "[SL:NEWS_TYPE", "@ptr4", "SL:NEWS_TYPE]", "IN:GET_STORIES_NEWS]"], "predicted_tokens": ["[IN:GET_STORIES_NEWS", "[SL:NEWS_TYPE", "@ptr4", "SL:NEWS_TYPE]", "IN:GET_STORIES_NEWS]"]}
{"loss": 3.9507715702056885, "class_log_probabilities": [-0.31243497133255005, -7.876936912536621, -8.013226509094238, -8.178618431091309], "predictions": [115, 90, 397, 91, 116, 4, 4], "target_tokens": ["[IN:GET_TIMER", "[SL:METHOD_TIMER", "@ptr0", "@ptr1", "@ptr2", "SL:METHOD_TIMER]", "IN:GET_TIMER]"], "predicted_tokens": ["[IN:GET_TIMER", "[SL:METHOD_TIMER", "@ptr2", "SL:METHOD_TIMER]", "IN:GET_TIMER]"]}
{"loss": 4.148983478546143, "class_log_probabilities": [-3.7424874305725098, -3.904667615890503, -4.2095441818237305, -4.959471225738525], "predictions": [205, 66, 399, 67, 208, 4], "target_tokens": ["[IN:START_SHUFFLE_MUSIC", "[SL:MUSIC_TYPE", "@ptr3", "SL:MUSIC_TYPE]", "IN:START_SHUFFLE_MUSIC]"], "predicted_tokens": ["[IN:START_SHUFFLE_MUSIC", "[SL:MUSIC_ARTIST_NAME", "@ptr4", "SL:MUSIC_ARTIST_NAME]", "IN:START_SHUFFLE_MUSIC]"]}
{"loss": 3.4611833095550537, "class_log_probabilities": [-2.8444035053253174, -3.2295656204223633, -4.485517978668213, -5.184958457946777], "predictions": [89, 16, 402, 17, 92, 4, 4], "target_tokens": ["[IN:CREATE_TIMER", "[SL:METHOD_TIMER", "@ptr1", "@ptr2", "@ptr3", "SL:METHOD_TIMER]", "[SL:DATE_TIME", "@ptr4", "@ptr5", "@ptr6", "@ptr7", "SL:DATE_TIME]", "IN:CREATE_TIMER]"], "predicted_tokens": ["[IN:CREATE_TIMER", "[SL:DATE_TIME", "@ptr7", "SL:DATE_TIME]", "IN:CREATE_TIMER]"]}
{"loss": 3.4352505207061768, "class_log_probabilities": [-0.5415188074111938, -7.971761226654053, -8.602387428283691, -8.78376579284668], "predictions": [45, 16, 400, 401, 402, 403, 404, 17, 46, 4, 4], "target_tokens": ["[IN:CREATE_ALARM", "[SL:DATE_TIME", "@ptr2", "@ptr3", "@ptr4", "@ptr5", "@ptr6", "@ptr7", "@ptr8", "SL:DATE_TIME]", "IN:CREATE_ALARM]"], "predicted_tokens": ["[IN:CREATE_ALARM", "[SL:DATE_TIME", "@ptr5", "@ptr6", "@ptr7", "@ptr8", "@ptr9", "SL:DATE_TIME]", "IN:CREATE_ALARM]"]}
{"loss": 3.8535327911376953, "class_log_probabilities": [-0.22582492232322693, -4.373391151428223, -7.352888107299805, -7.845579624176025], "predictions": [115, 116, 4, 4, 4, 4], "target_tokens": ["[IN:GET_TIMER", "[SL:METHOD_TIMER", "@ptr0", "@ptr1", "@ptr2", "SL:METHOD_TIMER]", "IN:GET_TIMER]"], "predicted_tokens": ["[IN:GET_TIMER", "IN:GET_TIMER]"]}
{"loss": 3.86726975440979, "class_log_probabilities": [-1.1098463535308838, -3.5582096576690674, -3.732693910598755, -4.972935676574707], "predictions": [39, 42, 4], "target_tokens": ["[IN:GET_STORIES_NEWS", "[SL:NEWS_REFERENCE", "@ptr4", "SL:NEWS_REFERENCE]", "[SL:NEWS_TYPE", "@ptr3", "SL:NEWS_TYPE]", "IN:GET_STORIES_NEWS]"], "predicted_tokens": ["[IN:GET_STORIES_NEWS", "IN:GET_STORIES_NEWS]"]}
{"loss": 1.2170934677124023, "class_log_probabilities": [-0.7888872027397156, -4.948948860168457, -8.096077919006348, -8.610072135925293], "predictions": [45, 16, 399, 400, 401, 402, 403, 404, 405, 406, 17, 46, 4, 4, 4, 4, 4, 4, 4, 4], "target_tokens": ["[IN:CREATE_ALARM", "[SL:DATE_TIME", "@ptr3", "@ptr4", "@ptr5", "@ptr6", "@ptr7", "@ptr8", "@ptr9", "@ptr10", "@ptr11", "SL:DATE_TIME]", "IN:CREATE_ALARM]"], "predicted_tokens": ["[IN:CREATE_ALARM", "[SL:DATE_TIME", "@ptr4", "@ptr5", "@ptr6", "@ptr7", "@ptr8", "@ptr9", "@ptr10", "@ptr11", "SL:DATE_TIME]", "IN:CREATE_ALARM]"]}
{"loss": 3.473928213119507, "class_log_probabilities": [-0.5279514789581299, -6.586680889129639, -6.639556884765625, -6.7433624267578125], "predictions": [33, 20, 399, 400, 21, 38, 4], "target_tokens": ["[IN:DELETE_ALARM", "[SL:ORDINAL", "@ptr3", "@ptr4", "@ptr5", "SL:ORDINAL]", "IN:DELETE_ALARM]"], "predicted_tokens": ["[IN:DELETE_REMINDER", "[SL:ORDINAL", "@ptr4", "@ptr5", "SL:ORDINAL]", "IN:DELETE_REMINDER]"]}
{"loss": 3.305182695388794, "class_log_probabilities": [-0.39954107999801636, -8.297835350036621, -8.554876327514648, -8.62459945678711], "predictions": [13, 16, 400, 401, 17, 18, 4], "target_tokens": ["[IN:GET_WEATHER", "[SL:DATE_TIME", "@ptr4", "@ptr5", "SL:DATE_TIME]", "IN:GET_WEATHER]"], "predicted_tokens": ["[IN:GET_WEATHER", "[SL:DATE_TIME", "@ptr5", "@ptr6", "SL:DATE_TIME]", "IN:GET_WEATHER]"]}
{"loss": 3.811206340789795, "class_log_probabilities": [-1.030847430229187, -1.8138715028762817, -6.87771463394165, -7.189880847930908], "predictions": [89, 90, 399, 91, 92, 4], "target_tokens": ["[IN:CREATE_TIMER", "[SL:METHOD_TIMER", "@ptr2", "@ptr3", "@ptr4", "SL:METHOD_TIMER]", "IN:CREATE_TIMER]"], "predicted_tokens": ["[IN:CREATE_TIMER", "[SL:METHOD_TIMER", "@ptr4", "SL:METHOD_TIMER]", "IN:CREATE_TIMER]"]}
{"loss": 3.5924487113952637, "class_log_probabilities": [-0.7740949988365173, -2.616053819656372, -7.861476421356201, -8.282875061035156], "predictions": [89, 90, 397, 91, 16, 400, 401, 17, 92, 4, 4], "target_tokens": ["[IN:CREATE_TIMER", "[SL:METHOD_TIMER", "@ptr1", "@ptr2", "SL:METHOD_TIMER]", "[SL:DATE_TIME", "@ptr3", "@ptr4", "@ptr5", "@ptr6", "SL:DATE_TIME]", "IN:CREATE_TIMER]"], "predicted_tokens": ["[IN:CREATE_TIMER", "[SL:METHOD_TIMER", "@ptr2", "SL:METHOD_TIMER]", "[SL:DATE_TIME", "@ptr5", "@ptr6", "SL:DATE_TIME]", "IN:CREATE_TIMER]"]}
{"loss": 4.526168346405029, "class_log_probabilities": [-1.101043701171875, -3.727980852127075, -4.830772876739502, -6.212771892547607], "predictions": [111, 34, 399, 35, 16, 402, 403, 404, 17, 112, 4], "target_tokens": ["[IN:SNOOZE_ALARM", "[SL:DATE_TIME", "@ptr5", "@ptr6", "@ptr7", "@ptr8", "SL:DATE_TIME]", "IN:SNOOZE_ALARM]"], "predicted_tokens": ["[IN:UPDATE_REMINDER_DATE_TIME", "[SL:PERSON_REMINDED", "@ptr4", "SL:PERSON_REMINDED]", "[SL:DATE_TIME", "@ptr7", "@ptr8", "@ptr9", "SL:DATE_TIME]", "IN:UPDATE_REMINDER_DATE_TIME]"]}
{"loss": 1.4838513135910034, "class_log_probabilities": [-0.763680636882782, -5.263067245483398, -6.130382061004639, -6.360015392303467], "predictions": [45, 16, 400, 401, 402, 403, 404, 17, 46, 4], "target_tokens": ["[IN:CREATE_ALARM", "[SL:DATE_TIME", "@ptr4", "@ptr5", "@ptr6", "@ptr7", "@ptr8", "@ptr9", "SL:DATE_TIME]", "IN:CREATE_ALARM]"], "predicted_tokens": ["[IN:CREATE_ALARM", "[SL:DATE_TIME", "@ptr5", "@ptr6", "@ptr7", "@ptr8", "@ptr9", "SL:DATE_TIME]", "IN:CREATE_ALARM]"]}
{"loss": 0.97589111328125, "class_log_probabilities": [-0.30207446217536926, -8.14566707611084, -8.29371452331543, -8.472004890441895], "predictions": [217, 64, 395, 65, 218, 4, 4, 4], "target_tokens": ["[IN:GET_TRACK_INFO_MUSIC", "[SL:MUSIC_TYPE", "@ptr0", "SL:MUSIC_TYPE]", "IN:GET_TRACK_INFO_MUSIC]"], "predicted_tokens": ["[IN:GET_TRACK_INFO_MUSIC", "[SL:MUSIC_TYPE", "@ptr0", "SL:MUSIC_TYPE]", "IN:GET_TRACK_INFO_MUSIC]"]}
{"loss": 3.6617772579193115, "class_log_probabilities": [-0.7334963083267212, -2.7849433422088623, -7.779922008514404, -8.072637557983398], "predictions": [89, 90, 398, 91, 16, 400, 401, 402, 17, 92, 4], "target_tokens": ["[IN:CREATE_TIMER", "[SL:METHOD_TIMER", "@ptr1", "@ptr2", "@ptr3", "SL:METHOD_TIMER]", "[SL:DATE_TIME", "@ptr4", "@ptr5", "@ptr6", "SL:DATE_TIME]", "IN:CREATE_TIMER]"], "predicted_tokens": ["[IN:CREATE_TIMER", "[SL:METHOD_TIMER", "@ptr3", "SL:METHOD_TIMER]", "[SL:DATE_TIME", "@ptr5", "@ptr6", "@ptr7", "SL:DATE_TIME]", "IN:CREATE_TIMER]"]}
{"loss": 0.9662840366363525, "class_log_probabilities": [-0.32471269369125366, -8.344818115234375, -8.392943382263184, -8.43343734741211], "predictions": [39, 40, 397, 41, 42, 4, 4, 4], "target_tokens": ["[IN:GET_STORIES_NEWS", "[SL:NEWS_TYPE", "@ptr2", "SL:NEWS_TYPE]", "IN:GET_STORIES_NEWS]"], "predicted_tokens": ["[IN:GET_STORIES_NEWS", "[SL:NEWS_TYPE", "@ptr2", "SL:NEWS_TYPE]", "IN:GET_STORIES_NEWS]"]}
{"loss": 4.122413158416748, "class_log_probabilities": [-0.15622103214263916, -7.907828330993652, -8.168478965759277, -8.684893608093262], "predictions": [115, 116, 4, 4], "target_tokens": ["[IN:GET_TIMER", "[SL:METHOD_TIMER", "@ptr0", "@ptr1", "@ptr2", "@ptr3", "SL:METHOD_TIMER]", "IN:GET_TIMER]"], "predicted_tokens": ["[IN:GET_TIMER", "IN:GET_TIMER]"]}
{"loss": 3.1776697635650635, "class_log_probabilities": [-1.5120989084243774, -2.061664342880249, -4.200704574584961, -4.724573135375977], "predictions": [45, 16, 399, 400, 17, 46, 4, 4], "target_tokens": ["[IN:CREATE_ALARM", "IN:CREATE_ALARM]"], "predicted_tokens": ["[IN:CREATE_ALARM", "[SL:DATE_TIME", "@ptr4", "@ptr5", "SL:DATE_TIME]", "IN:CREATE_ALARM]"]}
{"loss": 2.0090582370758057, "class_log_probabilities": [-1.9826750755310059, -2.6648824214935303, -4.228941917419434, -5.138885974884033], "predictions": [49, 34, 401, 35, 16, 402, 403, 404, 405, 406, 407, 408, 409, 17, 50, 4, 4, 4, 4, 4, 4], "target_tokens": ["[IN:CREATE_ALARM", "[SL:DATE_TIME", "@ptr6", "@ptr7", "@ptr8", "@ptr9", "@ptr10", "@ptr11", "@ptr12", "@ptr13", "@ptr14", "SL:DATE_TIME]", "IN:CREATE_ALARM]"], "predicted_tokens": ["[IN:CREATE_REMINDER", "[SL:PERSON_REMINDED", "@ptr6", "SL:PERSON_REMINDED]", "[SL:DATE_TIME", "@ptr7", "@ptr8", "@ptr9", "@ptr10", "@ptr11", "@ptr12", "@ptr13", "@ptr14", "SL:DATE_TIME]", "IN:CREATE_REMINDER]"]}
{"loss": 0.9674670696258545, "class_log_probabilities": [-0.9805089235305786, -5.585479259490967, -5.622718811035156, -5.744655132293701], "predictions": [45, 16, 399, 400, 401, 402, 403, 404, 405, 406, 407, 408, 17, 46, 4], "target_tokens": ["[IN:CREATE_ALARM", "[SL:DATE_TIME", "@ptr4", "@ptr5", "@ptr6", "@ptr7", "@ptr8", "@ptr9", "@ptr10", "@ptr11", "@ptr12", "@ptr13", "SL:DATE_TIME]", "IN:CREATE_ALARM]"], "predicted_tokens": ["[IN:CREATE_ALARM", "[SL:DATE_TIME", "@ptr4", "@ptr5", "@ptr6", "@ptr7", "@ptr8", "@ptr9", "@ptr10", "@ptr11", "@ptr12", "@ptr13", "SL:DATE_TIME]", "IN:CREATE_ALARM]"]}
{"loss": 3.0625228881835938, "class_log_probabilities": [-1.8607577085494995, -3.0499396324157715, -4.839296817779541, -8.772346496582031], "predictions": [51, 129, 402, 403, 130, 54, 4, 4, 4, 4], "target_tokens": ["[IN:GET_RECIPES", "[SL:RECIPES_ATTRIBUTE", "@ptr3", "@ptr4", "SL:RECIPES_ATTRIBUTE]", "[SL:RECIPES_INCLUDED_INGREDIENT", "@ptr6", "@ptr7", "SL:RECIPES_INCLUDED_INGREDIENT]", "IN:GET_RECIPES]"], "predicted_tokens": ["[IN:GET_RECIPES", "[SL:RECIPES_INCLUDED_INGREDIENT", "@ptr7", "@ptr8", "SL:RECIPES_INCLUDED_INGREDIENT]", "IN:GET_RECIPES]"]}
{"loss": 3.0028724670410156, "class_log_probabilities": [-2.9447641372680664, -3.1358773708343506, -3.5475029945373535, -3.656348466873169], "predictions": [27, 28, 396, 29, 113, 403, 114, 113, 405, 406, 407, 114, 30, 4, 4], "target_tokens": ["[IN:GET_INFO_RECIPES", "[SL:RECIPES_ATTRIBUTE", "@ptr0", "SL:RECIPES_ATTRIBUTE]", "[SL:RECIPES_COOKING_METHOD", "@ptr6", "SL:RECIPES_COOKING_METHOD]", "[SL:RECIPES_INCLUDED_INGREDIENT", "@ptr7", "SL:RECIPES_INCLUDED_INGREDIENT]", "[SL:RECIPES_COOKING_METHOD", "@ptr9", "@ptr10", "SL:RECIPES_COOKING_METHOD]", "IN:GET_INFO_RECIPES]"], "predicted_tokens": ["[IN:GET_INFO_RECIPES", "[SL:RECIPES_ATTRIBUTE", "@ptr1", "SL:RECIPES_ATTRIBUTE]", "[SL:RECIPES_COOKING_METHOD", "@ptr8", "SL:RECIPES_COOKING_METHOD]", "[SL:RECIPES_COOKING_METHOD", "@ptr10", "@ptr11", "@ptr12", "SL:RECIPES_COOKING_METHOD]", "IN:GET_INFO_RECIPES]"]}
{"loss": 1.3786197900772095, "class_log_probabilities": [-0.7004690170288086, -5.7364678382873535, -6.4494829177856445, -7.044463157653809], "predictions": [51, 52, 397, 398, 399, 400, 401, 402, 403, 53, 54, 4, 4], "target_tokens": ["[IN:GET_RECIPES", "[SL:RECIPES_DISH", "@ptr2", "@ptr3", "@ptr4", "@ptr5", "@ptr6", "@ptr7", "SL:RECIPES_DISH]", "IN:GET_RECIPES]"], "predicted_tokens": ["[IN:GET_RECIPES", "[SL:RECIPES_DISH", "@ptr2", "@ptr3", "@ptr4", "@ptr5", "@ptr6", "@ptr7", "@ptr8", "SL:RECIPES_DISH]", "IN:GET_RECIPES]"]}
{"loss": 2.7055647373199463, "class_log_probabilities": [-2.520289659500122, -2.5634264945983887, -3.0466108322143555, -6.122928142547607], "predictions": [51, 52, 399, 400, 401, 402, 403, 114, 54, 4, 4, 4, 4], "target_tokens": ["[IN:GET_RECIPES", "[SL:RECIPES_RATING", "@ptr2", "SL:RECIPES_RATING]", "[SL:RECIPES_DISH", "@ptr5", "SL:RECIPES_DISH]", "[SL:RECIPES_COOKING_METHOD", "@ptr6", "@ptr7", "@ptr8", "SL:RECIPES_COOKING_METHOD]", "IN:GET_RECIPES]"], "predicted_tokens": ["[IN:GET_RECIPES", "[SL:RECIPES_DISH", "@ptr4", "@ptr5", "@ptr6", "@ptr7", "@ptr8", "SL:RECIPES_COOKING_METHOD]", "IN:GET_RECIPES]"]}
{"loss": 3.0886378288269043, "class_log_probabilities": [-2.898151397705078, -3.374551773071289, -4.006767749786377, -4.343836307525635], "predictions": [51, 52, 396, 397, 398, 53, 54, 4, 4, 4, 4, 4, 4, 4], "target_tokens": ["[IN:GET_RECIPES", "[SL:RECIPES_ATTRIBUTE", "@ptr4", "@ptr5", "SL:RECIPES_ATTRIBUTE]", "[SL:RECIPES_DISH", "@ptr1", "@ptr2", "@ptr3", "SL:RECIPES_DISH]", "[SL:RECIPES_TYPE", "@ptr7", "@ptr8", "SL:RECIPES_TYPE]", "IN:GET_RECIPES]"], "predicted_tokens": ["[IN:GET_RECIPES", "[SL:RECIPES_DISH", "@ptr1", "@ptr2", "@ptr3", "SL:RECIPES_DISH]", "IN:GET_RECIPES]"]}
{"loss": 3.312462568283081, "class_log_probabilities": [-0.8540889620780945, -2.2265372276306152, -4.856884479522705, -5.226324558258057], "predictions": [23, 269, 402, 403, 270, 26, 4, 4], "target_tokens": ["[IN:SEND_MESSAGE", "[SL:GROUP", "@ptr5", "@ptr6", "@ptr7", "SL:GROUP]", "IN:SEND_MESSAGE]"], "predicted_tokens": ["[IN:SEND_MESSAGE", "[SL:GROUP", "@ptr7", "@ptr8", "SL:GROUP]", "IN:SEND_MESSAGE]"]}
{"loss": 2.486534833908081, "class_log_probabilities": [-0.4849311411380768, -7.6531219482421875, -8.011985778808594, -8.062651634216309], "predictions": [23, 10, 398, 399, 400, 401, 11, 26, 4], "target_tokens": ["[IN:SEND_MESSAGE", "[SL:NAME_APP", "@ptr3", "@ptr4", "@ptr5", "@ptr6", "SL:NAME_APP]", "IN:SEND_MESSAGE]"], "predicted_tokens": ["[IN:SEND_MESSAGE", "[SL:RECIPIENT", "@ptr3", "@ptr4", "@ptr5", "@ptr6", "SL:RECIPIENT]", "IN:SEND_MESSAGE]"]}
{"loss": 2.90976881980896, "class_log_probabilities": [-1.4051493406295776, -3.9302761554718018, -4.098520278930664, -4.946977615356445], "predictions": [23, 10, 401, 402, 403, 11, 10, 405, 406, 407, 408, 11, 26, 4, 4, 4], "target_tokens": ["[IN:SEND_MESSAGE", "[SL:RECIPIENT", "@ptr6", "@ptr7", "SL:RECIPIENT]", "[SL:NAME_APP", "@ptr9", "@ptr10", "@ptr11", "@ptr12", "SL:NAME_APP]", "IN:SEND_MESSAGE]"], "predicted_tokens": ["[IN:SEND_MESSAGE", "[SL:RECIPIENT", "@ptr6", "@ptr7", "@ptr8", "SL:RECIPIENT]", "[SL:RECIPIENT", "@ptr10", "@ptr11", "@ptr12", "@ptr13", "SL:RECIPIENT]", "IN:SEND_MESSAGE]"]}
{"loss": 1.0773260593414307, "class_log_probabilities": [-1.491743564605713, -1.761962652206421, -7.0850019454956055, -8.014615058898926], "predictions": [75, 6, 399, 400, 401, 402, 7, 78, 4, 4], "target_tokens": ["[IN:CREATE_CALL", "[SL:CONTACT", "@ptr4", "@ptr5", "@ptr6", "SL:CONTACT]", "IN:CREATE_CALL]"], "predicted_tokens": ["[IN:CREATE_CALL", "[SL:CONTACT", "@ptr4", "@ptr5", "@ptr6", "@ptr7", "SL:CONTACT]", "IN:CREATE_CALL]"]}
{"loss": 3.5929646492004395, "class_log_probabilities": [-0.7073400020599365, -7.108249664306641, -7.440340995788574, -9.139098167419434], "predictions": [75, 6, 401, 402, 403, 404, 405, 406, 407, 7, 78, 4, 4, 4], "target_tokens": ["[IN:CREATE_CALL", "[SL:GROUP", "@ptr5", "@ptr6", "@ptr7", "@ptr8", "SL:GROUP]", "[SL:NAME_APP", "@ptr10", "@ptr11", "@ptr12", "SL:NAME_APP]", "IN:CREATE_CALL]"], "predicted_tokens": ["[IN:CREATE_CALL", "[SL:CONTACT", "@ptr6", "@ptr7", "@ptr8", "@ptr9", "@ptr10", "@ptr11", "@ptr12", "SL:CONTACT]", "IN:CREATE_CALL]"]}
{"loss": 1.6816885471343994, "class_log_probabilities": [-1.0273443460464478, -5.388744354248047, -6.056663990020752, -6.058077335357666], "predictions": [155, 156, 399, 400, 401, 402, 403, 404, 157, 158, 4], "target_tokens": ["[IN:SET_RSVP_YES", "[SL:TITLE_EVENT", "@ptr4", "@ptr5", "@ptr6", "@ptr7", "@ptr8", "SL:TITLE_EVENT]", "IN:SET_RSVP_YES]"], "predicted_tokens": ["[IN:SET_RSVP_YES", "[SL:TITLE_EVENT", "@ptr4", "@ptr5", "@ptr6", "@ptr7", "@ptr8", "@ptr9", "SL:TITLE_EVENT]", "IN:SET_RSVP_YES]"]}
{"loss": 1.0942425727844238, "class_log_probabilities": [-3.568359851837158, -5.232481002807617, -5.41989278793335, -5.672912120819092], "predictions": [155, 156, 397, 398, 399, 400, 401, 402, 403, 404, 405, 406, 157, 158, 4], "target_tokens": ["[IN:SET_RSVP_YES", "[SL:TITLE_EVENT", "@ptr2", "@ptr3", "@ptr4", "@ptr5", "@ptr6", "@ptr7", "@ptr8", "@ptr9", "@ptr10", "@ptr11", "SL:TITLE_EVENT]", "IN:SET_RSVP_YES]"], "predicted_tokens": ["[IN:SET_RSVP_YES", "[SL:TITLE_EVENT", "@ptr2", "@ptr3", "@ptr4", "@ptr5", "@ptr6", "@ptr7", "@ptr8", "@ptr9", "@ptr10", "@ptr11", "SL:TITLE_EVENT]", "IN:SET_RSVP_YES]"]}
{"loss": 0.9616298079490662, "class_log_probabilities": [-0.6428625583648682, -7.139065265655518, -7.730748653411865, -9.46683406829834], "predictions": [75, 6, 397, 398, 399, 400, 401, 402, 7, 78, 4, 4, 4], "target_tokens": ["[IN:CREATE_CALL", "[SL:CONTACT", "@ptr2", "@ptr3", "@ptr4", "@ptr5", "@ptr6", "@ptr7", "SL:CONTACT]", "IN:CREATE_CALL]"], "predicted_tokens": ["[IN:CREATE_CALL", "[SL:CONTACT", "@ptr2", "@ptr3", "@ptr4", "@ptr5", "@ptr6", "@ptr7", "SL:CONTACT]", "IN:CREATE_CALL]"]}
{"loss": 2.575188159942627, "class_log_probabilities": [-1.8595893383026123, -2.8205533027648926, -3.441695213317871, -3.7379937171936035], "predictions": [75, 6, 70, 71, 397, 72, 93, 400, 401, 402, 403, 94, 73, 7, 78, 4, 4], "target_tokens": ["[IN:CREATE_CALL", "[SL:CONTACT", "[IN:GET_CONTACT", "[SL:CONTACT_RELATED", "@ptr4", "@ptr5", "@ptr6", "@ptr7", "SL:CONTACT_RELATED]", "[SL:TYPE_RELATION", "@ptr2", "SL:TYPE_RELATION]", "IN:GET_CONTACT]", "SL:CONTACT]", "IN:CREATE_CALL]"], "predicted_tokens": ["[IN:CREATE_CALL", "[SL:CONTACT", "[IN:GET_CONTACT", "[SL:TYPE_RELATION", "@ptr2", "SL:TYPE_RELATION]", "[SL:CONTACT_RELATED", "@ptr5", "@ptr6", "@ptr7", "@ptr8", "SL:CONTACT_RELATED]", "IN:GET_CONTACT]", "SL:CONTACT]", "IN:CREATE_CALL]"]}
{"loss": 2.792670965194702, "class_log_probabilities": [-0.9306398630142212, -4.919687747955322, -5.701554775238037, -5.959367275238037], "predictions": [75, 6, 397, 398, 399, 7, 6, 402, 403, 404, 405, 7, 78, 4, 4], "target_tokens": ["[IN:CREATE_CALL", "[SL:NAME_APP", "@ptr2", "@ptr3", "@ptr4", "SL:NAME_APP]", "[SL:CONTACT", "@ptr6", "@ptr7", "@ptr8", "@ptr9", "SL:CONTACT]", "IN:CREATE_CALL]"], "predicted_tokens": ["[IN:CREATE_CALL", "[SL:CONTACT", "@ptr2", "@ptr3", "@ptr4", "SL:CONTACT]", "[SL:CONTACT", "@ptr7", "@ptr8", "@ptr9", "@ptr10", "SL:CONTACT]", "IN:CREATE_CALL]"]}
{"loss": 1.4195600748062134, "class_log_probabilities": [-3.6217432022094727, -4.0007829666137695, -4.542286396026611, -4.803028106689453], "predictions": [235, 103, 395, 104, 236, 4, 4, 4, 4, 4, 4, 4, 4], "target_tokens": ["[IN:SET_DEFAULT_PROVIDER_MUSIC", "[SL:MUSIC_PROVIDER_NAME", "@ptr0", "SL:MUSIC_PROVIDER_NAME]", "IN:SET_DEFAULT_PROVIDER_MUSIC]"], "predicted_tokens": ["[IN:SET_DEFAULT_PROVIDER_MUSIC", "[SL:MUSIC_PROVIDER_NAME", "@ptr0", "SL:MUSIC_PROVIDER_NAME]", "IN:SET_DEFAULT_PROVIDER_MUSIC]"]}
{"loss": 1.7611271142959595, "class_log_probabilities": [-0.5333318114280701, -6.347100257873535, -7.392062187194824, -8.26024055480957], "predictions": [75, 6, 397, 398, 399, 7, 78, 4, 4, 4, 4], "target_tokens": ["[IN:CREATE_CALL", "[SL:CONTACT", "@ptr2", "@ptr3", "@ptr4", "SL:CONTACT]", "[SL:ORDINAL", "@ptr7", "SL:ORDINAL]", "IN:CREATE_CALL]"], "predicted_tokens": ["[IN:CREATE_CALL", "[SL:CONTACT", "@ptr2", "@ptr3", "@ptr4", "SL:CONTACT]", "IN:CREATE_CALL]"]}
{"loss": 2.78019118309021, "class_log_probabilities": [-0.4285396337509155, -7.483538627624512, -7.825681209564209, -8.129124641418457], "predictions": [13, 14, 398, 399, 15, 18, 4, 4], "target_tokens": ["[IN:GET_WEATHER", "[SL:LOCATION", "@ptr2", "@ptr3", "SL:LOCATION]", "IN:GET_WEATHER]"], "predicted_tokens": ["[IN:GET_WEATHER", "[SL:LOCATION", "@ptr3", "@ptr4", "SL:LOCATION]", "IN:GET_WEATHER]"]}
{"loss": 2.7704222202301025, "class_log_probabilities": [-0.8479284644126892, -4.278817653656006, -4.392638683319092, -5.683492660522461], "predictions": [75, 6, 396, 397, 398, 7, 6, 402, 7, 78, 4, 4], "target_tokens": ["[IN:CREATE_CALL", "[SL:NAME_APP", "@ptr1", "@ptr2", "@ptr3", "SL:NAME_APP]", "[SL:CONTACT", "@ptr6", "SL:CONTACT]", "IN:CREATE_CALL]"], "predicted_tokens": ["[IN:CREATE_CALL", "[SL:CONTACT", "@ptr1", "@ptr2", "@ptr3", "SL:CONTACT]", "[SL:CONTACT", "@ptr7", "SL:CONTACT]", "IN:CREATE_CALL]"]}
{"loss": 0.9659051299095154, "class_log_probabilities": [-0.5970156788825989, -7.604529857635498, -7.803731441497803, -9.523977279663086], "predictions": [23, 10, 398, 399, 400, 401, 402, 403, 11, 26, 4, 4, 4], "target_tokens": ["[IN:SEND_MESSAGE", "[SL:RECIPIENT", "@ptr3", "@ptr4", "@ptr5", "@ptr6", "@ptr7", "@ptr8", "SL:RECIPIENT]", "IN:SEND_MESSAGE]"], "predicted_tokens": ["[IN:SEND_MESSAGE", "[SL:RECIPIENT", "@ptr3", "@ptr4", "@ptr5", "@ptr6", "@ptr7", "@ptr8", "SL:RECIPIENT]", "IN:SEND_MESSAGE]"]}
{"loss": 0.9632844924926758, "class_log_probabilities": [-0.5788395404815674, -6.979345798492432, -7.354959487915039, -7.385902404785156], "predictions": [23, 10, 398, 399, 400, 401, 402, 11, 26, 4], "target_tokens": ["[IN:SEND_MESSAGE", "[SL:RECIPIENT", "@ptr3", "@ptr4", "@ptr5", "@ptr6", "@ptr7", "SL:RECIPIENT]", "IN:SEND_MESSAGE]"], "predicted_tokens": ["[IN:SEND_MESSAGE", "[SL:RECIPIENT", "@ptr3", "@ptr4", "@ptr5", "@ptr6", "@ptr7", "SL:RECIPIENT]", "IN:SEND_MESSAGE]"]}
{"loss": 1.5681582689285278, "class_log_probabilities": [-1.598297357559204, -2.143669605255127, -4.657645225524902, -5.501852035522461], "predictions": [23, 8, 397, 9, 10, 399, 400, 401, 402, 11, 26, 4], "target_tokens": ["[IN:SEND_MESSAGE", "[SL:TYPE_CONTENT", "@ptr2", "SL:TYPE_CONTENT]", "[SL:RECIPIENT", "@ptr4", "@ptr5", "@ptr6", "SL:RECIPIENT]", "IN:SEND_MESSAGE]"], "predicted_tokens": ["[IN:SEND_MESSAGE", "[SL:TYPE_CONTENT", "@ptr2", "SL:TYPE_CONTENT]", "[SL:RECIPIENT", "@ptr4", "@ptr5", "@ptr6", "@ptr7", "SL:RECIPIENT]", "IN:SEND_MESSAGE]"]}
{"loss": 2.155850648880005, "class_log_probabilities": [-2.420332193374634, -2.672238349914551, -3.067485809326172, -4.226434230804443], "predictions": [23, 8, 398, 9, 10, 400, 401, 402, 403, 404, 11, 26, 4, 4], "target_tokens": ["[IN:SEND_MESSAGE", "[SL:TYPE_CONTENT", "@ptr2", "SL:TYPE_CONTENT]", "IN:SEND_MESSAGE]"], "predicted_tokens": ["[IN:SEND_MESSAGE", "[SL:TYPE_CONTENT", "@ptr3", "SL:TYPE_CONTENT]", "[SL:RECIPIENT", "@ptr5", "@ptr6", "@ptr7", "@ptr8", "@ptr9", "SL:RECIPIENT]", "IN:SEND_MESSAGE]"]}
{"loss": 0.9610463976860046, "class_log_probabilities": [-0.7539178729057312, -6.41947603225708, -6.667872905731201, -7.067716598510742], "predictions": [75, 6, 399, 400, 401, 402, 403, 404, 405, 7, 78, 4], "target_tokens": ["[IN:CREATE_CALL", "[SL:CONTACT", "@ptr4", "@ptr5", "@ptr6", "@ptr7", "@ptr8", "@ptr9", "@ptr10", "SL:CONTACT]", "IN:CREATE_CALL]"], "predicted_tokens": ["[IN:CREATE_CALL", "[SL:CONTACT", "@ptr4", "@ptr5", "@ptr6", "@ptr7", "@ptr8", "@ptr9", "@ptr10", "SL:CONTACT]", "IN:CREATE_CALL]"]}
{"loss": 4.729115009307861, "class_log_probabilities": [-0.13849280774593353, -8.370805740356445, -8.377747535705566, -8.580812454223633], "predictions": [245, 246, 4, 4], "target_tokens": ["[IN:UPDATE_CALL", "IN:UPDATE_CALL]"], "predicted_tokens": ["[IN:UPDATE_METHOD_CALL", "IN:UPDATE_METHOD_CALL]"]}
{"loss": 0.9590123295783997, "class_log_probabilities": [-0.19438540935516357, -6.369751930236816, -8.031834602355957, -8.764803886413574], "predictions": [31, 32, 4, 4], "target_tokens": ["[IN:SET_UNAVAILABLE", "IN:SET_UNAVAILABLE]"], "predicted_tokens": ["[IN:SET_UNAVAILABLE", "IN:SET_UNAVAILABLE]"]}
{"loss": 0.9717864990234375, "class_log_probabilities": [-0.3389582335948944, -6.642285346984863, -6.911184310913086, -7.2411017417907715], "predictions": [69, 6, 395, 7, 74, 4], "target_tokens": ["[IN:GET_CALL_TIME", "[SL:CONTACT", "@ptr0", "SL:CONTACT]", "IN:GET_CALL_TIME]"], "predicted_tokens": ["[IN:GET_CALL_TIME", "[SL:CONTACT", "@ptr0", "SL:CONTACT]", "IN:GET_CALL_TIME]"]}
{"loss": 1.0816408395767212, "class_log_probabilities": [-1.337915062904358, -1.7309479713439941, -4.321782112121582, -6.743255615234375], "predictions": [13, 14, 398, 15, 18, 4, 4], "target_tokens": ["[IN:GET_WEATHER", "[SL:LOCATION", "@ptr3", "SL:LOCATION]", "IN:GET_WEATHER]"], "predicted_tokens": ["[IN:GET_WEATHER", "[SL:LOCATION", "@ptr3", "SL:LOCATION]", "IN:GET_WEATHER]"]}
{"loss": 1.9283069372177124, "class_log_probabilities": [-1.9634056091308594, -2.6150081157684326, -2.7460649013519287, -3.7991445064544678], "predictions": [81, 82, 4], "target_tokens": ["[IN:SILENCE_ALARM", "IN:SILENCE_ALARM]"], "predicted_tokens": ["[IN:END_CALL", "IN:END_CALL]"]}
{"loss": 3.2216649055480957, "class_log_probabilities": [-0.7152746915817261, -6.221971035003662, -6.574909687042236, -7.171307563781738], "predictions": [45, 249, 402, 403, 250, 16, 404, 405, 406, 407, 17, 46, 4, 4], "target_tokens": ["[IN:CREATE_ALARM", "[SL:ALARM_NAME", "@ptr6", "@ptr7", "SL:ALARM_NAME]", "[SL:DATE_TIME", "@ptr8", "@ptr9", "@ptr10", "@ptr11", "SL:DATE_TIME]", "IN:CREATE_ALARM]"], "predicted_tokens": ["[IN:CREATE_ALARM", "[SL:ALARM_NAME", "@ptr7", "@ptr8", "SL:ALARM_NAME]", "[SL:DATE_TIME", "@ptr9", "@ptr10", "@ptr11", "@ptr12", "SL:DATE_TIME]", "IN:CREATE_ALARM]"]}
{"loss": 1.689923644065857, "class_log_probabilities": [-0.43822064995765686, -5.046569347381592, -5.595895290374756, -6.405221462249756], "predictions": [13, 16, 397, 17, 18, 4, 4], "target_tokens": ["[IN:GET_WEATHER", "[SL:DATE_TIME", "@ptr1", "@ptr2", "SL:DATE_TIME]", "IN:GET_WEATHER]"], "predicted_tokens": ["[IN:GET_WEATHER", "[SL:DATE_TIME", "@ptr2", "SL:DATE_TIME]", "IN:GET_WEATHER]"]}
{"loss": 0.9641063809394836, "class_log_probabilities": [-0.19077199697494507, -7.287150859832764, -7.356720447540283, -7.367926120758057], "predictions": [213, 214, 4], "target_tokens": ["[IN:SILENCE_ALARM", "IN:SILENCE_ALARM]"], "predicted_tokens": ["[IN:SILENCE_ALARM", "IN:SILENCE_ALARM]"]}
{"loss": 1.6742700338363647, "class_log_probabilities": [-2.239335775375366, -3.049849510192871, -3.159688711166382, -3.4039254188537598], "predictions": [45, 16, 398, 399, 400, 401, 402, 403, 17, 249, 408, 409, 410, 250, 46, 4], "target_tokens": ["[IN:CREATE_ALARM", "[SL:DATE_TIME", "@ptr3", "@ptr4", "@ptr5", "@ptr6", "@ptr7", "SL:DATE_TIME]", "[SL:ALARM_NAME", "@ptr13", "@ptr14", "SL:ALARM_NAME]", "IN:CREATE_ALARM]"], "predicted_tokens": ["[IN:CREATE_ALARM", "[SL:DATE_TIME", "@ptr3", "@ptr4", "@ptr5", "@ptr6", "@ptr7", "@ptr8", "SL:DATE_TIME]", "[SL:ALARM_NAME", "@ptr13", "@ptr14", "@ptr15", "SL:ALARM_NAME]", "IN:CREATE_ALARM]"]}
{"loss": 3.037972927093506, "class_log_probabilities": [-0.8909597992897034, -6.897385597229004, -7.111607074737549, -7.134294509887695], "predictions": [45, 249, 400, 401, 402, 403, 404, 405, 250, 16, 406, 407, 408, 17, 46, 4, 4], "target_tokens": ["[IN:CREATE_ALARM", "[SL:ALARM_NAME", "@ptr4", "@ptr5", "@ptr6", "@ptr7", "@ptr8", "SL:ALARM_NAME]", "[SL:DATE_TIME", "@ptr9", "@ptr10", "@ptr11", "SL:DATE_TIME]", "IN:CREATE_ALARM]"], "predicted_tokens": ["[IN:CREATE_ALARM", "[SL:ALARM_NAME", "@ptr5", "@ptr6", "@ptr7", "@ptr8", "@ptr9", "@ptr10", "SL:ALARM_NAME]", "[SL:DATE_TIME", "@ptr11", "@ptr12", "@ptr13", "SL:DATE_TIME]", "IN:CREATE_ALARM]"]}
{"loss": 1.6692132949829102, "class_log_probabilities": [-0.5048105716705322, -6.538033485412598, -7.7987060546875, -8.197718620300293], "predictions": [63, 66, 396, 397, 67, 103, 399, 104, 68, 4], "target_tokens": ["[IN:PLAY_MUSIC", "[SL:MUSIC_TRACK_TITLE", "@ptr1", "@ptr2", "SL:MUSIC_TRACK_TITLE]", "[SL:MUSIC_PROVIDER_NAME", "@ptr4", "SL:MUSIC_PROVIDER_NAME]", "IN:PLAY_MUSIC]"], "predicted_tokens": ["[IN:PLAY_MUSIC", "[SL:MUSIC_ARTIST_NAME", "@ptr1", "@ptr2", "SL:MUSIC_ARTIST_NAME]", "[SL:MUSIC_PROVIDER_NAME", "@ptr4", "SL:MUSIC_PROVIDER_NAME]", "IN:PLAY_MUSIC]"]}
{"loss": 2.4739291667938232, "class_log_probabilities": [-1.5198544263839722, -2.1722640991210938, -5.641086578369141, -6.943211555480957], "predictions": [75, 6, 70, 71, 397, 72, 93, 399, 400, 401, 94, 73, 7, 78, 4], "target_tokens": ["[IN:CREATE_CALL", "[SL:CONTACT", "[IN:GET_CONTACT", "[SL:CONTACT_RELATED", "@ptr4", "@ptr5", "@ptr6", "SL:CONTACT_RELATED]", "[SL:TYPE_RELATION", "@ptr2", "SL:TYPE_RELATION]", "IN:GET_CONTACT]", "SL:CONTACT]", "IN:CREATE_CALL]"], "predicted_tokens": ["[IN:CREATE_CALL", "[SL:CONTACT", "[IN:GET_CONTACT", "[SL:TYPE_RELATION", "@ptr2", "SL:TYPE_RELATION]", "[SL:CONTACT_RELATED", "@ptr4", "@ptr5", "@ptr6", "SL:CONTACT_RELATED]", "IN:GET_CONTACT]", "SL:CONTACT]", "IN:CREATE_CALL]"]}
{"loss": 1.6244796514511108, "class_log_probabilities": [-1.216504693031311, -3.3543472290039062, -3.647353410720825, -6.518345355987549], "predictions": [49, 16, 397, 398, 399, 17, 50, 4, 4, 4, 4, 4], "target_tokens": ["[IN:CREATE_REMINDER", "[SL:PERSON_REMINDED", "@ptr1", "SL:PERSON_REMINDED]", "[SL:DATE_TIME", "@ptr2", "@ptr3", "@ptr4", "@ptr5", "SL:DATE_TIME]", "IN:CREATE_REMINDER]"], "predicted_tokens": ["[IN:CREATE_REMINDER", "[SL:DATE_TIME", "@ptr2", "@ptr3", "@ptr4", "SL:DATE_TIME]", "IN:CREATE_REMINDER]"]}
{"loss": 1.1742528676986694, "class_log_probabilities": [-1.191142201423645, -4.7587175369262695, -5.461664199829102, -6.2210493087768555], "predictions": [49, 34, 397, 35, 36, 398, 399, 400, 401, 402, 403, 404, 405, 406, 407, 408, 409, 410, 411, 37, 50, 4, 4], "target_tokens": ["[IN:CREATE_REMINDER", "[SL:PERSON_REMINDED", "@ptr2", "SL:PERSON_REMINDED]", "[SL:TODO", "@ptr3", "@ptr4", "@ptr5", "@ptr6", "@ptr7", "@ptr8", "@ptr9", "@ptr10", "@ptr11", "@ptr12", "@ptr13", "@ptr14", "@ptr15", "SL:TODO]", "IN:CREATE_REMINDER]"], "predicted_tokens": ["[IN:CREATE_REMINDER", "[SL:PERSON_REMINDED", "@ptr2", "SL:PERSON_REMINDED]", "[SL:TODO", "@ptr3", "@ptr4", "@ptr5", "@ptr6", "@ptr7", "@ptr8", "@ptr9", "@ptr10", "@ptr11", "@ptr12", "@ptr13", "@ptr14", "@ptr15", "@ptr16", "SL:TODO]", "IN:CREATE_REMINDER]"]}
{"loss": 0.9629597067832947, "class_log_probabilities": [-0.17500624060630798, -8.559162139892578, -8.66435718536377, -8.683905601501465], "predictions": [171, 172, 4, 4], "target_tokens": ["[IN:GET_AVAILABILITY", "IN:GET_AVAILABILITY]"], "predicted_tokens": ["[IN:GET_AVAILABILITY", "IN:GET_AVAILABILITY]"]}
{"loss": 4.1560893058776855, "class_log_probabilities": [-0.17080563306808472, -8.147695541381836, -8.625514030456543, -9.089302062988281], "predictions": [70, 73, 4, 4, 4], "target_tokens": ["[IN:GET_AVAILABILITY", "IN:GET_AVAILABILITY]"], "predicted_tokens": ["[IN:GET_CONTACT", "IN:GET_CONTACT]"]}
{"loss": 0.9664910435676575, "class_log_probabilities": [-0.16161809861660004, -8.476962089538574, -8.665454864501953, -8.769885063171387], "predictions": [75, 78, 4, 4, 4], "target_tokens": ["[IN:CREATE_CALL", "IN:CREATE_CALL]"], "predicted_tokens": ["[IN:CREATE_CALL", "IN:CREATE_CALL]"]}
{"loss": 1.0039268732070923, "class_log_probabilities": [-0.9812842011451721, -1.6387534141540527, -8.097489356994629, -8.158732414245605], "predictions": [75, 6, 70, 71, 399, 72, 73, 7, 78, 4, 4, 4, 4], "target_tokens": ["[IN:CREATE_CALL", "[SL:CONTACT", "[IN:GET_CONTACT", "[SL:TYPE_RELATION", "@ptr4", "SL:TYPE_RELATION]", "IN:GET_CONTACT]", "SL:CONTACT]", "IN:CREATE_CALL]"], "predicted_tokens": ["[IN:CREATE_CALL", "[SL:CONTACT", "[IN:GET_CONTACT", "[SL:TYPE_RELATION", "@ptr4", "SL:TYPE_RELATION]", "IN:GET_CONTACT]", "SL:CONTACT]", "IN:CREATE_CALL]"]}
{"loss": 0.9632115960121155, "class_log_probabilities": [-0.32559823989868164, -8.804740905761719, -8.806339263916016, -8.811725616455078], "predictions": [75, 6, 397, 7, 78, 4, 4, 4], "target_tokens": ["[IN:CREATE_CALL", "[SL:CONTACT", "@ptr2", "SL:CONTACT]", "IN:CREATE_CALL]"], "predicted_tokens": ["[IN:CREATE_CALL", "[SL:CONTACT", "@ptr2", "SL:CONTACT]", "IN:CREATE_CALL]"]}
{"loss": 0.9709616303443909, "class_log_probabilities": [-0.3192407786846161, -7.55319356918335, -7.602643013000488, -7.905858039855957], "predictions": [107, 108, 396, 109, 110, 4], "target_tokens": ["[IN:UPDATE_CALL", "[SL:CONTACT_ADDED", "@ptr1", "SL:CONTACT_ADDED]", "IN:UPDATE_CALL]"], "predicted_tokens": ["[IN:UPDATE_CALL", "[SL:CONTACT_ADDED", "@ptr1", "SL:CONTACT_ADDED]", "IN:UPDATE_CALL]"]}
{"loss": 3.2053468227386475, "class_log_probabilities": [-0.6567713022232056, -7.239847183227539, -7.658034324645996, -7.865687847137451], "predictions": [171, 6, 70, 71, 395, 72, 93, 397, 94, 73, 7, 172, 4], "target_tokens": ["[IN:GET_AVAILABILITY", "[SL:CONTACT", "[IN:GET_CONTACT", "[SL:CONTACT_RELATED", "@ptr1", "@ptr2", "SL:CONTACT_RELATED]", "[SL:TYPE_RELATION", "@ptr0", "SL:TYPE_RELATION]", "IN:GET_CONTACT]", "SL:CONTACT]", "IN:GET_AVAILABILITY]"], "predicted_tokens": ["[IN:GET_AVAILABILITY", "[SL:CONTACT", "[IN:GET_CONTACT", "[SL:TYPE_RELATION", "@ptr0", "SL:TYPE_RELATION]", "[SL:CONTACT_RELATED", "@ptr2", "SL:CONTACT_RELATED]", "IN:GET_CONTACT]", "SL:CONTACT]", "IN:GET_AVAILABILITY]"]}
{"loss": 2.198601484298706, "class_log_probabilities": [-2.31082820892334, -2.629504919052124, -2.8993232250213623, -4.107325553894043], "predictions": [23, 10, 398, 399, 400, 401, 11, 24, 405, 406, 407, 408, 409, 410, 411, 412, 413, 25, 26, 4, 4], "target_tokens": ["[IN:SEND_MESSAGE", "[SL:RECIPIENT", "@ptr3", "@ptr4", "@ptr5", "SL:RECIPIENT]", "[SL:CONTENT_EXACT", "@ptr9", "@ptr10", "@ptr11", "@ptr12", "@ptr13", "@ptr14", "@ptr15", "SL:CONTENT_EXACT]", "IN:SEND_MESSAGE]"], "predicted_tokens": ["[IN:SEND_MESSAGE", "[SL:RECIPIENT", "@ptr3", "@ptr4", "@ptr5", "@ptr6", "SL:RECIPIENT]", "[SL:CONTENT_EXACT", "@ptr10", "@ptr11", "@ptr12", "@ptr13", "@ptr14", "@ptr15", "@ptr16", "@ptr17", "@ptr18", "SL:CONTENT_EXACT]", "IN:SEND_MESSAGE]"]}
{"loss": 1.4793357849121094, "class_log_probabilities": [-1.2646918296813965, -5.072789192199707, -5.25774621963501, -5.670373439788818], "predictions": [49, 34, 397, 35, 36, 75, 6, 70, 71, 400, 72, 73, 7, 78, 37, 16, 401, 402, 403, 404, 405, 17, 50, 4], "target_tokens": ["[IN:CREATE_REMINDER", "[SL:PERSON_REMINDED", "@ptr2", "SL:PERSON_REMINDED]", "[SL:TODO", "[IN:CREATE_CALL", "[SL:CONTACT", "[IN:GET_CONTACT", "[SL:TYPE_RELATION", "@ptr5", "SL:TYPE_RELATION]", "IN:GET_CONTACT]", "SL:CONTACT]", "IN:CREATE_CALL]", "SL:TODO]", "[SL:DATE_TIME", "@ptr7", "@ptr8", "@ptr9", "SL:DATE_TIME]", "IN:CREATE_REMINDER]"], "predicted_tokens": ["[IN:CREATE_REMINDER", "[SL:PERSON_REMINDED", "@ptr2", "SL:PERSON_REMINDED]", "[SL:TODO", "[IN:CREATE_CALL", "[SL:CONTACT", "[IN:GET_CONTACT", "[SL:TYPE_RELATION", "@ptr5", "SL:TYPE_RELATION]", "IN:GET_CONTACT]", "SL:CONTACT]", "IN:CREATE_CALL]", "SL:TODO]", "[SL:DATE_TIME", "@ptr6", "@ptr7", "@ptr8", "@ptr9", "@ptr10", "SL:DATE_TIME]", "IN:CREATE_REMINDER]"]}
{"loss": 3.2212929725646973, "class_log_probabilities": [-2.9470396041870117, -3.5267815589904785, -3.766730308532715, -4.172051429748535], "predictions": [33, 36, 400, 401, 402, 403, 404, 405, 406, 407, 408, 409, 17, 38, 4, 4, 4, 4, 4, 4], "target_tokens": ["[IN:DELETE_REMINDER", "[SL:TODO", "[IN:GET_TODO", "[SL:DATE_TIME", "@ptr11", "@ptr12", "SL:DATE_TIME]", "[SL:TODO", "@ptr7", "@ptr8", "@ptr9", "SL:TODO]", "IN:GET_TODO]", "SL:TODO]", "IN:DELETE_REMINDER]"], "predicted_tokens": ["[IN:DELETE_REMINDER", "[SL:TODO", "@ptr5", "@ptr6", "@ptr7", "@ptr8", "@ptr9", "@ptr10", "@ptr11", "@ptr12", "@ptr13", "@ptr14", "SL:DATE_TIME]", "IN:DELETE_REMINDER]"]}
{"loss": 3.8672983646392822, "class_log_probabilities": [-0.4720556139945984, -6.13455867767334, -6.767047882080078, -7.312267303466797], "predictions": [33, 16, 403, 404, 405, 17, 38, 4], "target_tokens": ["[IN:DELETE_REMINDER", "[SL:AMOUNT", "@ptr4", "SL:AMOUNT]", "[SL:DATE_TIME", "@ptr7", "@ptr8", "@ptr9", "SL:DATE_TIME]", "IN:DELETE_REMINDER]"], "predicted_tokens": ["[IN:DELETE_REMINDER", "[SL:DATE_TIME", "@ptr8", "@ptr9", "@ptr10", "SL:DATE_TIME]", "IN:DELETE_REMINDER]"]}
{"loss": 3.1281683444976807, "class_log_probabilities": [-3.6023035049438477, -5.4928083419799805, -5.841160297393799, -5.862441539764404], "predictions": [163, 36, 396, 397, 398, 399, 400, 401, 402, 403, 404, 405, 406, 407, 408, 409, 410, 37, 16, 411, 412, 413, 17, 164, 4, 4], "target_tokens": ["[IN:UPDATE_REMINDER", "[SL:PERSON_REMINDED", "@ptr1", "@ptr2", "SL:PERSON_REMINDED]", "[SL:TODO", "@ptr10", "@ptr11", "SL:TODO]", "[SL:DATE_TIME", "@ptr16", "@ptr17", "SL:DATE_TIME]", "IN:UPDATE_REMINDER]"], "predicted_tokens": ["[IN:UPDATE_REMINDER_TODO", "[SL:TODO", "@ptr1", "@ptr2", "@ptr3", "@ptr4", "@ptr5", "@ptr6", "@ptr7", "@ptr8", "@ptr9", "@ptr10", "@ptr11", "@ptr12", "@ptr13", "@ptr14", "@ptr15", "SL:TODO]", "[SL:DATE_TIME", "@ptr16", "@ptr17", "@ptr18", "SL:DATE_TIME]", "IN:UPDATE_REMINDER_TODO]"]}
{"loss": 1.5428732633590698, "class_log_probabilities": [-1.469460129737854, -2.753952741622925, -5.006549835205078, -5.16066312789917], "predictions": [47, 34, 395, 35, 16, 401, 402, 403, 404, 405, 406, 17, 48, 4], "target_tokens": ["[IN:GET_REMINDER", "[SL:PERSON_REMINDED", "@ptr0", "SL:PERSON_REMINDED]", "[SL:DATE_TIME", "@ptr6", "@ptr7", "@ptr8", "@ptr9", "@ptr10", "SL:DATE_TIME]", "IN:GET_REMINDER]"], "predicted_tokens": ["[IN:GET_REMINDER", "[SL:PERSON_REMINDED", "@ptr0", "SL:PERSON_REMINDED]", "[SL:DATE_TIME", "@ptr6", "@ptr7", "@ptr8", "@ptr9", "@ptr10", "@ptr11", "SL:DATE_TIME]", "IN:GET_REMINDER]"]}
{"loss": 2.6136553287506104, "class_log_probabilities": [-2.16060209274292, -3.1660192012786865, -4.538272380828857, -5.869868278503418], "predictions": [111, 34, 403, 35, 16, 404, 405, 406, 407, 408, 17, 112, 4, 4, 4, 4], "target_tokens": ["[IN:UPDATE_REMINDER_DATE_TIME", "[SL:PERSON_REMINDED", "@ptr6", "@ptr7", "SL:PERSON_REMINDED]", "[SL:DATE_TIME", "@ptr8", "@ptr9", "@ptr10", "@ptr11", "@ptr12", "@ptr13", "SL:DATE_TIME]", "IN:UPDATE_REMINDER_DATE_TIME]"], "predicted_tokens": ["[IN:UPDATE_REMINDER_DATE_TIME", "[SL:PERSON_REMINDED", "@ptr8", "SL:PERSON_REMINDED]", "[SL:DATE_TIME", "@ptr9", "@ptr10", "@ptr11", "@ptr12", "@ptr13", "SL:DATE_TIME]", "IN:UPDATE_REMINDER_DATE_TIME]"]}
{"loss": 1.841094970703125, "class_log_probabilities": [-1.5968159437179565, -3.9506664276123047, -4.0587263107299805, -4.491720676422119], "predictions": [47, 34, 70, 71, 407, 72, 73, 35, 48, 4], "target_tokens": ["[IN:GET_REMINDER", "[SL:TODO", "[IN:GET_TODO", "[SL:ATTENDEE", "[IN:GET_CONTACT", "[SL:TYPE_RELATION", "@ptr11", "SL:TYPE_RELATION]", "IN:GET_CONTACT]", "SL:ATTENDEE]", "IN:GET_TODO]", "SL:TODO]", "IN:GET_REMINDER]"], "predicted_tokens": ["[IN:GET_REMINDER", "[SL:PERSON_REMINDED", "[IN:GET_CONTACT", "[SL:TYPE_RELATION", "@ptr12", "SL:TYPE_RELATION]", "IN:GET_CONTACT]", "SL:PERSON_REMINDED]", "IN:GET_REMINDER]"]}
{"loss": 2.19862699508667, "class_log_probabilities": [-4.989282608032227, -28.283126831054688, -29.609548568725586, -29.808979034423828], "predictions": [49, 34, 396, 35, 16, 397, 398, 399, 400, 17, 36, 143, 16, 405, 406, 407, 408, 409, 410, 17, 144, 37, 50, 4, 4, 4, 4, 4, 4, 4, 4, 4, 4, 4, 4, 4, 4, 4, 4, 4, 4, 4, 4, 4, 4, 4, 4, 4, 4, 4, 4, 4, 4, 4, 4, 4, 4, 4, 4, 4, 4, 4, 4, 4, 4, 4, 4, 4, 4, 4, 4, 4, 4, 4, 4, 4, 4, 4, 4, 4, 4, 4, 4, 4, 4, 4, 4, 4, 4, 4, 4, 4, 4, 4, 4, 4, 4, 4, 4, 4], "target_tokens": ["[IN:CREATE_REMINDER", "[SL:PERSON_REMINDED", "@ptr1", "SL:PERSON_REMINDED]", "[SL:DATE_TIME", "@ptr2", "@ptr3", "@ptr4", "@ptr5", "SL:DATE_TIME]", "[SL:DATE_TIME", "@ptr7", "@ptr8", "@ptr9", "@ptr10", "@ptr11", "@ptr12", "@ptr13", "SL:DATE_TIME]", "[SL:TODO", "@ptr15", "@ptr16", "@ptr17", "@ptr18", "@ptr19", "@ptr20", "@ptr21", "@ptr22", "@ptr23", "SL:TODO]", "IN:CREATE_REMINDER]"], "predicted_tokens": ["[IN:CREATE_REMINDER", "[SL:PERSON_REMINDED", "@ptr1", "SL:PERSON_REMINDED]", "[SL:DATE_TIME", "@ptr2", "@ptr3", "@ptr4", "@ptr5", "SL:DATE_TIME]", "[SL:TODO", "[IN:GET_TODO", "[SL:DATE_TIME", "@ptr10", "@ptr11", "@ptr12", "@ptr13", "@ptr14", "@ptr15", "SL:DATE_TIME]", "IN:GET_TODO]", "SL:TODO]", "IN:CREATE_REMINDER]"]}
{"loss": 1.6572210788726807, "class_log_probabilities": [-4.231682300567627, -4.265418529510498, -4.301047325134277, -4.351923942565918], "predictions": [49, 34, 397, 398, 399, 35, 36, 402, 403, 404, 405, 406, 407, 408, 37, 16, 409, 410, 411, 412, 413, 414, 415, 416, 417, 17, 50, 4, 4], "target_tokens": ["[IN:CREATE_REMINDER", "[SL:PERSON_REMINDED", "@ptr2", "@ptr3", "@ptr4", "SL:PERSON_REMINDED]", "[SL:TODO", "@ptr6", "@ptr7", "@ptr8", "@ptr9", "@ptr10", "@ptr11", "SL:TODO]", "[SL:DATE_TIME", "@ptr12", "@ptr13", "@ptr14", "@ptr15", "@ptr16", "@ptr17", "@ptr18", "@ptr19", "@ptr20", "@ptr21", "@ptr22", "SL:DATE_TIME]", "IN:CREATE_REMINDER]"], "predicted_tokens": ["[IN:CREATE_REMINDER", "[SL:PERSON_REMINDED", "@ptr2", "@ptr3", "@ptr4", "SL:PERSON_REMINDED]", "[SL:TODO", "@ptr7", "@ptr8", "@ptr9", "@ptr10", "@ptr11", "@ptr12", "@ptr13", "SL:TODO]", "[SL:DATE_TIME", "@ptr14", "@ptr15", "@ptr16", "@ptr17", "@ptr18", "@ptr19", "@ptr20", "@ptr21", "@ptr22", "SL:DATE_TIME]", "IN:CREATE_REMINDER]"]}
{"loss": 1.556687831878662, "class_log_probabilities": [-2.224273920059204, -2.6146299839019775, -3.2045228481292725, -3.421916961669922], "predictions": [49, 34, 397, 35, 36, 398, 399, 400, 401, 402, 403, 404, 405, 406, 407, 408, 409, 410, 37, 16, 412, 17, 50, 4, 4], "target_tokens": ["[IN:CREATE_REMINDER", "[SL:PERSON_REMINDED", "@ptr2", "SL:PERSON_REMINDED]", "[SL:TODO", "@ptr3", "@ptr4", "@ptr5", "@ptr6", "@ptr7", "@ptr8", "@ptr9", "@ptr10", "@ptr11", "@ptr12", "@ptr13", "@ptr14", "SL:TODO]", "[SL:DATE_TIME", "@ptr15", "@ptr16", "SL:DATE_TIME]", "IN:CREATE_REMINDER]"], "predicted_tokens": ["[IN:CREATE_REMINDER", "[SL:PERSON_REMINDED", "@ptr2", "SL:PERSON_REMINDED]", "[SL:TODO", "@ptr3", "@ptr4", "@ptr5", "@ptr6", "@ptr7", "@ptr8", "@ptr9", "@ptr10", "@ptr11", "@ptr12", "@ptr13", "@ptr14", "@ptr15", "SL:TODO]", "[SL:DATE_TIME", "@ptr17", "SL:DATE_TIME]", "IN:CREATE_REMINDER]"]}
{"loss": 1.7147300243377686, "class_log_probabilities": [-3.426379680633545, -4.372025489807129, -5.182627201080322, -5.938751697540283], "predictions": [49, 36, 402, 403, 404, 405, 37, 34, 408, 35, 50, 4, 4, 4, 4, 4, 4, 4, 4, 4, 4], "target_tokens": ["[IN:CREATE_REMINDER", "[SL:PERSON_REMINDED", "@ptr0", "SL:PERSON_REMINDED]", "[SL:TODO", "@ptr6", "@ptr7", "@ptr8", "@ptr9", "@ptr10", "@ptr11", "@ptr12", "@ptr13", "@ptr14", "@ptr15", "@ptr16", "@ptr17", "@ptr18", "@ptr19", "SL:TODO]", "IN:CREATE_REMINDER]"], "predicted_tokens": ["[IN:CREATE_REMINDER", "[SL:TODO", "@ptr7", "@ptr8", "@ptr9", "@ptr10", "SL:TODO]", "[SL:PERSON_REMINDED", "@ptr13", "SL:PERSON_REMINDED]", "IN:CREATE_REMINDER]"]}
{"loss": 1.9346717596054077, "class_log_probabilities": [-66.61687469482422, -66.91654968261719, -66.93284606933594, -67.21804809570312], "predictions": [49, 34, 396, 35, 36, 23, 271, 399, 272, 10, 401, 11, 24, 403, 404, 405, 406, 407, 408, 409, 410, 411, 412, 413, 414, 25, 26, 37, 16, 415, 417, 418, 418, 418, 418, 418, 418, 418, 418, 418, 418, 418, 418, 418, 418, 418, 418, 418, 418, 418, 418, 418, 418, 418, 418, 418, 418, 418, 418, 418, 418, 418, 418, 418, 418, 418, 418, 418, 418, 418, 418, 418, 418, 418, 418, 418, 418, 418, 418, 418, 418, 418, 418, 418, 418, 418, 418, 418, 418, 418, 418, 418, 418, 418, 418, 418, 418, 418, 418, 418], "target_tokens": ["[IN:CREATE_REMINDER", "[SL:PERSON_REMINDED", "@ptr1", "SL:PERSON_REMINDED]", "[SL:TODO", "[IN:SEND_MESSAGE", "[SL:METHOD_MESSAGE", "@ptr3", "@ptr4", "SL:METHOD_MESSAGE]", "[SL:RECIPIENT", "@ptr6", "SL:RECIPIENT]", "[SL:CONTENT_EXACT", "@ptr9", "@ptr10", "@ptr11", "@ptr12", "@ptr13", "@ptr14", "@ptr15", "@ptr16", "@ptr17", "SL:CONTENT_EXACT]", "IN:SEND_MESSAGE]", "SL:TODO]", "[SL:DATE_TIME", "@ptr19", "@ptr20", "@ptr21", "@ptr22", "@ptr23", "@ptr24", "@ptr25", "SL:DATE_TIME]", "IN:CREATE_REMINDER]"], "predicted_tokens": ["[IN:CREATE_REMINDER", "[SL:PERSON_REMINDED", "@ptr1", "SL:PERSON_REMINDED]", "[SL:TODO", "[IN:SEND_MESSAGE", "[SL:METHOD_MESSAGE", "@ptr4", "SL:METHOD_MESSAGE]", "[SL:RECIPIENT", "@ptr6", "SL:RECIPIENT]", "[SL:CONTENT_EXACT", "@ptr8", "@ptr9", "@ptr10", "@ptr11", "@ptr12", "@ptr13", "@ptr14", "@ptr15", "@ptr16", "@ptr17", "@ptr18", "@ptr19", "SL:CONTENT_EXACT]", "IN:SEND_MESSAGE]", "SL:TODO]", "[SL:DATE_TIME", "@ptr20", "@ptr22", "@ptr23", "@ptr23", "@ptr23", "@ptr23", "@ptr23", "@ptr23", "@ptr23", "@ptr23", "@ptr23", "@ptr23", "@ptr23", "@ptr23", "@ptr23", "@ptr23", "@ptr23", "@ptr23", "@ptr23", "@ptr23", "@ptr23", "@ptr23", "@ptr23", "@ptr23", "@ptr23", "@ptr23", "@ptr23", "@ptr23", "@ptr23", "@ptr23", "@ptr23", "@ptr23", "@ptr23", "@ptr23", "@ptr23", "@ptr23", "@ptr23", "@ptr23", "@ptr23", "@ptr23", "@ptr23", "@ptr23", "@ptr23", "@ptr23", "@ptr23", "@ptr23", "@ptr23", "@ptr23", "@ptr23", "@ptr23", "@ptr23", "@ptr23", "@ptr23", "@ptr23", "@ptr23", "@ptr23", "@ptr23", "@ptr23", "@ptr23", "@ptr23", "@ptr23", "@ptr23", "@ptr23", "@ptr23", "@ptr23", "@ptr23", "@ptr23", "@ptr23", "@ptr23", "@ptr23", "@ptr23"]}
{"loss": 1.032349944114685, "class_log_probabilities": [-1.483095407485962, -2.1133337020874023, -7.985572338104248, -8.23969841003418], "predictions": [49, 34, 396, 35, 36, 398, 399, 400, 37, 16, 401, 402, 403, 17, 50, 4], "target_tokens": ["[IN:CREATE_REMINDER", "[SL:PERSON_REMINDED", "@ptr1", "SL:PERSON_REMINDED]", "[SL:TODO", "@ptr3", "@ptr4", "@ptr5", "SL:TODO]", "[SL:DATE_TIME", "@ptr6", "@ptr7", "SL:DATE_TIME]", "IN:CREATE_REMINDER]"], "predicted_tokens": ["[IN:CREATE_REMINDER", "[SL:PERSON_REMINDED", "@ptr1", "SL:PERSON_REMINDED]", "[SL:TODO", "@ptr3", "@ptr4", "@ptr5", "SL:TODO]", "[SL:DATE_TIME", "@ptr6", "@ptr7", "@ptr8", "SL:DATE_TIME]", "IN:CREATE_REMINDER]"]}
{"loss": 0.9679310917854309, "class_log_probabilities": [-0.379603773355484, -6.807053565979004, -7.707582950592041, -7.834744453430176], "predictions": [107, 108, 396, 397, 109, 110, 4], "target_tokens": ["[IN:UPDATE_CALL", "[SL:CONTACT_ADDED", "@ptr1", "@ptr2", "SL:CONTACT_ADDED]", "IN:UPDATE_CALL]"], "predicted_tokens": ["[IN:UPDATE_CALL", "[SL:CONTACT_ADDED", "@ptr1", "@ptr2", "SL:CONTACT_ADDED]", "IN:UPDATE_CALL]"]}
{"loss": 3.329179048538208, "class_log_probabilities": [-0.8420535922050476, -3.7493157386779785, -5.493916034698486, -5.616497993469238], "predictions": [75, 6, 70, 71, 397, 72, 93, 401, 94, 73, 7, 78, 4, 4], "target_tokens": ["[IN:CREATE_CALL", "[SL:CONTACT", "[IN:GET_CONTACT", "[SL:CONTACT_RELATED", "@ptr4", "@ptr5", "SL:CONTACT_RELATED]", "[SL:TYPE_RELATION", "@ptr2", "SL:TYPE_RELATION]", "IN:GET_CONTACT]", "SL:CONTACT]", "IN:CREATE_CALL]"], "predicted_tokens": ["[IN:CREATE_CALL", "[SL:CONTACT", "[IN:GET_CONTACT", "[SL:TYPE_RELATION", "@ptr2", "SL:TYPE_RELATION]", "[SL:CONTACT_RELATED", "@ptr6", "SL:CONTACT_RELATED]", "IN:GET_CONTACT]", "SL:CONTACT]", "IN:CREATE_CALL]"]}
{"loss": 0.9724056124687195, "class_log_probabilities": [-0.15680965781211853, -8.623645782470703, -8.679729461669922, -8.774630546569824], "predictions": [81, 82, 4, 4, 4], "target_tokens": ["[IN:END_CALL", "IN:END_CALL]"], "predicted_tokens": ["[IN:END_CALL", "IN:END_CALL]"]}
{"loss": 2.018716335296631, "class_log_probabilities": [-1.7524949312210083, -3.8451035022735596, -5.101677417755127, -7.469206809997559], "predictions": [61, 83, 395, 396, 84, 14, 398, 399, 400, 401, 402, 403, 17, 62, 4, 4, 4, 4, 4], "target_tokens": ["[IN:GET_EVENT", "[SL:CATEGORY_EVENT", "@ptr0", "@ptr1", "SL:CATEGORY_EVENT]", "[SL:LOCATION", "@ptr3", "@ptr4", "@ptr5", "@ptr6", "SL:LOCATION]", "[SL:DATE_TIME", "@ptr7", "SL:DATE_TIME]", "IN:GET_EVENT]"], "predicted_tokens": ["[IN:GET_EVENT", "[SL:CATEGORY_EVENT", "@ptr0", "@ptr1", "SL:CATEGORY_EVENT]", "[SL:LOCATION", "@ptr3", "@ptr4", "@ptr5", "@ptr6", "@ptr7", "@ptr8", "SL:DATE_TIME]", "IN:GET_EVENT]"]}
{"loss": 3.800665855407715, "class_log_probabilities": [-0.6840229034423828, -4.098062038421631, -5.481992721557617, -6.514613628387451], "predictions": [61, 14, 401, 402, 15, 16, 404, 405, 406, 407, 17, 62, 4, 4], "target_tokens": ["[IN:GET_EVENT", "[SL:LOCATION", "@ptr5", "@ptr6", "SL:LOCATION]", "[SL:DATE_TIME", "@ptr7", "@ptr8", "@ptr9", "@ptr10", "SL:DATE_TIME]", "IN:GET_EVENT]"], "predicted_tokens": ["[IN:GET_EVENT", "[SL:LOCATION", "@ptr6", "@ptr7", "SL:LOCATION]", "[SL:DATE_TIME", "@ptr9", "@ptr10", "@ptr11", "@ptr12", "SL:DATE_TIME]", "IN:GET_EVENT]"]}
{"loss": 0.9659344553947449, "class_log_probabilities": [-0.5199266672134399, -5.299610137939453, -5.837745189666748, -6.531552314758301], "predictions": [61, 16, 396, 397, 17, 62, 4, 4, 4, 4], "target_tokens": ["[IN:GET_EVENT", "[SL:DATE_TIME", "@ptr1", "@ptr2", "SL:DATE_TIME]", "IN:GET_EVENT]"], "predicted_tokens": ["[IN:GET_EVENT", "[SL:DATE_TIME", "@ptr1", "@ptr2", "SL:DATE_TIME]", "IN:GET_EVENT]"]}
{"loss": 1.6587871313095093, "class_log_probabilities": [-1.363669514656067, -2.6405065059661865, -4.418363571166992, -5.209879398345947], "predictions": [61, 83, 396, 397, 398, 84, 16, 400, 401, 17, 62, 4, 4], "target_tokens": ["[IN:GET_EVENT", "[SL:CATEGORY_EVENT", "@ptr1", "@ptr2", "@ptr3", "SL:CATEGORY_EVENT]", "[SL:DATE_TIME", "@ptr4", "@ptr5", "SL:DATE_TIME]", "IN:GET_EVENT]"], "predicted_tokens": ["[IN:GET_EVENT", "[SL:CATEGORY_EVENT", "@ptr1", "@ptr2", "@ptr3", "SL:CATEGORY_EVENT]", "[SL:DATE_TIME", "@ptr5", "@ptr6", "SL:DATE_TIME]", "IN:GET_EVENT]"]}
{"loss": 1.4652224779129028, "class_log_probabilities": [-0.932683527469635, -5.298966407775879, -5.751560211181641, -5.907473564147949], "predictions": [61, 83, 395, 396, 84, 14, 398, 15, 16, 400, 401, 402, 403, 17, 62, 4, 4], "target_tokens": ["[IN:GET_EVENT", "[SL:CATEGORY_EVENT", "@ptr0", "@ptr1", "SL:CATEGORY_EVENT]", "[SL:LOCATION", "@ptr3", "SL:LOCATION]", "[SL:DATE_TIME", "@ptr5", "@ptr6", "@ptr7", "SL:DATE_TIME]", "IN:GET_EVENT]"], "predicted_tokens": ["[IN:GET_EVENT", "[SL:CATEGORY_EVENT", "@ptr0", "@ptr1", "SL:CATEGORY_EVENT]", "[SL:LOCATION", "@ptr3", "SL:LOCATION]", "[SL:DATE_TIME", "@ptr5", "@ptr6", "@ptr7", "@ptr8", "SL:DATE_TIME]", "IN:GET_EVENT]"]}
{"loss": 1.075049638748169, "class_log_probabilities": [-1.2225085496902466, -1.4598554372787476, -6.674332618713379, -7.58329439163208], "predictions": [61, 16, 395, 17, 62, 4, 4, 4, 4, 4], "target_tokens": ["[IN:GET_EVENT", "[SL:DATE_TIME", "@ptr0", "@ptr1", "SL:DATE_TIME]", "IN:GET_EVENT]"], "predicted_tokens": ["[IN:GET_EVENT", "[SL:DATE_TIME", "@ptr0", "SL:DATE_TIME]", "IN:GET_EVENT]"]}
{"loss": 1.325852870941162, "class_log_probabilities": [-4.067265510559082, -9.1985502243042, -9.618001937866211, -9.763182640075684], "predictions": [105, 6, 395, 396, 397, 7, 106, 4, 4, 4, 4, 4, 4, 4], "target_tokens": ["[IN:GET_INFO_CONTACT", "[SL:CONTACT", "@ptr0", "@ptr1", "@ptr2", "SL:CONTACT]", "IN:GET_INFO_CONTACT]"], "predicted_tokens": ["[IN:GET_INFO_CONTACT", "[SL:CONTACT", "@ptr0", "@ptr1", "@ptr2", "SL:CONTACT]", "IN:GET_INFO_CONTACT]"]}
{"loss": 0.9726463556289673, "class_log_probabilities": [-0.36364126205444336, -7.9379472732543945, -8.201112747192383, -8.276984214782715], "predictions": [211, 6, 399, 400, 7, 212, 4], "target_tokens": ["[IN:GET_LOCATION", "[SL:CONTACT", "@ptr4", "@ptr5", "SL:CONTACT]", "IN:GET_LOCATION]"], "predicted_tokens": ["[IN:GET_LOCATION", "[SL:CONTACT", "@ptr4", "@ptr5", "SL:CONTACT]", "IN:GET_LOCATION]"]}
{"loss": 2.7836804389953613, "class_log_probabilities": [-0.49373728036880493, -6.913838863372803, -7.4110541343688965, -7.677390098571777], "predictions": [70, 138, 402, 403, 404, 405, 406, 139, 73, 4, 4, 4, 4, 4, 4], "target_tokens": ["[IN:GET_CONTACT", "[SL:EMPLOYER", "@ptr6", "@ptr7", "@ptr8", "@ptr9", "@ptr10", "SL:EMPLOYER]", "IN:GET_CONTACT]"], "predicted_tokens": ["[IN:GET_CONTACT", "[SL:EMPLOYER", "@ptr7", "@ptr8", "@ptr9", "@ptr10", "@ptr11", "SL:EMPLOYER]", "IN:GET_CONTACT]"]}
{"loss": 3.7647392749786377, "class_log_probabilities": [-0.7519006729125977, -3.8115193843841553, -5.049656867980957, -5.21867561340332], "predictions": [70, 71, 395, 72, 93, 397, 94, 257, 404, 405, 406, 407, 408, 258, 73, 4], "target_tokens": ["[IN:GET_CONTACT", "[SL:CONTACT_RELATED", "@ptr1", "@ptr2", "SL:CONTACT_RELATED]", "[SL:TYPE_RELATION", "@ptr0", "SL:TYPE_RELATION]", "[SL:SCHOOL", "@ptr8", "@ptr9", "@ptr10", "@ptr11", "SL:SCHOOL]", "IN:GET_CONTACT]"], "predicted_tokens": ["[IN:GET_CONTACT", "[SL:TYPE_RELATION", "@ptr0", "SL:TYPE_RELATION]", "[SL:CONTACT_RELATED", "@ptr2", "SL:CONTACT_RELATED]", "[SL:SCHOOL", "@ptr9", "@ptr10", "@ptr11", "@ptr12", "@ptr13", "SL:SCHOOL]", "IN:GET_CONTACT]"]}
{"loss": 1.8652174472808838, "class_log_probabilities": [-0.48578011989593506, -6.624269485473633, -7.840882301330566, -7.933391571044922], "predictions": [70, 93, 395, 94, 14, 403, 15, 73, 4, 4, 4, 4], "target_tokens": ["[IN:GET_CONTACT", "[SL:CONTACT_RELATED", "@ptr0", "SL:CONTACT_RELATED]", "[SL:LOCATION", "@ptr7", "SL:LOCATION]", "IN:GET_CONTACT]"], "predicted_tokens": ["[IN:GET_CONTACT", "[SL:CONTACT_RELATED", "@ptr0", "SL:CONTACT_RELATED]", "[SL:LOCATION", "@ptr8", "SL:LOCATION]", "IN:GET_CONTACT]"]}
{"loss": 3.9144396781921387, "class_log_probabilities": [-0.4347008466720581, -7.730018138885498, -8.022233009338379, -8.1904935836792], "predictions": [51, 52, 398, 399, 400, 53, 54, 4, 4], "target_tokens": ["[IN:GET_RECIPES", "[SL:RECIPES_TYPE", "@ptr5", "SL:RECIPES_TYPE]", "[SL:RECIPES_DISH", "@ptr3", "@ptr4", "SL:RECIPES_DISH]", "IN:GET_RECIPES]"], "predicted_tokens": ["[IN:GET_RECIPES", "[SL:RECIPES_DISH", "@ptr3", "@ptr4", "@ptr5", "SL:RECIPES_DISH]", "IN:GET_RECIPES]"]}
{"loss": 1.103358507156372, "class_log_probabilities": [-1.1314831972122192, -2.3174214363098145, -6.032693862915039, -6.556070327758789], "predictions": [39, 40, 396, 41, 56, 399, 400, 401, 57, 42, 4], "target_tokens": ["[IN:GET_STORIES_NEWS", "[SL:NEWS_TYPE", "@ptr1", "SL:NEWS_TYPE]", "[SL:NEWS_TOPIC", "@ptr4", "@ptr5", "SL:NEWS_TOPIC]", "IN:GET_STORIES_NEWS]"], "predicted_tokens": ["[IN:GET_STORIES_NEWS", "[SL:NEWS_TYPE", "@ptr1", "SL:NEWS_TYPE]", "[SL:NEWS_TOPIC", "@ptr4", "@ptr5", "@ptr6", "SL:NEWS_TOPIC]", "IN:GET_STORIES_NEWS]"]}
{"loss": 2.7761759757995605, "class_log_probabilities": [-0.9227088689804077, -2.19850492477417, -4.976767063140869, -5.759240627288818], "predictions": [255, 256, 4, 4, 4, 4], "target_tokens": ["[IN:PAUSE_TIMER", "[SL:METHOD_TIMER", "@ptr1", "@ptr2", "SL:METHOD_TIMER]", "IN:PAUSE_TIMER]"], "predicted_tokens": ["[IN:PAUSE_TIMER", "IN:PAUSE_TIMER]"]}
{"loss": 2.834369421005249, "class_log_probabilities": [-2.132221221923828, -4.65932559967041, -4.698245525360107, -6.169928550720215], "predictions": [45, 141, 397, 398, 399, 400, 142, 16, 402, 403, 404, 17, 46, 4], "target_tokens": ["[IN:CREATE_ALARM", "[SL:PERIOD", "@ptr2", "@ptr3", "@ptr4", "SL:PERIOD]", "[SL:DATE_TIME", "@ptr5", "@ptr6", "@ptr7", "@ptr8", "SL:DATE_TIME]", "IN:CREATE_ALARM]"], "predicted_tokens": ["[IN:CREATE_ALARM", "[SL:PERIOD", "@ptr2", "@ptr3", "@ptr4", "@ptr5", "SL:PERIOD]", "[SL:DATE_TIME", "@ptr7", "@ptr8", "@ptr9", "SL:DATE_TIME]", "IN:CREATE_ALARM]"]}
{"loss": 5.033295631408691, "class_log_probabilities": [-1.1534136533737183, -4.162458896636963, -5.23407506942749, -5.509101867675781], "predictions": [27, 113, 397, 398, 399, 114, 52, 401, 402, 403, 53, 30, 4, 4], "target_tokens": ["[IN:GET_RECIPES", "[SL:RECIPES_RATING", "@ptr8", "@ptr9", "SL:RECIPES_RATING]", "[SL:RECIPES_DISH", "@ptr2", "@ptr3", "@ptr4", "@ptr5", "@ptr6", "@ptr7", "SL:RECIPES_DISH]", "IN:GET_RECIPES]"], "predicted_tokens": ["[IN:GET_INFO_RECIPES", "[SL:RECIPES_COOKING_METHOD", "@ptr2", "@ptr3", "@ptr4", "SL:RECIPES_COOKING_METHOD]", "[SL:RECIPES_DISH", "@ptr6", "@ptr7", "@ptr8", "SL:RECIPES_DISH]", "IN:GET_INFO_RECIPES]"]}
{"loss": 2.713412284851074, "class_log_probabilities": [-0.631912112236023, -4.617382049560547, -5.194703578948975, -5.400611400604248], "predictions": [27, 52, 397, 53, 30, 4], "target_tokens": ["[IN:GET_INFO_RECIPES", "[SL:RECIPES_COOKING_METHOD", "@ptr1", "SL:RECIPES_COOKING_METHOD]", "[SL:RECIPES_INCLUDED_INGREDIENT", "@ptr2", "SL:RECIPES_INCLUDED_INGREDIENT]", "IN:GET_INFO_RECIPES]"], "predicted_tokens": ["[IN:GET_INFO_RECIPES", "[SL:RECIPES_DISH", "@ptr2", "SL:RECIPES_DISH]", "IN:GET_INFO_RECIPES]"]}
{"loss": 2.387247085571289, "class_log_probabilities": [-1.1821202039718628, -3.701673746109009, -4.115578651428223, -5.069908142089844], "predictions": [27, 52, 398, 399, 400, 53, 52, 402, 403, 404, 53, 30, 4, 4], "target_tokens": ["[IN:GET_INFO_RECIPES", "[SL:RECIPES_ATTRIBUTE", "@ptr0", "@ptr1", "SL:RECIPES_ATTRIBUTE]", "[SL:RECIPES_DISH", "@ptr3", "@ptr4", "@ptr5", "SL:RECIPES_DISH]", "IN:GET_INFO_RECIPES]"], "predicted_tokens": ["[IN:GET_INFO_RECIPES", "[SL:RECIPES_DISH", "@ptr3", "@ptr4", "@ptr5", "SL:RECIPES_DISH]", "[SL:RECIPES_DISH", "@ptr7", "@ptr8", "@ptr9", "SL:RECIPES_DISH]", "IN:GET_INFO_RECIPES]"]}
{"loss": 2.1347100734710693, "class_log_probabilities": [-3.197329044342041, -3.7117109298706055, -4.472752571105957, -4.875453472137451], "predictions": [27, 28, 396, 29, 52, 403, 53, 30, 4], "target_tokens": ["[IN:GET_INFO_RECIPES", "[SL:RECIPES_ATTRIBUTE", "@ptr0", "SL:RECIPES_ATTRIBUTE]", "[SL:RECIPES_DISH", "@ptr7", "SL:RECIPES_DISH]", "IN:GET_INFO_RECIPES]"], "predicted_tokens": ["[IN:GET_INFO_RECIPES", "[SL:RECIPES_ATTRIBUTE", "@ptr1", "SL:RECIPES_ATTRIBUTE]", "[SL:RECIPES_DISH", "@ptr8", "SL:RECIPES_DISH]", "IN:GET_INFO_RECIPES]"]}
{"loss": 2.230788469314575, "class_log_probabilities": [-0.2973279058933258, -8.086830139160156, -8.396626472473145, -8.541255950927734], "predictions": [63, 64, 397, 65, 68, 4], "target_tokens": ["[IN:PLAY_MUSIC", "[SL:MUSIC_TYPE", "@ptr1", "SL:MUSIC_TYPE]", "IN:PLAY_MUSIC]"], "predicted_tokens": ["[IN:PLAY_MUSIC", "[SL:MUSIC_TYPE", "@ptr2", "SL:MUSIC_TYPE]", "IN:PLAY_MUSIC]"]}
{"loss": 2.1563992500305176, "class_log_probabilities": [-1.518117904663086, -1.9580217599868774, -2.988558769226074, -4.950184345245361], "predictions": [221, 14, 397, 15, 16, 401, 402, 403, 404, 17, 222, 4], "target_tokens": ["[IN:GET_SUNSET", "[SL:LOCATION", "@ptr2", "SL:LOCATION]", "IN:GET_SUNSET]"], "predicted_tokens": ["[IN:GET_SUNSET", "[SL:LOCATION", "@ptr2", "SL:LOCATION]", "[SL:DATE_TIME", "@ptr6", "@ptr7", "@ptr8", "@ptr9", "SL:DATE_TIME]", "IN:GET_SUNSET]"]}
{"loss": 3.3489582538604736, "class_log_probabilities": [-0.5724996328353882, -6.770401954650879, -7.157317161560059, -7.475947380065918], "predictions": [63, 64, 398, 65, 66, 399, 400, 401, 67, 68, 4, 4], "target_tokens": ["[IN:PLAY_MUSIC", "[SL:MUSIC_GENRE", "@ptr4", "@ptr5", "SL:MUSIC_GENRE]", "IN:PLAY_MUSIC]"], "predicted_tokens": ["[IN:PLAY_MUSIC", "[SL:MUSIC_TYPE", "@ptr3", "SL:MUSIC_TYPE]", "[SL:MUSIC_ARTIST_NAME", "@ptr4", "@ptr5", "@ptr6", "SL:MUSIC_ARTIST_NAME]", "IN:PLAY_MUSIC]"]}
{"loss": 2.0952701568603516, "class_log_probabilities": [-1.5257622003555298, -3.31744647026062, -4.411136627197266, -6.252048492431641], "predictions": [89, 90, 396, 91, 167, 400, 401, 402, 403, 404, 405, 406, 407, 168, 92, 4, 4], "target_tokens": ["[IN:CREATE_TIMER", "[SL:METHOD_TIMER", "@ptr0", "@ptr1", "SL:METHOD_TIMER]", "[SL:TIMER_NAME", "@ptr5", "@ptr6", "@ptr7", "@ptr8", "@ptr9", "@ptr10", "@ptr11", "SL:TIMER_NAME]", "IN:CREATE_TIMER]"], "predicted_tokens": ["[IN:CREATE_TIMER", "[SL:METHOD_TIMER", "@ptr1", "SL:METHOD_TIMER]", "[SL:TIMER_NAME", "@ptr5", "@ptr6", "@ptr7", "@ptr8", "@ptr9", "@ptr10", "@ptr11", "@ptr12", "SL:TIMER_NAME]", "IN:CREATE_TIMER]"]}
{"loss": 3.2746388912200928, "class_log_probabilities": [-0.819844126701355, -4.898393154144287, -5.518503665924072, -5.840804576873779], "predictions": [115, 90, 404, 91, 116, 4], "target_tokens": ["[IN:GET_TIMER", "[SL:METHOD_TIMER", "@ptr5", "@ptr6", "@ptr7", "SL:METHOD_TIMER]", "IN:GET_TIMER]"], "predicted_tokens": ["[IN:GET_TIMER", "[SL:METHOD_TIMER", "@ptr9", "SL:METHOD_TIMER]", "IN:GET_TIMER]"]}
{"loss": 3.8431484699249268, "class_log_probabilities": [-0.7085936069488525, -4.050901412963867, -6.365780830383301, -6.988375663757324], "predictions": [89, 90, 398, 91, 16, 400, 401, 17, 92, 4, 4], "target_tokens": ["[IN:CREATE_TIMER", "[SL:METHOD_TIMER", "@ptr1", "@ptr2", "@ptr3", "SL:METHOD_TIMER]", "[SL:DATE_TIME", "@ptr4", "@ptr5", "SL:DATE_TIME]", "IN:CREATE_TIMER]"], "predicted_tokens": ["[IN:CREATE_TIMER", "[SL:METHOD_TIMER", "@ptr3", "SL:METHOD_TIMER]", "[SL:DATE_TIME", "@ptr5", "@ptr6", "SL:DATE_TIME]", "IN:CREATE_TIMER]"]}
{"loss": 3.218153715133667, "class_log_probabilities": [-1.3234877586364746, -3.5736818313598633, -3.673022985458374, -4.439263343811035], "predictions": [229, 64, 398, 65, 20, 400, 21, 230, 4], "target_tokens": ["[IN:PREVIOUS_TRACK_MUSIC", "[SL:ORDINAL", "@ptr4", "SL:ORDINAL]", "[SL:MUSIC_TYPE", "@ptr3", "SL:MUSIC_TYPE]", "IN:PREVIOUS_TRACK_MUSIC]"], "predicted_tokens": ["[IN:PREVIOUS_TRACK_MUSIC", "[SL:MUSIC_TYPE", "@ptr3", "SL:MUSIC_TYPE]", "[SL:ORDINAL", "@ptr5", "SL:ORDINAL]", "IN:PREVIOUS_TRACK_MUSIC]"]}
{"loss": 4.10605001449585, "class_log_probabilities": [-0.33550819754600525, -7.472017765045166, -8.028726577758789, -8.047722816467285], "predictions": [89, 90, 398, 91, 92, 4, 4], "target_tokens": ["[IN:CREATE_TIMER", "[SL:METHOD_TIMER", "@ptr1", "@ptr2", "@ptr3", "SL:METHOD_TIMER]", "[SL:TIMER_NAME", "@ptr5", "@ptr6", "SL:TIMER_NAME]", "IN:CREATE_TIMER]"], "predicted_tokens": ["[IN:CREATE_TIMER", "[SL:METHOD_TIMER", "@ptr3", "SL:METHOD_TIMER]", "IN:CREATE_TIMER]"]}
{"loss": 1.8391668796539307, "class_log_probabilities": [-0.5136805772781372, -7.846760272979736, -7.899328231811523, -8.102487564086914], "predictions": [13, 16, 399, 400, 401, 402, 17, 18, 4], "target_tokens": ["[IN:GET_WEATHER", "[SL:DATE_TIME", "@ptr4", "@ptr5", "@ptr6", "SL:DATE_TIME]", "IN:GET_WEATHER]"], "predicted_tokens": ["[IN:GET_WEATHER", "[SL:DATE_TIME", "@ptr4", "@ptr5", "@ptr6", "@ptr7", "SL:DATE_TIME]", "IN:GET_WEATHER]"]}
{"loss": 2.434786319732666, "class_log_probabilities": [-0.5536767244338989, -7.0312700271606445, -7.388788223266602, -8.231472969055176], "predictions": [89, 90, 397, 91, 16, 398, 399, 17, 92, 4, 4], "target_tokens": ["[IN:CREATE_TIMER", "[SL:METHOD_TIMER", "@ptr1", "@ptr2", "SL:METHOD_TIMER]", "[SL:DATE_TIME", "@ptr3", "@ptr4", "SL:DATE_TIME]", "IN:CREATE_TIMER]"], "predicted_tokens": ["[IN:CREATE_TIMER", "[SL:METHOD_TIMER", "@ptr2", "SL:METHOD_TIMER]", "[SL:DATE_TIME", "@ptr3", "@ptr4", "SL:DATE_TIME]", "IN:CREATE_TIMER]"]}
{"loss": 3.8465113639831543, "class_log_probabilities": [-0.9611530303955078, -1.4973640441894531, -4.721019268035889, -7.514774322509766], "predictions": [115, 116, 4, 4, 4, 4], "target_tokens": ["[IN:GET_TIMER", "[SL:METHOD_TIMER", "@ptr4", "@ptr5", "@ptr6", "SL:METHOD_TIMER]", "IN:GET_TIMER]"], "predicted_tokens": ["[IN:GET_TIMER", "IN:GET_TIMER]"]}
{"loss": 1.9067847728729248, "class_log_probabilities": [-0.8592539429664612, -3.1576294898986816, -7.710400581359863, -7.7929368019104], "predictions": [13, 16, 397, 398, 399, 400, 17, 14, 402, 15, 18, 4, 4], "target_tokens": ["[IN:GET_WEATHER", "[SL:DATE_TIME", "@ptr2", "@ptr3", "@ptr4", "SL:DATE_TIME]", "[SL:LOCATION", "@ptr6", "SL:LOCATION]", "IN:GET_WEATHER]"], "predicted_tokens": ["[IN:GET_WEATHER", "[SL:DATE_TIME", "@ptr2", "@ptr3", "@ptr4", "@ptr5", "SL:DATE_TIME]", "[SL:LOCATION", "@ptr7", "SL:LOCATION]", "IN:GET_WEATHER]"]}
{"loss": 1.4642817974090576, "class_log_probabilities": [-0.7733522653579712, -5.415030002593994, -6.008425712585449, -6.255153656005859], "predictions": [251, 64, 395, 65, 66, 399, 400, 401, 67, 252, 4], "target_tokens": ["[IN:QUESTION_MUSIC", "[SL:MUSIC_TYPE", "@ptr0", "SL:MUSIC_TYPE]", "[SL:MUSIC_ARTIST_NAME", "@ptr4", "@ptr5", "SL:MUSIC_ARTIST_NAME]", "IN:QUESTION_MUSIC]"], "predicted_tokens": ["[IN:QUESTION_MUSIC", "[SL:MUSIC_TYPE", "@ptr0", "SL:MUSIC_TYPE]", "[SL:MUSIC_ARTIST_NAME", "@ptr4", "@ptr5", "@ptr6", "SL:MUSIC_ARTIST_NAME]", "IN:QUESTION_MUSIC]"]}
{"loss": 3.664189577102661, "class_log_probabilities": [-0.5285733938217163, -6.233654975891113, -7.90466833114624, -7.952049255371094], "predictions": [63, 66, 396, 397, 398, 399, 400, 67, 68, 4], "target_tokens": ["[IN:PLAY_MUSIC", "[SL:MUSIC_TYPE", "@ptr1", "@ptr2", "@ptr3", "@ptr4", "SL:MUSIC_TYPE]", "[SL:MUSIC_PLAYLIST_TITLE", "@ptr5", "SL:MUSIC_PLAYLIST_TITLE]", "IN:PLAY_MUSIC]"], "predicted_tokens": ["[IN:PLAY_MUSIC", "[SL:MUSIC_ARTIST_NAME", "@ptr1", "@ptr2", "@ptr3", "@ptr4", "@ptr5", "SL:MUSIC_ARTIST_NAME]", "IN:PLAY_MUSIC]"]}
{"loss": 4.838443279266357, "class_log_probabilities": [-0.9037435054779053, -4.6567840576171875, -5.279266834259033, -5.769922733306885], "predictions": [63, 101, 398, 399, 400, 401, 102, 66, 403, 404, 67, 68, 4], "target_tokens": ["[IN:PLAY_MUSIC", "[SL:MUSIC_ARTIST_NAME", "@ptr7", "@ptr8", "SL:MUSIC_ARTIST_NAME]", "[SL:MUSIC_TYPE", "@ptr3", "SL:MUSIC_TYPE]", "IN:PLAY_MUSIC]"], "predicted_tokens": ["[IN:PLAY_MUSIC", "[SL:MUSIC_TRACK_TITLE", "@ptr3", "@ptr4", "@ptr5", "@ptr6", "SL:MUSIC_TRACK_TITLE]", "[SL:MUSIC_ARTIST_NAME", "@ptr8", "@ptr9", "SL:MUSIC_ARTIST_NAME]", "IN:PLAY_MUSIC]"]}
{"loss": 2.816133499145508, "class_log_probabilities": [-0.58445143699646, -3.7104361057281494, -4.365155220031738, -5.429650783538818], "predictions": [63, 64, 398, 65, 151, 400, 152, 68, 4, 4], "target_tokens": ["[IN:PLAY_MUSIC", "[SL:MUSIC_GENRE", "@ptr4", "SL:MUSIC_GENRE]", "IN:PLAY_MUSIC]"], "predicted_tokens": ["[IN:PLAY_MUSIC", "[SL:MUSIC_TYPE", "@ptr3", "SL:MUSIC_TYPE]", "[SL:MUSIC_GENRE", "@ptr5", "SL:MUSIC_GENRE]", "IN:PLAY_MUSIC]"]}
{"loss": 3.730238437652588, "class_log_probabilities": [-1.0270622968673706, -2.276566982269287, -4.791862487792969, -5.973071098327637], "predictions": [115, 116, 4], "target_tokens": ["[IN:GET_TIMER", "[SL:METHOD_TIMER", "@ptr2", "@ptr3", "@ptr4", "SL:METHOD_TIMER]", "IN:GET_TIMER]"], "predicted_tokens": ["[IN:GET_TIMER", "IN:GET_TIMER]"]}
{"loss": 1.972838044166565, "class_log_probabilities": [-0.684036910533905, -2.6095433235168457, -7.102704048156738, -7.304256439208984], "predictions": [45, 141, 399, 400, 401, 142, 46, 4, 4], "target_tokens": ["[IN:CREATE_ALARM", "[SL:PERIOD", "@ptr3", "@ptr4", "@ptr5", "SL:PERIOD]", "IN:CREATE_ALARM]"], "predicted_tokens": ["[IN:CREATE_ALARM", "[SL:PERIOD", "@ptr4", "@ptr5", "@ptr6", "SL:PERIOD]", "IN:CREATE_ALARM]"]}
{"loss": 2.6954150199890137, "class_log_probabilities": [-0.7507443428039551, -4.875102519989014, -5.721038818359375, -6.528481960296631], "predictions": [39, 40, 396, 41, 56, 397, 398, 57, 42, 4], "target_tokens": ["[IN:GET_STORIES_NEWS", "[SL:NEWS_CATEGORY", "@ptr2", "@ptr3", "SL:NEWS_CATEGORY]", "[SL:NEWS_TYPE", "@ptr1", "SL:NEWS_TYPE]", "IN:GET_STORIES_NEWS]"], "predicted_tokens": ["[IN:GET_STORIES_NEWS", "[SL:NEWS_TYPE", "@ptr1", "SL:NEWS_TYPE]", "[SL:NEWS_TOPIC", "@ptr2", "@ptr3", "SL:NEWS_TOPIC]", "IN:GET_STORIES_NEWS]"]}
{"loss": 2.3501503467559814, "class_log_probabilities": [-0.8050843477249146, -3.6905834674835205, -7.2922043800354, -7.314788818359375], "predictions": [13, 16, 395, 396, 17, 79, 402, 80, 18, 4], "target_tokens": ["[IN:GET_WEATHER", "[SL:DATE_TIME", "@ptr0", "@ptr1", "SL:DATE_TIME]", "[SL:WEATHER_ATTRIBUTE", "@ptr6", "@ptr7", "SL:WEATHER_ATTRIBUTE]", "IN:GET_WEATHER]"], "predicted_tokens": ["[IN:GET_WEATHER", "[SL:DATE_TIME", "@ptr0", "@ptr1", "SL:DATE_TIME]", "[SL:WEATHER_ATTRIBUTE", "@ptr7", "SL:WEATHER_ATTRIBUTE]", "IN:GET_WEATHER]"]}
{"loss": 1.5257834196090698, "class_log_probabilities": [-0.4598742425441742, -4.540311813354492, -5.7334208488464355, -8.374095916748047], "predictions": [13, 18, 4, 4, 4, 4], "target_tokens": ["[IN:GET_WEATHER", "[SL:WEATHER_ATTRIBUTE", "@ptr1", "SL:WEATHER_ATTRIBUTE]", "IN:GET_WEATHER]"], "predicted_tokens": ["[IN:GET_WEATHER", "IN:GET_WEATHER]"]}
{"loss": 3.5702245235443115, "class_log_probabilities": [-0.5260873436927795, -6.006320476531982, -8.227804183959961, -8.399168968200684], "predictions": [89, 90, 398, 91, 16, 400, 401, 17, 92, 4, 4], "target_tokens": ["[IN:CREATE_TIMER", "[SL:METHOD_TIMER", "@ptr1", "@ptr2", "@ptr3", "SL:METHOD_TIMER]", "[SL:DATE_TIME", "@ptr4", "@ptr5", "@ptr6", "SL:DATE_TIME]", "IN:CREATE_TIMER]"], "predicted_tokens": ["[IN:CREATE_TIMER", "[SL:METHOD_TIMER", "@ptr3", "SL:METHOD_TIMER]", "[SL:DATE_TIME", "@ptr5", "@ptr6", "SL:DATE_TIME]", "IN:CREATE_TIMER]"]}
{"loss": 1.0180227756500244, "class_log_probabilities": [-1.3320281505584717, -1.6858946084976196, -6.679271697998047, -8.699747085571289], "predictions": [63, 66, 398, 399, 400, 401, 402, 67, 68, 4, 4, 4, 4, 4, 4, 4, 4], "target_tokens": ["[IN:PLAY_MUSIC", "[SL:MUSIC_ARTIST_NAME", "@ptr3", "@ptr4", "@ptr5", "@ptr6", "@ptr7", "SL:MUSIC_ARTIST_NAME]", "IN:PLAY_MUSIC]"], "predicted_tokens": ["[IN:PLAY_MUSIC", "[SL:MUSIC_ARTIST_NAME", "@ptr3", "@ptr4", "@ptr5", "@ptr6", "@ptr7", "SL:MUSIC_ARTIST_NAME]", "IN:PLAY_MUSIC]"]}
{"loss": 2.66937518119812, "class_log_probabilities": [-0.3657877743244171, -7.089256286621094, -8.29964828491211, -8.670063018798828], "predictions": [63, 66, 399, 400, 67, 68, 4, 4, 4, 4], "target_tokens": ["[IN:PLAY_MUSIC", "[SL:MUSIC_TYPE", "@ptr2", "SL:MUSIC_TYPE]", "[SL:MUSIC_ARTIST_NAME", "@ptr4", "@ptr5", "SL:MUSIC_ARTIST_NAME]", "IN:PLAY_MUSIC]"], "predicted_tokens": ["[IN:PLAY_MUSIC", "[SL:MUSIC_ARTIST_NAME", "@ptr4", "@ptr5", "SL:MUSIC_ARTIST_NAME]", "IN:PLAY_MUSIC]"]}
{"loss": 0.9665576219558716, "class_log_probabilities": [-0.380001425743103, -6.163898944854736, -6.260164737701416, -9.025113105773926], "predictions": [13, 79, 395, 396, 80, 18, 4, 4, 4], "target_tokens": ["[IN:GET_WEATHER", "[SL:WEATHER_ATTRIBUTE", "@ptr0", "@ptr1", "SL:WEATHER_ATTRIBUTE]", "IN:GET_WEATHER]"], "predicted_tokens": ["[IN:GET_WEATHER", "[SL:WEATHER_ATTRIBUTE", "@ptr0", "@ptr1", "SL:WEATHER_ATTRIBUTE]", "IN:GET_WEATHER]"]}
{"loss": 1.5905736684799194, "class_log_probabilities": [-0.7044309377670288, -6.516825199127197, -8.665290832519531, -8.778640747070312], "predictions": [45, 16, 398, 399, 400, 401, 402, 403, 404, 405, 17, 46, 4, 4, 4, 4, 4, 4], "target_tokens": ["[IN:CREATE_ALARM", "[SL:DATE_TIME", "@ptr3", "@ptr4", "@ptr5", "@ptr6", "@ptr7", "@ptr8", "@ptr9", "SL:DATE_TIME]", "IN:CREATE_ALARM]"], "predicted_tokens": ["[IN:CREATE_ALARM", "[SL:DATE_TIME", "@ptr3", "@ptr4", "@ptr5", "@ptr6", "@ptr7", "@ptr8", "@ptr9", "@ptr10", "SL:DATE_TIME]", "IN:CREATE_ALARM]"]}
{"loss": 2.241332530975342, "class_log_probabilities": [-0.7799118161201477, -5.511557579040527, -6.501090049743652, -6.763103485107422], "predictions": [45, 16, 400, 401, 402, 403, 404, 405, 406, 407, 408, 17, 46, 4], "target_tokens": ["[IN:CREATE_ALARM", "[SL:DATE_TIME", "@ptr4", "@ptr5", "@ptr6", "@ptr7", "@ptr8", "@ptr9", "@ptr10", "@ptr11", "@ptr12", "SL:DATE_TIME]", "IN:CREATE_ALARM]"], "predicted_tokens": ["[IN:CREATE_ALARM", "[SL:DATE_TIME", "@ptr5", "@ptr6", "@ptr7", "@ptr8", "@ptr9", "@ptr10", "@ptr11", "@ptr12", "@ptr13", "SL:DATE_TIME]", "IN:CREATE_ALARM]"]}
{"loss": 0.9773688316345215, "class_log_probabilities": [-0.30090659856796265, -8.015578269958496, -8.237452507019043, -8.348976135253906], "predictions": [217, 64, 396, 65, 218, 4], "target_tokens": ["[IN:GET_TRACK_INFO_MUSIC", "[SL:MUSIC_TYPE", "@ptr1", "SL:MUSIC_TYPE]", "IN:GET_TRACK_INFO_MUSIC]"], "predicted_tokens": ["[IN:GET_TRACK_INFO_MUSIC", "[SL:MUSIC_TYPE", "@ptr1", "SL:MUSIC_TYPE]", "IN:GET_TRACK_INFO_MUSIC]"]}
{"loss": 2.183173179626465, "class_log_probabilities": [-0.8798983097076416, -6.157452583312988, -7.409932613372803, -7.629767894744873], "predictions": [39, 40, 395, 41, 56, 396, 397, 57, 16, 398, 399, 400, 17, 42, 4], "target_tokens": ["[IN:GET_STORIES_NEWS", "[SL:NEWS_TOPIC", "@ptr1", "@ptr2", "SL:NEWS_TOPIC]", "[SL:NEWS_TYPE", "@ptr0", "SL:NEWS_TYPE]", "[SL:DATE_TIME", "@ptr3", "@ptr4", "@ptr5", "SL:DATE_TIME]", "IN:GET_STORIES_NEWS]"], "predicted_tokens": ["[IN:GET_STORIES_NEWS", "[SL:NEWS_TYPE", "@ptr0", "SL:NEWS_TYPE]", "[SL:NEWS_TOPIC", "@ptr1", "@ptr2", "SL:NEWS_TOPIC]", "[SL:DATE_TIME", "@ptr3", "@ptr4", "@ptr5", "SL:DATE_TIME]", "IN:GET_STORIES_NEWS]"]}
{"loss": 3.9737515449523926, "class_log_probabilities": [-0.36925655603408813, -6.838669776916504, -7.120187759399414, -7.950138568878174], "predictions": [115, 90, 397, 91, 116, 4], "target_tokens": ["[IN:GET_TIMER", "[SL:METHOD_TIMER", "@ptr4", "@ptr5", "@ptr6", "SL:METHOD_TIMER]", "IN:GET_TIMER]"], "predicted_tokens": ["[IN:GET_TIMER", "[SL:METHOD_TIMER", "@ptr2", "SL:METHOD_TIMER]", "IN:GET_TIMER]"]}
{"loss": 3.534518241882324, "class_log_probabilities": [-0.5656735897064209, -4.500852584838867, -7.061875820159912, -8.146964073181152], "predictions": [89, 90, 398, 91, 16, 400, 401, 17, 92, 4, 4], "target_tokens": ["[IN:CREATE_TIMER", "[SL:METHOD_TIMER", "@ptr1", "@ptr2", "@ptr3", "SL:METHOD_TIMER]", "[SL:DATE_TIME", "@ptr4", "@ptr5", "@ptr6", "SL:DATE_TIME]", "IN:CREATE_TIMER]"], "predicted_tokens": ["[IN:CREATE_TIMER", "[SL:METHOD_TIMER", "@ptr3", "SL:METHOD_TIMER]", "[SL:DATE_TIME", "@ptr5", "@ptr6", "SL:DATE_TIME]", "IN:CREATE_TIMER]"]}
{"loss": 1.4917454719543457, "class_log_probabilities": [-0.7165524959564209, -7.673709392547607, -8.241429328918457, -8.950726509094238], "predictions": [45, 16, 399, 400, 401, 402, 403, 404, 405, 406, 17, 46, 4, 4, 4, 4, 4, 4, 4, 4], "target_tokens": ["[IN:CREATE_ALARM", "[SL:DATE_TIME", "@ptr4", "@ptr5", "@ptr6", "@ptr7", "@ptr8", "@ptr9", "@ptr10", "SL:DATE_TIME]", "IN:CREATE_ALARM]"], "predicted_tokens": ["[IN:CREATE_ALARM", "[SL:DATE_TIME", "@ptr4", "@ptr5", "@ptr6", "@ptr7", "@ptr8", "@ptr9", "@ptr10", "@ptr11", "SL:DATE_TIME]", "IN:CREATE_ALARM]"]}
{"loss": 0.9954938888549805, "class_log_probabilities": [-0.3059910535812378, -6.223476409912109, -7.367794036865234, -8.07869815826416], "predictions": [347, 64, 398, 65, 348, 4, 4, 4, 4, 4], "target_tokens": ["[IN:DISLIKE_MUSIC", "[SL:MUSIC_TYPE", "@ptr3", "SL:MUSIC_TYPE]", "IN:DISLIKE_MUSIC]"], "predicted_tokens": ["[IN:DISLIKE_MUSIC", "[SL:MUSIC_TYPE", "@ptr3", "SL:MUSIC_TYPE]", "IN:DISLIKE_MUSIC]"]}
{"loss": 3.2811636924743652, "class_log_probabilities": [-0.6755537390708923, -2.985844135284424, -4.889889240264893, -6.653954029083252], "predictions": [241, 64, 398, 65, 20, 399, 21, 242, 4, 4, 4, 4], "target_tokens": ["[IN:SKIP_TRACK_MUSIC", "[SL:ORDINAL", "@ptr4", "@ptr5", "SL:ORDINAL]", "[SL:MUSIC_TYPE", "@ptr3", "SL:MUSIC_TYPE]", "IN:SKIP_TRACK_MUSIC]"], "predicted_tokens": ["[IN:SKIP_TRACK_MUSIC", "[SL:MUSIC_TYPE", "@ptr3", "SL:MUSIC_TYPE]", "[SL:ORDINAL", "@ptr4", "SL:ORDINAL]", "IN:SKIP_TRACK_MUSIC]"]}
{"loss": 1.4746447801589966, "class_log_probabilities": [-0.7609807252883911, -6.414162635803223, -7.725281715393066, -7.762899875640869], "predictions": [39, 40, 396, 41, 56, 400, 401, 402, 403, 404, 405, 57, 42, 4, 4], "target_tokens": ["[IN:GET_STORIES_NEWS", "[SL:NEWS_TYPE", "@ptr1", "SL:NEWS_TYPE]", "[SL:NEWS_TOPIC", "@ptr5", "@ptr6", "@ptr7", "@ptr8", "@ptr9", "SL:NEWS_TOPIC]", "IN:GET_STORIES_NEWS]"], "predicted_tokens": ["[IN:GET_STORIES_NEWS", "[SL:NEWS_TYPE", "@ptr1", "SL:NEWS_TYPE]", "[SL:NEWS_TOPIC", "@ptr5", "@ptr6", "@ptr7", "@ptr8", "@ptr9", "@ptr10", "SL:NEWS_TOPIC]", "IN:GET_STORIES_NEWS]"]}
{"loss": 3.90681791305542, "class_log_probabilities": [-0.28464147448539734, -8.258927345275879, -8.263737678527832, -8.356230735778809], "predictions": [255, 90, 401, 91, 256, 4], "target_tokens": ["[IN:PAUSE_TIMER", "[SL:METHOD_TIMER", "@ptr3", "@ptr4", "@ptr5", "SL:METHOD_TIMER]", "IN:PAUSE_TIMER]"], "predicted_tokens": ["[IN:PAUSE_TIMER", "[SL:METHOD_TIMER", "@ptr6", "SL:METHOD_TIMER]", "IN:PAUSE_TIMER]"]}
{"loss": 4.253231525421143, "class_log_probabilities": [-0.18308331072330475, -6.896605968475342, -7.403753280639648, -7.951077938079834], "predictions": [259, 260, 4], "target_tokens": ["[IN:SNOOZE_ALARM", "IN:SNOOZE_ALARM]"], "predicted_tokens": ["[IN:UPDATE_ALARM", "IN:UPDATE_ALARM]"]}
{"loss": 2.2700858116149902, "class_log_probabilities": [-0.9830374121665955, -2.6082537174224854, -4.292476654052734, -7.140883445739746], "predictions": [27, 52, 401, 402, 403, 404, 405, 406, 53, 30, 4, 4, 4, 4, 4], "target_tokens": ["[IN:GET_INFO_RECIPES", "[SL:RECIPES_ATTRIBUTE", "@ptr1", "@ptr2", "SL:RECIPES_ATTRIBUTE]", "[SL:RECIPES_DISH", "@ptr5", "@ptr6", "@ptr7", "@ptr8", "@ptr9", "@ptr10", "SL:RECIPES_DISH]", "IN:GET_INFO_RECIPES]"], "predicted_tokens": ["[IN:GET_INFO_RECIPES", "[SL:RECIPES_DISH", "@ptr6", "@ptr7", "@ptr8", "@ptr9", "@ptr10", "@ptr11", "SL:RECIPES_DISH]", "IN:GET_INFO_RECIPES]"]}
{"loss": 1.0339456796646118, "class_log_probabilities": [-1.3922655582427979, -2.962740421295166, -4.954832077026367, -7.23554801940918], "predictions": [27, 129, 395, 396, 130, 30, 4, 4, 4, 4], "target_tokens": ["[IN:GET_INFO_RECIPES", "[SL:RECIPES_INCLUDED_INGREDIENT", "@ptr0", "@ptr1", "SL:RECIPES_INCLUDED_INGREDIENT]", "IN:GET_INFO_RECIPES]"], "predicted_tokens": ["[IN:GET_INFO_RECIPES", "[SL:RECIPES_INCLUDED_INGREDIENT", "@ptr0", "@ptr1", "SL:RECIPES_INCLUDED_INGREDIENT]", "IN:GET_INFO_RECIPES]"]}
{"loss": 2.370388984680176, "class_log_probabilities": [-1.7412745952606201, -3.183532238006592, -4.316264629364014, -5.816308498382568], "predictions": [27, 52, 395, 396, 53, 52, 404, 405, 53, 30, 4], "target_tokens": ["[IN:GET_INFO_RECIPES", "[SL:RECIPES_INCLUDED_INGREDIENT", "@ptr0", "@ptr1", "SL:RECIPES_INCLUDED_INGREDIENT]", "[SL:RECIPES_DISH", "@ptr8", "@ptr9", "SL:RECIPES_DISH]", "IN:GET_INFO_RECIPES]"], "predicted_tokens": ["[IN:GET_INFO_RECIPES", "[SL:RECIPES_DISH", "@ptr0", "@ptr1", "SL:RECIPES_DISH]", "[SL:RECIPES_DISH", "@ptr9", "@ptr10", "SL:RECIPES_DISH]", "IN:GET_INFO_RECIPES]"]}
{"loss": 3.951111316680908, "class_log_probabilities": [-1.5745083093643188, -2.594031572341919, -3.4526588916778564, -5.823916435241699], "predictions": [23, 10, 70, 71, 401, 72, 93, 406, 94, 73, 11, 26, 4, 4, 4, 4, 4, 4, 4, 4, 4, 4, 4], "target_tokens": ["[IN:SEND_MESSAGE", "[SL:RECIPIENT", "[IN:GET_CONTACT", "[SL:CONTACT_RELATED", "@ptr8", "@ptr9", "SL:CONTACT_RELATED]", "[SL:TYPE_RELATION", "@ptr5", "@ptr6", "@ptr7", "SL:TYPE_RELATION]", "IN:GET_CONTACT]", "SL:RECIPIENT]", "IN:SEND_MESSAGE]"], "predicted_tokens": ["[IN:SEND_MESSAGE", "[SL:RECIPIENT", "[IN:GET_CONTACT", "[SL:TYPE_RELATION", "@ptr6", "SL:TYPE_RELATION]", "[SL:CONTACT_RELATED", "@ptr11", "SL:CONTACT_RELATED]", "IN:GET_CONTACT]", "SL:RECIPIENT]", "IN:SEND_MESSAGE]"]}
{"loss": 2.2239935398101807, "class_log_probabilities": [-0.5892534255981445, -5.870193004608154, -6.454059600830078, -6.862081527709961], "predictions": [23, 10, 400, 11, 10, 403, 404, 405, 406, 11, 26, 4, 4, 4, 4], "target_tokens": ["[IN:SEND_MESSAGE", "[SL:RECIPIENT", "@ptr5", "SL:RECIPIENT]", "[SL:RECIPIENT", "@ptr7", "@ptr8", "@ptr9", "SL:RECIPIENT]", "IN:SEND_MESSAGE]"], "predicted_tokens": ["[IN:SEND_MESSAGE", "[SL:RECIPIENT", "@ptr5", "SL:RECIPIENT]", "[SL:RECIPIENT", "@ptr8", "@ptr9", "@ptr10", "@ptr11", "SL:RECIPIENT]", "IN:SEND_MESSAGE]"]}
{"loss": 2.594119071960449, "class_log_probabilities": [-2.96081805229187, -3.534463882446289, -4.2791547775268555, -4.693887710571289], "predictions": [23, 8, 400, 9, 10, 404, 405, 406, 407, 408, 409, 410, 11, 76, 412, 77, 26, 4, 4, 4], "target_tokens": ["[IN:SEND_MESSAGE", "[SL:TYPE_CONTENT", "@ptr4", "SL:TYPE_CONTENT]", "[SL:GROUP", "@ptr8", "@ptr9", "@ptr10", "@ptr11", "@ptr12", "@ptr13", "@ptr14", "@ptr15", "SL:GROUP]", "IN:SEND_MESSAGE]"], "predicted_tokens": ["[IN:SEND_MESSAGE", "[SL:TYPE_CONTENT", "@ptr5", "SL:TYPE_CONTENT]", "[SL:RECIPIENT", "@ptr9", "@ptr10", "@ptr11", "@ptr12", "@ptr13", "@ptr14", "@ptr15", "SL:RECIPIENT]", "[SL:NAME_APP", "@ptr17", "SL:NAME_APP]", "IN:SEND_MESSAGE]"]}
{"loss": 3.4010138511657715, "class_log_probabilities": [-0.5976162552833557, -5.9460039138793945, -6.128496170043945, -6.545799255371094], "predictions": [23, 10, 397, 398, 399, 400, 401, 11, 26, 4, 4], "target_tokens": ["[IN:SEND_MESSAGE", "[SL:GROUP", "@ptr3", "@ptr4", "@ptr5", "SL:GROUP]", "IN:SEND_MESSAGE]"], "predicted_tokens": ["[IN:SEND_MESSAGE", "[SL:RECIPIENT", "@ptr2", "@ptr3", "@ptr4", "@ptr5", "@ptr6", "SL:RECIPIENT]", "IN:SEND_MESSAGE]"]}
{"loss": 2.5869619846343994, "class_log_probabilities": [-2.8209824562072754, -2.862366199493408, -2.970608711242676, -3.880272388458252], "predictions": [23, 10, 398, 399, 400, 401, 402, 11, 10, 404, 405, 406, 11, 26, 4, 4, 4, 4, 4, 4, 4, 4, 4], "target_tokens": ["[IN:SEND_MESSAGE", "[SL:RECIPIENT", "@ptr3", "@ptr4", "SL:RECIPIENT]", "[SL:RECIPIENT", "@ptr5", "@ptr6", "SL:RECIPIENT]", "[SL:RECIPIENT", "@ptr8", "@ptr9", "SL:RECIPIENT]", "[SL:CONTENT_EXACT", "@ptr12", "@ptr13", "@ptr14", "@ptr15", "@ptr16", "SL:CONTENT_EXACT]", "IN:SEND_MESSAGE]"], "predicted_tokens": ["[IN:SEND_MESSAGE", "[SL:RECIPIENT", "@ptr3", "@ptr4", "@ptr5", "@ptr6", "@ptr7", "SL:RECIPIENT]", "[SL:RECIPIENT", "@ptr9", "@ptr10", "@ptr11", "SL:RECIPIENT]", "IN:SEND_MESSAGE]"]}
{"loss": 2.057666301727295, "class_log_probabilities": [-1.201985239982605, -1.5454400777816772, -4.803784370422363, -5.354976177215576], "predictions": [23, 269, 399, 400, 270, 26, 4, 4], "target_tokens": ["[IN:SEND_MESSAGE", "[SL:GROUP", "@ptr3", "@ptr4", "SL:GROUP]", "IN:SEND_MESSAGE]"], "predicted_tokens": ["[IN:SEND_MESSAGE", "[SL:GROUP", "@ptr4", "@ptr5", "SL:GROUP]", "IN:SEND_MESSAGE]"]}
{"loss": 2.66890287399292, "class_log_probabilities": [-0.5501848459243774, -5.974985122680664, -6.245619297027588, -6.908176422119141], "predictions": [23, 10, 400, 11, 10, 403, 404, 11, 26, 4, 4, 4, 4], "target_tokens": ["[IN:SEND_MESSAGE", "[SL:RECIPIENT", "@ptr5", "SL:RECIPIENT]", "[SL:RECIPIENT", "@ptr7", "@ptr8", "SL:RECIPIENT]", "IN:SEND_MESSAGE]"], "predicted_tokens": ["[IN:SEND_MESSAGE", "[SL:RECIPIENT", "@ptr5", "SL:RECIPIENT]", "[SL:RECIPIENT", "@ptr8", "@ptr9", "SL:RECIPIENT]", "IN:SEND_MESSAGE]"]}
{"loss": 3.241938829421997, "class_log_probabilities": [-1.69114351272583, -2.312978982925415, -2.429189920425415, -5.974664211273193], "predictions": [23, 10, 401, 402, 403, 11, 26, 4, 4, 4, 4, 4], "target_tokens": ["[IN:SEND_MESSAGE", "[SL:GROUP", "@ptr6", "@ptr7", "SL:GROUP]", "IN:SEND_MESSAGE]"], "predicted_tokens": ["[IN:SEND_MESSAGE", "[SL:RECIPIENT", "@ptr6", "@ptr7", "@ptr8", "SL:RECIPIENT]", "IN:SEND_MESSAGE]"]}
{"loss": 3.800463914871216, "class_log_probabilities": [-1.3067219257354736, -3.2401835918426514, -3.339240312576294, -4.8979811668396], "predictions": [23, 8, 401, 9, 10, 403, 11, 10, 406, 11, 26, 4, 4, 4, 4], "target_tokens": ["[IN:SEND_MESSAGE", "[SL:RECIPIENT", "@ptr7", "SL:RECIPIENT]", "[SL:RECIPIENT", "@ptr9", "SL:RECIPIENT]", "[SL:TYPE_CONTENT", "@ptr5", "SL:TYPE_CONTENT]", "IN:SEND_MESSAGE]"], "predicted_tokens": ["[IN:SEND_MESSAGE", "[SL:TYPE_CONTENT", "@ptr6", "SL:TYPE_CONTENT]", "[SL:RECIPIENT", "@ptr8", "SL:RECIPIENT]", "[SL:RECIPIENT", "@ptr11", "SL:RECIPIENT]", "IN:SEND_MESSAGE]"]}
{"loss": 1.5129095315933228, "class_log_probabilities": [-1.7232435941696167, -2.3264052867889404, -2.896472215652466, -5.604421615600586], "predictions": [23, 8, 397, 9, 10, 402, 403, 404, 405, 406, 270, 26, 4], "target_tokens": ["[IN:SEND_MESSAGE", "[SL:TYPE_CONTENT", "@ptr2", "SL:TYPE_CONTENT]", "[SL:GROUP", "@ptr7", "@ptr8", "@ptr9", "@ptr10", "SL:GROUP]", "IN:SEND_MESSAGE]"], "predicted_tokens": ["[IN:SEND_MESSAGE", "[SL:TYPE_CONTENT", "@ptr2", "SL:TYPE_CONTENT]", "[SL:RECIPIENT", "@ptr7", "@ptr8", "@ptr9", "@ptr10", "@ptr11", "SL:GROUP]", "IN:SEND_MESSAGE]"]}
{"loss": 2.5876359939575195, "class_log_probabilities": [-0.704877495765686, -5.7128987312316895, -5.859090805053711, -6.0808210372924805], "predictions": [23, 10, 399, 400, 401, 11, 10, 403, 404, 405, 406, 11, 26, 4], "target_tokens": ["[IN:SEND_MESSAGE", "[SL:RECIPIENT", "@ptr4", "@ptr5", "SL:RECIPIENT]", "[SL:RECIPIENT", "@ptr7", "@ptr8", "@ptr9", "@ptr10", "SL:RECIPIENT]", "IN:SEND_MESSAGE]"], "predicted_tokens": ["[IN:SEND_MESSAGE", "[SL:RECIPIENT", "@ptr4", "@ptr5", "@ptr6", "SL:RECIPIENT]", "[SL:RECIPIENT", "@ptr8", "@ptr9", "@ptr10", "@ptr11", "SL:RECIPIENT]", "IN:SEND_MESSAGE]"]}
{"loss": 2.190721035003662, "class_log_probabilities": [-0.7375097274780273, -2.8687751293182373, -5.898569583892822, -6.607332706451416], "predictions": [23, 10, 399, 400, 11, 10, 403, 404, 11, 26, 4, 4], "target_tokens": ["[IN:SEND_MESSAGE", "[SL:RECIPIENT", "@ptr4", "@ptr5", "SL:RECIPIENT]", "[SL:RECIPIENT", "@ptr7", "@ptr8", "SL:RECIPIENT]", "IN:SEND_MESSAGE]"], "predicted_tokens": ["[IN:SEND_MESSAGE", "[SL:RECIPIENT", "@ptr4", "@ptr5", "SL:RECIPIENT]", "[SL:RECIPIENT", "@ptr8", "@ptr9", "SL:RECIPIENT]", "IN:SEND_MESSAGE]"]}
{"loss": 2.5761327743530273, "class_log_probabilities": [-5.816317558288574, -6.449095249176025, -6.50404691696167, -7.064022064208984], "predictions": [23, 10, 70, 93, 401, 402, 94, 71, 404, 405, 72, 93, 406, 94, 73, 11, 26, 4, 4], "target_tokens": ["[IN:SEND_MESSAGE", "[SL:RECIPIENT", "[IN:GET_CONTACT", "[SL:CONTACT_RELATED", "@ptr5", "@ptr6", "@ptr7", "SL:CONTACT_RELATED]", "[SL:TYPE_RELATION", "@ptr8", "@ptr9", "SL:TYPE_RELATION]", "IN:GET_CONTACT]", "SL:RECIPIENT]", "IN:SEND_MESSAGE]"], "predicted_tokens": ["[IN:SEND_MESSAGE", "[SL:RECIPIENT", "[IN:GET_CONTACT", "[SL:CONTACT_RELATED", "@ptr6", "@ptr7", "SL:CONTACT_RELATED]", "[SL:TYPE_RELATION", "@ptr9", "@ptr10", "SL:TYPE_RELATION]", "[SL:CONTACT_RELATED", "@ptr11", "SL:CONTACT_RELATED]", "IN:GET_CONTACT]", "SL:RECIPIENT]", "IN:SEND_MESSAGE]"]}
{"loss": 2.8746392726898193, "class_log_probabilities": [-2.8977670669555664, -3.1612708568573, -3.172943115234375, -3.5043492317199707], "predictions": [5, 8, 398, 9, 59, 70, 93, 400, 94, 71, 403, 72, 6, 404, 405, 7, 73, 60, 12, 4], "target_tokens": ["[IN:GET_MESSAGE", "[SL:TYPE_CONTENT", "@ptr2", "SL:TYPE_CONTENT]", "[SL:SENDER", "[IN:GET_CONTACT", "[SL:TYPE_RELATION", "@ptr6", "SL:TYPE_RELATION]", "[SL:CONTACT", "@ptr7", "@ptr8", "SL:CONTACT]", "IN:GET_CONTACT]", "SL:SENDER]", "IN:GET_MESSAGE]"], "predicted_tokens": ["[IN:GET_MESSAGE", "[SL:TYPE_CONTENT", "@ptr3", "SL:TYPE_CONTENT]", "[SL:SENDER", "[IN:GET_CONTACT", "[SL:CONTACT_RELATED", "@ptr5", "SL:CONTACT_RELATED]", "[SL:TYPE_RELATION", "@ptr8", "SL:TYPE_RELATION]", "[SL:CONTACT", "@ptr9", "@ptr10", "SL:CONTACT]", "IN:GET_CONTACT]", "SL:SENDER]", "IN:GET_MESSAGE]"]}
{"loss": 3.172865390777588, "class_log_probabilities": [-0.671971321105957, -5.966663837432861, -6.111607074737549, -6.763782978057861], "predictions": [5, 59, 70, 71, 399, 72, 6, 400, 401, 7, 73, 60, 12, 4], "target_tokens": ["[IN:GET_MESSAGE", "[SL:SENDER", "[IN:GET_CONTACT", "[SL:TYPE_RELATION", "@ptr3", "SL:TYPE_RELATION]", "[SL:CONTACT", "@ptr4", "@ptr5", "SL:CONTACT]", "IN:GET_CONTACT]", "SL:SENDER]", "IN:GET_MESSAGE]"], "predicted_tokens": ["[IN:GET_MESSAGE", "[SL:SENDER", "[IN:GET_CONTACT", "[SL:TYPE_RELATION", "@ptr4", "SL:TYPE_RELATION]", "[SL:CONTACT", "@ptr5", "@ptr6", "SL:CONTACT]", "IN:GET_CONTACT]", "SL:SENDER]", "IN:GET_MESSAGE]"]}
{"loss": 2.784202814102173, "class_log_probabilities": [-3.544842481613159, -3.7323784828186035, -4.073853492736816, -5.516116142272949], "predictions": [5, 59, 70, 93, 401, 402, 403, 404, 405, 94, 73, 60, 12, 4, 4], "target_tokens": ["[IN:GET_MESSAGE", "[SL:SENDER", "[IN:GET_CONTACT", "[SL:TYPE_RELATION", "@ptr5", "@ptr6", "SL:TYPE_RELATION]", "[SL:CONTACT", "@ptr7", "@ptr8", "@ptr9", "SL:CONTACT]", "IN:GET_CONTACT]", "SL:SENDER]", "IN:GET_MESSAGE]"], "predicted_tokens": ["[IN:GET_MESSAGE", "[SL:SENDER", "[IN:GET_CONTACT", "[SL:CONTACT_RELATED", "@ptr6", "@ptr7", "@ptr8", "@ptr9", "@ptr10", "SL:CONTACT_RELATED]", "IN:GET_CONTACT]", "SL:SENDER]", "IN:GET_MESSAGE]"]}
{"loss": 3.4608216285705566, "class_log_probabilities": [-1.5552849769592285, -3.2361247539520264, -3.7192018032073975, -5.053887367248535], "predictions": [5, 59, 70, 71, 399, 72, 6, 400, 401, 7, 73, 60, 10, 403, 11, 12, 4], "target_tokens": ["[IN:GET_MESSAGE", "[SL:SENDER", "[IN:GET_CONTACT", "[SL:TYPE_RELATION", "@ptr3", "SL:TYPE_RELATION]", "[SL:CONTACT", "@ptr4", "@ptr5", "SL:CONTACT]", "IN:GET_CONTACT]", "SL:SENDER]", "IN:GET_MESSAGE]"], "predicted_tokens": ["[IN:GET_MESSAGE", "[SL:SENDER", "[IN:GET_CONTACT", "[SL:TYPE_RELATION", "@ptr4", "SL:TYPE_RELATION]", "[SL:CONTACT", "@ptr5", "@ptr6", "SL:CONTACT]", "IN:GET_CONTACT]", "SL:SENDER]", "[SL:RECIPIENT", "@ptr8", "SL:RECIPIENT]", "IN:GET_MESSAGE]"]}
{"loss": 1.0214159488677979, "class_log_probabilities": [-1.3483755588531494, -2.3437933921813965, -4.8894147872924805, -5.43503475189209], "predictions": [5, 59, 400, 401, 402, 60, 12, 4], "target_tokens": ["[IN:GET_MESSAGE", "[SL:SENDER", "@ptr5", "@ptr6", "@ptr7", "SL:SENDER]", "IN:GET_MESSAGE]"], "predicted_tokens": ["[IN:GET_MESSAGE", "[SL:SENDER", "@ptr5", "@ptr6", "@ptr7", "SL:SENDER]", "IN:GET_MESSAGE]"]}
{"loss": 2.718036413192749, "class_log_probabilities": [-2.9902896881103516, -3.5933785438537598, -4.2294840812683105, -5.11308479309082], "predictions": [23, 10, 401, 402, 11, 24, 407, 408, 409, 410, 411, 25, 26, 4, 4, 4], "target_tokens": ["[IN:SEND_MESSAGE", "[SL:CONTACT", "@ptr6", "@ptr7", "SL:CONTACT]", "[SL:NAME_APP", "@ptr13", "@ptr14", "@ptr15", "@ptr16", "SL:NAME_APP]", "IN:SEND_MESSAGE]"], "predicted_tokens": ["[IN:SEND_MESSAGE", "[SL:RECIPIENT", "@ptr6", "@ptr7", "SL:RECIPIENT]", "[SL:CONTENT_EXACT", "@ptr12", "@ptr13", "@ptr14", "@ptr15", "@ptr16", "SL:CONTENT_EXACT]", "IN:SEND_MESSAGE]"]}
{"loss": 4.43365478515625, "class_log_probabilities": [-2.677621364593506, -3.122732400894165, -3.302783489227295, -3.4802918434143066], "predictions": [23, 8, 399, 9, 10, 401, 402, 11, 24, 405, 406, 407, 408, 409, 25, 26, 4], "target_tokens": ["[IN:SEND_MESSAGE", "[SL:RECIPIENT", "@ptr5", "@ptr6", "SL:RECIPIENT]", "[SL:TYPE_CONTENT", "@ptr3", "SL:TYPE_CONTENT]", "[SL:NAME_APP", "@ptr9", "@ptr10", "@ptr11", "@ptr12", "SL:NAME_APP]", "IN:SEND_MESSAGE]"], "predicted_tokens": ["[IN:SEND_MESSAGE", "[SL:TYPE_CONTENT", "@ptr4", "SL:TYPE_CONTENT]", "[SL:RECIPIENT", "@ptr6", "@ptr7", "SL:RECIPIENT]", "[SL:CONTENT_EXACT", "@ptr10", "@ptr11", "@ptr12", "@ptr13", "@ptr14", "SL:CONTENT_EXACT]", "IN:SEND_MESSAGE]"]}
{"loss": 2.8841588497161865, "class_log_probabilities": [-4.7635955810546875, -5.552188396453857, -6.603492736816406, -7.856213569641113], "predictions": [23, 10, 399, 11, 10, 401, 402, 403, 404, 11, 24, 406, 407, 408, 409, 410, 411, 25, 26, 4, 4, 4, 4], "target_tokens": ["[IN:SEND_MESSAGE", "[SL:RECIPIENT", "@ptr4", "@ptr5", "@ptr6", "@ptr7", "@ptr8", "SL:RECIPIENT]", "[SL:NAME_APP", "@ptr11", "@ptr12", "@ptr13", "@ptr14", "SL:NAME_APP]", "[SL:CONTENT_EXACT", "@ptr17", "@ptr18", "@ptr19", "@ptr20", "SL:CONTENT_EXACT]", "IN:SEND_MESSAGE]"], "predicted_tokens": ["[IN:SEND_MESSAGE", "[SL:RECIPIENT", "@ptr4", "SL:RECIPIENT]", "[SL:RECIPIENT", "@ptr6", "@ptr7", "@ptr8", "@ptr9", "SL:RECIPIENT]", "[SL:CONTENT_EXACT", "@ptr11", "@ptr12", "@ptr13", "@ptr14", "@ptr15", "@ptr16", "SL:CONTENT_EXACT]", "IN:SEND_MESSAGE]"]}
{"loss": 2.7498884201049805, "class_log_probabilities": [-0.7458339929580688, -4.722330570220947, -5.431255340576172, -5.9518513679504395], "predictions": [23, 8, 397, 9, 10, 401, 402, 403, 404, 11, 26, 4, 4, 4, 4], "target_tokens": ["[IN:SEND_MESSAGE", "[SL:TYPE_CONTENT", "@ptr2", "SL:TYPE_CONTENT]", "[SL:NAME_APP", "@ptr5", "@ptr6", "@ptr7", "@ptr8", "SL:NAME_APP]", "IN:SEND_MESSAGE]"], "predicted_tokens": ["[IN:SEND_MESSAGE", "[SL:TYPE_CONTENT", "@ptr2", "SL:TYPE_CONTENT]", "[SL:RECIPIENT", "@ptr6", "@ptr7", "@ptr8", "@ptr9", "SL:RECIPIENT]", "IN:SEND_MESSAGE]"]}
{"loss": 2.8808934688568115, "class_log_probabilities": [-0.9783410429954529, -3.196164846420288, -4.148758411407471, -5.111422061920166], "predictions": [23, 10, 401, 402, 403, 404, 405, 406, 11, 26, 4, 4, 4], "target_tokens": ["[IN:SEND_MESSAGE", "[SL:RECIPIENT", "@ptr6", "SL:RECIPIENT]", "[SL:NAME_APP", "@ptr8", "@ptr9", "@ptr10", "SL:NAME_APP]", "IN:SEND_MESSAGE]"], "predicted_tokens": ["[IN:SEND_MESSAGE", "[SL:RECIPIENT", "@ptr6", "@ptr7", "@ptr8", "@ptr9", "@ptr10", "@ptr11", "SL:RECIPIENT]", "IN:SEND_MESSAGE]"]}
{"loss": 0.9643064141273499, "class_log_probabilities": [-0.48335960507392883, -6.394083023071289, -6.5157928466796875, -7.19262170791626], "predictions": [23, 76, 400, 401, 77, 26, 4, 4, 4, 4], "target_tokens": ["[IN:SEND_MESSAGE", "[SL:NAME_APP", "@ptr5", "@ptr6", "SL:NAME_APP]", "IN:SEND_MESSAGE]"], "predicted_tokens": ["[IN:SEND_MESSAGE", "[SL:NAME_APP", "@ptr5", "@ptr6", "SL:NAME_APP]", "IN:SEND_MESSAGE]"]}
{"loss": 4.728072643280029, "class_log_probabilities": [-2.0403599739074707, -2.7589151859283447, -4.518979549407959, -4.780370712280273], "predictions": [63, 206, 396, 397, 398, 399, 400, 401, 402, 207, 68, 4], "target_tokens": ["[IN:GET_STORIES_NEWS", "[SL:NEWS_SOURCE", "@ptr4", "@ptr5", "@ptr6", "SL:NEWS_SOURCE]", "[SL:NEWS_TYPE", "@ptr1", "@ptr2", "@ptr3", "SL:NEWS_TYPE]", "IN:GET_STORIES_NEWS]"], "predicted_tokens": ["[IN:PLAY_MUSIC", "[SL:MUSIC_ALBUM_TITLE", "@ptr1", "@ptr2", "@ptr3", "@ptr4", "@ptr5", "@ptr6", "@ptr7", "SL:MUSIC_ALBUM_TITLE]", "IN:PLAY_MUSIC]"]}
{"loss": 2.6520276069641113, "class_log_probabilities": [-1.5881270170211792, -2.178602457046509, -3.460843801498413, -5.803287982940674], "predictions": [75, 231, 400, 401, 402, 403, 404, 405, 232, 6, 407, 408, 409, 7, 78, 4], "target_tokens": ["[IN:CREATE_CALL", "[SL:PHONE_NUMBER", "@ptr5", "@ptr6", "@ptr7", "@ptr8", "@ptr9", "SL:PHONE_NUMBER]", "[SL:NAME_APP", "@ptr11", "@ptr12", "@ptr13", "SL:NAME_APP]", "IN:CREATE_CALL]"], "predicted_tokens": ["[IN:CREATE_CALL", "[SL:PHONE_NUMBER", "@ptr5", "@ptr6", "@ptr7", "@ptr8", "@ptr9", "@ptr10", "SL:PHONE_NUMBER]", "[SL:CONTACT", "@ptr12", "@ptr13", "@ptr14", "SL:CONTACT]", "IN:CREATE_CALL]"]}
{"loss": 2.098769426345825, "class_log_probabilities": [-6.539055824279785, -7.1960129737854, -7.693258285522461, -7.736886978149414], "predictions": [75, 6, 401, 402, 7, 6, 405, 406, 7, 6, 407, 7, 78, 4, 4, 4, 4, 4, 4, 4, 4], "target_tokens": ["[IN:CREATE_CALL", "[SL:CONTACT", "@ptr6", "@ptr7", "SL:CONTACT]", "[SL:CONTACT", "@ptr9", "@ptr10", "SL:CONTACT]", "IN:CREATE_CALL]"], "predicted_tokens": ["[IN:CREATE_CALL", "[SL:CONTACT", "@ptr6", "@ptr7", "SL:CONTACT]", "[SL:CONTACT", "@ptr10", "@ptr11", "SL:CONTACT]", "[SL:CONTACT", "@ptr12", "SL:CONTACT]", "IN:CREATE_CALL]"]}
{"loss": 1.5744272470474243, "class_log_probabilities": [-3.077277898788452, -3.735616445541382, -4.156456470489502, -5.570545196533203], "predictions": [75, 6, 398, 399, 400, 7, 6, 403, 404, 7, 6, 406, 7, 78, 4, 4, 4, 4, 4, 4], "target_tokens": ["[IN:CREATE_CALL", "[SL:CONTACT", "@ptr3", "@ptr4", "@ptr5", "@ptr6", "SL:CONTACT]", "[SL:CONTACT", "@ptr7", "@ptr8", "@ptr9", "SL:CONTACT]", "[SL:CONTACT", "@ptr11", "@ptr12", "@ptr13", "@ptr14", "SL:CONTACT]", "IN:CREATE_CALL]"], "predicted_tokens": ["[IN:CREATE_CALL", "[SL:CONTACT", "@ptr3", "@ptr4", "@ptr5", "SL:CONTACT]", "[SL:CONTACT", "@ptr8", "@ptr9", "SL:CONTACT]", "[SL:CONTACT", "@ptr11", "SL:CONTACT]", "IN:CREATE_CALL]"]}
{"loss": 1.802254319190979, "class_log_probabilities": [-5.529880046844482, -5.7509050369262695, -6.436453819274902, -8.23437786102295], "predictions": [63, 101, 395, 396, 397, 398, 399, 400, 401, 402, 403, 102, 66, 405, 406, 67, 68, 4, 4, 4, 4], "target_tokens": ["[IN:CREATE_CALL", "[SL:CONTACT", "@ptr6", "@ptr7", "@ptr8", "SL:CONTACT]", "[SL:CONTACT", "@ptr10", "@ptr11", "SL:CONTACT]", "IN:CREATE_CALL]"], "predicted_tokens": ["[IN:PLAY_MUSIC", "[SL:MUSIC_TRACK_TITLE", "@ptr0", "@ptr1", "@ptr2", "@ptr3", "@ptr4", "@ptr5", "@ptr6", "@ptr7", "@ptr8", "SL:MUSIC_TRACK_TITLE]", "[SL:MUSIC_ARTIST_NAME", "@ptr10", "@ptr11", "SL:MUSIC_ARTIST_NAME]", "IN:PLAY_MUSIC]"]}
{"loss": 1.7667162418365479, "class_log_probabilities": [-0.9536863565444946, -2.886441230773926, -5.4306745529174805, -6.521888256072998], "predictions": [75, 6, 399, 400, 401, 402, 7, 6, 405, 406, 7, 76, 408, 77, 78, 4], "target_tokens": ["[IN:CREATE_CALL", "[SL:CONTACT", "@ptr4", "@ptr5", "SL:CONTACT]", "[SL:CONTACT", "@ptr6", "@ptr7", "SL:CONTACT]", "[SL:CONTACT", "@ptr9", "@ptr10", "@ptr11", "SL:CONTACT]", "[SL:NAME_APP", "@ptr13", "SL:NAME_APP]", "IN:CREATE_CALL]"], "predicted_tokens": ["[IN:CREATE_CALL", "[SL:CONTACT", "@ptr4", "@ptr5", "@ptr6", "@ptr7", "SL:CONTACT]", "[SL:CONTACT", "@ptr10", "@ptr11", "SL:CONTACT]", "[SL:NAME_APP", "@ptr13", "SL:NAME_APP]", "IN:CREATE_CALL]"]}
{"loss": 0.9773980975151062, "class_log_probabilities": [-0.7169285416603088, -2.7854201793670654, -5.369826316833496, -6.708517551422119], "predictions": [75, 6, 400, 401, 402, 7, 6, 404, 7, 78, 4], "target_tokens": ["[IN:CREATE_CALL", "[SL:CONTACT", "@ptr5", "@ptr6", "@ptr7", "SL:CONTACT]", "[SL:CONTACT", "@ptr9", "SL:CONTACT]", "IN:CREATE_CALL]"], "predicted_tokens": ["[IN:CREATE_CALL", "[SL:CONTACT", "@ptr5", "@ptr6", "@ptr7", "SL:CONTACT]", "[SL:CONTACT", "@ptr9", "SL:CONTACT]", "IN:CREATE_CALL]"]}
{"loss": 2.3388869762420654, "class_log_probabilities": [-0.48137468099594116, -7.46649169921875, -7.591525077819824, -7.7069411277771], "predictions": [75, 6, 398, 399, 400, 401, 7, 78, 4, 4], "target_tokens": ["[IN:CREATE_CALL", "[SL:GROUP", "@ptr3", "@ptr4", "@ptr5", "@ptr6", "SL:GROUP]", "IN:CREATE_CALL]"], "predicted_tokens": ["[IN:CREATE_CALL", "[SL:CONTACT", "@ptr3", "@ptr4", "@ptr5", "@ptr6", "SL:CONTACT]", "IN:CREATE_CALL]"]}
{"loss": 1.7246222496032715, "class_log_probabilities": [-3.233260154724121, -3.3095061779022217, -4.235281944274902, -6.061516284942627], "predictions": [75, 269, 398, 399, 400, 401, 270, 6, 404, 405, 406, 7, 78, 4], "target_tokens": ["[IN:CREATE_CALL", "[SL:GROUP", "@ptr3", "@ptr4", "@ptr5", "SL:GROUP]", "[SL:NAME_APP", "@ptr9", "@ptr10", "@ptr11", "SL:NAME_APP]", "IN:CREATE_CALL]"], "predicted_tokens": ["[IN:CREATE_CALL", "[SL:GROUP", "@ptr3", "@ptr4", "@ptr5", "@ptr6", "SL:GROUP]", "[SL:CONTACT", "@ptr9", "@ptr10", "@ptr11", "SL:CONTACT]", "IN:CREATE_CALL]"]}
{"loss": 2.3136157989501953, "class_log_probabilities": [-0.6564304232597351, -7.16322135925293, -7.249576568603516, -7.533711910247803], "predictions": [247, 156, 397, 398, 399, 400, 401, 402, 403, 157, 248, 4], "target_tokens": ["[IN:SET_RSVP_INTERESTED", "[SL:TITLE_EVENT", "@ptr3", "@ptr4", "@ptr5", "@ptr6", "@ptr7", "SL:TITLE_EVENT]", "IN:SET_RSVP_INTERESTED]"], "predicted_tokens": ["[IN:SET_RSVP_INTERESTED", "[SL:TITLE_EVENT", "@ptr2", "@ptr3", "@ptr4", "@ptr5", "@ptr6", "@ptr7", "@ptr8", "SL:TITLE_EVENT]", "IN:SET_RSVP_INTERESTED]"]}
{"loss": 3.9746742248535156, "class_log_probabilities": [-2.756530523300171, -4.275606632232666, -6.585716247558594, -6.637807369232178], "predictions": [155, 158, 4, 4, 4, 4, 4, 4, 4, 4], "target_tokens": ["[IN:SET_RSVP_YES", "[SL:ORDINAL", "@ptr7", "SL:ORDINAL]", "IN:SET_RSVP_YES]"], "predicted_tokens": ["[IN:SET_RSVP_YES", "IN:SET_RSVP_YES]"]}
{"loss": 1.5862263441085815, "class_log_probabilities": [-0.6354780197143555, -5.240970134735107, -6.687859535217285, -6.782958507537842], "predictions": [321, 156, 397, 398, 399, 400, 401, 402, 403, 404, 405, 157, 322, 4], "target_tokens": ["[IN:SET_RSVP_NO", "[SL:TITLE_EVENT", "@ptr2", "@ptr3", "@ptr4", "@ptr5", "@ptr6", "@ptr7", "@ptr8", "SL:TITLE_EVENT]", "IN:SET_RSVP_NO]"], "predicted_tokens": ["[IN:SET_RSVP_NO", "[SL:TITLE_EVENT", "@ptr2", "@ptr3", "@ptr4", "@ptr5", "@ptr6", "@ptr7", "@ptr8", "@ptr9", "@ptr10", "SL:TITLE_EVENT]", "IN:SET_RSVP_NO]"]}
{"loss": 0.9873892664909363, "class_log_probabilities": [-0.4234565496444702, -8.006317138671875, -8.039777755737305, -8.081750869750977], "predictions": [321, 156, 397, 398, 399, 400, 157, 322, 4, 4], "target_tokens": ["[IN:SET_RSVP_NO", "[SL:TITLE_EVENT", "@ptr2", "@ptr3", "@ptr4", "@ptr5", "SL:TITLE_EVENT]", "IN:SET_RSVP_NO]"], "predicted_tokens": ["[IN:SET_RSVP_NO", "[SL:TITLE_EVENT", "@ptr2", "@ptr3", "@ptr4", "@ptr5", "SL:TITLE_EVENT]", "IN:SET_RSVP_NO]"]}
{"loss": 1.5429935455322266, "class_log_probabilities": [-2.4232726097106934, -2.92671537399292, -4.974822521209717, -5.118484973907471], "predictions": [247, 156, 400, 401, 402, 403, 404, 405, 406, 407, 408, 157, 248, 4], "target_tokens": ["[IN:SET_RSVP_INTERESTED", "[SL:TITLE_EVENT", "@ptr6", "@ptr7", "@ptr8", "@ptr9", "@ptr10", "@ptr11", "@ptr12", "SL:TITLE_EVENT]", "IN:SET_RSVP_INTERESTED]"], "predicted_tokens": ["[IN:SET_RSVP_INTERESTED", "[SL:TITLE_EVENT", "@ptr5", "@ptr6", "@ptr7", "@ptr8", "@ptr9", "@ptr10", "@ptr11", "@ptr12", "@ptr13", "SL:TITLE_EVENT]", "IN:SET_RSVP_INTERESTED]"]}
{"loss": 1.9357292652130127, "class_log_probabilities": [-2.8441975116729736, -5.465480327606201, -6.156924247741699, -6.545719146728516], "predictions": [247, 156, 401, 402, 403, 404, 405, 406, 407, 408, 409, 157, 248, 4, 4], "target_tokens": ["[IN:SET_RSVP_INTERESTED", "[SL:TITLE_EVENT", "@ptr8", "@ptr9", "@ptr10", "@ptr11", "@ptr12", "@ptr13", "SL:TITLE_EVENT]", "IN:SET_RSVP_INTERESTED]"], "predicted_tokens": ["[IN:SET_RSVP_INTERESTED", "[SL:TITLE_EVENT", "@ptr6", "@ptr7", "@ptr8", "@ptr9", "@ptr10", "@ptr11", "@ptr12", "@ptr13", "@ptr14", "SL:TITLE_EVENT]", "IN:SET_RSVP_INTERESTED]"]}
{"loss": 0.967276394367218, "class_log_probabilities": [-0.3285444378852844, -6.966801643371582, -7.144325256347656, -7.344875335693359], "predictions": [245, 246, 4], "target_tokens": ["[IN:UPDATE_METHOD_CALL", "IN:UPDATE_METHOD_CALL]"], "predicted_tokens": ["[IN:UPDATE_METHOD_CALL", "IN:UPDATE_METHOD_CALL]"]}
{"loss": 4.43864631652832, "class_log_probabilities": [-0.38916224241256714, -7.3365631103515625, -7.4691667556762695, -7.501380920410156], "predictions": [183, 16, 404, 405, 17, 184, 4, 4], "target_tokens": ["[IN:ADD_TIME_TIMER", "[SL:METHOD_TIMER", "@ptr3", "@ptr4", "@ptr5", "SL:METHOD_TIMER]", "[SL:DATE_TIME", "@ptr8", "@ptr9", "SL:DATE_TIME]", "IN:ADD_TIME_TIMER]"], "predicted_tokens": ["[IN:ADD_TIME_TIMER", "[SL:DATE_TIME", "@ptr9", "@ptr10", "SL:DATE_TIME]", "IN:ADD_TIME_TIMER]"]}
{"loss": 4.546911716461182, "class_log_probabilities": [-0.4437646269798279, -5.123778820037842, -5.9164838790893555, -7.442920684814453], "predictions": [183, 16, 405, 406, 407, 17, 184, 4], "target_tokens": ["[IN:ADD_TIME_TIMER", "[SL:METHOD_TIMER", "@ptr4", "@ptr5", "@ptr6", "SL:METHOD_TIMER]", "[SL:DATE_TIME", "@ptr9", "@ptr10", "SL:DATE_TIME]", "IN:ADD_TIME_TIMER]"], "predicted_tokens": ["[IN:ADD_TIME_TIMER", "[SL:DATE_TIME", "@ptr10", "@ptr11", "@ptr12", "SL:DATE_TIME]", "IN:ADD_TIME_TIMER]"]}
{"loss": 1.0737429857254028, "class_log_probabilities": [-2.6205644607543945, -2.953099012374878, -3.1959526538848877, -3.4610846042633057], "predictions": [75, 6, 70, 71, 400, 401, 72, 73, 7, 78, 4, 4], "target_tokens": ["[IN:CREATE_CALL", "[SL:CONTACT", "[IN:GET_CONTACT", "[SL:TYPE_RELATION", "@ptr5", "@ptr6", "SL:TYPE_RELATION]", "IN:GET_CONTACT]", "SL:CONTACT]", "IN:CREATE_CALL]"], "predicted_tokens": ["[IN:CREATE_CALL", "[SL:CONTACT", "[IN:GET_CONTACT", "[SL:TYPE_RELATION", "@ptr5", "@ptr6", "SL:TYPE_RELATION]", "IN:GET_CONTACT]", "SL:CONTACT]", "IN:CREATE_CALL]"]}
{"loss": 4.9520263671875, "class_log_probabilities": [-2.347025156021118, -2.7449429035186768, -3.535843849182129, -5.994707107543945], "predictions": [89, 92, 4, 4, 4, 4], "target_tokens": ["[IN:SUBTRACT_TIME_TIMER", "[SL:TIMER_NAME", "@ptr4", "@ptr5", "SL:TIMER_NAME]", "[SL:METHOD_TIMER", "@ptr1", "@ptr2", "@ptr3", "SL:METHOD_TIMER]", "IN:SUBTRACT_TIME_TIMER]"], "predicted_tokens": ["[IN:CREATE_TIMER", "IN:CREATE_TIMER]"]}
{"loss": 2.2593162059783936, "class_log_probabilities": [-2.0013206005096436, -2.7727818489074707, -4.452917575836182, -8.823326110839844], "predictions": [75, 6, 70, 71, 398, 399, 72, 93, 401, 402, 403, 404, 405, 406, 407, 94, 73, 7, 78, 4, 4, 4, 4, 4, 4], "target_tokens": ["[IN:CREATE_CALL", "[SL:CONTACT", "[IN:GET_CONTACT", "[SL:CONTACT_RELATED", "@ptr6", "@ptr7", "@ptr8", "@ptr9", "@ptr10", "@ptr11", "@ptr12", "SL:CONTACT_RELATED]", "[SL:TYPE_RELATION", "@ptr3", "@ptr4", "SL:TYPE_RELATION]", "IN:GET_CONTACT]", "SL:CONTACT]", "IN:CREATE_CALL]"], "predicted_tokens": ["[IN:CREATE_CALL", "[SL:CONTACT", "[IN:GET_CONTACT", "[SL:TYPE_RELATION", "@ptr3", "@ptr4", "SL:TYPE_RELATION]", "[SL:CONTACT_RELATED", "@ptr6", "@ptr7", "@ptr8", "@ptr9", "@ptr10", "@ptr11", "@ptr12", "SL:CONTACT_RELATED]", "IN:GET_CONTACT]", "SL:CONTACT]", "IN:CREATE_CALL]"]}
{"loss": 1.2134650945663452, "class_log_probabilities": [-1.0709335803985596, -4.36998987197876, -5.1989240646362305, -5.3395094871521], "predictions": [75, 6, 70, 71, 397, 72, 93, 399, 400, 401, 402, 403, 94, 73, 7, 78, 4], "target_tokens": ["[IN:CREATE_CALL", "[SL:CONTACT", "[IN:GET_CONTACT", "[SL:TYPE_RELATION", "@ptr2", "SL:TYPE_RELATION]", "[SL:CONTACT_RELATED", "@ptr4", "@ptr5", "@ptr6", "@ptr7", "SL:CONTACT_RELATED]", "IN:GET_CONTACT]", "SL:CONTACT]", "IN:CREATE_CALL]"], "predicted_tokens": ["[IN:CREATE_CALL", "[SL:CONTACT", "[IN:GET_CONTACT", "[SL:TYPE_RELATION", "@ptr2", "SL:TYPE_RELATION]", "[SL:CONTACT_RELATED", "@ptr4", "@ptr5", "@ptr6", "@ptr7", "@ptr8", "SL:CONTACT_RELATED]", "IN:GET_CONTACT]", "SL:CONTACT]", "IN:CREATE_CALL]"]}
{"loss": 2.783515214920044, "class_log_probabilities": [-1.6428629159927368, -4.216350078582764, -4.397586345672607, -5.50479793548584], "predictions": [75, 6, 396, 397, 398, 7, 6, 401, 402, 403, 404, 7, 6, 70, 71, 406, 72, 73, 7, 78, 4], "target_tokens": ["[IN:CREATE_CALL", "[SL:NAME_APP", "@ptr6", "@ptr7", "@ptr8", "SL:NAME_APP]", "[SL:CONTACT", "[IN:GET_CONTACT", "[SL:TYPE_RELATION", "@ptr10", "SL:TYPE_RELATION]", "IN:GET_CONTACT]", "SL:CONTACT]", "IN:CREATE_CALL]"], "predicted_tokens": ["[IN:CREATE_CALL", "[SL:CONTACT", "@ptr1", "@ptr2", "@ptr3", "SL:CONTACT]", "[SL:CONTACT", "@ptr6", "@ptr7", "@ptr8", "@ptr9", "SL:CONTACT]", "[SL:CONTACT", "[IN:GET_CONTACT", "[SL:TYPE_RELATION", "@ptr11", "SL:TYPE_RELATION]", "IN:GET_CONTACT]", "SL:CONTACT]", "IN:CREATE_CALL]"]}
{"loss": 1.7974412441253662, "class_log_probabilities": [-1.2546066045761108, -3.444873094558716, -5.115008354187012, -6.354822158813477], "predictions": [75, 6, 396, 397, 398, 7, 6, 401, 402, 403, 404, 405, 406, 7, 78, 4, 4], "target_tokens": ["[IN:CREATE_CALL", "[SL:NAME_APP", "@ptr1", "@ptr2", "@ptr3", "SL:NAME_APP]", "[SL:CONTACT", "@ptr6", "@ptr7", "@ptr8", "@ptr9", "@ptr10", "@ptr11", "SL:CONTACT]", "IN:CREATE_CALL]"], "predicted_tokens": ["[IN:CREATE_CALL", "[SL:CONTACT", "@ptr1", "@ptr2", "@ptr3", "SL:CONTACT]", "[SL:CONTACT", "@ptr6", "@ptr7", "@ptr8", "@ptr9", "@ptr10", "@ptr11", "SL:CONTACT]", "IN:CREATE_CALL]"]}
{"loss": 2.40592622756958, "class_log_probabilities": [-0.8403563499450684, -3.2813384532928467, -6.071762561798096, -6.438715934753418], "predictions": [75, 6, 396, 397, 398, 7, 6, 402, 7, 78, 4], "target_tokens": ["[IN:CREATE_CALL", "[SL:NAME_APP", "@ptr1", "@ptr2", "@ptr3", "SL:NAME_APP]", "[SL:CONTACT", "@ptr6", "SL:CONTACT]", "IN:CREATE_CALL]"], "predicted_tokens": ["[IN:CREATE_CALL", "[SL:CONTACT", "@ptr1", "@ptr2", "@ptr3", "SL:CONTACT]", "[SL:CONTACT", "@ptr7", "SL:CONTACT]", "IN:CREATE_CALL]"]}
{"loss": 2.207016706466675, "class_log_probabilities": [-1.2415682077407837, -3.274759531021118, -3.6268317699432373, -4.680661678314209], "predictions": [75, 6, 397, 398, 399, 400, 401, 402, 7, 6, 405, 406, 407, 7, 78, 4, 4], "target_tokens": ["[IN:CREATE_CALL", "[SL:CONTACT", "@ptr2", "@ptr3", "@ptr4", "@ptr5", "@ptr6", "SL:CONTACT]", "[SL:NAME_APP", "@ptr9", "@ptr10", "@ptr11", "SL:NAME_APP]", "IN:CREATE_CALL]"], "predicted_tokens": ["[IN:CREATE_CALL", "[SL:CONTACT", "@ptr2", "@ptr3", "@ptr4", "@ptr5", "@ptr6", "@ptr7", "SL:CONTACT]", "[SL:CONTACT", "@ptr10", "@ptr11", "@ptr12", "SL:CONTACT]", "IN:CREATE_CALL]"]}
{"loss": 3.5071747303009033, "class_log_probabilities": [-1.5566109418869019, -3.110896110534668, -3.4019317626953125, -3.509183168411255], "predictions": [75, 6, 397, 398, 399, 400, 401, 402, 403, 404, 405, 406, 7, 78, 4, 4, 4], "target_tokens": ["[IN:CREATE_CALL", "[SL:NAME_APP", "@ptr9", "@ptr10", "@ptr11", "SL:NAME_APP]", "[SL:CONTACT", "@ptr2", "@ptr3", "@ptr4", "@ptr5", "@ptr6", "@ptr7", "SL:CONTACT]", "IN:CREATE_CALL]"], "predicted_tokens": ["[IN:CREATE_CALL", "[SL:CONTACT", "@ptr2", "@ptr3", "@ptr4", "@ptr5", "@ptr6", "@ptr7", "@ptr8", "@ptr9", "@ptr10", "@ptr11", "SL:CONTACT]", "IN:CREATE_CALL]"]}
{"loss": 3.9468894004821777, "class_log_probabilities": [-2.144197463989258, -2.503814697265625, -2.513819456100464, -2.7233152389526367], "predictions": [89, 90, 398, 91, 92, 4], "target_tokens": ["[IN:GET_TIMER", "[SL:TIMER_NAME", "@ptr4", "SL:TIMER_NAME]", "[SL:METHOD_TIMER", "@ptr1", "@ptr2", "@ptr3", "SL:METHOD_TIMER]", "IN:GET_TIMER]"], "predicted_tokens": ["[IN:CREATE_TIMER", "[SL:METHOD_TIMER", "@ptr3", "SL:METHOD_TIMER]", "IN:CREATE_TIMER]"]}
{"loss": 1.3190518617630005, "class_log_probabilities": [-1.0696529150009155, -4.2554426193237305, -5.751407623291016, -6.127022743225098], "predictions": [75, 6, 399, 400, 401, 402, 7, 16, 404, 405, 17, 78, 4], "target_tokens": ["[IN:CREATE_CALL", "[SL:CONTACT", "@ptr4", "@ptr5", "@ptr6", "@ptr7", "SL:CONTACT]", "IN:CREATE_CALL]"], "predicted_tokens": ["[IN:CREATE_CALL", "[SL:CONTACT", "@ptr4", "@ptr5", "@ptr6", "@ptr7", "SL:CONTACT]", "[SL:DATE_TIME", "@ptr9", "@ptr10", "SL:DATE_TIME]", "IN:CREATE_CALL]"]}
{"loss": 0.9695466160774231, "class_log_probabilities": [-0.16209515929222107, -8.610129356384277, -8.67007827758789, -8.769749641418457], "predictions": [81, 82, 4, 4, 4], "target_tokens": ["[IN:END_CALL", "IN:END_CALL]"], "predicted_tokens": ["[IN:END_CALL", "IN:END_CALL]"]}
{"loss": 3.0529134273529053, "class_log_probabilities": [-4.273140907287598, -4.783967971801758, -5.922832012176514, -6.421934604644775], "predictions": [259, 260, 4, 4, 4, 4, 4, 4, 4, 4], "target_tokens": ["[IN:UPDATE_TIMER", "[SL:METHOD_TIMER", "@ptr2", "@ptr3", "@ptr4", "SL:METHOD_TIMER]", "[SL:TIMER_NAME", "@ptr10", "@ptr11", "SL:TIMER_NAME]", "IN:UPDATE_TIMER]"], "predicted_tokens": ["[IN:UPDATE_ALARM", "IN:UPDATE_ALARM]"]}
{"loss": 1.6042745113372803, "class_log_probabilities": [-1.0365049839019775, -6.5076704025268555, -6.52574348449707, -6.650607109069824], "predictions": [63, 64, 396, 65, 101, 397, 398, 399, 400, 401, 402, 102, 66, 404, 405, 406, 407, 67, 68, 4, 4], "target_tokens": ["[IN:PLAY_MUSIC", "[SL:MUSIC_TRACK_TITLE", "@ptr2", "@ptr3", "@ptr4", "@ptr5", "@ptr6", "@ptr7", "SL:MUSIC_TRACK_TITLE]", "[SL:MUSIC_ARTIST_NAME", "@ptr9", "@ptr10", "@ptr11", "@ptr12", "SL:MUSIC_ARTIST_NAME]", "IN:PLAY_MUSIC]"], "predicted_tokens": ["[IN:PLAY_MUSIC", "[SL:MUSIC_TYPE", "@ptr1", "SL:MUSIC_TYPE]", "[SL:MUSIC_TRACK_TITLE", "@ptr2", "@ptr3", "@ptr4", "@ptr5", "@ptr6", "@ptr7", "SL:MUSIC_TRACK_TITLE]", "[SL:MUSIC_ARTIST_NAME", "@ptr9", "@ptr10", "@ptr11", "@ptr12", "SL:MUSIC_ARTIST_NAME]", "IN:PLAY_MUSIC]"]}
{"loss": 4.074923038482666, "class_log_probabilities": [-0.8397262692451477, -5.376105308532715, -5.818210601806641, -6.5064377784729], "predictions": [63, 64, 398, 65, 206, 399, 400, 207, 66, 403, 404, 67, 68, 4], "target_tokens": ["[IN:PLAY_MUSIC", "[SL:MUSIC_ARTIST_NAME", "@ptr7", "@ptr8", "SL:MUSIC_ARTIST_NAME]", "IN:PLAY_MUSIC]"], "predicted_tokens": ["[IN:PLAY_MUSIC", "[SL:MUSIC_TYPE", "@ptr3", "SL:MUSIC_TYPE]", "[SL:MUSIC_ALBUM_TITLE", "@ptr4", "@ptr5", "SL:MUSIC_ALBUM_TITLE]", "[SL:MUSIC_ARTIST_NAME", "@ptr8", "@ptr9", "SL:MUSIC_ARTIST_NAME]", "IN:PLAY_MUSIC]"]}
{"loss": 2.669543504714966, "class_log_probabilities": [-0.8458168506622314, -4.0288920402526855, -5.963843822479248, -6.4248738288879395], "predictions": [63, 101, 396, 397, 102, 66, 399, 400, 67, 68, 4, 4, 4, 4, 4], "target_tokens": ["[IN:PLAY_MUSIC", "[SL:MUSIC_ARTIST_NAME", "@ptr4", "@ptr5", "SL:MUSIC_ARTIST_NAME]", "IN:PLAY_MUSIC]"], "predicted_tokens": ["[IN:PLAY_MUSIC", "[SL:MUSIC_TRACK_TITLE", "@ptr1", "@ptr2", "SL:MUSIC_TRACK_TITLE]", "[SL:MUSIC_ARTIST_NAME", "@ptr4", "@ptr5", "SL:MUSIC_ARTIST_NAME]", "IN:PLAY_MUSIC]"]}
{"loss": 1.9075955152511597, "class_log_probabilities": [-0.632319450378418, -6.93455696105957, -8.010248184204102, -8.234841346740723], "predictions": [63, 64, 396, 65, 66, 398, 399, 400, 401, 67, 68, 4, 4], "target_tokens": ["[IN:PLAY_MUSIC", "[SL:MUSIC_ARTIST_NAME", "@ptr3", "@ptr4", "@ptr5", "@ptr6", "SL:MUSIC_ARTIST_NAME]", "IN:PLAY_MUSIC]"], "predicted_tokens": ["[IN:PLAY_MUSIC", "[SL:MUSIC_TYPE", "@ptr1", "SL:MUSIC_TYPE]", "[SL:MUSIC_ARTIST_NAME", "@ptr3", "@ptr4", "@ptr5", "@ptr6", "SL:MUSIC_ARTIST_NAME]", "IN:PLAY_MUSIC]"]}
{"loss": 1.3141051530838013, "class_log_probabilities": [-1.6514304876327515, -3.5257606506347656, -3.7983148097991943, -3.844425678253174], "predictions": [63, 206, 397, 398, 207, 68, 4], "target_tokens": ["[IN:PLAY_MUSIC", "[SL:MUSIC_TRACK_TITLE", "@ptr2", "@ptr3", "SL:MUSIC_TRACK_TITLE]", "IN:PLAY_MUSIC]"], "predicted_tokens": ["[IN:PLAY_MUSIC", "[SL:MUSIC_ALBUM_TITLE", "@ptr2", "@ptr3", "SL:MUSIC_ALBUM_TITLE]", "IN:PLAY_MUSIC]"]}
{"loss": 4.492692470550537, "class_log_probabilities": [-1.7537871599197388, -4.425450801849365, -4.709758281707764, -4.936569690704346], "predictions": [63, 64, 399, 65, 151, 401, 402, 152, 68, 4, 4], "target_tokens": ["[IN:SET_DEFAULT_PROVIDER_MUSIC", "[SL:MUSIC_PROVIDER_NAME", "@ptr6", "@ptr7", "SL:MUSIC_PROVIDER_NAME]", "IN:SET_DEFAULT_PROVIDER_MUSIC]"], "predicted_tokens": ["[IN:PLAY_MUSIC", "[SL:MUSIC_TYPE", "@ptr4", "SL:MUSIC_TYPE]", "[SL:MUSIC_GENRE", "@ptr6", "@ptr7", "SL:MUSIC_GENRE]", "IN:PLAY_MUSIC]"]}
{"loss": 5.2151265144348145, "class_log_probabilities": [-0.6444252133369446, -5.903407096862793, -6.990829944610596, -7.130305290222168], "predictions": [63, 66, 398, 399, 400, 67, 64, 403, 65, 68, 4], "target_tokens": ["[IN:SET_DEFAULT_PROVIDER_MUSIC", "[SL:MUSIC_PROVIDER_NAME", "@ptr2", "@ptr3", "@ptr4", "SL:MUSIC_PROVIDER_NAME]", "IN:SET_DEFAULT_PROVIDER_MUSIC]"], "predicted_tokens": ["[IN:PLAY_MUSIC", "[SL:MUSIC_ARTIST_NAME", "@ptr3", "@ptr4", "@ptr5", "SL:MUSIC_ARTIST_NAME]", "[SL:MUSIC_TYPE", "@ptr8", "SL:MUSIC_TYPE]", "IN:PLAY_MUSIC]"]}
{"loss": 3.637322187423706, "class_log_probabilities": [-1.7176480293273926, -1.999751091003418, -2.250521421432495, -5.024277210235596], "predictions": [227, 90, 400, 91, 228, 4, 4], "target_tokens": ["[IN:UPDATE_TIMER", "[SL:TIMER_NAME", "@ptr5", "@ptr6", "SL:TIMER_NAME]", "[SL:METHOD_TIMER", "@ptr2", "@ptr3", "@ptr4", "SL:METHOD_TIMER]", "IN:UPDATE_TIMER]"], "predicted_tokens": ["[IN:UPDATE_TIMER", "[SL:METHOD_TIMER", "@ptr5", "SL:METHOD_TIMER]", "IN:UPDATE_TIMER]"]}
{"loss": 3.3203747272491455, "class_log_probabilities": [-1.7462694644927979, -3.6437554359436035, -4.010433197021484, -4.3315582275390625], "predictions": [61, 83, 398, 399, 400, 401, 84, 62, 4], "target_tokens": ["[IN:GET_EVENT", "[SL:ATTRIBUTE_EVENT", "@ptr4", "@ptr5", "SL:ATTRIBUTE_EVENT]", "IN:GET_EVENT]"], "predicted_tokens": ["[IN:GET_EVENT", "[SL:CATEGORY_EVENT", "@ptr3", "@ptr4", "@ptr5", "@ptr6", "SL:CATEGORY_EVENT]", "IN:GET_EVENT]"]}
{"loss": 2.2737886905670166, "class_log_probabilities": [-3.8491415977478027, -5.4320573806762695, -6.569581985473633, -7.424848556518555], "predictions": [61, 83, 397, 84, 62, 4, 4, 4, 4], "target_tokens": ["[IN:GET_EVENT", "[SL:USER_ATTENDEE_EVENT", "@ptr4", "SL:USER_ATTENDEE_EVENT]", "IN:GET_EVENT]"], "predicted_tokens": ["[IN:GET_EVENT", "[SL:CATEGORY_EVENT", "@ptr2", "SL:CATEGORY_EVENT]", "IN:GET_EVENT]"]}
{"loss": 2.436969041824341, "class_log_probabilities": [-1.852212905883789, -3.189114809036255, -3.218604326248169, -3.27116322517395], "predictions": [183, 16, 396, 397, 17, 167, 403, 168, 184, 4, 4, 4, 4], "target_tokens": ["[IN:ADD_TIME_TIMER", "[SL:DATE_TIME", "@ptr1", "@ptr2", "SL:DATE_TIME]", "[SL:TIMER_NAME", "@ptr8", "SL:TIMER_NAME]", "[SL:METHOD_TIMER", "@ptr5", "@ptr6", "@ptr7", "SL:METHOD_TIMER]", "IN:ADD_TIME_TIMER]"], "predicted_tokens": ["[IN:ADD_TIME_TIMER", "[SL:DATE_TIME", "@ptr1", "@ptr2", "SL:DATE_TIME]", "[SL:TIMER_NAME", "@ptr8", "SL:TIMER_NAME]", "IN:ADD_TIME_TIMER]"]}
{"loss": 2.7635252475738525, "class_log_probabilities": [-1.0237833261489868, -5.805815696716309, -5.989945411682129, -7.585242748260498], "predictions": [183, 16, 396, 397, 398, 17, 184, 4, 4, 4, 4, 4, 4, 4], "target_tokens": ["[IN:ADD_TIME_TIMER", "[SL:DATE_TIME", "@ptr1", "@ptr2", "@ptr3", "SL:DATE_TIME]", "[SL:TIMER_NAME", "@ptr8", "@ptr9", "@ptr10", "SL:TIMER_NAME]", "[SL:METHOD_TIMER", "@ptr5", "@ptr6", "@ptr7", "SL:METHOD_TIMER]", "IN:ADD_TIME_TIMER]"], "predicted_tokens": ["[IN:ADD_TIME_TIMER", "[SL:DATE_TIME", "@ptr1", "@ptr2", "@ptr3", "SL:DATE_TIME]", "IN:ADD_TIME_TIMER]"]}
{"loss": 2.5180296897888184, "class_log_probabilities": [-5.921760082244873, -6.251598358154297, -6.463403701782227, -6.852830410003662], "predictions": [197, 6, 397, 398, 7, 6, 401, 402, 403, 404, 7, 198, 4, 4], "target_tokens": ["[IN:CREATE_CALL", "[SL:CONTACT", "@ptr2", "@ptr3", "SL:CONTACT]", "[SL:NAME_APP", "@ptr5", "@ptr6", "@ptr7", "@ptr8", "SL:NAME_APP]", "IN:CREATE_CALL]"], "predicted_tokens": ["[IN:SHARE_EVENT", "[SL:CONTACT", "@ptr2", "@ptr3", "SL:CONTACT]", "[SL:CONTACT", "@ptr6", "@ptr7", "@ptr8", "@ptr9", "SL:CONTACT]", "IN:SHARE_EVENT]"]}
{"loss": 2.0174739360809326, "class_log_probabilities": [-1.3771568536758423, -1.6439034938812256, -4.72017765045166, -4.953381061553955], "predictions": [75, 6, 396, 397, 398, 399, 7, 6, 402, 7, 78, 4], "target_tokens": ["[IN:CREATE_CALL", "[SL:NAME_APP", "@ptr1", "@ptr2", "@ptr3", "@ptr4", "SL:NAME_APP]", "[SL:CONTACT", "@ptr7", "SL:CONTACT]", "IN:CREATE_CALL]"], "predicted_tokens": ["[IN:CREATE_CALL", "[SL:CONTACT", "@ptr1", "@ptr2", "@ptr3", "@ptr4", "SL:CONTACT]", "[SL:CONTACT", "@ptr7", "SL:CONTACT]", "IN:CREATE_CALL]"]}
{"loss": 1.6673861742019653, "class_log_probabilities": [-1.8782418966293335, -2.425107955932617, -5.911250591278076, -6.896371364593506], "predictions": [23, 8, 400, 9, 10, 70, 71, 402, 72, 73, 11, 26, 4, 4, 4, 4, 4], "target_tokens": ["[IN:SEND_MESSAGE", "[SL:TYPE_CONTENT", "@ptr3", "SL:TYPE_CONTENT]", "[SL:RECIPIENT", "[IN:GET_CONTACT", "[SL:TYPE_RELATION", "@ptr5", "SL:TYPE_RELATION]", "IN:GET_CONTACT]", "SL:RECIPIENT]", "IN:SEND_MESSAGE]"], "predicted_tokens": ["[IN:SEND_MESSAGE", "[SL:TYPE_CONTENT", "@ptr5", "SL:TYPE_CONTENT]", "[SL:RECIPIENT", "[IN:GET_CONTACT", "[SL:TYPE_RELATION", "@ptr7", "SL:TYPE_RELATION]", "IN:GET_CONTACT]", "SL:RECIPIENT]", "IN:SEND_MESSAGE]"]}
{"loss": 3.299419641494751, "class_log_probabilities": [-2.998180627822876, -3.1763041019439697, -3.929450750350952, -3.9693822860717773], "predictions": [23, 10, 403, 11, 10, 405, 406, 407, 11, 26, 4], "target_tokens": ["[IN:SEND_MESSAGE", "[SL:TYPE_CONTENT", "@ptr7", "SL:TYPE_CONTENT]", "[SL:RECIPIENT", "@ptr9", "@ptr10", "@ptr11", "SL:RECIPIENT]", "IN:SEND_MESSAGE]"], "predicted_tokens": ["[IN:SEND_MESSAGE", "[SL:RECIPIENT", "@ptr8", "SL:RECIPIENT]", "[SL:RECIPIENT", "@ptr10", "@ptr11", "@ptr12", "SL:RECIPIENT]", "IN:SEND_MESSAGE]"]}
{"loss": 3.1520416736602783, "class_log_probabilities": [-3.6208348274230957, -5.729301452636719, -6.315072536468506, -8.556836128234863], "predictions": [23, 10, 70, 71, 401, 72, 93, 402, 94, 73, 11, 10, 404, 11, 26, 4, 4, 4, 4, 4, 4, 4, 4, 4, 4, 4, 4, 4], "target_tokens": ["[IN:SEND_MESSAGE", "[SL:TYPE_CONTENT", "@ptr3", "SL:TYPE_CONTENT]", "[SL:RECIPIENT", "[IN:GET_CONTACT", "[SL:CONTACT_RELATED", "@ptr6", "@ptr7", "SL:CONTACT_RELATED]", "[SL:TYPE_RELATION", "@ptr5", "SL:TYPE_RELATION]", "[SL:CONTACT", "@ptr8", "@ptr9", "@ptr10", "@ptr11", "@ptr12", "SL:CONTACT]", "IN:GET_CONTACT]", "SL:RECIPIENT]", "IN:SEND_MESSAGE]"], "predicted_tokens": ["[IN:SEND_MESSAGE", "[SL:RECIPIENT", "[IN:GET_CONTACT", "[SL:TYPE_RELATION", "@ptr6", "SL:TYPE_RELATION]", "[SL:CONTACT_RELATED", "@ptr7", "SL:CONTACT_RELATED]", "IN:GET_CONTACT]", "SL:RECIPIENT]", "[SL:RECIPIENT", "@ptr9", "SL:RECIPIENT]", "IN:SEND_MESSAGE]"]}
{"loss": 2.7486767768859863, "class_log_probabilities": [-2.1906044483184814, -2.3675546646118164, -4.15924596786499, -5.124217510223389], "predictions": [23, 8, 402, 9, 10, 404, 11, 26, 4, 4], "target_tokens": ["[IN:SEND_MESSAGE", "[SL:TYPE_CONTENT", "@ptr6", "SL:TYPE_CONTENT]", "[SL:RECIPIENT", "@ptr8", "@ptr9", "SL:RECIPIENT]", "IN:SEND_MESSAGE]"], "predicted_tokens": ["[IN:SEND_MESSAGE", "[SL:TYPE_CONTENT", "@ptr7", "SL:TYPE_CONTENT]", "[SL:RECIPIENT", "@ptr9", "SL:RECIPIENT]", "IN:SEND_MESSAGE]"]}
{"loss": 2.567338705062866, "class_log_probabilities": [-1.4255943298339844, -2.7886929512023926, -3.52858829498291, -4.9432220458984375], "predictions": [23, 8, 398, 9, 10, 402, 403, 404, 405, 406, 407, 11, 26, 4], "target_tokens": ["[IN:SEND_MESSAGE", "[SL:TYPE_CONTENT", "@ptr2", "SL:TYPE_CONTENT]", "[SL:RECIPIENT", "@ptr6", "@ptr7", "@ptr8", "@ptr9", "@ptr10", "SL:RECIPIENT]", "IN:SEND_MESSAGE]"], "predicted_tokens": ["[IN:SEND_MESSAGE", "[SL:TYPE_CONTENT", "@ptr3", "SL:TYPE_CONTENT]", "[SL:RECIPIENT", "@ptr7", "@ptr8", "@ptr9", "@ptr10", "@ptr11", "@ptr12", "SL:RECIPIENT]", "IN:SEND_MESSAGE]"]}
{"loss": 2.820958137512207, "class_log_probabilities": [-0.5837738513946533, -5.993485450744629, -6.236388683319092, -6.280843734741211], "predictions": [75, 6, 397, 398, 7, 6, 401, 7, 78, 4, 4], "target_tokens": ["[IN:CREATE_CALL", "[SL:NAME_APP", "@ptr2", "@ptr3", "SL:NAME_APP]", "[SL:CONTACT", "@ptr5", "SL:CONTACT]", "IN:CREATE_CALL]"], "predicted_tokens": ["[IN:CREATE_CALL", "[SL:CONTACT", "@ptr2", "@ptr3", "SL:CONTACT]", "[SL:CONTACT", "@ptr6", "SL:CONTACT]", "IN:CREATE_CALL]"]}
{"loss": 4.416038513183594, "class_log_probabilities": [-0.7761662602424622, -5.155716896057129, -6.6799092292785645, -6.763670444488525], "predictions": [75, 6, 397, 398, 399, 400, 7, 6, 402, 403, 404, 7, 78, 4], "target_tokens": ["[IN:CREATE_CALL", "[SL:CONTACT", "@ptr6", "@ptr7", "@ptr8", "SL:CONTACT]", "[SL:NAME_APP", "@ptr2", "@ptr3", "@ptr4", "SL:NAME_APP]", "IN:CREATE_CALL]"], "predicted_tokens": ["[IN:CREATE_CALL", "[SL:CONTACT", "@ptr2", "@ptr3", "@ptr4", "@ptr5", "SL:CONTACT]", "[SL:CONTACT", "@ptr7", "@ptr8", "@ptr9", "SL:CONTACT]", "IN:CREATE_CALL]"]}
{"loss": 1.0201324224472046, "class_log_probabilities": [-1.9049739837646484, -2.165221691131592, -4.152647972106934, -4.571619510650635], "predictions": [75, 6, 397, 398, 7, 6, 400, 401, 402, 403, 7, 78, 4], "target_tokens": ["[IN:CREATE_CALL", "[SL:CONTACT", "@ptr2", "@ptr3", "SL:CONTACT]", "[SL:CONTACT", "@ptr5", "@ptr6", "@ptr7", "@ptr8", "SL:CONTACT]", "IN:CREATE_CALL]"], "predicted_tokens": ["[IN:CREATE_CALL", "[SL:CONTACT", "@ptr2", "@ptr3", "SL:CONTACT]", "[SL:CONTACT", "@ptr5", "@ptr6", "@ptr7", "@ptr8", "SL:CONTACT]", "IN:CREATE_CALL]"]}
{"loss": 2.944460153579712, "class_log_probabilities": [-1.336046576499939, -1.6320998668670654, -6.915985584259033, -7.097377777099609], "predictions": [171, 6, 70, 71, 396, 72, 93, 398, 94, 73, 7, 172, 4], "target_tokens": ["[IN:GET_AVAILABILITY", "[SL:CONTACT", "[IN:GET_CONTACT", "[SL:CONTACT_RELATED", "@ptr1", "@ptr2", "SL:CONTACT_RELATED]", "[SL:TYPE_RELATION", "@ptr0", "SL:TYPE_RELATION]", "IN:GET_CONTACT]", "SL:CONTACT]", "IN:GET_AVAILABILITY]"], "predicted_tokens": ["[IN:GET_AVAILABILITY", "[SL:CONTACT", "[IN:GET_CONTACT", "[SL:TYPE_RELATION", "@ptr1", "SL:TYPE_RELATION]", "[SL:CONTACT_RELATED", "@ptr3", "SL:CONTACT_RELATED]", "IN:GET_CONTACT]", "SL:CONTACT]", "IN:GET_AVAILABILITY]"]}
{"loss": 4.197389125823975, "class_log_probabilities": [-0.35980740189552307, -7.791552543640137, -8.427964210510254, -8.668322563171387], "predictions": [75, 6, 397, 398, 7, 78, 4, 4, 4], "target_tokens": ["[IN:UPDATE_CALL", "[SL:CONTACT_REMOVED", "@ptr2", "@ptr3", "SL:CONTACT_REMOVED]", "IN:UPDATE_CALL]"], "predicted_tokens": ["[IN:CREATE_CALL", "[SL:CONTACT", "@ptr2", "@ptr3", "SL:CONTACT]", "IN:CREATE_CALL]"]}
{"loss": 0.9550668597221375, "class_log_probabilities": [-0.21039751172065735, -6.845818042755127, -7.268286228179932, -7.677787780761719], "predictions": [45, 46, 4], "target_tokens": ["[IN:CREATE_ALARM", "IN:CREATE_ALARM]"], "predicted_tokens": ["[IN:CREATE_ALARM", "IN:CREATE_ALARM]"]}
{"loss": 1.2230054140090942, "class_log_probabilities": [-1.0880814790725708, -4.104502201080322, -4.470571517944336, -5.835442543029785], "predictions": [13, 79, 399, 400, 401, 80, 16, 405, 406, 407, 17, 18, 4, 4], "target_tokens": ["[IN:GET_WEATHER", "[SL:WEATHER_ATTRIBUTE", "@ptr4", "@ptr5", "@ptr6", "SL:WEATHER_ATTRIBUTE]", "[SL:DATE_TIME", "@ptr10", "@ptr11", "SL:DATE_TIME]", "IN:GET_WEATHER]"], "predicted_tokens": ["[IN:GET_WEATHER", "[SL:WEATHER_ATTRIBUTE", "@ptr4", "@ptr5", "@ptr6", "SL:WEATHER_ATTRIBUTE]", "[SL:DATE_TIME", "@ptr10", "@ptr11", "@ptr12", "SL:DATE_TIME]", "IN:GET_WEATHER]"]}
{"loss": 1.679803729057312, "class_log_probabilities": [-1.222802996635437, -1.3106478452682495, -6.323365688323975, -7.4576029777526855], "predictions": [70, 71, 402, 72, 73, 4, 4, 4, 4], "target_tokens": ["[IN:GET_CONTACT", "[SL:TYPE_RELATION", "@ptr6", "@ptr7", "SL:TYPE_RELATION]", "IN:GET_CONTACT]"], "predicted_tokens": ["[IN:GET_CONTACT", "[SL:TYPE_RELATION", "@ptr7", "SL:TYPE_RELATION]", "IN:GET_CONTACT]"]}
{"loss": 1.1564202308654785, "class_log_probabilities": [-1.6724146604537964, -3.1135966777801514, -3.5072712898254395, -7.887850761413574], "predictions": [75, 6, 399, 400, 401, 402, 403, 7, 78, 4, 4, 4, 4, 4], "target_tokens": ["[IN:CREATE_CALL", "[SL:CONTACT", "@ptr3", "@ptr4", "@ptr5", "@ptr6", "@ptr7", "@ptr8", "SL:CONTACT]", "IN:CREATE_CALL]"], "predicted_tokens": ["[IN:CREATE_CALL", "[SL:CONTACT", "@ptr4", "@ptr5", "@ptr6", "@ptr7", "@ptr8", "SL:CONTACT]", "IN:CREATE_CALL]"]}
{"loss": 1.0076861381530762, "class_log_probabilities": [-1.0570125579833984, -2.661529779434204, -4.255769729614258, -7.315883636474609], "predictions": [75, 6, 397, 398, 399, 7, 78, 4, 4, 4, 4, 4, 4], "target_tokens": ["[IN:CREATE_CALL", "[SL:CONTACT", "@ptr2", "@ptr3", "@ptr4", "SL:CONTACT]", "IN:CREATE_CALL]"], "predicted_tokens": ["[IN:CREATE_CALL", "[SL:CONTACT", "@ptr2", "@ptr3", "@ptr4", "SL:CONTACT]", "IN:CREATE_CALL]"]}
{"loss": 1.7699859142303467, "class_log_probabilities": [-0.5759369730949402, -5.150867462158203, -5.7369608879089355, -7.9148993492126465], "predictions": [75, 6, 397, 398, 7, 78, 4, 4, 4, 4], "target_tokens": ["[IN:CREATE_CALL", "[SL:CONTACT", "@ptr2", "@ptr3", "SL:CONTACT]", "[SL:ORDINAL", "@ptr5", "SL:ORDINAL]", "IN:CREATE_CALL]"], "predicted_tokens": ["[IN:CREATE_CALL", "[SL:CONTACT", "@ptr2", "@ptr3", "SL:CONTACT]", "IN:CREATE_CALL]"]}
{"loss": 1.2068461179733276, "class_log_probabilities": [-1.1177897453308105, -3.988023281097412, -5.323493957519531, -5.9313435554504395], "predictions": [295, 156, 395, 396, 397, 398, 399, 400, 401, 402, 157, 296, 4], "target_tokens": ["[IN:GET_DATE_TIME_EVENT", "[SL:TITLE_EVENT", "@ptr0", "@ptr1", "@ptr2", "@ptr3", "@ptr4", "@ptr5", "@ptr6", "SL:TITLE_EVENT]", "IN:GET_DATE_TIME_EVENT]"], "predicted_tokens": ["[IN:GET_DATE_TIME_EVENT", "[SL:TITLE_EVENT", "@ptr0", "@ptr1", "@ptr2", "@ptr3", "@ptr4", "@ptr5", "@ptr6", "@ptr7", "SL:TITLE_EVENT]", "IN:GET_DATE_TIME_EVENT]"]}
{"loss": 3.189028024673462, "class_log_probabilities": [-1.6997302770614624, -1.9087111949920654, -5.116953372955322, -5.6385698318481445], "predictions": [265, 313, 70, 71, 396, 72, 93, 398, 94, 73, 314, 156, 404, 405, 157, 266, 4], "target_tokens": ["[IN:GET_ATTENDEE_EVENT", "[SL:ATTENDEE_EVENT", "[IN:GET_CONTACT", "[SL:CONTACT_RELATED", "@ptr2", "@ptr3", "SL:CONTACT_RELATED]", "[SL:TYPE_RELATION", "@ptr1", "SL:TYPE_RELATION]", "IN:GET_CONTACT]", "SL:ATTENDEE_EVENT]", "[SL:TITLE_EVENT", "@ptr8", "@ptr9", "SL:TITLE_EVENT]", "IN:GET_ATTENDEE_EVENT]"], "predicted_tokens": ["[IN:GET_ATTENDEE_EVENT", "[SL:ATTENDEE_EVENT", "[IN:GET_CONTACT", "[SL:TYPE_RELATION", "@ptr1", "SL:TYPE_RELATION]", "[SL:CONTACT_RELATED", "@ptr3", "SL:CONTACT_RELATED]", "IN:GET_CONTACT]", "SL:ATTENDEE_EVENT]", "[SL:TITLE_EVENT", "@ptr9", "@ptr10", "SL:TITLE_EVENT]", "IN:GET_ATTENDEE_EVENT]"]}
{"loss": 4.406790256500244, "class_log_probabilities": [-0.2998600900173187, -4.456518650054932, -6.372716426849365, -6.586418628692627], "predictions": [63, 68, 4], "target_tokens": ["[IN:GET_EVENT", "[SL:CATEGORY_EVENT", "@ptr1", "@ptr2", "SL:CATEGORY_EVENT]", "IN:GET_EVENT]"], "predicted_tokens": ["[IN:PLAY_MUSIC", "IN:PLAY_MUSIC]"]}
{"loss": 2.9980032444000244, "class_log_probabilities": [-0.9307544827461243, -4.693934440612793, -7.667012691497803, -8.889359474182129], "predictions": [295, 296, 4, 4, 4, 4, 4, 4, 4, 4, 4, 4], "target_tokens": ["[IN:GET_DATE_TIME_EVENT", "[SL:ORDINAL", "@ptr4", "@ptr5", "SL:ORDINAL]", "IN:GET_DATE_TIME_EVENT]"], "predicted_tokens": ["[IN:GET_DATE_TIME_EVENT", "IN:GET_DATE_TIME_EVENT]"]}
{"loss": 1.4644368886947632, "class_log_probabilities": [-2.173097848892212, -2.531648874282837, -3.7572691440582275, -3.87599778175354], "predictions": [61, 14, 398, 399, 400, 401, 15, 16, 405, 406, 407, 408, 17, 62, 4, 4], "target_tokens": ["[IN:GET_EVENT", "[SL:LOCATION", "@ptr3", "@ptr4", "@ptr5", "@ptr6", "SL:LOCATION]", "[SL:DATE_TIME", "@ptr10", "@ptr11", "@ptr12", "SL:DATE_TIME]", "IN:GET_EVENT]"], "predicted_tokens": ["[IN:GET_EVENT", "[SL:LOCATION", "@ptr3", "@ptr4", "@ptr5", "@ptr6", "SL:LOCATION]", "[SL:DATE_TIME", "@ptr10", "@ptr11", "@ptr12", "@ptr13", "SL:DATE_TIME]", "IN:GET_EVENT]"]}
{"loss": 1.8904845714569092, "class_log_probabilities": [-2.1731486320495605, -5.677247047424316, -5.6972551345825195, -5.781752586364746], "predictions": [27, 52, 395, 396, 53, 30, 4], "target_tokens": ["[IN:GET_CATEGORY_EVENT", "[SL:TITLE_EVENT", "@ptr0", "@ptr1", "SL:TITLE_EVENT]", "IN:GET_CATEGORY_EVENT]"], "predicted_tokens": ["[IN:GET_INFO_RECIPES", "[SL:RECIPES_DISH", "@ptr0", "@ptr1", "SL:RECIPES_DISH]", "IN:GET_INFO_RECIPES]"]}
{"loss": 0.9721904993057251, "class_log_probabilities": [-0.5574362277984619, -6.974684238433838, -7.573143005371094, -7.620094299316406], "predictions": [63, 64, 396, 65, 101, 397, 398, 399, 102, 68, 4], "target_tokens": ["[IN:PLAY_MUSIC", "[SL:MUSIC_TYPE", "@ptr1", "SL:MUSIC_TYPE]", "[SL:MUSIC_TRACK_TITLE", "@ptr2", "@ptr3", "@ptr4", "SL:MUSIC_TRACK_TITLE]", "IN:PLAY_MUSIC]"], "predicted_tokens": ["[IN:PLAY_MUSIC", "[SL:MUSIC_TYPE", "@ptr1", "SL:MUSIC_TYPE]", "[SL:MUSIC_TRACK_TITLE", "@ptr2", "@ptr3", "@ptr4", "SL:MUSIC_TRACK_TITLE]", "IN:PLAY_MUSIC]"]}
{"loss": 1.7000104188919067, "class_log_probabilities": [-0.48691415786743164, -6.202301025390625, -7.443121433258057, -7.777296543121338], "predictions": [75, 6, 397, 398, 399, 7, 78, 4], "target_tokens": ["[IN:CREATE_CALL", "[SL:CONTACT", "@ptr2", "@ptr3", "SL:CONTACT]", "IN:CREATE_CALL]"], "predicted_tokens": ["[IN:CREATE_CALL", "[SL:CONTACT", "@ptr2", "@ptr3", "@ptr4", "SL:CONTACT]", "IN:CREATE_CALL]"]}
{"loss": 0.9637359380722046, "class_log_probabilities": [-0.6097580790519714, -5.628746032714844, -5.782556533813477, -7.360265254974365], "predictions": [23, 10, 398, 399, 400, 401, 402, 11, 26, 4, 4], "target_tokens": ["[IN:SEND_MESSAGE", "[SL:RECIPIENT", "@ptr3", "@ptr4", "@ptr5", "@ptr6", "@ptr7", "SL:RECIPIENT]", "IN:SEND_MESSAGE]"], "predicted_tokens": ["[IN:SEND_MESSAGE", "[SL:RECIPIENT", "@ptr3", "@ptr4", "@ptr5", "@ptr6", "@ptr7", "SL:RECIPIENT]", "IN:SEND_MESSAGE]"]}
{"loss": 1.7854349613189697, "class_log_probabilities": [-0.6671339273452759, -2.70078182220459, -4.6186628341674805, -5.48052978515625], "predictions": [23, 10, 397, 11, 8, 401, 9, 26, 4, 4], "target_tokens": ["[IN:SEND_MESSAGE", "[SL:RECIPIENT", "@ptr2", "SL:RECIPIENT]", "[SL:TYPE_CONTENT", "@ptr5", "SL:TYPE_CONTENT]", "IN:SEND_MESSAGE]"], "predicted_tokens": ["[IN:SEND_MESSAGE", "[SL:RECIPIENT", "@ptr2", "SL:RECIPIENT]", "[SL:TYPE_CONTENT", "@ptr6", "SL:TYPE_CONTENT]", "IN:SEND_MESSAGE]"]}
{"loss": 0.9920369982719421, "class_log_probabilities": [-0.5746738314628601, -3.2058115005493164, -7.000938892364502, -7.957563877105713], "predictions": [23, 8, 397, 9, 26, 4, 4, 4], "target_tokens": ["[IN:SEND_MESSAGE", "[SL:TYPE_CONTENT", "@ptr2", "SL:TYPE_CONTENT]", "IN:SEND_MESSAGE]"], "predicted_tokens": ["[IN:SEND_MESSAGE", "[SL:TYPE_CONTENT", "@ptr2", "SL:TYPE_CONTENT]", "IN:SEND_MESSAGE]"]}
{"loss": 1.523371696472168, "class_log_probabilities": [-1.0017470121383667, -2.7176554203033447, -5.188179016113281, -6.250192165374756], "predictions": [23, 8, 399, 9, 10, 401, 11, 26, 4], "target_tokens": ["[IN:SEND_MESSAGE", "[SL:TYPE_CONTENT", "@ptr3", "SL:TYPE_CONTENT]", "[SL:RECIPIENT", "@ptr5", "SL:RECIPIENT]", "IN:SEND_MESSAGE]"], "predicted_tokens": ["[IN:SEND_MESSAGE", "[SL:TYPE_CONTENT", "@ptr4", "SL:TYPE_CONTENT]", "[SL:RECIPIENT", "@ptr6", "SL:RECIPIENT]", "IN:SEND_MESSAGE]"]}
{"loss": 1.4656950235366821, "class_log_probabilities": [-0.9402990937232971, -3.2647130489349365, -5.258628845214844, -6.393532752990723], "predictions": [23, 10, 397, 398, 399, 400, 11, 8, 403, 9, 26, 4, 4], "target_tokens": ["[IN:SEND_MESSAGE", "[SL:RECIPIENT", "@ptr2", "@ptr3", "@ptr4", "@ptr5", "SL:RECIPIENT]", "[SL:TYPE_CONTENT", "@ptr7", "SL:TYPE_CONTENT]", "IN:SEND_MESSAGE]"], "predicted_tokens": ["[IN:SEND_MESSAGE", "[SL:RECIPIENT", "@ptr2", "@ptr3", "@ptr4", "@ptr5", "SL:RECIPIENT]", "[SL:TYPE_CONTENT", "@ptr8", "SL:TYPE_CONTENT]", "IN:SEND_MESSAGE]"]}
{"loss": 2.0454282760620117, "class_log_probabilities": [-0.8815529942512512, -4.301563262939453, -6.0858988761901855, -6.3704400062561035], "predictions": [23, 10, 397, 398, 399, 400, 11, 8, 402, 9, 26, 4], "target_tokens": ["[IN:SEND_MESSAGE", "[SL:RECIPIENT", "@ptr2", "@ptr3", "@ptr4", "SL:RECIPIENT]", "[SL:TYPE_CONTENT", "@ptr6", "SL:TYPE_CONTENT]", "IN:SEND_MESSAGE]"], "predicted_tokens": ["[IN:SEND_MESSAGE", "[SL:RECIPIENT", "@ptr2", "@ptr3", "@ptr4", "@ptr5", "SL:RECIPIENT]", "[SL:TYPE_CONTENT", "@ptr7", "SL:TYPE_CONTENT]", "IN:SEND_MESSAGE]"]}
{"loss": 1.2968711853027344, "class_log_probabilities": [-0.926419734954834, -5.317521572113037, -5.713828086853027, -6.322041034698486], "predictions": [23, 8, 397, 9, 10, 399, 400, 401, 402, 403, 11, 26, 4], "target_tokens": ["[IN:SEND_MESSAGE", "[SL:TYPE_CONTENT", "@ptr2", "SL:TYPE_CONTENT]", "[SL:RECIPIENT", "@ptr4", "@ptr5", "@ptr6", "@ptr7", "SL:RECIPIENT]", "IN:SEND_MESSAGE]"], "predicted_tokens": ["[IN:SEND_MESSAGE", "[SL:TYPE_CONTENT", "@ptr2", "SL:TYPE_CONTENT]", "[SL:RECIPIENT", "@ptr4", "@ptr5", "@ptr6", "@ptr7", "@ptr8", "SL:RECIPIENT]", "IN:SEND_MESSAGE]"]}
{"loss": 1.0519391298294067, "class_log_probabilities": [-1.3515636920928955, -2.3069705963134766, -5.406246662139893, -5.998734951019287], "predictions": [75, 6, 399, 400, 401, 402, 403, 404, 405, 406, 407, 408, 7, 78, 4, 4, 4], "target_tokens": ["[IN:CREATE_CALL", "[SL:CONTACT", "@ptr4", "@ptr5", "@ptr6", "@ptr7", "@ptr8", "@ptr9", "@ptr10", "@ptr11", "@ptr12", "SL:CONTACT]", "IN:CREATE_CALL]"], "predicted_tokens": ["[IN:CREATE_CALL", "[SL:CONTACT", "@ptr4", "@ptr5", "@ptr6", "@ptr7", "@ptr8", "@ptr9", "@ptr10", "@ptr11", "@ptr12", "@ptr13", "SL:CONTACT]", "IN:CREATE_CALL]"]}
{"loss": 1.2988371849060059, "class_log_probabilities": [-0.7095631957054138, -4.787039279937744, -7.425283432006836, -7.5079851150512695], "predictions": [75, 6, 398, 399, 400, 401, 402, 403, 404, 7, 78, 4], "target_tokens": ["[IN:CREATE_CALL", "[SL:CONTACT", "@ptr3", "@ptr4", "@ptr5", "@ptr6", "@ptr7", "@ptr8", "SL:CONTACT]", "IN:CREATE_CALL]"], "predicted_tokens": ["[IN:CREATE_CALL", "[SL:CONTACT", "@ptr3", "@ptr4", "@ptr5", "@ptr6", "@ptr7", "@ptr8", "@ptr9", "SL:CONTACT]", "IN:CREATE_CALL]"]}
{"loss": 4.08962345123291, "class_log_probabilities": [-4.396935939788818, -4.8912882804870605, -5.624798774719238, -6.578403949737549], "predictions": [117, 34, 70, 71, 399, 72, 93, 401, 94, 73, 4, 4, 4, 4, 4, 4, 4, 4], "target_tokens": ["[IN:GET_CONTACT", "[SL:CONTACT_RELATED", "@ptr4", "@ptr5", "SL:CONTACT_RELATED]", "[SL:TYPE_RELATION", "@ptr3", "SL:TYPE_RELATION]", "[SL:DATE_TIME", "@ptr10", "@ptr11", "@ptr12", "SL:DATE_TIME]", "IN:GET_CONTACT]"], "predicted_tokens": ["[IN:GET_REMINDER_DATE_TIME", "[SL:PERSON_REMINDED", "[IN:GET_CONTACT", "[SL:TYPE_RELATION", "@ptr4", "SL:TYPE_RELATION]", "[SL:CONTACT_RELATED", "@ptr6", "SL:CONTACT_RELATED]", "IN:GET_CONTACT]"]}
{"loss": 2.990870475769043, "class_log_probabilities": [-0.44773805141448975, -7.130774021148682, -7.588192939758301, -7.729185104370117], "predictions": [13, 16, 403, 404, 405, 17, 18, 4, 4, 4, 4], "target_tokens": ["[IN:GET_CONTACT", "[SL:DATE_TIME", "@ptr8", "@ptr9", "@ptr10", "SL:DATE_TIME]", "IN:GET_CONTACT]"], "predicted_tokens": ["[IN:GET_WEATHER", "[SL:DATE_TIME", "@ptr8", "@ptr9", "@ptr10", "SL:DATE_TIME]", "IN:GET_WEATHER]"]}
{"loss": 1.742352843284607, "class_log_probabilities": [-0.9885260462760925, -3.1808273792266846, -4.687709808349609, -4.890774726867676], "predictions": [153, 154, 4], "target_tokens": ["[IN:HOLD_CALL", "IN:HOLD_CALL]"], "predicted_tokens": ["[IN:ANSWER_CALL", "IN:ANSWER_CALL]"]}
{"loss": 0.9701449275016785, "class_log_probabilities": [-0.1611347794532776, -8.610185623168945, -8.63253116607666, -8.77224063873291], "predictions": [81, 82, 4, 4, 4], "target_tokens": ["[IN:END_CALL", "IN:END_CALL]"], "predicted_tokens": ["[IN:END_CALL", "IN:END_CALL]"]}
{"loss": 3.053860902786255, "class_log_probabilities": [-1.2738440036773682, -4.246573448181152, -5.167086601257324, -11.974239349365234], "predictions": [189, 190, 4, 4, 4, 4, 4, 4, 4, 4, 4, 4], "target_tokens": ["[IN:SET_UNAVAILABLE", "IN:SET_UNAVAILABLE]"], "predicted_tokens": ["[IN:SET_AVAILABLE", "IN:SET_AVAILABLE]"]}
{"loss": 2.491345167160034, "class_log_probabilities": [-5.1779327392578125, -7.10064172744751, -7.430075168609619, -7.657614231109619], "predictions": [61, 83, 396, 397, 398, 399, 400, 401, 84, 16, 403, 404, 405, 406, 17, 62, 4, 4], "target_tokens": ["[IN:GET_CALL", "[SL:DATE_TIME", "@ptr8", "@ptr9", "@ptr10", "SL:DATE_TIME]", "IN:GET_CALL]"], "predicted_tokens": ["[IN:GET_EVENT", "[SL:CATEGORY_EVENT", "@ptr1", "@ptr2", "@ptr3", "@ptr4", "@ptr5", "@ptr6", "SL:CATEGORY_EVENT]", "[SL:DATE_TIME", "@ptr8", "@ptr9", "@ptr10", "@ptr11", "SL:DATE_TIME]", "IN:GET_EVENT]"]}
{"loss": 0.9654111862182617, "class_log_probabilities": [-0.498893141746521, -4.932438373565674, -5.660674571990967, -7.057679176330566], "predictions": [171, 6, 398, 399, 7, 172, 4], "target_tokens": ["[IN:GET_AVAILABILITY", "[SL:CONTACT", "@ptr3", "@ptr4", "SL:CONTACT]", "IN:GET_AVAILABILITY]"], "predicted_tokens": ["[IN:GET_AVAILABILITY", "[SL:CONTACT", "@ptr3", "@ptr4", "SL:CONTACT]", "IN:GET_AVAILABILITY]"]}
{"loss": 2.1771395206451416, "class_log_probabilities": [-2.3519582748413086, -5.769694805145264, -5.773218154907227, -5.865767478942871], "predictions": [185, 16, 395, 396, 17, 6, 399, 400, 401, 402, 7, 186, 4], "target_tokens": ["[IN:GET_CALL", "[SL:DATE_TIME", "@ptr0", "@ptr1", "SL:DATE_TIME]", "IN:GET_CALL]"], "predicted_tokens": ["[IN:GET_CALL", "[SL:DATE_TIME", "@ptr0", "@ptr1", "SL:DATE_TIME]", "[SL:CONTACT", "@ptr4", "@ptr5", "@ptr6", "@ptr7", "SL:CONTACT]", "IN:GET_CALL]"]}
{"loss": 1.0085945129394531, "class_log_probabilities": [-0.12796014547348022, -7.900063991546631, -8.024526596069336, -8.04859733581543], "predictions": [209, 210, 4, 4], "target_tokens": ["[IN:GET_CALL_CONTACT", "IN:GET_CALL_CONTACT]"], "predicted_tokens": ["[IN:GET_CALL_CONTACT", "IN:GET_CALL_CONTACT]"]}
{"loss": 3.4067347049713135, "class_log_probabilities": [-1.4544634819030762, -3.075788974761963, -6.898712158203125, -7.270087718963623], "predictions": [69, 16, 395, 396, 17, 6, 398, 399, 400, 7, 6, 403, 7, 74, 4], "target_tokens": ["[IN:GET_CALL_TIME", "[SL:CONTACT", "@ptr3", "@ptr4", "@ptr5", "SL:CONTACT]", "[SL:DATE_TIME", "@ptr0", "@ptr1", "@ptr2", "SL:DATE_TIME]", "IN:GET_CALL_TIME]"], "predicted_tokens": ["[IN:GET_CALL_TIME", "[SL:DATE_TIME", "@ptr0", "@ptr1", "SL:DATE_TIME]", "[SL:CONTACT", "@ptr3", "@ptr4", "@ptr5", "SL:CONTACT]", "[SL:CONTACT", "@ptr8", "SL:CONTACT]", "IN:GET_CALL_TIME]"]}
{"loss": 2.9517910480499268, "class_log_probabilities": [-1.1304855346679688, -3.385063648223877, -3.7687196731567383, -4.832819938659668], "predictions": [63, 66, 396, 397, 398, 399, 400, 401, 402, 67, 68, 4], "target_tokens": ["[IN:PLAY_MUSIC", "[SL:MUSIC_ALBUM_TITLE", "@ptr1", "@ptr2", "SL:MUSIC_ALBUM_TITLE]", "[SL:MUSIC_PROVIDER_NAME", "@ptr4", "@ptr5", "@ptr6", "SL:MUSIC_PROVIDER_NAME]", "IN:PLAY_MUSIC]"], "predicted_tokens": ["[IN:PLAY_MUSIC", "[SL:MUSIC_ARTIST_NAME", "@ptr1", "@ptr2", "@ptr3", "@ptr4", "@ptr5", "@ptr6", "@ptr7", "SL:MUSIC_ARTIST_NAME]", "IN:PLAY_MUSIC]"]}
{"loss": 2.0502259731292725, "class_log_probabilities": [-1.7516409158706665, -1.923584222793579, -4.01723575592041, -4.802918910980225], "predictions": [13, 79, 397, 80, 16, 405, 406, 407, 408, 17, 18, 4], "target_tokens": ["[IN:GET_WEATHER", "[SL:WEATHER_ATTRIBUTE", "@ptr2", "SL:WEATHER_ATTRIBUTE]", "[SL:DATE_TIME", "@ptr9", "@ptr10", "@ptr11", "SL:DATE_TIME]", "IN:GET_WEATHER]"], "predicted_tokens": ["[IN:GET_WEATHER", "[SL:WEATHER_ATTRIBUTE", "@ptr2", "SL:WEATHER_ATTRIBUTE]", "[SL:DATE_TIME", "@ptr10", "@ptr11", "@ptr12", "@ptr13", "SL:DATE_TIME]", "IN:GET_WEATHER]"]}
{"loss": 1.81366765499115, "class_log_probabilities": [-0.7573298215866089, -5.876688003540039, -6.422937870025635, -6.914306640625], "predictions": [13, 79, 397, 80, 16, 399, 400, 401, 402, 17, 18, 4, 4], "target_tokens": ["[IN:GET_WEATHER", "[SL:WEATHER_ATTRIBUTE", "@ptr2", "@ptr3", "SL:WEATHER_ATTRIBUTE]", "[SL:DATE_TIME", "@ptr4", "@ptr5", "@ptr6", "SL:DATE_TIME]", "IN:GET_WEATHER]"], "predicted_tokens": ["[IN:GET_WEATHER", "[SL:WEATHER_ATTRIBUTE", "@ptr2", "SL:WEATHER_ATTRIBUTE]", "[SL:DATE_TIME", "@ptr4", "@ptr5", "@ptr6", "@ptr7", "SL:DATE_TIME]", "IN:GET_WEATHER]"]}
{"loss": 2.0860986709594727, "class_log_probabilities": [-1.1835612058639526, -1.9205302000045776, -6.339788436889648, -7.2459001541137695], "predictions": [13, 16, 397, 398, 399, 400, 401, 402, 403, 17, 18, 4, 4], "target_tokens": ["[IN:GET_WEATHER", "[SL:DATE_TIME", "@ptr4", "@ptr5", "@ptr6", "@ptr7", "SL:DATE_TIME]", "IN:GET_WEATHER]"], "predicted_tokens": ["[IN:GET_WEATHER", "[SL:DATE_TIME", "@ptr2", "@ptr3", "@ptr4", "@ptr5", "@ptr6", "@ptr7", "@ptr8", "SL:DATE_TIME]", "IN:GET_WEATHER]"]}
{"loss": 4.381939888000488, "class_log_probabilities": [-1.2835124731063843, -4.493317127227783, -4.900659561157227, -6.39176082611084], "predictions": [13, 16, 395, 17, 79, 399, 80, 14, 403, 404, 15, 18, 4], "target_tokens": ["[IN:GET_WEATHER", "[SL:WEATHER_ATTRIBUTE", "@ptr3", "SL:WEATHER_ATTRIBUTE]", "[SL:LOCATION", "@ptr7", "@ptr8", "SL:LOCATION]", "[SL:DATE_TIME", "@ptr0", "@ptr1", "SL:DATE_TIME]", "IN:GET_WEATHER]"], "predicted_tokens": ["[IN:GET_WEATHER", "[SL:DATE_TIME", "@ptr0", "SL:DATE_TIME]", "[SL:WEATHER_ATTRIBUTE", "@ptr4", "SL:WEATHER_ATTRIBUTE]", "[SL:LOCATION", "@ptr8", "@ptr9", "SL:LOCATION]", "IN:GET_WEATHER]"]}
{"loss": 4.644440650939941, "class_log_probabilities": [-1.240827202796936, -2.845536470413208, -4.184365749359131, -5.492461681365967], "predictions": [23, 10, 396, 397, 398, 399, 400, 401, 402, 403, 404, 405, 25, 26, 4], "target_tokens": ["[IN:GET_WEATHER", "[SL:LOCATION", "@ptr5", "@ptr6", "@ptr7", "@ptr8", "SL:LOCATION]", "IN:GET_WEATHER]"], "predicted_tokens": ["[IN:SEND_MESSAGE", "[SL:RECIPIENT", "@ptr1", "@ptr2", "@ptr3", "@ptr4", "@ptr5", "@ptr6", "@ptr7", "@ptr8", "@ptr9", "@ptr10", "SL:CONTENT_EXACT]", "IN:SEND_MESSAGE]"]}
{"loss": 3.2865796089172363, "class_log_probabilities": [-0.6115624308586121, -5.184356212615967, -5.636161804199219, -7.339287757873535], "predictions": [13, 14, 401, 402, 403, 404, 15, 18, 4, 4], "target_tokens": ["[IN:GET_WEATHER", "[SL:LOCATION", "@ptr5", "@ptr6", "@ptr7", "SL:LOCATION]", "IN:GET_WEATHER]"], "predicted_tokens": ["[IN:GET_WEATHER", "[SL:LOCATION", "@ptr6", "@ptr7", "@ptr8", "@ptr9", "SL:LOCATION]", "IN:GET_WEATHER]"]}
{"loss": 3.2078428268432617, "class_log_probabilities": [-1.4733432531356812, -2.2300662994384766, -3.385779857635498, -4.292021751403809], "predictions": [13, 16, 395, 396, 17, 79, 399, 80, 14, 404, 15, 18, 4, 4], "target_tokens": ["[IN:GET_WEATHER", "[SL:WEATHER_ATTRIBUTE", "@ptr7", "SL:WEATHER_ATTRIBUTE]", "[SL:LOCATION", "@ptr9", "SL:LOCATION]", "[SL:DATE_TIME", "@ptr0", "@ptr1", "SL:DATE_TIME]", "IN:GET_WEATHER]"], "predicted_tokens": ["[IN:GET_WEATHER", "[SL:DATE_TIME", "@ptr0", "@ptr1", "SL:DATE_TIME]", "[SL:WEATHER_ATTRIBUTE", "@ptr4", "SL:WEATHER_ATTRIBUTE]", "[SL:LOCATION", "@ptr9", "SL:LOCATION]", "IN:GET_WEATHER]"]}
{"loss": 2.304063081741333, "class_log_probabilities": [-0.5142508745193481, -4.279813289642334, -6.132357597351074, -8.002655029296875], "predictions": [13, 16, 401, 402, 403, 17, 18, 4, 4], "target_tokens": ["[IN:GET_WEATHER", "[SL:DATE_TIME", "@ptr5", "@ptr6", "@ptr7", "SL:DATE_TIME]", "IN:GET_WEATHER]"], "predicted_tokens": ["[IN:GET_WEATHER", "[SL:DATE_TIME", "@ptr6", "@ptr7", "@ptr8", "SL:DATE_TIME]", "IN:GET_WEATHER]"]}
{"loss": 2.768066167831421, "class_log_probabilities": [-0.7503988146781921, -5.790341854095459, -6.618192195892334, -7.016745567321777], "predictions": [13, 16, 397, 398, 399, 400, 17, 14, 402, 403, 404, 15, 18, 4], "target_tokens": ["[IN:GET_WEATHER", "[SL:DATE_TIME", "@ptr2", "@ptr3", "@ptr4", "@ptr5", "@ptr6", "@ptr7", "@ptr8", "SL:DATE_TIME]", "IN:GET_WEATHER]"], "predicted_tokens": ["[IN:GET_WEATHER", "[SL:DATE_TIME", "@ptr2", "@ptr3", "@ptr4", "@ptr5", "SL:DATE_TIME]", "[SL:LOCATION", "@ptr7", "@ptr8", "@ptr9", "SL:LOCATION]", "IN:GET_WEATHER]"]}
{"loss": 0.9629672169685364, "class_log_probabilities": [-0.44333380460739136, -6.962303161621094, -7.8977556228637695, -8.325502395629883], "predictions": [13, 16, 395, 396, 397, 17, 18, 4, 4], "target_tokens": ["[IN:GET_WEATHER", "[SL:DATE_TIME", "@ptr0", "@ptr1", "@ptr2", "SL:DATE_TIME]", "IN:GET_WEATHER]"], "predicted_tokens": ["[IN:GET_WEATHER", "[SL:DATE_TIME", "@ptr0", "@ptr1", "@ptr2", "SL:DATE_TIME]", "IN:GET_WEATHER]"]}
{"loss": 2.8992044925689697, "class_log_probabilities": [-0.44674327969551086, -8.329211235046387, -8.582491874694824, -8.693594932556152], "predictions": [13, 16, 401, 402, 403, 17, 18, 4, 4], "target_tokens": ["[IN:GET_WEATHER", "[SL:DATE_TIME", "@ptr5", "@ptr6", "@ptr7", "SL:DATE_TIME]", "IN:GET_WEATHER]"], "predicted_tokens": ["[IN:GET_WEATHER", "[SL:DATE_TIME", "@ptr6", "@ptr7", "@ptr8", "SL:DATE_TIME]", "IN:GET_WEATHER]"]}
{"loss": 1.12843656539917, "class_log_probabilities": [-0.735990047454834, -1.4375299215316772, -8.148557662963867, -8.624760627746582], "predictions": [13, 14, 399, 15, 18, 4, 4], "target_tokens": ["[IN:GET_WEATHER", "[SL:LOCATION", "@ptr3", "SL:LOCATION]", "IN:GET_WEATHER]"], "predicted_tokens": ["[IN:GET_WEATHER", "[SL:LOCATION", "@ptr4", "SL:LOCATION]", "IN:GET_WEATHER]"]}
{"loss": 2.288862466812134, "class_log_probabilities": [-0.33856070041656494, -7.7830281257629395, -8.219155311584473, -8.233222007751465], "predictions": [13, 14, 403, 15, 18, 4, 4], "target_tokens": ["[IN:GET_WEATHER", "[SL:LOCATION", "@ptr7", "SL:LOCATION]", "IN:GET_WEATHER]"], "predicted_tokens": ["[IN:GET_WEATHER", "[SL:LOCATION", "@ptr8", "SL:LOCATION]", "IN:GET_WEATHER]"]}
{"loss": 2.1221201419830322, "class_log_probabilities": [-0.32559850811958313, -8.051165580749512, -8.577292442321777, -8.692361831665039], "predictions": [13, 14, 400, 15, 18, 4], "target_tokens": ["[IN:GET_WEATHER", "[SL:LOCATION", "@ptr4", "SL:LOCATION]", "IN:GET_WEATHER]"], "predicted_tokens": ["[IN:GET_WEATHER", "[SL:LOCATION", "@ptr5", "SL:LOCATION]", "IN:GET_WEATHER]"]}
{"loss": 2.460214376449585, "class_log_probabilities": [-1.1465142965316772, -1.873695731163025, -6.916982650756836, -8.0993070602417], "predictions": [13, 14, 400, 15, 18, 4, 4, 4], "target_tokens": ["[IN:GET_WEATHER", "[SL:LOCATION", "@ptr4", "SL:LOCATION]", "IN:GET_WEATHER]"], "predicted_tokens": ["[IN:GET_WEATHER", "[SL:LOCATION", "@ptr5", "SL:LOCATION]", "IN:GET_WEATHER]"]}
{"loss": 1.6543372869491577, "class_log_probabilities": [-0.7816832065582275, -7.216696739196777, -7.32135009765625, -8.18135929107666], "predictions": [13, 79, 395, 80, 16, 398, 399, 400, 401, 402, 17, 18, 4, 4], "target_tokens": ["[IN:GET_WEATHER", "[SL:WEATHER_ATTRIBUTE", "@ptr0", "SL:WEATHER_ATTRIBUTE]", "[SL:DATE_TIME", "@ptr3", "@ptr4", "@ptr5", "SL:DATE_TIME]", "IN:GET_WEATHER]"], "predicted_tokens": ["[IN:GET_WEATHER", "[SL:WEATHER_ATTRIBUTE", "@ptr0", "SL:WEATHER_ATTRIBUTE]", "[SL:DATE_TIME", "@ptr3", "@ptr4", "@ptr5", "@ptr6", "@ptr7", "SL:DATE_TIME]", "IN:GET_WEATHER]"]}
{"loss": 3.132436752319336, "class_log_probabilities": [-0.6297604441642761, -5.348836421966553, -8.092063903808594, -8.393397331237793], "predictions": [13, 16, 395, 396, 17, 79, 397, 80, 18, 4], "target_tokens": ["[IN:GET_WEATHER", "[SL:WEATHER_ATTRIBUTE", "@ptr2", "SL:WEATHER_ATTRIBUTE]", "[SL:DATE_TIME", "@ptr0", "@ptr1", "SL:DATE_TIME]", "IN:GET_WEATHER]"], "predicted_tokens": ["[IN:GET_WEATHER", "[SL:DATE_TIME", "@ptr0", "@ptr1", "SL:DATE_TIME]", "[SL:WEATHER_ATTRIBUTE", "@ptr2", "SL:WEATHER_ATTRIBUTE]", "IN:GET_WEATHER]"]}
{"loss": 3.6089935302734375, "class_log_probabilities": [-1.6453508138656616, -1.7663755416870117, -3.2375707626342773, -5.203242301940918], "predictions": [45, 46, 4], "target_tokens": ["[IN:SNOOZE_ALARM", "IN:SNOOZE_ALARM]"], "predicted_tokens": ["[IN:CREATE_ALARM", "IN:CREATE_ALARM]"]}
{"loss": 3.704981803894043, "class_log_probabilities": [-0.9722216129302979, -3.3159124851226807, -3.359473943710327, -4.044078350067139], "predictions": [255, 16, 401, 402, 17, 256, 4], "target_tokens": ["[IN:SNOOZE_ALARM", "[SL:DATE_TIME", "@ptr3", "@ptr4", "@ptr5", "@ptr6", "SL:DATE_TIME]", "IN:SNOOZE_ALARM]"], "predicted_tokens": ["[IN:PAUSE_TIMER", "[SL:DATE_TIME", "@ptr6", "@ptr7", "SL:DATE_TIME]", "IN:PAUSE_TIMER]"]}
{"loss": 2.604931592941284, "class_log_probabilities": [-0.9270668625831604, -2.394551992416382, -6.467362403869629, -7.621304035186768], "predictions": [49, 16, 400, 401, 402, 17, 50, 4, 4], "target_tokens": ["[IN:CREATE_ALARM", "[SL:DATE_TIME", "@ptr4", "@ptr5", "@ptr6", "SL:DATE_TIME]", "IN:CREATE_ALARM]"], "predicted_tokens": ["[IN:CREATE_REMINDER", "[SL:DATE_TIME", "@ptr5", "@ptr6", "@ptr7", "SL:DATE_TIME]", "IN:CREATE_REMINDER]"]}
{"loss": 2.9543371200561523, "class_log_probabilities": [-0.4672476351261139, -8.543478012084961, -8.685328483581543, -8.980271339416504], "predictions": [45, 16, 401, 402, 403, 17, 46, 4, 4], "target_tokens": ["[IN:CREATE_ALARM", "[SL:DATE_TIME", "@ptr5", "@ptr6", "@ptr7", "SL:DATE_TIME]", "IN:CREATE_ALARM]"], "predicted_tokens": ["[IN:CREATE_ALARM", "[SL:DATE_TIME", "@ptr6", "@ptr7", "@ptr8", "SL:DATE_TIME]", "IN:CREATE_ALARM]"]}
{"loss": 1.2177109718322754, "class_log_probabilities": [-0.6578090786933899, -3.825998306274414, -7.64349365234375, -7.721236705780029], "predictions": [45, 16, 400, 401, 402, 403, 404, 17, 46, 4, 4], "target_tokens": ["[IN:CREATE_ALARM", "[SL:DATE_TIME", "@ptr5", "@ptr6", "@ptr7", "@ptr8", "@ptr9", "@ptr10", "SL:DATE_TIME]", "IN:CREATE_ALARM]"], "predicted_tokens": ["[IN:CREATE_ALARM", "[SL:DATE_TIME", "@ptr5", "@ptr6", "@ptr7", "@ptr8", "@ptr9", "SL:DATE_TIME]", "IN:CREATE_ALARM]"]}
{"loss": 0.977240264415741, "class_log_probabilities": [-0.989609956741333, -3.2169251441955566, -7.662680625915527, -8.086215019226074], "predictions": [45, 16, 399, 400, 401, 402, 403, 404, 405, 406, 407, 17, 46, 4, 4, 4, 4, 4, 4, 4, 4], "target_tokens": ["[IN:CREATE_ALARM", "[SL:DATE_TIME", "@ptr4", "@ptr5", "@ptr6", "@ptr7", "@ptr8", "@ptr9", "@ptr10", "@ptr11", "@ptr12", "SL:DATE_TIME]", "IN:CREATE_ALARM]"], "predicted_tokens": ["[IN:CREATE_ALARM", "[SL:DATE_TIME", "@ptr4", "@ptr5", "@ptr6", "@ptr7", "@ptr8", "@ptr9", "@ptr10", "@ptr11", "@ptr12", "SL:DATE_TIME]", "IN:CREATE_ALARM]"]}
{"loss": 2.555267572402954, "class_log_probabilities": [-0.6803419589996338, -6.144373416900635, -7.560007572174072, -9.677560806274414], "predictions": [45, 16, 400, 401, 402, 403, 404, 405, 406, 17, 46, 4, 4, 4], "target_tokens": ["[IN:CREATE_ALARM", "[SL:DATE_TIME", "@ptr4", "@ptr5", "@ptr6", "@ptr7", "@ptr8", "@ptr9", "@ptr10", "SL:DATE_TIME]", "IN:CREATE_ALARM]"], "predicted_tokens": ["[IN:CREATE_ALARM", "[SL:DATE_TIME", "@ptr5", "@ptr6", "@ptr7", "@ptr8", "@ptr9", "@ptr10", "@ptr11", "SL:DATE_TIME]", "IN:CREATE_ALARM]"]}
{"loss": 2.1359407901763916, "class_log_probabilities": [-2.2008752822875977, -3.1661672592163086, -4.307326793670654, -4.452720642089844], "predictions": [75, 16, 399, 400, 401, 402, 403, 404, 17, 78, 4, 4, 4, 4], "target_tokens": ["[IN:CREATE_ALARM", "[SL:DATE_TIME", "@ptr4", "@ptr5", "@ptr6", "@ptr7", "@ptr8", "SL:DATE_TIME]", "IN:CREATE_ALARM]"], "predicted_tokens": ["[IN:CREATE_CALL", "[SL:DATE_TIME", "@ptr4", "@ptr5", "@ptr6", "@ptr7", "@ptr8", "@ptr9", "SL:DATE_TIME]", "IN:CREATE_CALL]"]}
{"loss": 1.4217580556869507, "class_log_probabilities": [-0.7232044339179993, -7.918488502502441, -8.525517463684082, -8.940258979797363], "predictions": [45, 16, 398, 399, 400, 401, 402, 403, 404, 405, 17, 46, 4, 4, 4, 4, 4, 4, 4], "target_tokens": ["[IN:CREATE_ALARM", "[SL:DATE_TIME", "@ptr3", "@ptr4", "@ptr5", "@ptr6", "@ptr7", "@ptr8", "@ptr9", "@ptr10", "@ptr11", "SL:DATE_TIME]", "IN:CREATE_ALARM]"], "predicted_tokens": ["[IN:CREATE_ALARM", "[SL:DATE_TIME", "@ptr3", "@ptr4", "@ptr5", "@ptr6", "@ptr7", "@ptr8", "@ptr9", "@ptr10", "SL:DATE_TIME]", "IN:CREATE_ALARM]"]}
{"loss": 4.665876865386963, "class_log_probabilities": [-0.6066341996192932, -7.172268390655518, -7.422141075134277, -7.729247570037842], "predictions": [49, 36, 402, 403, 404, 37, 16, 405, 406, 407, 17, 50, 4, 4], "target_tokens": ["[IN:CREATE_ALARM", "[SL:ALARM_NAME", "@ptr1", "@ptr7", "@ptr8", "SL:ALARM_NAME]", "[SL:DATE_TIME", "@ptr9", "@ptr10", "@ptr11", "SL:DATE_TIME]", "IN:CREATE_ALARM]"], "predicted_tokens": ["[IN:CREATE_REMINDER", "[SL:TODO", "@ptr7", "@ptr8", "@ptr9", "SL:TODO]", "[SL:DATE_TIME", "@ptr10", "@ptr11", "@ptr12", "SL:DATE_TIME]", "IN:CREATE_REMINDER]"]}
{"loss": 2.1009960174560547, "class_log_probabilities": [-0.6816766858100891, -4.4562225341796875, -6.732064247131348, -7.487267017364502], "predictions": [45, 16, 403, 404, 405, 406, 407, 408, 409, 17, 46, 4, 4, 4, 4], "target_tokens": ["[IN:CREATE_ALARM", "[SL:ALARM_NAME", "@ptr5", "SL:ALARM_NAME]", "[SL:DATE_TIME", "@ptr7", "@ptr8", "@ptr9", "@ptr10", "@ptr11", "@ptr12", "@ptr13", "@ptr14", "SL:DATE_TIME]", "IN:CREATE_ALARM]"], "predicted_tokens": ["[IN:CREATE_ALARM", "[SL:DATE_TIME", "@ptr8", "@ptr9", "@ptr10", "@ptr11", "@ptr12", "@ptr13", "@ptr14", "SL:DATE_TIME]", "IN:CREATE_ALARM]"]}
{"loss": 3.0407166481018066, "class_log_probabilities": [-1.4909700155258179, -3.3239188194274902, -4.003480434417725, -7.157868385314941], "predictions": [49, 36, 398, 399, 400, 401, 37, 16, 402, 403, 404, 405, 406, 407, 408, 17, 50, 4, 4, 4], "target_tokens": ["[IN:CREATE_ALARM", "[SL:ALARM_NAME", "@ptr5", "SL:ALARM_NAME]", "[SL:DATE_TIME", "@ptr6", "@ptr7", "@ptr8", "@ptr9", "@ptr10", "@ptr11", "@ptr12", "SL:DATE_TIME]", "IN:CREATE_ALARM]"], "predicted_tokens": ["[IN:CREATE_REMINDER", "[SL:TODO", "@ptr3", "@ptr4", "@ptr5", "@ptr6", "SL:TODO]", "[SL:DATE_TIME", "@ptr7", "@ptr8", "@ptr9", "@ptr10", "@ptr11", "@ptr12", "@ptr13", "SL:DATE_TIME]", "IN:CREATE_REMINDER]"]}
{"loss": 1.756624698638916, "class_log_probabilities": [-1.817367434501648, -3.4187839031219482, -4.10521125793457, -4.229544639587402], "predictions": [45, 16, 402, 403, 404, 405, 406, 407, 408, 409, 411, 17, 46, 4, 4], "target_tokens": ["[IN:CREATE_ALARM", "[SL:DATE_TIME", "@ptr6", "@ptr7", "@ptr8", "@ptr9", "@ptr10", "@ptr11", "@ptr12", "@ptr13", "@ptr14", "@ptr15", "@ptr16", "SL:DATE_TIME]", "IN:CREATE_ALARM]"], "predicted_tokens": ["[IN:CREATE_ALARM", "[SL:DATE_TIME", "@ptr7", "@ptr8", "@ptr9", "@ptr10", "@ptr11", "@ptr12", "@ptr13", "@ptr14", "@ptr16", "SL:DATE_TIME]", "IN:CREATE_ALARM]"]}
{"loss": 3.334963798522949, "class_log_probabilities": [-1.4750683307647705, -2.487591505050659, -4.137955665588379, -7.260731220245361], "predictions": [259, 16, 403, 404, 405, 406, 17, 260, 4], "target_tokens": ["[IN:UPDATE_ALARM", "[SL:ALARM_NAME", "@ptr5", "SL:ALARM_NAME]", "[SL:DATE_TIME", "@ptr6", "@ptr7", "@ptr8", "@ptr9", "@ptr10", "SL:DATE_TIME]", "IN:UPDATE_ALARM]"], "predicted_tokens": ["[IN:UPDATE_ALARM", "[SL:DATE_TIME", "@ptr8", "@ptr9", "@ptr10", "@ptr11", "SL:DATE_TIME]", "IN:UPDATE_ALARM]"]}
{"loss": 2.573606014251709, "class_log_probabilities": [-1.119828701019287, -2.917949914932251, -6.165862560272217, -6.462393760681152], "predictions": [75, 6, 398, 399, 400, 7, 78, 4], "target_tokens": ["[IN:END_CALL", "[SL:CONTACT", "@ptr3", "@ptr4", "@ptr5", "SL:CONTACT]", "IN:END_CALL]"], "predicted_tokens": ["[IN:CREATE_CALL", "[SL:CONTACT", "@ptr3", "@ptr4", "@ptr5", "SL:CONTACT]", "IN:CREATE_CALL]"]}
{"loss": 0.9595392346382141, "class_log_probabilities": [-0.7705541253089905, -6.392405033111572, -6.838793754577637, -9.33434009552002], "predictions": [107, 108, 398, 399, 400, 401, 402, 109, 110, 4, 4, 4], "target_tokens": ["[IN:UPDATE_CALL", "[SL:CONTACT_ADDED", "@ptr3", "@ptr4", "@ptr5", "@ptr6", "@ptr7", "SL:CONTACT_ADDED]", "IN:UPDATE_CALL]"], "predicted_tokens": ["[IN:UPDATE_CALL", "[SL:CONTACT_ADDED", "@ptr3", "@ptr4", "@ptr5", "@ptr6", "@ptr7", "SL:CONTACT_ADDED]", "IN:UPDATE_CALL]"]}
{"loss": 0.9837031364440918, "class_log_probabilities": [-0.14450612664222717, -8.403891563415527, -8.519747734069824, -8.732757568359375], "predictions": [5, 12, 4, 4, 4], "target_tokens": ["[IN:GET_MESSAGE", "IN:GET_MESSAGE]"], "predicted_tokens": ["[IN:GET_MESSAGE", "IN:GET_MESSAGE]"]}
{"loss": 3.3091330528259277, "class_log_probabilities": [-0.46716082096099854, -8.169705390930176, -8.46093463897705, -8.569607734680176], "predictions": [45, 16, 399, 400, 401, 17, 46, 4], "target_tokens": ["[IN:CREATE_ALARM", "[SL:DATE_TIME", "@ptr3", "@ptr4", "@ptr5", "SL:DATE_TIME]", "IN:CREATE_ALARM]"], "predicted_tokens": ["[IN:CREATE_ALARM", "[SL:DATE_TIME", "@ptr4", "@ptr5", "@ptr6", "SL:DATE_TIME]", "IN:CREATE_ALARM]"]}
{"loss": 1.7833938598632812, "class_log_probabilities": [-0.5951124429702759, -7.650949478149414, -8.203351020812988, -8.254303932189941], "predictions": [45, 16, 400, 401, 402, 403, 404, 17, 46, 4], "target_tokens": ["[IN:CREATE_ALARM", "[SL:DATE_TIME", "@ptr4", "@ptr5", "@ptr6", "@ptr7", "@ptr8", "@ptr9", "SL:DATE_TIME]", "IN:CREATE_ALARM]"], "predicted_tokens": ["[IN:CREATE_ALARM", "[SL:DATE_TIME", "@ptr5", "@ptr6", "@ptr7", "@ptr8", "@ptr9", "SL:DATE_TIME]", "IN:CREATE_ALARM]"]}
{"loss": 1.4842194318771362, "class_log_probabilities": [-0.848297119140625, -4.667964458465576, -5.1572723388671875, -5.644510269165039], "predictions": [45, 16, 399, 400, 401, 402, 403, 17, 46, 4], "target_tokens": ["[IN:CREATE_ALARM", "[SL:DATE_TIME", "@ptr4", "@ptr5", "@ptr6", "@ptr7", "@ptr8", "@ptr9", "SL:DATE_TIME]", "IN:CREATE_ALARM]"], "predicted_tokens": ["[IN:CREATE_ALARM", "[SL:DATE_TIME", "@ptr4", "@ptr5", "@ptr6", "@ptr7", "@ptr8", "SL:DATE_TIME]", "IN:CREATE_ALARM]"]}
{"loss": 1.8736472129821777, "class_log_probabilities": [-0.583530843257904, -7.986332893371582, -8.315824508666992, -8.324626922607422], "predictions": [45, 16, 400, 401, 402, 403, 404, 17, 46, 4], "target_tokens": ["[IN:CREATE_ALARM", "[SL:DATE_TIME", "@ptr4", "@ptr5", "@ptr6", "@ptr7", "@ptr8", "@ptr9", "SL:DATE_TIME]", "IN:CREATE_ALARM]"], "predicted_tokens": ["[IN:CREATE_ALARM", "[SL:DATE_TIME", "@ptr5", "@ptr6", "@ptr7", "@ptr8", "@ptr9", "SL:DATE_TIME]", "IN:CREATE_ALARM]"]}
{"loss": 2.9439048767089844, "class_log_probabilities": [-2.5107245445251465, -3.468010663986206, -4.144023418426514, -4.179291248321533], "predictions": [75, 6, 397, 398, 399, 7, 6, 70, 71, 401, 402, 403, 404, 72, 93, 405, 94, 73, 7, 78, 4, 4], "target_tokens": ["[IN:CREATE_CALL", "[SL:CONTACT", "[IN:GET_CONTACT", "[SL:CONTACT", "@ptr2", "@ptr3", "@ptr4", "SL:CONTACT]", "[SL:CONTACT_RELATED", "@ptr8", "@ptr9", "SL:CONTACT_RELATED]", "[SL:TYPE_RELATION", "@ptr5", "@ptr6", "@ptr7", "SL:TYPE_RELATION]", "IN:GET_CONTACT]", "SL:CONTACT]", "IN:CREATE_CALL]"], "predicted_tokens": ["[IN:CREATE_CALL", "[SL:CONTACT", "@ptr2", "@ptr3", "@ptr4", "SL:CONTACT]", "[SL:CONTACT", "[IN:GET_CONTACT", "[SL:TYPE_RELATION", "@ptr6", "@ptr7", "@ptr8", "@ptr9", "SL:TYPE_RELATION]", "[SL:CONTACT_RELATED", "@ptr10", "SL:CONTACT_RELATED]", "IN:GET_CONTACT]", "SL:CONTACT]", "IN:CREATE_CALL]"]}
{"loss": 3.5067265033721924, "class_log_probabilities": [-2.1171364784240723, -2.5727996826171875, -3.6418004035949707, -4.079464435577393], "predictions": [183, 16, 397, 398, 17, 184, 4, 4], "target_tokens": ["[IN:SNOOZE_ALARM", "[SL:DATE_TIME", "@ptr1", "@ptr2", "@ptr3", "SL:DATE_TIME]", "IN:SNOOZE_ALARM]"], "predicted_tokens": ["[IN:ADD_TIME_TIMER", "[SL:DATE_TIME", "@ptr2", "@ptr3", "SL:DATE_TIME]", "IN:ADD_TIME_TIMER]"]}
{"loss": 2.550499439239502, "class_log_probabilities": [-0.5106317400932312, -7.511504173278809, -8.016817092895508, -8.043682098388672], "predictions": [45, 16, 401, 402, 403, 17, 46, 4, 4], "target_tokens": ["[IN:CREATE_ALARM", "[SL:DATE_TIME", "@ptr5", "@ptr6", "@ptr7", "SL:DATE_TIME]", "IN:CREATE_ALARM]"], "predicted_tokens": ["[IN:CREATE_ALARM", "[SL:DATE_TIME", "@ptr6", "@ptr7", "@ptr8", "SL:DATE_TIME]", "IN:CREATE_ALARM]"]}
{"loss": 3.3563480377197266, "class_log_probabilities": [-0.5310834050178528, -5.053361892700195, -8.020644187927246, -8.15290355682373], "predictions": [45, 16, 400, 401, 402, 17, 46, 4, 4], "target_tokens": ["[IN:CREATE_ALARM", "[SL:DATE_TIME", "@ptr4", "@ptr5", "@ptr6", "SL:DATE_TIME]", "IN:CREATE_ALARM]"], "predicted_tokens": ["[IN:CREATE_ALARM", "[SL:DATE_TIME", "@ptr5", "@ptr6", "@ptr7", "SL:DATE_TIME]", "IN:CREATE_ALARM]"]}
{"loss": 1.7161954641342163, "class_log_probabilities": [-1.7880539894104004, -2.5908563137054443, -3.753767490386963, -4.335573673248291], "predictions": [45, 16, 405, 406, 407, 408, 409, 410, 411, 17, 46, 4, 4, 4, 4, 4], "target_tokens": ["[IN:CREATE_ALARM", "[SL:ALARM_NAME", "@ptr7", "@ptr8", "SL:ALARM_NAME]", "[SL:DATE_TIME", "@ptr10", "@ptr11", "@ptr12", "@ptr13", "@ptr14", "@ptr15", "SL:DATE_TIME]", "IN:CREATE_ALARM]"], "predicted_tokens": ["[IN:CREATE_ALARM", "[SL:DATE_TIME", "@ptr10", "@ptr11", "@ptr12", "@ptr13", "@ptr14", "@ptr15", "@ptr16", "SL:DATE_TIME]", "IN:CREATE_ALARM]"]}
{"loss": 2.298938274383545, "class_log_probabilities": [-3.5250418186187744, -4.067491054534912, -4.390734672546387, -5.007896423339844], "predictions": [49, 36, 400, 401, 402, 37, 16, 403, 404, 405, 406, 407, 408, 409, 410, 411, 412, 17, 50, 4], "target_tokens": ["[IN:CREATE_ALARM", "[SL:ALARM_NAME", "@ptr4", "@ptr5", "@ptr6", "SL:ALARM_NAME]", "[SL:DATE_TIME", "@ptr7", "@ptr8", "@ptr9", "@ptr10", "@ptr11", "@ptr12", "@ptr13", "@ptr14", "@ptr15", "@ptr16", "SL:DATE_TIME]", "IN:CREATE_ALARM]"], "predicted_tokens": ["[IN:CREATE_REMINDER", "[SL:TODO", "@ptr5", "@ptr6", "@ptr7", "SL:TODO]", "[SL:DATE_TIME", "@ptr8", "@ptr9", "@ptr10", "@ptr11", "@ptr12", "@ptr13", "@ptr14", "@ptr15", "@ptr16", "@ptr17", "SL:DATE_TIME]", "IN:CREATE_REMINDER]"]}
{"loss": 1.140635371208191, "class_log_probabilities": [-1.0433698892593384, -3.2675797939300537, -4.627997398376465, -6.185861110687256], "predictions": [45, 249, 399, 400, 250, 16, 401, 402, 403, 404, 17, 46, 4], "target_tokens": ["[IN:CREATE_ALARM", "[SL:ALARM_NAME", "@ptr4", "@ptr5", "SL:ALARM_NAME]", "[SL:DATE_TIME", "@ptr6", "@ptr7", "@ptr8", "SL:DATE_TIME]", "IN:CREATE_ALARM]"], "predicted_tokens": ["[IN:CREATE_ALARM", "[SL:ALARM_NAME", "@ptr4", "@ptr5", "SL:ALARM_NAME]", "[SL:DATE_TIME", "@ptr6", "@ptr7", "@ptr8", "@ptr9", "SL:DATE_TIME]", "IN:CREATE_ALARM]"]}
{"loss": 1.2612234354019165, "class_log_probabilities": [-0.7713941335678101, -2.6219818592071533, -3.131694793701172, -7.681148052215576], "predictions": [13, 14, 401, 15, 18, 4, 4, 4], "target_tokens": ["[IN:GET_WEATHER", "[SL:LOCATION", "@ptr5", "SL:LOCATION]", "IN:GET_WEATHER]"], "predicted_tokens": ["[IN:GET_WEATHER", "[SL:LOCATION", "@ptr6", "SL:LOCATION]", "IN:GET_WEATHER]"]}
{"loss": 2.363234281539917, "class_log_probabilities": [-0.6523181200027466, -8.630024909973145, -8.761662483215332, -8.918745994567871], "predictions": [13, 16, 400, 401, 402, 403, 404, 405, 406, 17, 18, 4, 4, 4, 4, 4, 4, 4, 4], "target_tokens": ["[IN:GET_WEATHER", "[SL:DATE_TIME", "@ptr4", "@ptr5", "@ptr6", "@ptr7", "@ptr8", "@ptr9", "@ptr10", "SL:DATE_TIME]", "IN:GET_WEATHER]"], "predicted_tokens": ["[IN:GET_WEATHER", "[SL:DATE_TIME", "@ptr5", "@ptr6", "@ptr7", "@ptr8", "@ptr9", "@ptr10", "@ptr11", "SL:DATE_TIME]", "IN:GET_WEATHER]"]}
{"loss": 3.3812901973724365, "class_log_probabilities": [-3.310729503631592, -3.577638864517212, -3.662463903427124, -4.587028503417969], "predictions": [13, 79, 397, 80, 79, 401, 80, 135, 403, 136, 18, 4], "target_tokens": ["[IN:GET_WEATHER", "[SL:WEATHER_ATTRIBUTE", "@ptr2", "@ptr3", "@ptr4", "@ptr5", "@ptr6", "SL:WEATHER_ATTRIBUTE]", "[SL:WEATHER_TEMPERATURE_UNIT", "@ptr7", "SL:WEATHER_TEMPERATURE_UNIT]", "IN:GET_WEATHER]"], "predicted_tokens": ["[IN:GET_WEATHER", "[SL:WEATHER_ATTRIBUTE", "@ptr2", "SL:WEATHER_ATTRIBUTE]", "[SL:WEATHER_ATTRIBUTE", "@ptr6", "SL:WEATHER_ATTRIBUTE]", "[SL:WEATHER_TEMPERATURE_UNIT", "@ptr8", "SL:WEATHER_TEMPERATURE_UNIT]", "IN:GET_WEATHER]"]}
{"loss": 0.987151026725769, "class_log_probabilities": [-0.3952416181564331, -7.0288519859313965, -7.121936798095703, -7.314015865325928], "predictions": [63, 103, 397, 104, 223, 400, 224, 68, 4], "target_tokens": ["[IN:PLAY_MUSIC", "[SL:MUSIC_PROVIDER_NAME", "@ptr2", "SL:MUSIC_PROVIDER_NAME]", "[SL:MUSIC_RADIO_ID", "@ptr5", "SL:MUSIC_RADIO_ID]", "IN:PLAY_MUSIC]"], "predicted_tokens": ["[IN:PLAY_MUSIC", "[SL:MUSIC_PROVIDER_NAME", "@ptr2", "SL:MUSIC_PROVIDER_NAME]", "[SL:MUSIC_RADIO_ID", "@ptr5", "SL:MUSIC_RADIO_ID]", "IN:PLAY_MUSIC]"]}
{"loss": 0.9868178367614746, "class_log_probabilities": [-0.432839572429657, -6.766448020935059, -6.93745756149292, -7.336798667907715], "predictions": [63, 223, 396, 397, 224, 103, 399, 104, 68, 4], "target_tokens": ["[IN:PLAY_MUSIC", "[SL:MUSIC_RADIO_ID", "@ptr1", "@ptr2", "SL:MUSIC_RADIO_ID]", "[SL:MUSIC_PROVIDER_NAME", "@ptr4", "SL:MUSIC_PROVIDER_NAME]", "IN:PLAY_MUSIC]"], "predicted_tokens": ["[IN:PLAY_MUSIC", "[SL:MUSIC_RADIO_ID", "@ptr1", "@ptr2", "SL:MUSIC_RADIO_ID]", "[SL:MUSIC_PROVIDER_NAME", "@ptr4", "SL:MUSIC_PROVIDER_NAME]", "IN:PLAY_MUSIC]"]}
{"loss": 1.4437633752822876, "class_log_probabilities": [-0.47983595728874207, -3.6210336685180664, -7.102624416351318, -7.89532995223999], "predictions": [75, 6, 404, 7, 78, 4, 4, 4, 4], "target_tokens": ["[IN:CREATE_CALL", "[SL:CONTACT", "@ptr8", "SL:CONTACT]", "IN:CREATE_CALL]"], "predicted_tokens": ["[IN:CREATE_CALL", "[SL:CONTACT", "@ptr9", "SL:CONTACT]", "IN:CREATE_CALL]"]}
{"loss": 0.9617218375205994, "class_log_probabilities": [-0.3971351683139801, -7.399225234985352, -8.433540344238281, -8.444186210632324], "predictions": [13, 16, 396, 397, 17, 18, 4, 4], "target_tokens": ["[IN:GET_WEATHER", "[SL:DATE_TIME", "@ptr1", "@ptr2", "SL:DATE_TIME]", "IN:GET_WEATHER]"], "predicted_tokens": ["[IN:GET_WEATHER", "[SL:DATE_TIME", "@ptr1", "@ptr2", "SL:DATE_TIME]", "IN:GET_WEATHER]"]}
{"loss": 4.468185901641846, "class_log_probabilities": [-1.0123828649520874, -3.2911903858184814, -4.456467628479004, -6.410580158233643], "predictions": [13, 16, 395, 396, 17, 79, 403, 404, 80, 18, 4, 4], "target_tokens": ["[IN:GET_WEATHER", "[SL:WEATHER_ATTRIBUTE", "@ptr7", "@ptr8", "SL:WEATHER_ATTRIBUTE]", "[SL:DATE_TIME", "@ptr0", "@ptr1", "SL:DATE_TIME]", "IN:GET_WEATHER]"], "predicted_tokens": ["[IN:GET_WEATHER", "[SL:DATE_TIME", "@ptr0", "@ptr1", "SL:DATE_TIME]", "[SL:WEATHER_ATTRIBUTE", "@ptr8", "@ptr9", "SL:WEATHER_ATTRIBUTE]", "IN:GET_WEATHER]"]}
{"loss": 2.958773136138916, "class_log_probabilities": [-2.1735851764678955, -2.333176612854004, -3.0172901153564453, -3.3822548389434814], "predictions": [13, 79, 395, 80, 14, 405, 406, 15, 16, 407, 408, 409, 410, 411, 412, 17, 18, 4], "target_tokens": ["[IN:GET_WEATHER", "[SL:WEATHER_ATTRIBUTE", "@ptr0", "@ptr2", "SL:WEATHER_ATTRIBUTE]", "[SL:LOCATION", "@ptr9", "@ptr10", "SL:LOCATION]", "[SL:DATE_TIME", "@ptr11", "@ptr12", "@ptr13", "@ptr14", "@ptr15", "@ptr16", "SL:DATE_TIME]", "IN:GET_WEATHER]"], "predicted_tokens": ["[IN:GET_WEATHER", "[SL:WEATHER_ATTRIBUTE", "@ptr0", "SL:WEATHER_ATTRIBUTE]", "[SL:LOCATION", "@ptr10", "@ptr11", "SL:LOCATION]", "[SL:DATE_TIME", "@ptr12", "@ptr13", "@ptr14", "@ptr15", "@ptr16", "@ptr17", "SL:DATE_TIME]", "IN:GET_WEATHER]"]}
{"loss": 2.353614330291748, "class_log_probabilities": [-0.807501494884491, -5.0105485916137695, -6.390300750732422, -7.043054103851318], "predictions": [13, 16, 397, 398, 399, 400, 17, 14, 402, 403, 404, 405, 15, 18, 4], "target_tokens": ["[IN:GET_WEATHER", "[SL:DATE_TIME", "@ptr2", "@ptr3", "@ptr4", "SL:DATE_TIME]", "[SL:LOCATION", "@ptr6", "@ptr7", "@ptr8", "@ptr9", "SL:LOCATION]", "IN:GET_WEATHER]"], "predicted_tokens": ["[IN:GET_WEATHER", "[SL:DATE_TIME", "@ptr2", "@ptr3", "@ptr4", "@ptr5", "SL:DATE_TIME]", "[SL:LOCATION", "@ptr7", "@ptr8", "@ptr9", "@ptr10", "SL:LOCATION]", "IN:GET_WEATHER]"]}
{"loss": 3.050170660018921, "class_log_probabilities": [-0.8520617485046387, -3.531261444091797, -4.03388786315918, -4.533299922943115], "predictions": [13, 14, 403, 15, 16, 405, 406, 407, 408, 17, 18, 4], "target_tokens": ["[IN:GET_WEATHER", "[SL:LOCATION", "@ptr7", "SL:LOCATION]", "[SL:DATE_TIME", "@ptr8", "@ptr9", "@ptr10", "@ptr11", "SL:DATE_TIME]", "IN:GET_WEATHER]"], "predicted_tokens": ["[IN:GET_WEATHER", "[SL:LOCATION", "@ptr8", "SL:LOCATION]", "[SL:DATE_TIME", "@ptr10", "@ptr11", "@ptr12", "@ptr13", "SL:DATE_TIME]", "IN:GET_WEATHER]"]}
{"loss": 2.030280351638794, "class_log_probabilities": [-0.4426649808883667, -7.343069553375244, -7.812130928039551, -8.075146675109863], "predictions": [13, 16, 400, 401, 402, 17, 18, 4, 4], "target_tokens": ["[IN:GET_WEATHER", "[SL:DATE_TIME", "@ptr5", "@ptr6", "SL:DATE_TIME]", "IN:GET_WEATHER]"], "predicted_tokens": ["[IN:GET_WEATHER", "[SL:DATE_TIME", "@ptr5", "@ptr6", "@ptr7", "SL:DATE_TIME]", "IN:GET_WEATHER]"]}
{"loss": 1.577161192893982, "class_log_probabilities": [-0.6925889849662781, -5.370957851409912, -6.755644798278809, -6.822028160095215], "predictions": [13, 16, 397, 398, 399, 400, 401, 17, 18, 4, 4], "target_tokens": ["[IN:GET_WEATHER", "[SL:DATE_TIME", "@ptr2", "@ptr3", "@ptr4", "@ptr5", "SL:DATE_TIME]", "IN:GET_WEATHER]"], "predicted_tokens": ["[IN:GET_WEATHER", "[SL:DATE_TIME", "@ptr2", "@ptr3", "@ptr4", "@ptr5", "@ptr6", "SL:DATE_TIME]", "IN:GET_WEATHER]"]}
{"loss": 2.179708480834961, "class_log_probabilities": [-0.609342634677887, -3.951875925064087, -5.490181922912598, -5.869714260101318], "predictions": [13, 14, 399, 400, 401, 15, 18, 4, 4], "target_tokens": ["[IN:GET_WEATHER", "[SL:LOCATION", "@ptr3", "@ptr4", "@ptr5", "SL:LOCATION]", "IN:GET_WEATHER]"], "predicted_tokens": ["[IN:GET_WEATHER", "[SL:LOCATION", "@ptr4", "@ptr5", "@ptr6", "SL:LOCATION]", "IN:GET_WEATHER]"]}
{"loss": 3.117830753326416, "class_log_probabilities": [-0.4846489727497101, -6.233340263366699, -6.735995292663574, -6.867826461791992], "predictions": [13, 14, 400, 401, 402, 403, 15, 18, 4, 4], "target_tokens": ["[IN:GET_WEATHER", "[SL:LOCATION", "@ptr4", "@ptr5", "@ptr6", "SL:LOCATION]", "IN:GET_WEATHER]"], "predicted_tokens": ["[IN:GET_WEATHER", "[SL:LOCATION", "@ptr5", "@ptr6", "@ptr7", "@ptr8", "SL:LOCATION]", "IN:GET_WEATHER]"]}
{"loss": 2.2382192611694336, "class_log_probabilities": [-0.6999627351760864, -8.063215255737305, -8.204318046569824, -8.453132629394531], "predictions": [13, 16, 398, 399, 400, 401, 402, 403, 404, 17, 18, 4, 4, 4, 4, 4, 4], "target_tokens": ["[IN:GET_WEATHER", "[SL:DATE_TIME", "@ptr2", "@ptr3", "@ptr4", "@ptr5", "@ptr6", "@ptr7", "@ptr8", "SL:DATE_TIME]", "IN:GET_WEATHER]"], "predicted_tokens": ["[IN:GET_WEATHER", "[SL:DATE_TIME", "@ptr3", "@ptr4", "@ptr5", "@ptr6", "@ptr7", "@ptr8", "@ptr9", "SL:DATE_TIME]", "IN:GET_WEATHER]"]}
{"loss": 1.9277020692825317, "class_log_probabilities": [-1.1496504545211792, -1.757734775543213, -7.180656909942627, -7.704080581665039], "predictions": [13, 16, 401, 402, 403, 404, 405, 17, 18, 4, 4, 4, 4, 4], "target_tokens": ["[IN:GET_WEATHER", "[SL:DATE_TIME", "@ptr6", "@ptr7", "@ptr8", "@ptr9", "@ptr10", "@ptr11", "@ptr12", "@ptr13", "@ptr14", "SL:DATE_TIME]", "IN:GET_WEATHER]"], "predicted_tokens": ["[IN:GET_WEATHER", "[SL:DATE_TIME", "@ptr6", "@ptr7", "@ptr8", "@ptr9", "@ptr10", "SL:DATE_TIME]", "IN:GET_WEATHER]"]}
{"loss": 3.939910888671875, "class_log_probabilities": [-0.5330174565315247, -4.823811054229736, -4.832907199859619, -6.313108444213867], "predictions": [13, 79, 401, 80, 18, 4, 4, 4, 4, 4], "target_tokens": ["[IN:GET_WEATHER", "[SL:WEATHER_ATTRIBUTE", "@ptr5", "@ptr6", "SL:WEATHER_ATTRIBUTE]", "[SL:DATE_TIME", "@ptr0", "@ptr1", "@ptr2", "@ptr3", "SL:DATE_TIME]", "IN:GET_WEATHER]"], "predicted_tokens": ["[IN:GET_WEATHER", "[SL:WEATHER_ATTRIBUTE", "@ptr6", "SL:WEATHER_ATTRIBUTE]", "IN:GET_WEATHER]"]}
{"loss": 0.9610862731933594, "class_log_probabilities": [-0.46403127908706665, -6.330798149108887, -8.251900672912598, -8.4320068359375], "predictions": [13, 16, 396, 397, 398, 17, 18, 4, 4], "target_tokens": ["[IN:GET_WEATHER", "[SL:DATE_TIME", "@ptr1", "@ptr2", "@ptr3", "SL:DATE_TIME]", "IN:GET_WEATHER]"], "predicted_tokens": ["[IN:GET_WEATHER", "[SL:DATE_TIME", "@ptr1", "@ptr2", "@ptr3", "SL:DATE_TIME]", "IN:GET_WEATHER]"]}
{"loss": 2.022348642349243, "class_log_probabilities": [-0.8424221873283386, -2.1795382499694824, -6.2576823234558105, -6.940896511077881], "predictions": [13, 16, 400, 401, 402, 17, 18, 4, 4], "target_tokens": ["[IN:GET_WEATHER", "[SL:DATE_TIME", "@ptr4", "@ptr5", "@ptr6", "SL:DATE_TIME]", "IN:GET_WEATHER]"], "predicted_tokens": ["[IN:GET_WEATHER", "[SL:DATE_TIME", "@ptr5", "@ptr6", "@ptr7", "SL:DATE_TIME]", "IN:GET_WEATHER]"]}
{"loss": 2.611001968383789, "class_log_probabilities": [-0.604131281375885, -5.467123985290527, -6.346620559692383, -6.782447814941406], "predictions": [13, 16, 404, 405, 406, 407, 408, 409, 17, 18, 4, 4], "target_tokens": ["[IN:GET_WEATHER", "[SL:DATE_TIME", "@ptr8", "@ptr9", "@ptr10", "@ptr11", "@ptr12", "SL:DATE_TIME]", "IN:GET_WEATHER]"], "predicted_tokens": ["[IN:GET_WEATHER", "[SL:DATE_TIME", "@ptr9", "@ptr10", "@ptr11", "@ptr12", "@ptr13", "@ptr14", "SL:DATE_TIME]", "IN:GET_WEATHER]"]}
{"loss": 3.1947007179260254, "class_log_probabilities": [-0.49269258975982666, -7.418087959289551, -8.104768753051758, -8.487519264221191], "predictions": [13, 16, 401, 402, 403, 17, 18, 4, 4], "target_tokens": ["[IN:GET_WEATHER", "[SL:DATE_TIME", "@ptr5", "@ptr6", "@ptr7", "SL:DATE_TIME]", "IN:GET_WEATHER]"], "predicted_tokens": ["[IN:GET_WEATHER", "[SL:DATE_TIME", "@ptr6", "@ptr7", "@ptr8", "SL:DATE_TIME]", "IN:GET_WEATHER]"]}
{"loss": 1.153273105621338, "class_log_probabilities": [-0.6643211841583252, -1.6093168258666992, -8.166860580444336, -8.58895492553711], "predictions": [13, 14, 399, 15, 18, 4, 4], "target_tokens": ["[IN:GET_WEATHER", "[SL:LOCATION", "@ptr3", "SL:LOCATION]", "IN:GET_WEATHER]"], "predicted_tokens": ["[IN:GET_WEATHER", "[SL:LOCATION", "@ptr4", "SL:LOCATION]", "IN:GET_WEATHER]"]}
{"loss": 2.2105767726898193, "class_log_probabilities": [-0.9260027408599854, -2.0509159564971924, -5.111588001251221, -6.755728721618652], "predictions": [13, 14, 399, 400, 15, 18, 4, 4], "target_tokens": ["[IN:GET_WEATHER", "[SL:LOCATION", "@ptr4", "SL:LOCATION]", "IN:GET_WEATHER]"], "predicted_tokens": ["[IN:GET_WEATHER", "[SL:LOCATION", "@ptr4", "@ptr5", "SL:LOCATION]", "IN:GET_WEATHER]"]}
{"loss": 3.086550235748291, "class_log_probabilities": [-0.8897405862808228, -2.721184015274048, -3.612858295440674, -5.6879401206970215], "predictions": [13, 14, 403, 404, 405, 406, 407, 15, 18, 4], "target_tokens": ["[IN:GET_WEATHER", "[SL:LOCATION", "@ptr7", "@ptr8", "@ptr9", "@ptr10", "SL:LOCATION]", "IN:GET_WEATHER]"], "predicted_tokens": ["[IN:GET_WEATHER", "[SL:LOCATION", "@ptr8", "@ptr9", "@ptr10", "@ptr11", "@ptr12", "SL:LOCATION]", "IN:GET_WEATHER]"]}
{"loss": 0.965397834777832, "class_log_probabilities": [-0.1887970119714737, -7.3332438468933105, -7.345468521118164, -7.595614433288574], "predictions": [213, 214, 4], "target_tokens": ["[IN:SILENCE_ALARM", "IN:SILENCE_ALARM]"], "predicted_tokens": ["[IN:SILENCE_ALARM", "IN:SILENCE_ALARM]"]}
{"loss": 1.3453855514526367, "class_log_probabilities": [-1.8085947036743164, -1.8428709506988525, -4.436927318572998, -5.759258270263672], "predictions": [213, 214, 4], "target_tokens": ["[IN:SILENCE_ALARM", "IN:SILENCE_ALARM]"], "predicted_tokens": ["[IN:SILENCE_ALARM", "IN:SILENCE_ALARM]"]}
{"loss": 1.2250735759735107, "class_log_probabilities": [-0.758171796798706, -3.270548105239868, -7.828526973724365, -8.088857650756836], "predictions": [45, 16, 397, 398, 399, 400, 401, 17, 46, 4], "target_tokens": ["[IN:CREATE_ALARM", "[SL:DATE_TIME", "@ptr2", "@ptr3", "@ptr4", "@ptr5", "SL:DATE_TIME]", "IN:CREATE_ALARM]"], "predicted_tokens": ["[IN:CREATE_ALARM", "[SL:DATE_TIME", "@ptr2", "@ptr3", "@ptr4", "@ptr5", "@ptr6", "SL:DATE_TIME]", "IN:CREATE_ALARM]"]}
{"loss": 1.957041621208191, "class_log_probabilities": [-1.4492573738098145, -4.788433074951172, -4.990135192871094, -4.991708278656006], "predictions": [45, 34, 402, 35, 16, 403, 404, 405, 406, 407, 17, 46, 4], "target_tokens": ["[IN:CREATE_ALARM", "[SL:DATE_TIME", "@ptr7", "@ptr8", "@ptr9", "@ptr10", "@ptr11", "@ptr12", "SL:DATE_TIME]", "IN:CREATE_ALARM]"], "predicted_tokens": ["[IN:CREATE_ALARM", "[SL:PERSON_REMINDED", "@ptr7", "SL:PERSON_REMINDED]", "[SL:DATE_TIME", "@ptr8", "@ptr9", "@ptr10", "@ptr11", "@ptr12", "SL:DATE_TIME]", "IN:CREATE_ALARM]"]}
{"loss": 1.541395664215088, "class_log_probabilities": [-0.8636327385902405, -5.43269157409668, -5.456536293029785, -6.116269588470459], "predictions": [45, 16, 398, 399, 400, 401, 402, 403, 404, 17, 46, 4], "target_tokens": ["[IN:CREATE_ALARM", "[SL:DATE_TIME", "@ptr3", "@ptr4", "@ptr5", "@ptr6", "@ptr7", "@ptr8", "SL:DATE_TIME]", "IN:CREATE_ALARM]"], "predicted_tokens": ["[IN:CREATE_ALARM", "[SL:DATE_TIME", "@ptr3", "@ptr4", "@ptr5", "@ptr6", "@ptr7", "@ptr8", "@ptr9", "SL:DATE_TIME]", "IN:CREATE_ALARM]"]}
{"loss": 3.4046950340270996, "class_log_probabilities": [-2.8295748233795166, -3.8606464862823486, -4.305900573730469, -4.839123725891113], "predictions": [49, 36, 397, 398, 399, 400, 37, 16, 402, 403, 404, 405, 406, 17, 50, 4], "target_tokens": ["[IN:CREATE_ALARM", "[SL:DATE_TIME", "@ptr6", "@ptr7", "@ptr8", "@ptr9", "@ptr10", "SL:DATE_TIME]", "IN:CREATE_ALARM]"], "predicted_tokens": ["[IN:CREATE_REMINDER", "[SL:TODO", "@ptr2", "@ptr3", "@ptr4", "@ptr5", "SL:TODO]", "[SL:DATE_TIME", "@ptr7", "@ptr8", "@ptr9", "@ptr10", "@ptr11", "SL:DATE_TIME]", "IN:CREATE_REMINDER]"]}
{"loss": 2.0435006618499756, "class_log_probabilities": [-1.68069326877594, -4.145247459411621, -4.240579128265381, -4.62293815612793], "predictions": [45, 16, 395, 396, 397, 398, 17, 16, 405, 406, 407, 408, 409, 410, 17, 46, 4, 4, 4, 4, 4], "target_tokens": ["[IN:CREATE_ALARM", "[SL:DATE_TIME", "@ptr0", "@ptr1", "@ptr2", "@ptr3", "@ptr4", "SL:DATE_TIME]", "[SL:DATE_TIME", "@ptr9", "@ptr10", "@ptr11", "@ptr12", "@ptr13", "@ptr14", "SL:DATE_TIME]", "IN:CREATE_ALARM]"], "predicted_tokens": ["[IN:CREATE_ALARM", "[SL:DATE_TIME", "@ptr0", "@ptr1", "@ptr2", "@ptr3", "SL:DATE_TIME]", "[SL:DATE_TIME", "@ptr10", "@ptr11", "@ptr12", "@ptr13", "@ptr14", "@ptr15", "SL:DATE_TIME]", "IN:CREATE_ALARM]"]}
{"loss": 1.7350871562957764, "class_log_probabilities": [-0.7065893411636353, -6.983034133911133, -7.361903667449951, -7.851901054382324], "predictions": [45, 16, 398, 399, 400, 401, 402, 403, 404, 17, 46, 4, 4], "target_tokens": ["[IN:CREATE_ALARM", "[SL:DATE_TIME", "@ptr3", "@ptr4", "@ptr5", "@ptr6", "@ptr7", "SL:DATE_TIME]", "IN:CREATE_ALARM]"], "predicted_tokens": ["[IN:CREATE_ALARM", "[SL:DATE_TIME", "@ptr3", "@ptr4", "@ptr5", "@ptr6", "@ptr7", "@ptr8", "@ptr9", "SL:DATE_TIME]", "IN:CREATE_ALARM]"]}
{"loss": 1.6232538223266602, "class_log_probabilities": [-1.8004186153411865, -3.0142769813537598, -5.204402446746826, -5.536764621734619], "predictions": [45, 16, 398, 399, 400, 401, 402, 403, 404, 405, 17, 46, 4], "target_tokens": ["[IN:CREATE_ALARM", "[SL:DATE_TIME", "@ptr3", "@ptr4", "@ptr5", "@ptr6", "@ptr7", "@ptr8", "@ptr9", "SL:DATE_TIME]", "IN:CREATE_ALARM]"], "predicted_tokens": ["[IN:CREATE_ALARM", "[SL:DATE_TIME", "@ptr3", "@ptr4", "@ptr5", "@ptr6", "@ptr7", "@ptr8", "@ptr9", "@ptr10", "SL:DATE_TIME]", "IN:CREATE_ALARM]"]}
{"loss": 1.5514646768569946, "class_log_probabilities": [-1.1611015796661377, -2.6968750953674316, -3.044408082962036, -4.55314826965332], "predictions": [45, 16, 399, 400, 401, 402, 403, 404, 405, 406, 407, 17, 46, 4, 4], "target_tokens": ["[IN:CREATE_ALARM", "[SL:DATE_TIME", "@ptr4", "@ptr5", "@ptr6", "@ptr7", "@ptr8", "@ptr9", "@ptr10", "@ptr11", "SL:DATE_TIME]", "IN:CREATE_ALARM]"], "predicted_tokens": ["[IN:CREATE_ALARM", "[SL:DATE_TIME", "@ptr4", "@ptr5", "@ptr6", "@ptr7", "@ptr8", "@ptr9", "@ptr10", "@ptr11", "@ptr12", "SL:DATE_TIME]", "IN:CREATE_ALARM]"]}
{"loss": 1.71177077293396, "class_log_probabilities": [-1.5762048959732056, -3.7045886516571045, -4.741903305053711, -5.24375581741333], "predictions": [45, 249, 401, 402, 250, 16, 404, 405, 406, 407, 408, 409, 410, 411, 17, 46, 4, 4, 4], "target_tokens": ["[IN:CREATE_ALARM", "[SL:ALARM_NAME", "@ptr7", "SL:ALARM_NAME]", "[SL:DATE_TIME", "@ptr8", "@ptr9", "@ptr10", "@ptr11", "@ptr12", "@ptr13", "@ptr14", "@ptr15", "SL:DATE_TIME]", "IN:CREATE_ALARM]"], "predicted_tokens": ["[IN:CREATE_ALARM", "[SL:ALARM_NAME", "@ptr6", "@ptr7", "SL:ALARM_NAME]", "[SL:DATE_TIME", "@ptr9", "@ptr10", "@ptr11", "@ptr12", "@ptr13", "@ptr14", "@ptr15", "@ptr16", "SL:DATE_TIME]", "IN:CREATE_ALARM]"]}
{"loss": 4.1806416511535645, "class_log_probabilities": [-0.348360538482666, -6.045994281768799, -6.757445335388184, -7.228006839752197], "predictions": [47, 34, 395, 35, 48, 4], "target_tokens": ["[IN:GET_ALARM", "IN:GET_ALARM]"], "predicted_tokens": ["[IN:GET_REMINDER", "[SL:PERSON_REMINDED", "@ptr0", "SL:PERSON_REMINDED]", "IN:GET_REMINDER]"]}
{"loss": 3.494248151779175, "class_log_probabilities": [-1.7463762760162354, -2.260676860809326, -4.620473861694336, -4.9054856300354], "predictions": [47, 34, 402, 35, 48, 4, 4, 4, 4], "target_tokens": ["[IN:GET_ALARM", "[SL:AMOUNT", "@ptr4", "SL:AMOUNT]", "IN:GET_ALARM]"], "predicted_tokens": ["[IN:GET_REMINDER", "[SL:PERSON_REMINDED", "@ptr7", "SL:PERSON_REMINDED]", "IN:GET_REMINDER]"]}
{"loss": 3.291637420654297, "class_log_probabilities": [-0.46477848291397095, -5.459572792053223, -7.7720112800598145, -7.954793930053711], "predictions": [33, 16, 400, 401, 402, 17, 38, 4], "target_tokens": ["[IN:DELETE_ALARM", "[SL:DATE_TIME", "@ptr5", "@ptr6", "SL:DATE_TIME]", "IN:DELETE_ALARM]"], "predicted_tokens": ["[IN:DELETE_REMINDER", "[SL:DATE_TIME", "@ptr5", "@ptr6", "@ptr7", "SL:DATE_TIME]", "IN:DELETE_REMINDER]"]}
{"loss": 1.9241288900375366, "class_log_probabilities": [-2.287207841873169, -3.579631805419922, -3.6929893493652344, -4.926862716674805], "predictions": [119, 122, 4, 4, 4, 4], "target_tokens": ["[IN:DELETE_ALARM", "[SL:AMOUNT", "@ptr4", "SL:AMOUNT]", "IN:DELETE_ALARM]"], "predicted_tokens": ["[IN:DELETE_ALARM", "IN:DELETE_ALARM]"]}
{"loss": 0.9802870750427246, "class_log_probabilities": [-0.3934982419013977, -3.6179940700531006, -6.353036880493164, -8.409002304077148], "predictions": [45, 46, 4, 4, 4, 4, 4], "target_tokens": ["[IN:CREATE_ALARM", "IN:CREATE_ALARM]"], "predicted_tokens": ["[IN:CREATE_ALARM", "IN:CREATE_ALARM]"]}
{"loss": 0.9610946178436279, "class_log_probabilities": [-0.1851620227098465, -7.70829963684082, -7.743404865264893, -8.237123489379883], "predictions": [45, 46, 4], "target_tokens": ["[IN:CREATE_ALARM", "IN:CREATE_ALARM]"], "predicted_tokens": ["[IN:CREATE_ALARM", "IN:CREATE_ALARM]"]}
{"loss": 6.127208232879639, "class_log_probabilities": [-0.5726004838943481, -7.267529487609863, -7.355747222900391, -7.67191219329834], "predictions": [75, 6, 397, 398, 399, 400, 401, 7, 78, 4, 4], "target_tokens": ["[IN:END_CALL", "IN:END_CALL]"], "predicted_tokens": ["[IN:CREATE_CALL", "[SL:CONTACT", "@ptr2", "@ptr3", "@ptr4", "@ptr5", "@ptr6", "SL:CONTACT]", "IN:CREATE_CALL]"]}
{"loss": 5.4597930908203125, "class_log_probabilities": [-0.16187915205955505, -8.454731941223145, -8.61959457397461, -8.78107738494873], "predictions": [81, 82, 4, 4, 4], "target_tokens": ["[IN:HOLD_CALL", "IN:HOLD_CALL]"], "predicted_tokens": ["[IN:END_CALL", "IN:END_CALL]"]}
{"loss": 4.819403648376465, "class_log_probabilities": [-0.802183210849762, -5.584788799285889, -5.735754489898682, -6.989498138427734], "predictions": [75, 6, 403, 404, 7, 78, 4, 4, 4, 4, 4], "target_tokens": ["[IN:ANSWER_CALL", "[SL:CONTACT", "@ptr7", "@ptr8", "SL:CONTACT]", "IN:ANSWER_CALL]"], "predicted_tokens": ["[IN:CREATE_CALL", "[SL:CONTACT", "@ptr8", "@ptr9", "SL:CONTACT]", "IN:CREATE_CALL]"]}
{"loss": 0.9745017290115356, "class_log_probabilities": [-0.5190811157226562, -5.839691638946533, -7.331182479858398, -7.414953231811523], "predictions": [107, 108, 70, 71, 396, 72, 73, 109, 110, 4, 4], "target_tokens": ["[IN:UPDATE_CALL", "[SL:CONTACT_ADDED", "[IN:GET_CONTACT", "[SL:TYPE_RELATION", "@ptr1", "SL:TYPE_RELATION]", "IN:GET_CONTACT]", "SL:CONTACT_ADDED]", "IN:UPDATE_CALL]"], "predicted_tokens": ["[IN:UPDATE_CALL", "[SL:CONTACT_ADDED", "[IN:GET_CONTACT", "[SL:TYPE_RELATION", "@ptr1", "SL:TYPE_RELATION]", "IN:GET_CONTACT]", "SL:CONTACT_ADDED]", "IN:UPDATE_CALL]"]}
{"loss": 0.9658835530281067, "class_log_probabilities": [-0.32933488488197327, -7.663337707519531, -8.064080238342285, -8.080344200134277], "predictions": [171, 6, 395, 7, 172, 4], "target_tokens": ["[IN:GET_AVAILABILITY", "[SL:CONTACT", "@ptr0", "SL:CONTACT]", "IN:GET_AVAILABILITY]"], "predicted_tokens": ["[IN:GET_AVAILABILITY", "[SL:CONTACT", "@ptr0", "SL:CONTACT]", "IN:GET_AVAILABILITY]"]}
{"loss": 2.5372941493988037, "class_log_probabilities": [-1.7751861810684204, -2.2435567378997803, -3.830200433731079, -4.212204933166504], "predictions": [209, 16, 402, 403, 17, 210, 4], "target_tokens": ["[IN:GET_CALL", "[SL:DATE_TIME", "@ptr6", "@ptr7", "@ptr8", "SL:DATE_TIME]", "IN:GET_CALL]"], "predicted_tokens": ["[IN:GET_CALL_CONTACT", "[SL:DATE_TIME", "@ptr7", "@ptr8", "SL:DATE_TIME]", "IN:GET_CALL_CONTACT]"]}
{"loss": 6.255359649658203, "class_log_probabilities": [-0.8177263736724854, -5.805303573608398, -6.064390659332275, -6.239485740661621], "predictions": [23, 24, 399, 400, 401, 402, 403, 25, 26, 4, 4, 4, 4], "target_tokens": ["[IN:GET_AVAILABILITY", "[SL:CONTACT", "@ptr6", "SL:CONTACT]", "IN:GET_AVAILABILITY]"], "predicted_tokens": ["[IN:SEND_MESSAGE", "[SL:CONTENT_EXACT", "@ptr4", "@ptr5", "@ptr6", "@ptr7", "@ptr8", "SL:CONTENT_EXACT]", "IN:SEND_MESSAGE]"]}
{"loss": 1.6001206636428833, "class_log_probabilities": [-0.885960042476654, -4.057953834533691, -5.184291839599609, -5.3736491203308105], "predictions": [95, 16, 395, 396, 17, 96, 4], "target_tokens": ["[IN:GET_CALL", "[SL:DATE_TIME", "@ptr0", "@ptr1", "SL:DATE_TIME]", "IN:GET_CALL]"], "predicted_tokens": ["[IN:IGNORE_CALL", "[SL:DATE_TIME", "@ptr0", "@ptr1", "SL:DATE_TIME]", "IN:IGNORE_CALL]"]}
{"loss": 0.9721951484680176, "class_log_probabilities": [-0.15707801282405853, -8.5957612991333, -8.633617401123047, -8.751522064208984], "predictions": [81, 82, 4, 4, 4], "target_tokens": ["[IN:END_CALL", "IN:END_CALL]"], "predicted_tokens": ["[IN:END_CALL", "IN:END_CALL]"]}
{"loss": 0.9697794914245605, "class_log_probabilities": [-0.16165709495544434, -8.576197624206543, -8.60081672668457, -8.763522148132324], "predictions": [81, 82, 4, 4, 4], "target_tokens": ["[IN:END_CALL", "IN:END_CALL]"], "predicted_tokens": ["[IN:END_CALL", "IN:END_CALL]"]}
{"loss": 0.9866179823875427, "class_log_probabilities": [-0.5474646091461182, -2.1927788257598877, -5.662228584289551, -8.421953201293945], "predictions": [75, 6, 398, 7, 78, 4, 4, 4], "target_tokens": ["[IN:CREATE_CALL", "[SL:CONTACT", "@ptr3", "SL:CONTACT]", "IN:CREATE_CALL]"], "predicted_tokens": ["[IN:CREATE_CALL", "[SL:CONTACT", "@ptr3", "SL:CONTACT]", "IN:CREATE_CALL]"]}
{"loss": 0.962264895439148, "class_log_probabilities": [-0.38678592443466187, -7.660903453826904, -8.320805549621582, -8.358597755432129], "predictions": [75, 6, 397, 398, 7, 78, 4], "target_tokens": ["[IN:CREATE_CALL", "[SL:CONTACT", "@ptr2", "@ptr3", "SL:CONTACT]", "IN:CREATE_CALL]"], "predicted_tokens": ["[IN:CREATE_CALL", "[SL:CONTACT", "@ptr2", "@ptr3", "SL:CONTACT]", "IN:CREATE_CALL]"]}
{"loss": 3.3939080238342285, "class_log_probabilities": [-0.7005951404571533, -5.353524208068848, -6.2904205322265625, -8.50344467163086], "predictions": [75, 6, 70, 71, 397, 72, 93, 399, 94, 73, 7, 78, 4], "target_tokens": ["[IN:CREATE_CALL", "[SL:CONTACT", "[IN:GET_CONTACT", "[SL:CONTACT_RELATED", "@ptr3", "@ptr4", "SL:CONTACT_RELATED]", "[SL:TYPE_RELATION", "@ptr2", "SL:TYPE_RELATION]", "IN:GET_CONTACT]", "SL:CONTACT]", "IN:CREATE_CALL]"], "predicted_tokens": ["[IN:CREATE_CALL", "[SL:CONTACT", "[IN:GET_CONTACT", "[SL:TYPE_RELATION", "@ptr2", "SL:TYPE_RELATION]", "[SL:CONTACT_RELATED", "@ptr4", "SL:CONTACT_RELATED]", "IN:GET_CONTACT]", "SL:CONTACT]", "IN:CREATE_CALL]"]}
{"loss": 0.9606694579124451, "class_log_probabilities": [-0.4033040702342987, -7.514334201812744, -7.760892868041992, -8.197749137878418], "predictions": [75, 6, 399, 400, 7, 78, 4, 4], "target_tokens": ["[IN:CREATE_CALL", "[SL:CONTACT", "@ptr4", "@ptr5", "SL:CONTACT]", "IN:CREATE_CALL]"], "predicted_tokens": ["[IN:CREATE_CALL", "[SL:CONTACT", "@ptr4", "@ptr5", "SL:CONTACT]", "IN:CREATE_CALL]"]}
{"loss": 2.65535831451416, "class_log_probabilities": [-1.6239529848098755, -1.8604856729507446, -5.2164998054504395, -6.513669490814209], "predictions": [107, 203, 397, 398, 204, 110, 4, 4, 4], "target_tokens": ["[IN:UPDATE_CALL", "[SL:CONTACT_REMOVED", "[IN:GET_CONTACT", "[SL:TYPE_RELATION", "@ptr1", "SL:TYPE_RELATION]", "[SL:CONTACT", "@ptr2", "SL:CONTACT]", "IN:GET_CONTACT]", "SL:CONTACT_REMOVED]", "IN:UPDATE_CALL]"], "predicted_tokens": ["[IN:UPDATE_CALL", "[SL:CONTACT_REMOVED", "@ptr2", "@ptr3", "SL:CONTACT_REMOVED]", "IN:UPDATE_CALL]"]}
{"loss": 3.27443265914917, "class_log_probabilities": [-2.4353108406066895, -5.506782531738281, -5.614167213439941, -6.9715681076049805], "predictions": [75, 6, 70, 71, 396, 397, 72, 93, 399, 94, 73, 7, 78, 4], "target_tokens": ["[IN:UPDATE_CALL", "[SL:CONTACT_REMOVED", "[IN:GET_CONTACT", "[SL:CONTACT_RELATED", "@ptr3", "@ptr4", "SL:CONTACT_RELATED]", "[SL:TYPE_RELATION", "@ptr1", "@ptr2", "SL:TYPE_RELATION]", "IN:GET_CONTACT]", "SL:CONTACT_REMOVED]", "IN:UPDATE_CALL]"], "predicted_tokens": ["[IN:CREATE_CALL", "[SL:CONTACT", "[IN:GET_CONTACT", "[SL:TYPE_RELATION", "@ptr1", "@ptr2", "SL:TYPE_RELATION]", "[SL:CONTACT_RELATED", "@ptr4", "SL:CONTACT_RELATED]", "IN:GET_CONTACT]", "SL:CONTACT]", "IN:CREATE_CALL]"]}
{"loss": 1.1120613813400269, "class_log_probabilities": [-2.0587000846862793, -2.5775959491729736, -4.046639919281006, -4.826272010803223], "predictions": [107, 203, 400, 401, 204, 110, 4, 4], "target_tokens": ["[IN:UPDATE_CALL", "[SL:CONTACT_REMOVED", "@ptr5", "@ptr6", "SL:CONTACT_REMOVED]", "IN:UPDATE_CALL]"], "predicted_tokens": ["[IN:UPDATE_CALL", "[SL:CONTACT_REMOVED", "@ptr5", "@ptr6", "SL:CONTACT_REMOVED]", "IN:UPDATE_CALL]"]}
{"loss": 0.9781498312950134, "class_log_probabilities": [-0.4281214475631714, -7.363337993621826, -7.396661758422852, -7.77205228805542], "predictions": [63, 101, 396, 102, 103, 398, 104, 68, 4], "target_tokens": ["[IN:PLAY_MUSIC", "[SL:MUSIC_TRACK_TITLE", "@ptr1", "SL:MUSIC_TRACK_TITLE]", "[SL:MUSIC_PROVIDER_NAME", "@ptr3", "SL:MUSIC_PROVIDER_NAME]", "IN:PLAY_MUSIC]"], "predicted_tokens": ["[IN:PLAY_MUSIC", "[SL:MUSIC_TRACK_TITLE", "@ptr1", "SL:MUSIC_TRACK_TITLE]", "[SL:MUSIC_PROVIDER_NAME", "@ptr3", "SL:MUSIC_PROVIDER_NAME]", "IN:PLAY_MUSIC]"]}
{"loss": 3.8140676021575928, "class_log_probabilities": [-0.6292287707328796, -5.723585605621338, -6.434277534484863, -7.58372163772583], "predictions": [63, 64, 398, 65, 66, 403, 404, 405, 67, 68, 4, 4], "target_tokens": ["[IN:PLAY_MUSIC", "[SL:MUSIC_ARTIST_NAME", "@ptr7", "@ptr8", "@ptr9", "SL:MUSIC_ARTIST_NAME]", "[SL:MUSIC_TYPE", "@ptr3", "SL:MUSIC_TYPE]", "IN:PLAY_MUSIC]"], "predicted_tokens": ["[IN:PLAY_MUSIC", "[SL:MUSIC_TYPE", "@ptr3", "SL:MUSIC_TYPE]", "[SL:MUSIC_ARTIST_NAME", "@ptr8", "@ptr9", "@ptr10", "SL:MUSIC_ARTIST_NAME]", "IN:PLAY_MUSIC]"]}
{"loss": 4.15419864654541, "class_log_probabilities": [-2.1195483207702637, -2.942349672317505, -3.900494337081909, -5.7977471351623535], "predictions": [63, 64, 396, 65, 206, 397, 398, 399, 400, 401, 402, 403, 404, 207, 68, 4], "target_tokens": ["[IN:PLAY_MUSIC", "[SL:MUSIC_ARTIST_NAME", "@ptr6", "@ptr7", "SL:MUSIC_ARTIST_NAME]", "[SL:MUSIC_ALBUM_TITLE", "@ptr2", "@ptr3", "@ptr4", "SL:MUSIC_ALBUM_TITLE]", "[SL:MUSIC_TYPE", "@ptr1", "SL:MUSIC_TYPE]", "IN:PLAY_MUSIC]"], "predicted_tokens": ["[IN:PLAY_MUSIC", "[SL:MUSIC_TYPE", "@ptr1", "SL:MUSIC_TYPE]", "[SL:MUSIC_ALBUM_TITLE", "@ptr2", "@ptr3", "@ptr4", "@ptr5", "@ptr6", "@ptr7", "@ptr8", "@ptr9", "SL:MUSIC_ALBUM_TITLE]", "IN:PLAY_MUSIC]"]}
{"loss": 2.5264854431152344, "class_log_probabilities": [-0.7825977802276611, -7.288936614990234, -7.993741035461426, -8.098062515258789], "predictions": [63, 64, 398, 65, 66, 400, 401, 402, 403, 404, 405, 67, 68, 4, 4], "target_tokens": ["[IN:PLAY_MUSIC", "[SL:MUSIC_ARTIST_NAME", "@ptr5", "@ptr6", "@ptr7", "@ptr8", "@ptr9", "SL:MUSIC_ARTIST_NAME]", "IN:PLAY_MUSIC]"], "predicted_tokens": ["[IN:PLAY_MUSIC", "[SL:MUSIC_TYPE", "@ptr3", "SL:MUSIC_TYPE]", "[SL:MUSIC_ARTIST_NAME", "@ptr5", "@ptr6", "@ptr7", "@ptr8", "@ptr9", "@ptr10", "SL:MUSIC_ARTIST_NAME]", "IN:PLAY_MUSIC]"]}
{"loss": 2.9517688751220703, "class_log_probabilities": [-2.0923333168029785, -2.620051860809326, -4.017696380615234, -4.492492198944092], "predictions": [63, 64, 397, 65, 101, 398, 399, 102, 66, 402, 403, 404, 405, 406, 407, 408, 409, 410, 67, 68, 4, 4], "target_tokens": ["[IN:PLAY_MUSIC", "[SL:MUSIC_ARTIST_NAME", "@ptr6", "@ptr7", "@ptr8", "@ptr9", "SL:MUSIC_ARTIST_NAME]", "[SL:MUSIC_TRACK_TITLE", "@ptr3", "@ptr4", "SL:MUSIC_TRACK_TITLE]", "[SL:MUSIC_PROVIDER_NAME", "@ptr11", "@ptr12", "@ptr13", "@ptr14", "SL:MUSIC_PROVIDER_NAME]", "IN:PLAY_MUSIC]"], "predicted_tokens": ["[IN:PLAY_MUSIC", "[SL:MUSIC_TYPE", "@ptr2", "SL:MUSIC_TYPE]", "[SL:MUSIC_TRACK_TITLE", "@ptr3", "@ptr4", "SL:MUSIC_TRACK_TITLE]", "[SL:MUSIC_ARTIST_NAME", "@ptr7", "@ptr8", "@ptr9", "@ptr10", "@ptr11", "@ptr12", "@ptr13", "@ptr14", "@ptr15", "SL:MUSIC_ARTIST_NAME]", "IN:PLAY_MUSIC]"]}
{"loss": 2.4759085178375244, "class_log_probabilities": [-1.7323968410491943, -2.633826732635498, -3.8329062461853027, -4.752090930938721], "predictions": [63, 64, 396, 65, 66, 398, 399, 400, 401, 67, 101, 403, 404, 405, 406, 407, 408, 409, 102, 68, 4, 4], "target_tokens": ["[IN:PLAY_MUSIC", "[SL:MUSIC_ARTIST_NAME", "@ptr3", "@ptr4", "@ptr5", "@ptr6", "SL:MUSIC_ARTIST_NAME]", "[SL:MUSIC_PROVIDER_NAME", "@ptr8", "@ptr9", "@ptr10", "@ptr11", "SL:MUSIC_PROVIDER_NAME]", "IN:PLAY_MUSIC]"], "predicted_tokens": ["[IN:PLAY_MUSIC", "[SL:MUSIC_TYPE", "@ptr1", "SL:MUSIC_TYPE]", "[SL:MUSIC_ARTIST_NAME", "@ptr3", "@ptr4", "@ptr5", "@ptr6", "SL:MUSIC_ARTIST_NAME]", "[SL:MUSIC_TRACK_TITLE", "@ptr8", "@ptr9", "@ptr10", "@ptr11", "@ptr12", "@ptr13", "@ptr14", "SL:MUSIC_TRACK_TITLE]", "IN:PLAY_MUSIC]"]}
{"loss": 3.657355308532715, "class_log_probabilities": [-0.6743780970573425, -4.638405799865723, -6.372963905334473, -7.2267961502075195], "predictions": [63, 64, 399, 65, 66, 402, 67, 68, 4], "target_tokens": ["[IN:PLAY_MUSIC", "[SL:MUSIC_ARTIST_NAME", "@ptr6", "SL:MUSIC_ARTIST_NAME]", "[SL:MUSIC_TYPE", "@ptr3", "SL:MUSIC_TYPE]", "IN:PLAY_MUSIC]"], "predicted_tokens": ["[IN:PLAY_MUSIC", "[SL:MUSIC_TYPE", "@ptr4", "SL:MUSIC_TYPE]", "[SL:MUSIC_ARTIST_NAME", "@ptr7", "SL:MUSIC_ARTIST_NAME]", "IN:PLAY_MUSIC]"]}
{"loss": 1.7293134927749634, "class_log_probabilities": [-0.8069016933441162, -3.496460199356079, -7.686535358428955, -7.76491641998291], "predictions": [63, 64, 396, 65, 66, 402, 403, 404, 405, 67, 68, 4, 4, 4, 4], "target_tokens": ["[IN:PLAY_MUSIC", "[SL:MUSIC_TYPE", "@ptr1", "SL:MUSIC_TYPE]", "[SL:MUSIC_ARTIST_NAME", "@ptr6", "@ptr7", "@ptr8", "@ptr9", "SL:MUSIC_ARTIST_NAME]", "IN:PLAY_MUSIC]"], "predicted_tokens": ["[IN:PLAY_MUSIC", "[SL:MUSIC_TYPE", "@ptr1", "SL:MUSIC_TYPE]", "[SL:MUSIC_ARTIST_NAME", "@ptr7", "@ptr8", "@ptr9", "@ptr10", "SL:MUSIC_ARTIST_NAME]", "IN:PLAY_MUSIC]"]}
{"loss": 2.657169818878174, "class_log_probabilities": [-0.7257612347602844, -7.3146891593933105, -7.820413589477539, -7.873122215270996], "predictions": [75, 6, 70, 71, 397, 72, 93, 399, 400, 94, 73, 7, 78, 4, 4], "target_tokens": ["[IN:CREATE_CALL", "[SL:CONTACT", "[IN:GET_CONTACT", "[SL:CONTACT_RELATED", "@ptr4", "@ptr5", "SL:CONTACT_RELATED]", "[SL:TYPE_RELATION", "@ptr2", "SL:TYPE_RELATION]", "IN:GET_CONTACT]", "SL:CONTACT]", "IN:CREATE_CALL]"], "predicted_tokens": ["[IN:CREATE_CALL", "[SL:CONTACT", "[IN:GET_CONTACT", "[SL:TYPE_RELATION", "@ptr2", "SL:TYPE_RELATION]", "[SL:CONTACT_RELATED", "@ptr4", "@ptr5", "SL:CONTACT_RELATED]", "IN:GET_CONTACT]", "SL:CONTACT]", "IN:CREATE_CALL]"]}
{"loss": 3.261317729949951, "class_log_probabilities": [-2.4055545330047607, -3.546771764755249, -3.7685766220092773, -3.8768672943115234], "predictions": [75, 6, 70, 71, 397, 72, 73, 7, 6, 70, 71, 398, 399, 400, 72, 93, 402, 403, 94, 73, 7, 78, 4], "target_tokens": ["[IN:CREATE_CALL", "[SL:CONTACT", "[IN:GET_CONTACT", "[SL:CONTACT_RELATED", "@ptr6", "@ptr7", "SL:CONTACT_RELATED]", "[SL:TYPE_RELATION", "@ptr2", "@ptr3", "@ptr4", "SL:TYPE_RELATION]", "IN:GET_CONTACT]", "SL:CONTACT]", "IN:CREATE_CALL]"], "predicted_tokens": ["[IN:CREATE_CALL", "[SL:CONTACT", "[IN:GET_CONTACT", "[SL:TYPE_RELATION", "@ptr2", "SL:TYPE_RELATION]", "IN:GET_CONTACT]", "SL:CONTACT]", "[SL:CONTACT", "[IN:GET_CONTACT", "[SL:TYPE_RELATION", "@ptr3", "@ptr4", "@ptr5", "SL:TYPE_RELATION]", "[SL:CONTACT_RELATED", "@ptr7", "@ptr8", "SL:CONTACT_RELATED]", "IN:GET_CONTACT]", "SL:CONTACT]", "IN:CREATE_CALL]"]}
{"loss": 2.854738712310791, "class_log_probabilities": [-0.7007244229316711, -6.051352500915527, -6.579741477966309, -7.8098464012146], "predictions": [75, 6, 70, 71, 397, 72, 93, 399, 94, 73, 7, 78, 4, 4], "target_tokens": ["[IN:CREATE_CALL", "[SL:CONTACT", "[IN:GET_CONTACT", "[SL:CONTACT_RELATED", "@ptr4", "SL:CONTACT_RELATED]", "[SL:TYPE_RELATION", "@ptr2", "SL:TYPE_RELATION]", "IN:GET_CONTACT]", "SL:CONTACT]", "IN:CREATE_CALL]"], "predicted_tokens": ["[IN:CREATE_CALL", "[SL:CONTACT", "[IN:GET_CONTACT", "[SL:TYPE_RELATION", "@ptr2", "SL:TYPE_RELATION]", "[SL:CONTACT_RELATED", "@ptr4", "SL:CONTACT_RELATED]", "IN:GET_CONTACT]", "SL:CONTACT]", "IN:CREATE_CALL]"]}
{"loss": 2.380911111831665, "class_log_probabilities": [-1.9236314296722412, -2.461150646209717, -3.8967792987823486, -4.747089385986328], "predictions": [75, 6, 70, 71, 397, 72, 93, 399, 400, 401, 402, 403, 404, 7, 73, 7, 78, 4], "target_tokens": ["[IN:CREATE_CALL", "[SL:CONTACT", "[IN:GET_CONTACT", "[SL:CONTACT_RELATED", "@ptr4", "@ptr5", "@ptr6", "@ptr7", "@ptr8", "SL:CONTACT_RELATED]", "[SL:TYPE_RELATION", "@ptr2", "SL:TYPE_RELATION]", "IN:GET_CONTACT]", "SL:CONTACT]", "IN:CREATE_CALL]"], "predicted_tokens": ["[IN:CREATE_CALL", "[SL:CONTACT", "[IN:GET_CONTACT", "[SL:TYPE_RELATION", "@ptr2", "SL:TYPE_RELATION]", "[SL:CONTACT_RELATED", "@ptr4", "@ptr5", "@ptr6", "@ptr7", "@ptr8", "@ptr9", "SL:CONTACT]", "IN:GET_CONTACT]", "SL:CONTACT]", "IN:CREATE_CALL]"]}
{"loss": 2.9896581172943115, "class_log_probabilities": [-1.0093456506729126, -3.711042881011963, -5.387979030609131, -5.478508472442627], "predictions": [75, 6, 70, 71, 397, 72, 93, 400, 401, 94, 73, 7, 78, 4, 4], "target_tokens": ["[IN:CREATE_CALL", "[SL:CONTACT", "[IN:GET_CONTACT", "[SL:CONTACT_RELATED", "@ptr4", "@ptr5", "SL:CONTACT_RELATED]", "[SL:TYPE_RELATION", "@ptr2", "SL:TYPE_RELATION]", "IN:GET_CONTACT]", "SL:CONTACT]", "IN:CREATE_CALL]"], "predicted_tokens": ["[IN:CREATE_CALL", "[SL:CONTACT", "[IN:GET_CONTACT", "[SL:TYPE_RELATION", "@ptr2", "SL:TYPE_RELATION]", "[SL:CONTACT_RELATED", "@ptr5", "@ptr6", "SL:CONTACT_RELATED]", "IN:GET_CONTACT]", "SL:CONTACT]", "IN:CREATE_CALL]"]}
{"loss": 2.605548858642578, "class_log_probabilities": [-2.140437364578247, -3.1190757751464844, -3.1443886756896973, -4.373231887817383], "predictions": [75, 6, 70, 71, 397, 398, 72, 93, 401, 402, 94, 73, 7, 78, 4, 4], "target_tokens": ["[IN:CREATE_CALL", "[SL:CONTACT", "[IN:GET_CONTACT", "[SL:CONTACT_RELATED", "@ptr5", "@ptr6", "@ptr7", "SL:CONTACT_RELATED]", "[SL:TYPE_RELATION", "@ptr2", "@ptr3", "SL:TYPE_RELATION]", "IN:GET_CONTACT]", "SL:CONTACT]", "IN:CREATE_CALL]"], "predicted_tokens": ["[IN:CREATE_CALL", "[SL:CONTACT", "[IN:GET_CONTACT", "[SL:TYPE_RELATION", "@ptr2", "@ptr3", "SL:TYPE_RELATION]", "[SL:CONTACT_RELATED", "@ptr6", "@ptr7", "SL:CONTACT_RELATED]", "IN:GET_CONTACT]", "SL:CONTACT]", "IN:CREATE_CALL]"]}
{"loss": 2.327347755432129, "class_log_probabilities": [-1.7916843891143799, -1.984476089477539, -3.976182222366333, -5.044858932495117], "predictions": [75, 6, 70, 71, 397, 72, 93, 399, 400, 401, 94, 73, 7, 78, 4, 4], "target_tokens": ["[IN:CREATE_CALL", "[SL:CONTACT", "[IN:GET_CONTACT", "[SL:CONTACT_RELATED", "@ptr4", "@ptr5", "@ptr6", "SL:CONTACT_RELATED]", "[SL:TYPE_RELATION", "@ptr2", "SL:TYPE_RELATION]", "IN:GET_CONTACT]", "SL:CONTACT]", "IN:CREATE_CALL]"], "predicted_tokens": ["[IN:CREATE_CALL", "[SL:CONTACT", "[IN:GET_CONTACT", "[SL:TYPE_RELATION", "@ptr2", "SL:TYPE_RELATION]", "[SL:CONTACT_RELATED", "@ptr4", "@ptr5", "@ptr6", "SL:CONTACT_RELATED]", "IN:GET_CONTACT]", "SL:CONTACT]", "IN:CREATE_CALL]"]}
{"loss": 2.5328316688537598, "class_log_probabilities": [-1.7060117721557617, -1.8256624937057495, -5.545271396636963, -6.180200576782227], "predictions": [75, 6, 70, 71, 397, 72, 93, 400, 94, 73, 7, 78, 4, 4], "target_tokens": ["[IN:CREATE_CALL", "[SL:CONTACT", "[IN:GET_CONTACT", "[SL:CONTACT_RELATED", "@ptr4", "@ptr5", "SL:CONTACT_RELATED]", "[SL:TYPE_RELATION", "@ptr2", "SL:TYPE_RELATION]", "IN:GET_CONTACT]", "SL:CONTACT]", "IN:CREATE_CALL]"], "predicted_tokens": ["[IN:CREATE_CALL", "[SL:CONTACT", "[IN:GET_CONTACT", "[SL:TYPE_RELATION", "@ptr2", "SL:TYPE_RELATION]", "[SL:CONTACT_RELATED", "@ptr5", "SL:CONTACT_RELATED]", "IN:GET_CONTACT]", "SL:CONTACT]", "IN:CREATE_CALL]"]}
{"loss": 2.53009295463562, "class_log_probabilities": [-2.0447051525115967, -3.4498565196990967, -3.8303756713867188, -4.107147216796875], "predictions": [61, 83, 396, 397, 398, 84, 16, 403, 404, 405, 406, 17, 14, 408, 409, 410, 15, 62, 4, 4], "target_tokens": ["[IN:GET_EVENT", "[SL:CATEGORY_EVENT", "@ptr1", "@ptr2", "@ptr3", "SL:CATEGORY_EVENT]", "[SL:DATE_TIME", "@ptr7", "@ptr8", "@ptr9", "SL:DATE_TIME]", "[SL:LOCATION", "@ptr11", "@ptr12", "@ptr13", "SL:LOCATION]", "IN:GET_EVENT]"], "predicted_tokens": ["[IN:GET_EVENT", "[SL:CATEGORY_EVENT", "@ptr1", "@ptr2", "@ptr3", "SL:CATEGORY_EVENT]", "[SL:DATE_TIME", "@ptr8", "@ptr9", "@ptr10", "@ptr11", "SL:DATE_TIME]", "[SL:LOCATION", "@ptr13", "@ptr14", "@ptr15", "SL:LOCATION]", "IN:GET_EVENT]"]}
{"loss": 1.8653006553649902, "class_log_probabilities": [-0.7502536773681641, -5.646849632263184, -5.996561050415039, -6.21420431137085], "predictions": [61, 83, 398, 399, 400, 84, 16, 405, 406, 407, 17, 62, 4], "target_tokens": ["[IN:GET_EVENT", "[SL:CATEGORY_EVENT", "@ptr3", "@ptr4", "@ptr5", "SL:CATEGORY_EVENT]", "[SL:DATE_TIME", "@ptr9", "@ptr10", "@ptr11", "SL:DATE_TIME]", "IN:GET_EVENT]"], "predicted_tokens": ["[IN:GET_EVENT", "[SL:CATEGORY_EVENT", "@ptr3", "@ptr4", "@ptr5", "SL:CATEGORY_EVENT]", "[SL:DATE_TIME", "@ptr10", "@ptr11", "@ptr12", "SL:DATE_TIME]", "IN:GET_EVENT]"]}
{"loss": 5.611908912658691, "class_log_probabilities": [-3.773052453994751, -4.181130886077881, -5.793688774108887, -5.85043478012085], "predictions": [63, 101, 397, 398, 399, 400, 401, 402, 403, 404, 405, 406, 407, 408, 102, 68, 4], "target_tokens": ["[IN:GET_CONTACT", "[SL:CONTACT_RELATED", "@ptr12", "SL:CONTACT_RELATED]", "[SL:TYPE_RELATION", "@ptr10", "SL:TYPE_RELATION]", "IN:GET_CONTACT]"], "predicted_tokens": ["[IN:PLAY_MUSIC", "[SL:MUSIC_TRACK_TITLE", "@ptr2", "@ptr3", "@ptr4", "@ptr5", "@ptr6", "@ptr7", "@ptr8", "@ptr9", "@ptr10", "@ptr11", "@ptr12", "@ptr13", "SL:MUSIC_TRACK_TITLE]", "IN:PLAY_MUSIC]"]}
{"loss": 2.9121105670928955, "class_log_probabilities": [-1.0978362560272217, -4.744896411895752, -5.283904552459717, -5.767036437988281], "predictions": [13, 16, 395, 396, 397, 17, 18, 4], "target_tokens": ["[IN:GET_CONTACT", "[SL:DATE_TIME", "@ptr1", "@ptr2", "SL:DATE_TIME]", "IN:GET_CONTACT]"], "predicted_tokens": ["[IN:GET_WEATHER", "[SL:DATE_TIME", "@ptr0", "@ptr1", "@ptr2", "SL:DATE_TIME]", "IN:GET_WEATHER]"]}
{"loss": 3.853677272796631, "class_log_probabilities": [-4.211000919342041, -4.5822062492370605, -5.584668159484863, -10.556059837341309], "predictions": [125, 71, 400, 72, 93, 402, 403, 404, 405, 406, 407, 94, 73, 4, 4, 4, 4, 4, 4, 4, 4, 4, 4], "target_tokens": ["[IN:GET_CONTACT", "[SL:CONTACT_RELATED", "@ptr6", "@ptr7", "@ptr8", "@ptr9", "@ptr10", "@ptr11", "@ptr12", "SL:CONTACT_RELATED]", "[SL:TYPE_RELATION", "@ptr3", "@ptr4", "SL:TYPE_RELATION]", "IN:GET_CONTACT]"], "predicted_tokens": ["[IN:GET_AGE", "[SL:TYPE_RELATION", "@ptr5", "SL:TYPE_RELATION]", "[SL:CONTACT_RELATED", "@ptr7", "@ptr8", "@ptr9", "@ptr10", "@ptr11", "@ptr12", "SL:CONTACT_RELATED]", "IN:GET_CONTACT]"]}
{"loss": 2.0807275772094727, "class_log_probabilities": [-0.4578365683555603, -7.547486782073975, -7.558815002441406, -7.9161553382873535], "predictions": [70, 16, 400, 401, 402, 17, 73, 4], "target_tokens": ["[IN:GET_CONTACT", "[SL:DATE_TIME", "@ptr6", "@ptr7", "SL:DATE_TIME]", "IN:GET_CONTACT]"], "predicted_tokens": ["[IN:GET_CONTACT", "[SL:DATE_TIME", "@ptr5", "@ptr6", "@ptr7", "SL:DATE_TIME]", "IN:GET_CONTACT]"]}
{"loss": 4.507226943969727, "class_log_probabilities": [-2.1896116733551025, -3.046436071395874, -6.54062032699585, -12.473485946655273], "predictions": [23, 24, 396, 397, 398, 399, 400, 401, 402, 403, 404, 405, 406, 407, 408, 409, 410, 411, 412, 25, 26, 4, 4, 4], "target_tokens": ["[IN:GET_CONTACT", "[SL:CONTACT_RELATED", "@ptr13", "@ptr14", "@ptr15", "@ptr16", "SL:CONTACT_RELATED]", "[SL:TYPE_RELATION", "@ptr9", "SL:TYPE_RELATION]", "IN:GET_CONTACT]"], "predicted_tokens": ["[IN:SEND_MESSAGE", "[SL:CONTENT_EXACT", "@ptr1", "@ptr2", "@ptr3", "@ptr4", "@ptr5", "@ptr6", "@ptr7", "@ptr8", "@ptr9", "@ptr10", "@ptr11", "@ptr12", "@ptr13", "@ptr14", "@ptr15", "@ptr16", "@ptr17", "SL:CONTENT_EXACT]", "IN:SEND_MESSAGE]"]}
{"loss": 2.8277108669281006, "class_log_probabilities": [-1.5111944675445557, -2.5677404403686523, -3.2401742935180664, -3.598900079727173], "predictions": [49, 36, 402, 403, 404, 405, 406, 37, 50, 4, 4], "target_tokens": ["[IN:CREATE_REMINDER", "[SL:TODO", "@ptr9", "@ptr10", "SL:TODO]", "IN:CREATE_REMINDER]"], "predicted_tokens": ["[IN:CREATE_REMINDER", "[SL:TODO", "@ptr7", "@ptr8", "@ptr9", "@ptr10", "@ptr11", "SL:TODO]", "IN:CREATE_REMINDER]"]}
{"loss": 2.654083728790283, "class_log_probabilities": [-1.8781107664108276, -4.144343852996826, -4.441763877868652, -5.155957221984863], "predictions": [45, 16, 400, 401, 402, 403, 404, 405, 406, 407, 408, 17, 46, 4], "target_tokens": ["[IN:CREATE_REMINDER", "[SL:DATE_TIME", "@ptr4", "@ptr5", "@ptr6", "@ptr7", "@ptr8", "@ptr9", "@ptr10", "@ptr11", "SL:DATE_TIME]", "IN:CREATE_REMINDER]"], "predicted_tokens": ["[IN:CREATE_ALARM", "[SL:DATE_TIME", "@ptr5", "@ptr6", "@ptr7", "@ptr8", "@ptr9", "@ptr10", "@ptr11", "@ptr12", "@ptr13", "SL:DATE_TIME]", "IN:CREATE_ALARM]"]}
{"loss": 1.5490959882736206, "class_log_probabilities": [-1.1735366582870483, -3.9075446128845215, -4.000243186950684, -6.812411308288574], "predictions": [49, 36, 399, 400, 401, 37, 16, 405, 406, 407, 408, 409, 17, 50, 4, 4], "target_tokens": ["[IN:CREATE_REMINDER", "[SL:TODO", "@ptr4", "@ptr5", "@ptr6", "SL:TODO]", "[SL:DATE_TIME", "@ptr9", "@ptr10", "@ptr11", "@ptr12", "@ptr13", "SL:DATE_TIME]", "IN:CREATE_REMINDER]"], "predicted_tokens": ["[IN:CREATE_REMINDER", "[SL:TODO", "@ptr4", "@ptr5", "@ptr6", "SL:TODO]", "[SL:DATE_TIME", "@ptr10", "@ptr11", "@ptr12", "@ptr13", "@ptr14", "SL:DATE_TIME]", "IN:CREATE_REMINDER]"]}
{"loss": 0.9820137023925781, "class_log_probabilities": [-0.1466600000858307, -8.331679344177246, -8.500720977783203, -8.735913276672363], "predictions": [5, 12, 4, 4, 4], "target_tokens": ["[IN:GET_MESSAGE", "IN:GET_MESSAGE]"], "predicted_tokens": ["[IN:GET_MESSAGE", "IN:GET_MESSAGE]"]}
{"loss": 1.5449951887130737, "class_log_probabilities": [-0.9569464921951294, -2.8064966201782227, -5.716421604156494, -6.817162036895752], "predictions": [75, 6, 398, 399, 400, 401, 7, 6, 403, 404, 405, 7, 78, 4, 4, 4, 4], "target_tokens": ["[IN:CREATE_CALL", "[SL:CONTACT", "@ptr3", "@ptr4", "@ptr5", "@ptr6", "@ptr7", "@ptr8", "@ptr9", "@ptr10", "SL:CONTACT]", "IN:CREATE_CALL]"], "predicted_tokens": ["[IN:CREATE_CALL", "[SL:CONTACT", "@ptr3", "@ptr4", "@ptr5", "@ptr6", "SL:CONTACT]", "[SL:CONTACT", "@ptr8", "@ptr9", "@ptr10", "SL:CONTACT]", "IN:CREATE_CALL]"]}
{"loss": 1.5862224102020264, "class_log_probabilities": [-0.6712422370910645, -4.599822521209717, -6.778046607971191, -6.88022518157959], "predictions": [75, 6, 398, 399, 400, 401, 402, 7, 78, 4], "target_tokens": ["[IN:CREATE_CALL", "[SL:CONTACT", "@ptr3", "@ptr4", "@ptr5", "@ptr6", "SL:CONTACT]", "IN:CREATE_CALL]"], "predicted_tokens": ["[IN:CREATE_CALL", "[SL:CONTACT", "@ptr3", "@ptr4", "@ptr5", "@ptr6", "@ptr7", "SL:CONTACT]", "IN:CREATE_CALL]"]}
{"loss": 2.9471349716186523, "class_log_probabilities": [-0.784940779209137, -3.9840266704559326, -4.03821325302124, -5.00638484954834], "predictions": [75, 231, 398, 232, 78, 4], "target_tokens": ["[IN:CREATE_CALL", "IN:CREATE_CALL]"], "predicted_tokens": ["[IN:CREATE_CALL", "[SL:PHONE_NUMBER", "@ptr3", "SL:PHONE_NUMBER]", "IN:CREATE_CALL]"]}
{"loss": 3.41030216217041, "class_log_probabilities": [-0.382015585899353, -7.291186332702637, -8.095476150512695, -8.260587692260742], "predictions": [153, 6, 399, 400, 7, 154, 4], "target_tokens": ["[IN:ANSWER_CALL", "IN:ANSWER_CALL]"], "predicted_tokens": ["[IN:ANSWER_CALL", "[SL:CONTACT", "@ptr4", "@ptr5", "SL:CONTACT]", "IN:ANSWER_CALL]"]}
{"loss": 3.406428337097168, "class_log_probabilities": [-0.477999210357666, -7.647180080413818, -7.684118270874023, -7.798407077789307], "predictions": [153, 6, 397, 398, 399, 7, 154, 4, 4], "target_tokens": ["[IN:ANSWER_CALL", "IN:ANSWER_CALL]"], "predicted_tokens": ["[IN:ANSWER_CALL", "[SL:CONTACT", "@ptr2", "@ptr3", "@ptr4", "SL:CONTACT]", "IN:ANSWER_CALL]"]}
{"loss": 2.5171873569488525, "class_log_probabilities": [-0.4582560956478119, -6.151927471160889, -6.566160678863525, -7.949573040008545], "predictions": [81, 6, 399, 400, 401, 7, 82, 4], "target_tokens": ["[IN:END_CALL", "[SL:CONTACT", "@ptr3", "@ptr4", "@ptr5", "SL:CONTACT]", "IN:END_CALL]"], "predicted_tokens": ["[IN:END_CALL", "[SL:CONTACT", "@ptr4", "@ptr5", "@ptr6", "SL:CONTACT]", "IN:END_CALL]"]}
{"loss": 2.442619562149048, "class_log_probabilities": [-4.041224002838135, -4.627492427825928, -4.942142486572266, -7.062749862670898], "predictions": [63, 206, 395, 396, 397, 398, 399, 400, 401, 402, 403, 404, 405, 207, 68, 4, 4], "target_tokens": ["[IN:CREATE_CALL", "[SL:CONTACT", "@ptr6", "@ptr7", "@ptr8", "@ptr9", "SL:CONTACT]", "IN:CREATE_CALL]"], "predicted_tokens": ["[IN:PLAY_MUSIC", "[SL:MUSIC_ALBUM_TITLE", "@ptr0", "@ptr1", "@ptr2", "@ptr3", "@ptr4", "@ptr5", "@ptr6", "@ptr7", "@ptr8", "@ptr9", "@ptr10", "SL:MUSIC_ALBUM_TITLE]", "IN:PLAY_MUSIC]"]}
{"loss": 1.1017398834228516, "class_log_probabilities": [-0.8057453036308289, -2.1187171936035156, -8.028037071228027, -8.105269432067871], "predictions": [75, 6, 70, 71, 400, 72, 73, 7, 78, 4, 4, 4], "target_tokens": ["[IN:CREATE_CALL", "[SL:CONTACT", "[IN:GET_CONTACT", "[SL:TYPE_RELATION", "@ptr4", "SL:TYPE_RELATION]", "IN:GET_CONTACT]", "SL:CONTACT]", "IN:CREATE_CALL]"], "predicted_tokens": ["[IN:CREATE_CALL", "[SL:CONTACT", "[IN:GET_CONTACT", "[SL:TYPE_RELATION", "@ptr5", "SL:TYPE_RELATION]", "IN:GET_CONTACT]", "SL:CONTACT]", "IN:CREATE_CALL]"]}
{"loss": 1.0303399562835693, "class_log_probabilities": [-1.1270527839660645, -1.8439439535140991, -7.002964496612549, -7.42076301574707], "predictions": [75, 6, 401, 402, 7, 78, 4, 4], "target_tokens": ["[IN:CREATE_CALL", "[SL:CONTACT", "@ptr6", "@ptr7", "SL:CONTACT]", "IN:CREATE_CALL]"], "predicted_tokens": ["[IN:CREATE_CALL", "[SL:CONTACT", "@ptr6", "@ptr7", "SL:CONTACT]", "IN:CREATE_CALL]"]}
{"loss": 0.9643298387527466, "class_log_probabilities": [-0.4207614064216614, -6.326771259307861, -8.047791481018066, -8.367398262023926], "predictions": [171, 6, 399, 400, 7, 172, 4], "target_tokens": ["[IN:GET_AVAILABILITY", "[SL:CONTACT", "@ptr4", "@ptr5", "SL:CONTACT]", "IN:GET_AVAILABILITY]"], "predicted_tokens": ["[IN:GET_AVAILABILITY", "[SL:CONTACT", "@ptr4", "@ptr5", "SL:CONTACT]", "IN:GET_AVAILABILITY]"]}
{"loss": 0.9614896178245544, "class_log_probabilities": [-0.1784568727016449, -8.56994915008545, -8.6049222946167, -8.66640853881836], "predictions": [171, 172, 4, 4], "target_tokens": ["[IN:GET_AVAILABILITY", "IN:GET_AVAILABILITY]"], "predicted_tokens": ["[IN:GET_AVAILABILITY", "IN:GET_AVAILABILITY]"]}
{"loss": 1.0454128980636597, "class_log_probabilities": [-1.0932183265686035, -2.1669740676879883, -6.2854509353637695, -6.505959510803223], "predictions": [171, 172, 4, 4, 4, 4, 4, 4, 4, 4], "target_tokens": ["[IN:GET_AVAILABILITY", "[SL:CONTACT", "[IN:GET_CONTACT", "[SL:TYPE_RELATION", "@ptr3", "SL:TYPE_RELATION]", "IN:GET_CONTACT]", "SL:CONTACT]", "IN:GET_AVAILABILITY]"], "predicted_tokens": ["[IN:GET_AVAILABILITY", "IN:GET_AVAILABILITY]"]}
{"loss": 0.9618088603019714, "class_log_probabilities": [-0.17763401567935944, -8.63873291015625, -8.668905258178711, -8.747846603393555], "predictions": [171, 172, 4, 4], "target_tokens": ["[IN:GET_AVAILABILITY", "IN:GET_AVAILABILITY]"], "predicted_tokens": ["[IN:GET_AVAILABILITY", "IN:GET_AVAILABILITY]"]}
{"loss": 3.2053468227386475, "class_log_probabilities": [-0.6567713022232056, -7.239847183227539, -7.658034324645996, -7.865687847137451], "predictions": [171, 6, 70, 71, 395, 72, 93, 397, 94, 73, 7, 172, 4], "target_tokens": ["[IN:GET_AVAILABILITY", "[SL:CONTACT", "[IN:GET_CONTACT", "[SL:CONTACT_RELATED", "@ptr1", "@ptr2", "SL:CONTACT_RELATED]", "[SL:TYPE_RELATION", "@ptr0", "SL:TYPE_RELATION]", "IN:GET_CONTACT]", "SL:CONTACT]", "IN:GET_AVAILABILITY]"], "predicted_tokens": ["[IN:GET_AVAILABILITY", "[SL:CONTACT", "[IN:GET_CONTACT", "[SL:TYPE_RELATION", "@ptr0", "SL:TYPE_RELATION]", "[SL:CONTACT_RELATED", "@ptr2", "SL:CONTACT_RELATED]", "IN:GET_CONTACT]", "SL:CONTACT]", "IN:GET_AVAILABILITY]"]}
{"loss": 0.9643723964691162, "class_log_probabilities": [-0.1737043410539627, -8.661796569824219, -8.747523307800293, -11.28537654876709], "predictions": [31, 32, 4, 4, 4], "target_tokens": ["[IN:SET_UNAVAILABLE", "IN:SET_UNAVAILABLE]"], "predicted_tokens": ["[IN:SET_UNAVAILABLE", "IN:SET_UNAVAILABLE]"]}
{"loss": 2.124439001083374, "class_log_probabilities": [-0.2816591262817383, -4.2747111320495605, -7.08877420425415, -7.509707927703857], "predictions": [31, 32, 4], "target_tokens": ["[IN:SET_AVAILABLE", "IN:SET_AVAILABLE]"], "predicted_tokens": ["[IN:SET_UNAVAILABLE", "IN:SET_UNAVAILABLE]"]}
{"loss": 0.9610028862953186, "class_log_probabilities": [-0.4007052481174469, -7.512754440307617, -7.901430130004883, -8.20178508758545], "predictions": [75, 6, 398, 399, 7, 78, 4, 4], "target_tokens": ["[IN:CREATE_CALL", "[SL:CONTACT", "@ptr3", "@ptr4", "SL:CONTACT]", "IN:CREATE_CALL]"], "predicted_tokens": ["[IN:CREATE_CALL", "[SL:CONTACT", "@ptr3", "@ptr4", "SL:CONTACT]", "IN:CREATE_CALL]"]}
{"loss": 0.9620639681816101, "class_log_probabilities": [-0.17710423469543457, -8.637983322143555, -8.685202598571777, -8.759149551391602], "predictions": [171, 172, 4, 4], "target_tokens": ["[IN:GET_AVAILABILITY", "IN:GET_AVAILABILITY]"], "predicted_tokens": ["[IN:GET_AVAILABILITY", "IN:GET_AVAILABILITY]"]}
{"loss": 0.961193859577179, "class_log_probabilities": [-0.17960211634635925, -8.623485565185547, -8.683045387268066, -8.754386901855469], "predictions": [171, 172, 4, 4], "target_tokens": ["[IN:GET_AVAILABILITY", "IN:GET_AVAILABILITY]"], "predicted_tokens": ["[IN:GET_AVAILABILITY", "IN:GET_AVAILABILITY]"]}
{"loss": 0.9694945812225342, "class_log_probabilities": [-0.16217288374900818, -8.590127944946289, -8.62401008605957, -8.698219299316406], "predictions": [81, 82, 4, 4], "target_tokens": ["[IN:END_CALL", "IN:END_CALL]"], "predicted_tokens": ["[IN:END_CALL", "IN:END_CALL]"]}
{"loss": 0.9983879923820496, "class_log_probabilities": [-0.1296294629573822, -8.40707778930664, -8.57839584350586, -8.668094635009766], "predictions": [215, 216, 4, 4], "target_tokens": ["[IN:SWITCH_CALL", "IN:SWITCH_CALL]"], "predicted_tokens": ["[IN:SWITCH_CALL", "IN:SWITCH_CALL]"]}
{"loss": 0.9739956855773926, "class_log_probabilities": [-0.1581900268793106, -8.178254127502441, -8.463664054870605, -9.862638473510742], "predictions": [107, 110, 4, 4, 4, 4, 4], "target_tokens": ["[IN:UPDATE_CALL", "IN:UPDATE_CALL]"], "predicted_tokens": ["[IN:UPDATE_CALL", "IN:UPDATE_CALL]"]}
{"loss": 0.9560671448707581, "class_log_probabilities": [-0.2853199541568756, -6.965763568878174, -7.160926818847656, -7.345907211303711], "predictions": [189, 190, 4], "target_tokens": ["[IN:SET_AVAILABLE", "IN:SET_AVAILABLE]"], "predicted_tokens": ["[IN:SET_AVAILABLE", "IN:SET_AVAILABLE]"]}
{"loss": 0.9567845463752747, "class_log_probabilities": [-0.3342970013618469, -6.914533615112305, -7.627115249633789, -7.860790729522705], "predictions": [31, 32, 4, 4, 4, 4, 4, 4, 4, 4], "target_tokens": ["[IN:SET_UNAVAILABLE", "IN:SET_UNAVAILABLE]"], "predicted_tokens": ["[IN:SET_UNAVAILABLE", "IN:SET_UNAVAILABLE]"]}
{"loss": 0.9712064862251282, "class_log_probabilities": [-0.1591101884841919, -8.610320091247559, -8.698973655700684, -8.771141052246094], "predictions": [81, 82, 4, 4, 4], "target_tokens": ["[IN:END_CALL", "IN:END_CALL]"], "predicted_tokens": ["[IN:END_CALL", "IN:END_CALL]"]}
{"loss": 0.9600175023078918, "class_log_probabilities": [-0.18265852332115173, -8.440017700195312, -8.539310455322266, -8.705443382263184], "predictions": [171, 172, 4, 4], "target_tokens": ["[IN:GET_AVAILABILITY", "IN:GET_AVAILABILITY]"], "predicted_tokens": ["[IN:GET_AVAILABILITY", "IN:GET_AVAILABILITY]"]}
{"loss": 0.9626120924949646, "class_log_probabilities": [-0.17555180191993713, -8.469000816345215, -8.608253479003906, -8.67935562133789], "predictions": [171, 172, 4, 4], "target_tokens": ["[IN:GET_AVAILABILITY", "IN:GET_AVAILABILITY]"], "predicted_tokens": ["[IN:GET_AVAILABILITY", "IN:GET_AVAILABILITY]"]}
{"loss": 0.9603447318077087, "class_log_probabilities": [-0.18160492181777954, -8.462743759155273, -8.495996475219727, -8.496623992919922], "predictions": [171, 172, 4], "target_tokens": ["[IN:GET_AVAILABILITY", "IN:GET_AVAILABILITY]"], "predicted_tokens": ["[IN:GET_AVAILABILITY", "IN:GET_AVAILABILITY]"]}
{"loss": 0.9620810151100159, "class_log_probabilities": [-0.17680275440216064, -8.407953262329102, -8.557361602783203, -8.561692237854004], "predictions": [171, 172, 4], "target_tokens": ["[IN:GET_AVAILABILITY", "IN:GET_AVAILABILITY]"], "predicted_tokens": ["[IN:GET_AVAILABILITY", "IN:GET_AVAILABILITY]"]}
{"loss": 3.1155893802642822, "class_log_probabilities": [-0.18835128843784332, -7.5773396492004395, -8.373150825500488, -8.757220268249512], "predictions": [31, 32, 4, 4], "target_tokens": ["[IN:SET_AVAILABLE", "IN:SET_AVAILABLE]"], "predicted_tokens": ["[IN:SET_UNAVAILABLE", "IN:SET_UNAVAILABLE]"]}
{"loss": 0.9598545432090759, "class_log_probabilities": [-0.18368813395500183, -8.535040855407715, -8.554404258728027, -8.58796215057373], "predictions": [171, 172, 4], "target_tokens": ["[IN:GET_AVAILABILITY", "IN:GET_AVAILABILITY]"], "predicted_tokens": ["[IN:GET_AVAILABILITY", "IN:GET_AVAILABILITY]"]}
{"loss": 0.956672728061676, "class_log_probabilities": [-0.19695031642913818, -7.228407382965088, -8.250223159790039, -8.290926933288574], "predictions": [171, 172, 4], "target_tokens": ["[IN:GET_AVAILABILITY", "IN:GET_AVAILABILITY]"], "predicted_tokens": ["[IN:GET_AVAILABILITY", "IN:GET_AVAILABILITY]"]}
{"loss": 0.9643526077270508, "class_log_probabilities": [-0.43994078040122986, -6.11008358001709, -7.191290378570557, -7.41852331161499], "predictions": [107, 108, 397, 398, 109, 110, 4], "target_tokens": ["[IN:UPDATE_CALL", "[SL:CONTACT_ADDED", "@ptr2", "@ptr3", "SL:CONTACT_ADDED]", "IN:UPDATE_CALL]"], "predicted_tokens": ["[IN:UPDATE_CALL", "[SL:CONTACT_ADDED", "@ptr2", "@ptr3", "SL:CONTACT_ADDED]", "IN:UPDATE_CALL]"]}
{"loss": 1.9491294622421265, "class_log_probabilities": [-0.31706610321998596, -6.843685150146484, -7.9220290184021, -8.040986061096191], "predictions": [107, 108, 398, 109, 110, 4], "target_tokens": ["[IN:UPDATE_CALL", "[SL:CONTACT_ADDED", "@ptr2", "SL:CONTACT_ADDED]", "IN:UPDATE_CALL]"], "predicted_tokens": ["[IN:UPDATE_CALL", "[SL:CONTACT_ADDED", "@ptr3", "SL:CONTACT_ADDED]", "IN:UPDATE_CALL]"]}
{"loss": 0.9687982201576233, "class_log_probabilities": [-0.37262818217277527, -6.746804237365723, -7.64038610458374, -7.78048849105835], "predictions": [107, 108, 396, 397, 109, 110, 4], "target_tokens": ["[IN:UPDATE_CALL", "[SL:CONTACT_ADDED", "@ptr1", "@ptr2", "SL:CONTACT_ADDED]", "IN:UPDATE_CALL]"], "predicted_tokens": ["[IN:UPDATE_CALL", "[SL:CONTACT_ADDED", "@ptr1", "@ptr2", "SL:CONTACT_ADDED]", "IN:UPDATE_CALL]"]}
{"loss": 0.9736242294311523, "class_log_probabilities": [-0.3071780204772949, -7.124562740325928, -7.792232036590576, -8.17939567565918], "predictions": [107, 108, 396, 109, 110, 4], "target_tokens": ["[IN:UPDATE_CALL", "[SL:CONTACT_ADDED", "@ptr1", "SL:CONTACT_ADDED]", "IN:UPDATE_CALL]"], "predicted_tokens": ["[IN:UPDATE_CALL", "[SL:CONTACT_ADDED", "@ptr1", "SL:CONTACT_ADDED]", "IN:UPDATE_CALL]"]}
{"loss": 0.961222767829895, "class_log_probabilities": [-0.3999108672142029, -7.226217746734619, -7.576943874359131, -8.0341215133667], "predictions": [75, 6, 398, 399, 7, 78, 4, 4], "target_tokens": ["[IN:CREATE_CALL", "[SL:CONTACT", "@ptr3", "@ptr4", "SL:CONTACT]", "IN:CREATE_CALL]"], "predicted_tokens": ["[IN:CREATE_CALL", "[SL:CONTACT", "@ptr3", "@ptr4", "SL:CONTACT]", "IN:CREATE_CALL]"]}
{"loss": 2.99192476272583, "class_log_probabilities": [-0.4868812561035156, -6.190582275390625, -6.336321830749512, -7.83131742477417], "predictions": [75, 6, 399, 400, 401, 7, 78, 4], "target_tokens": ["[IN:CREATE_CALL", "[SL:CONTACT", "@ptr3", "@ptr4", "@ptr5", "SL:CONTACT]", "IN:CREATE_CALL]"], "predicted_tokens": ["[IN:CREATE_CALL", "[SL:CONTACT", "@ptr4", "@ptr5", "@ptr6", "SL:CONTACT]", "IN:CREATE_CALL]"]}
{"loss": 0.967897355556488, "class_log_probabilities": [-0.32633107900619507, -7.8379011154174805, -8.157958984375, -8.161824226379395], "predictions": [107, 108, 396, 109, 110, 4, 4], "target_tokens": ["[IN:UPDATE_CALL", "[SL:CONTACT_ADDED", "@ptr1", "SL:CONTACT_ADDED]", "IN:UPDATE_CALL]"], "predicted_tokens": ["[IN:UPDATE_CALL", "[SL:CONTACT_ADDED", "@ptr1", "SL:CONTACT_ADDED]", "IN:UPDATE_CALL]"]}
{"loss": 3.334911823272705, "class_log_probabilities": [-0.6927298903465271, -6.8205718994140625, -6.866410732269287, -7.304719924926758], "predictions": [107, 108, 70, 71, 397, 72, 93, 399, 94, 73, 109, 110, 4, 4], "target_tokens": ["[IN:UPDATE_CALL", "[SL:CONTACT_ADDED", "[IN:GET_CONTACT", "[SL:CONTACT_RELATED", "@ptr3", "@ptr4", "SL:CONTACT_RELATED]", "[SL:TYPE_RELATION", "@ptr2", "SL:TYPE_RELATION]", "IN:GET_CONTACT]", "SL:CONTACT_ADDED]", "IN:UPDATE_CALL]"], "predicted_tokens": ["[IN:UPDATE_CALL", "[SL:CONTACT_ADDED", "[IN:GET_CONTACT", "[SL:TYPE_RELATION", "@ptr2", "SL:TYPE_RELATION]", "[SL:CONTACT_RELATED", "@ptr4", "SL:CONTACT_RELATED]", "IN:GET_CONTACT]", "SL:CONTACT_ADDED]", "IN:UPDATE_CALL]"]}
{"loss": 0.9593367576599121, "class_log_probabilities": [-0.4793655574321747, -7.013508319854736, -7.0431718826293945, -7.360073566436768], "predictions": [75, 6, 399, 400, 401, 7, 78, 4, 4], "target_tokens": ["[IN:CREATE_CALL", "[SL:CONTACT", "@ptr4", "@ptr5", "@ptr6", "SL:CONTACT]", "IN:CREATE_CALL]"], "predicted_tokens": ["[IN:CREATE_CALL", "[SL:CONTACT", "@ptr4", "@ptr5", "@ptr6", "SL:CONTACT]", "IN:CREATE_CALL]"]}
{"loss": 0.9614786505699158, "class_log_probabilities": [-0.396953284740448, -7.529263973236084, -8.11280345916748, -8.248979568481445], "predictions": [75, 6, 400, 401, 7, 78, 4], "target_tokens": ["[IN:CREATE_CALL", "[SL:CONTACT", "@ptr5", "@ptr6", "SL:CONTACT]", "IN:CREATE_CALL]"], "predicted_tokens": ["[IN:CREATE_CALL", "[SL:CONTACT", "@ptr5", "@ptr6", "SL:CONTACT]", "IN:CREATE_CALL]"]}
{"loss": 0.9619042873382568, "class_log_probabilities": [-0.4464607238769531, -7.525032997131348, -7.539593696594238, -7.88732385635376], "predictions": [75, 6, 397, 398, 399, 7, 78, 4, 4], "target_tokens": ["[IN:CREATE_CALL", "[SL:CONTACT", "@ptr2", "@ptr3", "@ptr4", "SL:CONTACT]", "IN:CREATE_CALL]"], "predicted_tokens": ["[IN:CREATE_CALL", "[SL:CONTACT", "@ptr2", "@ptr3", "@ptr4", "SL:CONTACT]", "IN:CREATE_CALL]"]}
{"loss": 0.9689720869064331, "class_log_probabilities": [-0.373643159866333, -6.920775413513184, -7.64568567276001, -7.85769510269165], "predictions": [107, 108, 396, 397, 109, 110, 4], "target_tokens": ["[IN:UPDATE_CALL", "[SL:CONTACT_ADDED", "@ptr1", "@ptr2", "SL:CONTACT_ADDED]", "IN:UPDATE_CALL]"], "predicted_tokens": ["[IN:UPDATE_CALL", "[SL:CONTACT_ADDED", "@ptr1", "@ptr2", "SL:CONTACT_ADDED]", "IN:UPDATE_CALL]"]}
{"loss": 1.8504953384399414, "class_log_probabilities": [-0.864944338798523, -3.3988571166992188, -4.330137252807617, -4.58049201965332], "predictions": [75, 6, 399, 400, 401, 7, 78, 4], "target_tokens": ["[IN:CREATE_CALL", "[SL:CONTACT", "@ptr4", "@ptr5", "SL:CONTACT]", "IN:CREATE_CALL]"], "predicted_tokens": ["[IN:CREATE_CALL", "[SL:CONTACT", "@ptr4", "@ptr5", "@ptr6", "SL:CONTACT]", "IN:CREATE_CALL]"]}
{"loss": 0.9634643197059631, "class_log_probabilities": [-0.3779091536998749, -8.133442878723145, -8.318989753723145, -8.715567588806152], "predictions": [75, 6, 397, 398, 7, 78, 4, 4, 4], "target_tokens": ["[IN:CREATE_CALL", "[SL:CONTACT", "@ptr2", "@ptr3", "SL:CONTACT]", "IN:CREATE_CALL]"], "predicted_tokens": ["[IN:CREATE_CALL", "[SL:CONTACT", "@ptr2", "@ptr3", "SL:CONTACT]", "IN:CREATE_CALL]"]}
{"loss": 0.9684857726097107, "class_log_probabilities": [-0.7224628329277039, -5.136837005615234, -5.907772064208984, -6.093921184539795], "predictions": [107, 108, 70, 71, 396, 397, 72, 73, 109, 110, 4], "target_tokens": ["[IN:UPDATE_CALL", "[SL:CONTACT_ADDED", "[IN:GET_CONTACT", "[SL:TYPE_RELATION", "@ptr1", "@ptr2", "SL:TYPE_RELATION]", "IN:GET_CONTACT]", "SL:CONTACT_ADDED]", "IN:UPDATE_CALL]"], "predicted_tokens": ["[IN:UPDATE_CALL", "[SL:CONTACT_ADDED", "[IN:GET_CONTACT", "[SL:TYPE_RELATION", "@ptr1", "@ptr2", "SL:TYPE_RELATION]", "IN:GET_CONTACT]", "SL:CONTACT_ADDED]", "IN:UPDATE_CALL]"]}
{"loss": 3.9160866737365723, "class_log_probabilities": [-2.513457775115967, -2.7257332801818848, -3.9549834728240967, -4.367204666137695], "predictions": [75, 6, 70, 71, 399, 72, 73, 7, 6, 70, 71, 400, 401, 402, 403, 94, 73, 7, 78, 4, 4, 4, 4], "target_tokens": ["[IN:CREATE_CALL", "[SL:CONTACT", "[IN:GET_CONTACT", "[SL:CONTACT_RELATED", "@ptr6", "@ptr7", "SL:CONTACT_RELATED]", "[SL:TYPE_RELATION", "@ptr3", "@ptr4", "@ptr5", "SL:TYPE_RELATION]", "IN:GET_CONTACT]", "SL:CONTACT]", "IN:CREATE_CALL]"], "predicted_tokens": ["[IN:CREATE_CALL", "[SL:CONTACT", "[IN:GET_CONTACT", "[SL:TYPE_RELATION", "@ptr4", "SL:TYPE_RELATION]", "IN:GET_CONTACT]", "SL:CONTACT]", "[SL:CONTACT", "[IN:GET_CONTACT", "[SL:TYPE_RELATION", "@ptr5", "@ptr6", "@ptr7", "@ptr8", "SL:CONTACT_RELATED]", "IN:GET_CONTACT]", "SL:CONTACT]", "IN:CREATE_CALL]"]}
{"loss": 0.9698061943054199, "class_log_probabilities": [-0.5304495692253113, -7.467996597290039, -7.779417991638184, -7.890620231628418], "predictions": [107, 108, 70, 71, 396, 72, 73, 109, 110, 4], "target_tokens": ["[IN:UPDATE_CALL", "[SL:CONTACT_ADDED", "[IN:GET_CONTACT", "[SL:TYPE_RELATION", "@ptr1", "SL:TYPE_RELATION]", "IN:GET_CONTACT]", "SL:CONTACT_ADDED]", "IN:UPDATE_CALL]"], "predicted_tokens": ["[IN:UPDATE_CALL", "[SL:CONTACT_ADDED", "[IN:GET_CONTACT", "[SL:TYPE_RELATION", "@ptr1", "SL:TYPE_RELATION]", "IN:GET_CONTACT]", "SL:CONTACT_ADDED]", "IN:UPDATE_CALL]"]}
{"loss": 3.3465211391448975, "class_log_probabilities": [-0.8335496187210083, -3.493137836456299, -4.721640110015869, -6.299413204193115], "predictions": [75, 6, 70, 71, 398, 72, 93, 400, 94, 73, 7, 78, 4, 4], "target_tokens": ["[IN:CREATE_CALL", "[SL:CONTACT", "[IN:GET_CONTACT", "[SL:CONTACT_RELATED", "@ptr4", "@ptr5", "SL:CONTACT_RELATED]", "[SL:TYPE_RELATION", "@ptr3", "SL:TYPE_RELATION]", "IN:GET_CONTACT]", "SL:CONTACT]", "IN:CREATE_CALL]"], "predicted_tokens": ["[IN:CREATE_CALL", "[SL:CONTACT", "[IN:GET_CONTACT", "[SL:TYPE_RELATION", "@ptr3", "SL:TYPE_RELATION]", "[SL:CONTACT_RELATED", "@ptr5", "SL:CONTACT_RELATED]", "IN:GET_CONTACT]", "SL:CONTACT]", "IN:CREATE_CALL]"]}
{"loss": 1.4929533004760742, "class_log_probabilities": [-2.209301710128784, -3.1947779655456543, -4.9275803565979, -5.7708516120910645], "predictions": [23, 10, 399, 400, 11, 24, 404, 405, 406, 407, 408, 409, 410, 411, 412, 25, 26, 4, 4], "target_tokens": ["[IN:SEND_MESSAGE", "[SL:RECIPIENT", "@ptr4", "@ptr5", "SL:RECIPIENT]", "[SL:CONTENT_EXACT", "@ptr10", "@ptr11", "@ptr12", "@ptr13", "@ptr14", "@ptr15", "@ptr16", "SL:CONTENT_EXACT]", "IN:SEND_MESSAGE]"], "predicted_tokens": ["[IN:SEND_MESSAGE", "[SL:RECIPIENT", "@ptr4", "@ptr5", "SL:RECIPIENT]", "[SL:CONTENT_EXACT", "@ptr9", "@ptr10", "@ptr11", "@ptr12", "@ptr13", "@ptr14", "@ptr15", "@ptr16", "@ptr17", "SL:CONTENT_EXACT]", "IN:SEND_MESSAGE]"]}
{"loss": 1.7529436349868774, "class_log_probabilities": [-0.9313316345214844, -5.104929447174072, -5.193270206451416, -6.034611225128174], "predictions": [23, 10, 398, 399, 11, 24, 403, 404, 405, 406, 407, 408, 409, 410, 25, 26, 4, 4], "target_tokens": ["[IN:SEND_MESSAGE", "[SL:RECIPIENT", "@ptr3", "@ptr4", "SL:RECIPIENT]", "[SL:CONTENT_EXACT", "@ptr7", "@ptr8", "@ptr9", "@ptr10", "@ptr11", "@ptr12", "@ptr13", "@ptr14", "SL:CONTENT_EXACT]", "IN:SEND_MESSAGE]"], "predicted_tokens": ["[IN:SEND_MESSAGE", "[SL:RECIPIENT", "@ptr3", "@ptr4", "SL:RECIPIENT]", "[SL:CONTENT_EXACT", "@ptr8", "@ptr9", "@ptr10", "@ptr11", "@ptr12", "@ptr13", "@ptr14", "@ptr15", "SL:CONTENT_EXACT]", "IN:SEND_MESSAGE]"]}
{"loss": 2.075528144836426, "class_log_probabilities": [-1.3936779499053955, -2.2530643939971924, -6.815119743347168, -7.1232194900512695], "predictions": [23, 10, 70, 71, 399, 72, 73, 11, 24, 402, 403, 404, 405, 25, 26, 4, 4, 4, 4, 4], "target_tokens": ["[IN:SEND_MESSAGE", "[SL:RECIPIENT", "[IN:GET_CONTACT", "[SL:TYPE_RELATION", "@ptr3", "SL:TYPE_RELATION]", "IN:GET_CONTACT]", "SL:RECIPIENT]", "[SL:CONTENT_EXACT", "@ptr6", "@ptr7", "@ptr8", "@ptr9", "SL:CONTENT_EXACT]", "IN:SEND_MESSAGE]"], "predicted_tokens": ["[IN:SEND_MESSAGE", "[SL:RECIPIENT", "[IN:GET_CONTACT", "[SL:TYPE_RELATION", "@ptr4", "SL:TYPE_RELATION]", "IN:GET_CONTACT]", "SL:RECIPIENT]", "[SL:CONTENT_EXACT", "@ptr7", "@ptr8", "@ptr9", "@ptr10", "SL:CONTENT_EXACT]", "IN:SEND_MESSAGE]"]}
{"loss": 1.8962428569793701, "class_log_probabilities": [-0.8598520755767822, -4.232919692993164, -4.846858978271484, -5.306689262390137], "predictions": [23, 24, 397, 398, 399, 400, 25, 10, 403, 11, 26, 4, 4], "target_tokens": ["[IN:SEND_MESSAGE", "[SL:CONTENT_EXACT", "@ptr2", "@ptr3", "@ptr4", "SL:CONTENT_EXACT]", "[SL:RECIPIENT", "@ptr7", "SL:RECIPIENT]", "IN:SEND_MESSAGE]"], "predicted_tokens": ["[IN:SEND_MESSAGE", "[SL:CONTENT_EXACT", "@ptr2", "@ptr3", "@ptr4", "@ptr5", "SL:CONTENT_EXACT]", "[SL:RECIPIENT", "@ptr8", "SL:RECIPIENT]", "IN:SEND_MESSAGE]"]}
{"loss": 2.6840710639953613, "class_log_probabilities": [-1.92681086063385, -2.4320743083953857, -4.292728424072266, -4.29979133605957], "predictions": [23, 10, 70, 71, 399, 72, 93, 401, 94, 73, 11, 24, 405, 406, 407, 408, 409, 410, 411, 412, 413, 414, 25, 26, 4], "target_tokens": ["[IN:SEND_MESSAGE", "[SL:RECIPIENT", "[IN:GET_CONTACT", "[SL:CONTACT_RELATED", "@ptr4", "@ptr5", "SL:CONTACT_RELATED]", "[SL:TYPE_RELATION", "@ptr3", "SL:TYPE_RELATION]", "IN:GET_CONTACT]", "SL:RECIPIENT]", "[SL:CONTENT_EXACT", "@ptr9", "@ptr10", "@ptr11", "@ptr12", "@ptr13", "@ptr14", "@ptr15", "@ptr16", "@ptr17", "SL:CONTENT_EXACT]", "IN:SEND_MESSAGE]"], "predicted_tokens": ["[IN:SEND_MESSAGE", "[SL:RECIPIENT", "[IN:GET_CONTACT", "[SL:TYPE_RELATION", "@ptr4", "SL:TYPE_RELATION]", "[SL:CONTACT_RELATED", "@ptr6", "SL:CONTACT_RELATED]", "IN:GET_CONTACT]", "SL:RECIPIENT]", "[SL:CONTENT_EXACT", "@ptr10", "@ptr11", "@ptr12", "@ptr13", "@ptr14", "@ptr15", "@ptr16", "@ptr17", "@ptr18", "@ptr19", "SL:CONTENT_EXACT]", "IN:SEND_MESSAGE]"]}
{"loss": 1.5898964405059814, "class_log_probabilities": [-2.2369205951690674, -3.9381661415100098, -4.37718391418457, -4.471960544586182], "predictions": [23, 10, 398, 11, 24, 404, 405, 406, 407, 408, 409, 410, 411, 412, 413, 414, 415, 416, 417, 418, 25, 26, 4, 4], "target_tokens": ["[IN:SEND_MESSAGE", "[SL:RECIPIENT", "@ptr3", "SL:RECIPIENT]", "[SL:CONTENT_EXACT", "@ptr8", "@ptr9", "@ptr10", "@ptr11", "@ptr12", "@ptr13", "@ptr14", "@ptr15", "@ptr16", "@ptr17", "@ptr18", "@ptr19", "@ptr20", "@ptr21", "@ptr22", "SL:CONTENT_EXACT]", "IN:SEND_MESSAGE]"], "predicted_tokens": ["[IN:SEND_MESSAGE", "[SL:RECIPIENT", "@ptr3", "SL:RECIPIENT]", "[SL:CONTENT_EXACT", "@ptr9", "@ptr10", "@ptr11", "@ptr12", "@ptr13", "@ptr14", "@ptr15", "@ptr16", "@ptr17", "@ptr18", "@ptr19", "@ptr20", "@ptr21", "@ptr22", "@ptr23", "SL:CONTENT_EXACT]", "IN:SEND_MESSAGE]"]}
{"loss": 1.6082206964492798, "class_log_probabilities": [-3.077259063720703, -3.584129571914673, -3.9534857273101807, -4.102295398712158], "predictions": [23, 10, 398, 11, 24, 403, 404, 405, 406, 407, 408, 409, 410, 411, 412, 413, 414, 415, 416, 417, 418, 25, 26, 4], "target_tokens": ["[IN:SEND_MESSAGE", "[SL:RECIPIENT", "@ptr3", "SL:RECIPIENT]", "[SL:CONTENT_EXACT", "@ptr7", "@ptr8", "@ptr9", "@ptr10", "@ptr11", "@ptr12", "@ptr13", "@ptr14", "@ptr15", "@ptr16", "@ptr17", "@ptr18", "@ptr19", "@ptr20", "@ptr21", "SL:CONTENT_EXACT]", "IN:SEND_MESSAGE]"], "predicted_tokens": ["[IN:SEND_MESSAGE", "[SL:RECIPIENT", "@ptr3", "SL:RECIPIENT]", "[SL:CONTENT_EXACT", "@ptr8", "@ptr9", "@ptr10", "@ptr11", "@ptr12", "@ptr13", "@ptr14", "@ptr15", "@ptr16", "@ptr17", "@ptr18", "@ptr19", "@ptr20", "@ptr21", "@ptr22", "@ptr23", "SL:CONTENT_EXACT]", "IN:SEND_MESSAGE]"]}
{"loss": 2.297415256500244, "class_log_probabilities": [-2.8902428150177, -3.1631886959075928, -4.853738307952881, -5.012304306030273], "predictions": [23, 10, 70, 71, 399, 72, 93, 400, 94, 73, 11, 24, 405, 406, 407, 408, 409, 410, 411, 412, 413, 414, 415, 25, 26, 4], "target_tokens": ["[IN:SEND_MESSAGE", "[SL:RECIPIENT", "[IN:GET_CONTACT", "[SL:CONTACT_RELATED", "@ptr5", "SL:CONTACT_RELATED]", "[SL:TYPE_RELATION", "@ptr3", "@ptr4", "SL:TYPE_RELATION]", "IN:GET_CONTACT]", "SL:RECIPIENT]", "[SL:CONTENT_EXACT", "@ptr9", "@ptr10", "@ptr11", "@ptr12", "@ptr13", "@ptr14", "@ptr15", "@ptr16", "@ptr17", "@ptr18", "SL:CONTENT_EXACT]", "IN:SEND_MESSAGE]"], "predicted_tokens": ["[IN:SEND_MESSAGE", "[SL:RECIPIENT", "[IN:GET_CONTACT", "[SL:TYPE_RELATION", "@ptr4", "SL:TYPE_RELATION]", "[SL:CONTACT_RELATED", "@ptr5", "SL:CONTACT_RELATED]", "IN:GET_CONTACT]", "SL:RECIPIENT]", "[SL:CONTENT_EXACT", "@ptr10", "@ptr11", "@ptr12", "@ptr13", "@ptr14", "@ptr15", "@ptr16", "@ptr17", "@ptr18", "@ptr19", "@ptr20", "SL:CONTENT_EXACT]", "IN:SEND_MESSAGE]"]}
{"loss": 2.6290013790130615, "class_log_probabilities": [-3.517805814743042, -3.5981671810150146, -3.785000801086426, -3.78847336769104], "predictions": [23, 10, 396, 397, 398, 399, 400, 401, 402, 403, 11, 24, 405, 406, 407, 408, 409, 410, 411, 412, 413, 414, 415, 416, 25, 26, 4], "target_tokens": ["[IN:SEND_MESSAGE", "[SL:RECIPIENT", "[IN:GET_CONTACT", "[SL:TYPE_RELATION", "@ptr5", "@ptr6", "@ptr7", "SL:TYPE_RELATION]", "[SL:CONTACT", "@ptr1", "@ptr2", "SL:CONTACT]", "IN:GET_CONTACT]", "SL:RECIPIENT]", "[SL:CONTENT_EXACT", "@ptr9", "@ptr10", "@ptr11", "@ptr12", "@ptr13", "@ptr14", "@ptr15", "@ptr16", "@ptr17", "@ptr18", "@ptr19", "SL:CONTENT_EXACT]", "IN:SEND_MESSAGE]"], "predicted_tokens": ["[IN:SEND_MESSAGE", "[SL:RECIPIENT", "@ptr1", "@ptr2", "@ptr3", "@ptr4", "@ptr5", "@ptr6", "@ptr7", "@ptr8", "SL:RECIPIENT]", "[SL:CONTENT_EXACT", "@ptr10", "@ptr11", "@ptr12", "@ptr13", "@ptr14", "@ptr15", "@ptr16", "@ptr17", "@ptr18", "@ptr19", "@ptr20", "@ptr21", "SL:CONTENT_EXACT]", "IN:SEND_MESSAGE]"]}
{"loss": 1.1288471221923828, "class_log_probabilities": [-2.769378900527954, -4.185513973236084, -4.240665435791016, -68.89814758300781], "predictions": [23, 10, 398, 399, 11, 24, 401, 402, 403, 404, 405, 406, 407, 408, 409, 410, 411, 412, 413, 414, 415, 416, 417, 418, 25, 26, 4, 4, 4, 4, 4, 4, 4, 4, 4, 4, 4, 4, 4, 4, 4, 4, 4, 4, 4, 4, 4, 4, 4, 4, 4, 4, 4, 4, 4, 4, 4, 4, 4, 4, 4, 4, 4, 4, 4, 4, 4, 4, 4, 4, 4, 4, 4, 4, 4, 4, 4, 4, 4, 4, 4, 4, 4, 4, 4, 4, 4, 4, 4, 4, 4, 4, 4, 4, 4, 4, 4, 4, 4, 4], "target_tokens": ["[IN:SEND_MESSAGE", "[SL:RECIPIENT", "@ptr3", "@ptr4", "SL:RECIPIENT]", "[SL:CONTENT_EXACT", "@ptr6", "@ptr7", "@ptr8", "@ptr9", "@ptr10", "@ptr11", "@ptr12", "@ptr13", "@ptr14", "@ptr15", "@ptr16", "@ptr17", "@ptr18", "@ptr19", "@ptr20", "@ptr21", "@ptr22", "SL:CONTENT_EXACT]", "IN:SEND_MESSAGE]"], "predicted_tokens": ["[IN:SEND_MESSAGE", "[SL:RECIPIENT", "@ptr3", "@ptr4", "SL:RECIPIENT]", "[SL:CONTENT_EXACT", "@ptr6", "@ptr7", "@ptr8", "@ptr9", "@ptr10", "@ptr11", "@ptr12", "@ptr13", "@ptr14", "@ptr15", "@ptr16", "@ptr17", "@ptr18", "@ptr19", "@ptr20", "@ptr21", "@ptr22", "@ptr23", "SL:CONTENT_EXACT]", "IN:SEND_MESSAGE]"]}
{"loss": 2.228684902191162, "class_log_probabilities": [-1.138950228691101, -4.0872979164123535, -6.622117042541504, -6.805801868438721], "predictions": [23, 10, 70, 71, 396, 72, 93, 398, 94, 73, 11, 24, 400, 401, 402, 403, 404, 405, 406, 25, 26, 4, 4], "target_tokens": ["[IN:SEND_MESSAGE", "[SL:RECIPIENT", "[IN:GET_CONTACT", "[SL:CONTACT_RELATED", "@ptr2", "@ptr3", "SL:CONTACT_RELATED]", "[SL:TYPE_RELATION", "@ptr1", "SL:TYPE_RELATION]", "IN:GET_CONTACT]", "SL:RECIPIENT]", "[SL:CONTENT_EXACT", "@ptr5", "@ptr6", "@ptr7", "@ptr8", "@ptr9", "@ptr10", "@ptr11", "SL:CONTENT_EXACT]", "IN:SEND_MESSAGE]"], "predicted_tokens": ["[IN:SEND_MESSAGE", "[SL:RECIPIENT", "[IN:GET_CONTACT", "[SL:TYPE_RELATION", "@ptr1", "SL:TYPE_RELATION]", "[SL:CONTACT_RELATED", "@ptr3", "SL:CONTACT_RELATED]", "IN:GET_CONTACT]", "SL:RECIPIENT]", "[SL:CONTENT_EXACT", "@ptr5", "@ptr6", "@ptr7", "@ptr8", "@ptr9", "@ptr10", "@ptr11", "SL:CONTENT_EXACT]", "IN:SEND_MESSAGE]"]}
{"loss": 1.2276448011398315, "class_log_probabilities": [-2.5375170707702637, -4.840766906738281, -5.379979610443115, -5.91156530380249], "predictions": [23, 10, 397, 11, 24, 399, 400, 401, 402, 403, 25, 26, 4, 4], "target_tokens": ["[IN:SEND_MESSAGE", "[SL:RECIPIENT", "@ptr2", "SL:RECIPIENT]", "[SL:CONTENT_EXACT", "@ptr3", "@ptr4", "@ptr5", "@ptr6", "@ptr7", "@ptr8", "SL:CONTENT_EXACT]", "IN:SEND_MESSAGE]"], "predicted_tokens": ["[IN:SEND_MESSAGE", "[SL:RECIPIENT", "@ptr2", "SL:RECIPIENT]", "[SL:CONTENT_EXACT", "@ptr4", "@ptr5", "@ptr6", "@ptr7", "@ptr8", "SL:CONTENT_EXACT]", "IN:SEND_MESSAGE]"]}
{"loss": 1.7181376218795776, "class_log_probabilities": [-0.9194154739379883, -5.3458404541015625, -5.899645805358887, -6.941135883331299], "predictions": [23, 10, 398, 11, 24, 400, 401, 402, 403, 404, 405, 406, 407, 408, 409, 25, 26, 4], "target_tokens": ["[IN:SEND_MESSAGE", "[SL:RECIPIENT", "@ptr3", "SL:RECIPIENT]", "[SL:CONTENT_EXACT", "@ptr6", "@ptr7", "@ptr8", "@ptr9", "@ptr10", "@ptr11", "@ptr12", "SL:CONTENT_EXACT]", "IN:SEND_MESSAGE]"], "predicted_tokens": ["[IN:SEND_MESSAGE", "[SL:RECIPIENT", "@ptr3", "SL:RECIPIENT]", "[SL:CONTENT_EXACT", "@ptr5", "@ptr6", "@ptr7", "@ptr8", "@ptr9", "@ptr10", "@ptr11", "@ptr12", "@ptr13", "@ptr14", "SL:CONTENT_EXACT]", "IN:SEND_MESSAGE]"]}
{"loss": 1.2515947818756104, "class_log_probabilities": [-1.183449625968933, -3.7802858352661133, -4.883173942565918, -5.501335144042969], "predictions": [23, 10, 397, 11, 24, 401, 402, 403, 404, 405, 406, 407, 408, 409, 410, 411, 412, 413, 25, 26, 4, 4], "target_tokens": ["[IN:SEND_MESSAGE", "[SL:RECIPIENT", "@ptr2", "SL:RECIPIENT]", "[SL:CONTENT_EXACT", "@ptr5", "@ptr6", "@ptr7", "@ptr8", "@ptr9", "@ptr10", "@ptr11", "@ptr12", "@ptr13", "@ptr14", "@ptr15", "@ptr16", "@ptr17", "SL:CONTENT_EXACT]", "IN:SEND_MESSAGE]"], "predicted_tokens": ["[IN:SEND_MESSAGE", "[SL:RECIPIENT", "@ptr2", "SL:RECIPIENT]", "[SL:CONTENT_EXACT", "@ptr6", "@ptr7", "@ptr8", "@ptr9", "@ptr10", "@ptr11", "@ptr12", "@ptr13", "@ptr14", "@ptr15", "@ptr16", "@ptr17", "@ptr18", "SL:CONTENT_EXACT]", "IN:SEND_MESSAGE]"]}
{"loss": 1.9048928022384644, "class_log_probabilities": [-1.5466530323028564, -2.208454132080078, -6.7409987449646, -7.389484405517578], "predictions": [23, 10, 396, 397, 398, 11, 24, 401, 402, 403, 404, 405, 406, 407, 408, 409, 25, 26, 4, 4], "target_tokens": ["[IN:SEND_MESSAGE", "[SL:RECIPIENT", "@ptr1", "@ptr2", "@ptr3", "SL:RECIPIENT]", "[SL:CONTENT_EXACT", "@ptr5", "@ptr6", "@ptr7", "@ptr8", "@ptr9", "@ptr10", "@ptr11", "@ptr12", "SL:CONTENT_EXACT]", "IN:SEND_MESSAGE]"], "predicted_tokens": ["[IN:SEND_MESSAGE", "[SL:RECIPIENT", "@ptr1", "@ptr2", "@ptr3", "SL:RECIPIENT]", "[SL:CONTENT_EXACT", "@ptr6", "@ptr7", "@ptr8", "@ptr9", "@ptr10", "@ptr11", "@ptr12", "@ptr13", "@ptr14", "SL:CONTENT_EXACT]", "IN:SEND_MESSAGE]"]}
{"loss": 1.4798672199249268, "class_log_probabilities": [-1.5666205883026123, -2.2614052295684814, -3.51130747795105, -4.5512003898620605], "predictions": [23, 10, 398, 399, 11, 24, 405, 406, 407, 408, 409, 410, 411, 412, 25, 26, 4, 4, 4], "target_tokens": ["[IN:SEND_MESSAGE", "[SL:RECIPIENT", "@ptr3", "@ptr4", "SL:RECIPIENT]", "[SL:CONTENT_EXACT", "@ptr9", "@ptr10", "@ptr11", "@ptr12", "@ptr13", "@ptr14", "@ptr15", "SL:CONTENT_EXACT]", "IN:SEND_MESSAGE]"], "predicted_tokens": ["[IN:SEND_MESSAGE", "[SL:RECIPIENT", "@ptr3", "@ptr4", "SL:RECIPIENT]", "[SL:CONTENT_EXACT", "@ptr10", "@ptr11", "@ptr12", "@ptr13", "@ptr14", "@ptr15", "@ptr16", "@ptr17", "SL:CONTENT_EXACT]", "IN:SEND_MESSAGE]"]}
{"loss": 1.358626127243042, "class_log_probabilities": [-0.9811786413192749, -7.5326385498046875, -7.618876934051514, -8.124094009399414], "predictions": [23, 10, 70, 71, 396, 72, 73, 11, 24, 398, 399, 400, 401, 402, 403, 404, 405, 25, 26, 4], "target_tokens": ["[IN:SEND_MESSAGE", "[SL:RECIPIENT", "[IN:GET_CONTACT", "[SL:TYPE_RELATION", "@ptr1", "SL:TYPE_RELATION]", "IN:GET_CONTACT]", "SL:RECIPIENT]", "[SL:CONTENT_EXACT", "@ptr3", "@ptr4", "@ptr5", "@ptr6", "@ptr7", "@ptr8", "@ptr9", "SL:CONTENT_EXACT]", "IN:SEND_MESSAGE]"], "predicted_tokens": ["[IN:SEND_MESSAGE", "[SL:RECIPIENT", "[IN:GET_CONTACT", "[SL:TYPE_RELATION", "@ptr1", "SL:TYPE_RELATION]", "IN:GET_CONTACT]", "SL:RECIPIENT]", "[SL:CONTENT_EXACT", "@ptr3", "@ptr4", "@ptr5", "@ptr6", "@ptr7", "@ptr8", "@ptr9", "@ptr10", "SL:CONTENT_EXACT]", "IN:SEND_MESSAGE]"]}
{"loss": 0.9841328263282776, "class_log_probabilities": [-1.1629878282546997, -2.95871901512146, -4.977891445159912, -5.778524875640869], "predictions": [5, 59, 398, 60, 16, 399, 400, 401, 17, 12, 4], "target_tokens": ["[IN:GET_MESSAGE", "[SL:SENDER", "@ptr3", "SL:SENDER]", "[SL:DATE_TIME", "@ptr4", "@ptr5", "@ptr6", "SL:DATE_TIME]", "IN:GET_MESSAGE]"], "predicted_tokens": ["[IN:GET_MESSAGE", "[SL:SENDER", "@ptr3", "SL:SENDER]", "[SL:DATE_TIME", "@ptr4", "@ptr5", "@ptr6", "SL:DATE_TIME]", "IN:GET_MESSAGE]"]}
{"loss": 1.9698045253753662, "class_log_probabilities": [-3.397460460662842, -3.503906488418579, -3.5993826389312744, -3.619814157485962], "predictions": [23, 24, 399, 400, 401, 402, 403, 404, 405, 406, 407, 408, 409, 410, 411, 412, 414, 25, 26, 4], "target_tokens": ["[IN:SEND_MESSAGE", "[SL:CONTENT_EXACT", "@ptr4", "@ptr5", "@ptr6", "@ptr7", "@ptr8", "@ptr9", "@ptr10", "@ptr11", "@ptr12", "@ptr13", "SL:CONTENT_EXACT]", "[SL:RECIPIENT", "@ptr16", "SL:RECIPIENT]", "IN:SEND_MESSAGE]"], "predicted_tokens": ["[IN:SEND_MESSAGE", "[SL:CONTENT_EXACT", "@ptr4", "@ptr5", "@ptr6", "@ptr7", "@ptr8", "@ptr9", "@ptr10", "@ptr11", "@ptr12", "@ptr13", "@ptr14", "@ptr15", "@ptr16", "@ptr17", "@ptr19", "SL:CONTENT_EXACT]", "IN:SEND_MESSAGE]"]}
{"loss": 2.8652827739715576, "class_log_probabilities": [-1.2629791498184204, -2.370978593826294, -3.8452320098876953, -4.079165458679199], "predictions": [23, 10, 70, 71, 399, 72, 93, 401, 94, 73, 11, 24, 405, 406, 407, 408, 25, 26, 4], "target_tokens": ["[IN:SEND_MESSAGE", "[SL:RECIPIENT", "[IN:GET_CONTACT", "[SL:CONTACT_RELATED", "@ptr4", "@ptr5", "SL:CONTACT_RELATED]", "[SL:TYPE_RELATION", "@ptr3", "SL:TYPE_RELATION]", "IN:GET_CONTACT]", "SL:RECIPIENT]", "[SL:CONTENT_EXACT", "@ptr10", "@ptr11", "SL:CONTENT_EXACT]", "IN:SEND_MESSAGE]"], "predicted_tokens": ["[IN:SEND_MESSAGE", "[SL:RECIPIENT", "[IN:GET_CONTACT", "[SL:TYPE_RELATION", "@ptr4", "SL:TYPE_RELATION]", "[SL:CONTACT_RELATED", "@ptr6", "SL:CONTACT_RELATED]", "IN:GET_CONTACT]", "SL:RECIPIENT]", "[SL:CONTENT_EXACT", "@ptr10", "@ptr11", "@ptr12", "@ptr13", "SL:CONTENT_EXACT]", "IN:SEND_MESSAGE]"]}
{"loss": 2.82232666015625, "class_log_probabilities": [-0.7383430004119873, -3.4307215213775635, -4.94828987121582, -6.533829689025879], "predictions": [23, 10, 70, 71, 399, 72, 93, 401, 94, 73, 11, 26, 4], "target_tokens": ["[IN:SEND_MESSAGE", "[SL:RECIPIENT", "[IN:GET_CONTACT", "[SL:CONTACT_RELATED", "@ptr4", "@ptr5", "SL:CONTACT_RELATED]", "[SL:TYPE_RELATION", "@ptr3", "SL:TYPE_RELATION]", "IN:GET_CONTACT]", "SL:RECIPIENT]", "IN:SEND_MESSAGE]"], "predicted_tokens": ["[IN:SEND_MESSAGE", "[SL:RECIPIENT", "[IN:GET_CONTACT", "[SL:TYPE_RELATION", "@ptr4", "SL:TYPE_RELATION]", "[SL:CONTACT_RELATED", "@ptr6", "SL:CONTACT_RELATED]", "IN:GET_CONTACT]", "SL:RECIPIENT]", "IN:SEND_MESSAGE]"]}
{"loss": 1.2924786806106567, "class_log_probabilities": [-1.2619128227233887, -2.9857029914855957, -5.907283782958984, -6.132974624633789], "predictions": [23, 10, 396, 397, 11, 24, 399, 400, 401, 402, 403, 404, 405, 406, 407, 408, 409, 410, 25, 26, 4], "target_tokens": ["[IN:SEND_MESSAGE", "[SL:RECIPIENT", "@ptr1", "@ptr2", "SL:RECIPIENT]", "[SL:CONTENT_EXACT", "@ptr5", "@ptr6", "@ptr7", "@ptr8", "@ptr9", "@ptr10", "@ptr11", "@ptr12", "@ptr13", "@ptr14", "SL:CONTENT_EXACT]", "IN:SEND_MESSAGE]"], "predicted_tokens": ["[IN:SEND_MESSAGE", "[SL:RECIPIENT", "@ptr1", "@ptr2", "SL:RECIPIENT]", "[SL:CONTENT_EXACT", "@ptr4", "@ptr5", "@ptr6", "@ptr7", "@ptr8", "@ptr9", "@ptr10", "@ptr11", "@ptr12", "@ptr13", "@ptr14", "@ptr15", "SL:CONTENT_EXACT]", "IN:SEND_MESSAGE]"]}
{"loss": 1.4464800357818604, "class_log_probabilities": [-1.544714093208313, -2.5718560218811035, -3.1812520027160645, -4.461174964904785], "predictions": [23, 10, 398, 399, 11, 24, 402, 403, 404, 405, 406, 407, 408, 25, 26, 4, 4, 4], "target_tokens": ["[IN:SEND_MESSAGE", "[SL:RECIPIENT", "@ptr3", "@ptr4", "SL:RECIPIENT]", "[SL:CONTENT_EXACT", "@ptr7", "@ptr8", "@ptr9", "@ptr10", "@ptr11", "@ptr12", "SL:CONTENT_EXACT]", "IN:SEND_MESSAGE]"], "predicted_tokens": ["[IN:SEND_MESSAGE", "[SL:RECIPIENT", "@ptr3", "@ptr4", "SL:RECIPIENT]", "[SL:CONTENT_EXACT", "@ptr7", "@ptr8", "@ptr9", "@ptr10", "@ptr11", "@ptr12", "@ptr13", "SL:CONTENT_EXACT]", "IN:SEND_MESSAGE]"]}
{"loss": 1.4952181577682495, "class_log_probabilities": [-1.8217744827270508, -2.11433482170105, -4.665792942047119, -4.939230442047119], "predictions": [23, 10, 399, 400, 401, 11, 24, 404, 405, 406, 407, 408, 409, 410, 411, 25, 26, 4], "target_tokens": ["[IN:SEND_MESSAGE", "[SL:RECIPIENT", "@ptr4", "@ptr5", "@ptr6", "SL:RECIPIENT]", "[SL:CONTENT_EXACT", "@ptr10", "@ptr11", "@ptr12", "@ptr13", "@ptr14", "SL:CONTENT_EXACT]", "IN:SEND_MESSAGE]"], "predicted_tokens": ["[IN:SEND_MESSAGE", "[SL:RECIPIENT", "@ptr4", "@ptr5", "@ptr6", "SL:RECIPIENT]", "[SL:CONTENT_EXACT", "@ptr9", "@ptr10", "@ptr11", "@ptr12", "@ptr13", "@ptr14", "@ptr15", "@ptr16", "SL:CONTENT_EXACT]", "IN:SEND_MESSAGE]"]}
{"loss": 1.0308384895324707, "class_log_probabilities": [-1.2945904731750488, -1.811145305633545, -6.7292327880859375, -7.111810684204102], "predictions": [23, 10, 399, 11, 24, 401, 402, 403, 404, 405, 406, 407, 408, 25, 26, 4], "target_tokens": ["[IN:SEND_MESSAGE", "[SL:RECIPIENT", "@ptr4", "SL:RECIPIENT]", "[SL:CONTENT_EXACT", "@ptr6", "@ptr7", "@ptr8", "@ptr9", "@ptr10", "@ptr11", "@ptr12", "SL:CONTENT_EXACT]", "IN:SEND_MESSAGE]"], "predicted_tokens": ["[IN:SEND_MESSAGE", "[SL:RECIPIENT", "@ptr4", "SL:RECIPIENT]", "[SL:CONTENT_EXACT", "@ptr6", "@ptr7", "@ptr8", "@ptr9", "@ptr10", "@ptr11", "@ptr12", "@ptr13", "SL:CONTENT_EXACT]", "IN:SEND_MESSAGE]"]}
{"loss": 2.400588035583496, "class_log_probabilities": [-0.7799652814865112, -3.901735305786133, -4.418782711029053, -5.579029083251953], "predictions": [39, 40, 396, 41, 56, 398, 57, 42, 4], "target_tokens": ["[IN:GET_STORIES_NEWS", "[SL:NEWS_SOURCE", "@ptr3", "SL:NEWS_SOURCE]", "IN:GET_STORIES_NEWS]"], "predicted_tokens": ["[IN:GET_STORIES_NEWS", "[SL:NEWS_TYPE", "@ptr1", "SL:NEWS_TYPE]", "[SL:NEWS_TOPIC", "@ptr3", "SL:NEWS_TOPIC]", "IN:GET_STORIES_NEWS]"]}
{"loss": 2.041105270385742, "class_log_probabilities": [-2.7238712310791016, -4.145999908447266, -4.260090351104736, -4.343725204467773], "predictions": [49, 34, 399, 35, 36, 401, 402, 403, 404, 405, 406, 407, 408, 409, 410, 37, 16, 411, 412, 413, 414, 17, 50, 4, 4, 4], "target_tokens": ["[IN:CREATE_REMINDER", "[SL:PERSON_REMINDED", "@ptr4", "SL:PERSON_REMINDED]", "[SL:TODO", "@ptr5", "@ptr6", "@ptr7", "@ptr8", "@ptr9", "@ptr10", "@ptr11", "@ptr12", "@ptr13", "@ptr14", "SL:TODO]", "[SL:DATE_TIME", "@ptr15", "@ptr16", "@ptr17", "SL:DATE_TIME]", "IN:CREATE_REMINDER]"], "predicted_tokens": ["[IN:CREATE_REMINDER", "[SL:PERSON_REMINDED", "@ptr4", "SL:PERSON_REMINDED]", "[SL:TODO", "@ptr6", "@ptr7", "@ptr8", "@ptr9", "@ptr10", "@ptr11", "@ptr12", "@ptr13", "@ptr14", "@ptr15", "SL:TODO]", "[SL:DATE_TIME", "@ptr16", "@ptr17", "@ptr18", "@ptr19", "SL:DATE_TIME]", "IN:CREATE_REMINDER]"]}
{"loss": 1.327476143836975, "class_log_probabilities": [-1.3165920972824097, -5.527717113494873, -6.128408908843994, -7.161497116088867], "predictions": [49, 34, 396, 35, 16, 397, 398, 399, 17, 36, 401, 402, 403, 404, 405, 406, 407, 408, 37, 50, 4], "target_tokens": ["[IN:CREATE_REMINDER", "[SL:PERSON_REMINDED", "@ptr1", "SL:PERSON_REMINDED]", "[SL:DATE_TIME", "@ptr2", "@ptr3", "@ptr4", "SL:DATE_TIME]", "[SL:TODO", "@ptr6", "@ptr7", "@ptr8", "@ptr9", "@ptr10", "@ptr11", "@ptr12", "SL:TODO]", "IN:CREATE_REMINDER]"], "predicted_tokens": ["[IN:CREATE_REMINDER", "[SL:PERSON_REMINDED", "@ptr1", "SL:PERSON_REMINDED]", "[SL:DATE_TIME", "@ptr2", "@ptr3", "@ptr4", "SL:DATE_TIME]", "[SL:TODO", "@ptr6", "@ptr7", "@ptr8", "@ptr9", "@ptr10", "@ptr11", "@ptr12", "@ptr13", "SL:TODO]", "IN:CREATE_REMINDER]"]}
{"loss": 2.184345006942749, "class_log_probabilities": [-1.1493158340454102, -3.038818120956421, -4.394819736480713, -5.191224098205566], "predictions": [49, 34, 397, 35, 36, 75, 6, 399, 400, 401, 7, 78, 37, 16, 402, 403, 17, 50, 4], "target_tokens": ["[IN:CREATE_REMINDER", "[SL:PERSON_REMINDED", "@ptr2", "SL:PERSON_REMINDED]", "[SL:TODO", "[IN:CREATE_CALL", "[SL:CONTACT", "@ptr5", "SL:CONTACT]", "IN:CREATE_CALL]", "SL:TODO]", "[SL:DATE_TIME", "@ptr6", "@ptr7", "SL:DATE_TIME]", "IN:CREATE_REMINDER]"], "predicted_tokens": ["[IN:CREATE_REMINDER", "[SL:PERSON_REMINDED", "@ptr2", "SL:PERSON_REMINDED]", "[SL:TODO", "[IN:CREATE_CALL", "[SL:CONTACT", "@ptr4", "@ptr5", "@ptr6", "SL:CONTACT]", "IN:CREATE_CALL]", "SL:TODO]", "[SL:DATE_TIME", "@ptr7", "@ptr8", "SL:DATE_TIME]", "IN:CREATE_REMINDER]"]}
{"loss": 2.1739935874938965, "class_log_probabilities": [-1.931479811668396, -2.0758633613586426, -4.163082599639893, -4.310855865478516], "predictions": [49, 34, 397, 35, 36, 398, 399, 400, 401, 402, 403, 37, 16, 404, 405, 406, 407, 408, 409, 410, 411, 412, 17, 50, 4, 4], "target_tokens": ["[IN:CREATE_REMINDER", "[SL:PERSON_REMINDED", "@ptr2", "SL:PERSON_REMINDED]", "[SL:TODO", "@ptr3", "@ptr4", "@ptr5", "@ptr6", "SL:TODO]", "[SL:DATE_TIME", "@ptr7", "@ptr8", "@ptr9", "@ptr10", "@ptr11", "@ptr12", "@ptr13", "@ptr14", "@ptr15", "SL:DATE_TIME]", "IN:CREATE_REMINDER]"], "predicted_tokens": ["[IN:CREATE_REMINDER", "[SL:PERSON_REMINDED", "@ptr2", "SL:PERSON_REMINDED]", "[SL:TODO", "@ptr3", "@ptr4", "@ptr5", "@ptr6", "@ptr7", "@ptr8", "SL:TODO]", "[SL:DATE_TIME", "@ptr9", "@ptr10", "@ptr11", "@ptr12", "@ptr13", "@ptr14", "@ptr15", "@ptr16", "@ptr17", "SL:DATE_TIME]", "IN:CREATE_REMINDER]"]}
{"loss": 3.7002859115600586, "class_log_probabilities": [-1.5873570442199707, -4.1333184242248535, -4.361382007598877, -5.908294200897217], "predictions": [47, 34, 403, 35, 48, 4, 4, 4, 4, 4], "target_tokens": ["[IN:GET_REMINDER", "[SL:METHOD_RETRIEVAL_REMINDER", "@ptr1", "SL:METHOD_RETRIEVAL_REMINDER]", "[SL:AMOUNT", "@ptr6", "SL:AMOUNT]", "[SL:PERSON_REMINDED", "@ptr7", "@ptr8", "SL:PERSON_REMINDED]", "IN:GET_REMINDER]"], "predicted_tokens": ["[IN:GET_REMINDER", "[SL:PERSON_REMINDED", "@ptr8", "SL:PERSON_REMINDED]", "IN:GET_REMINDER]"]}
{"loss": 0.9677274227142334, "class_log_probabilities": [-0.8127179145812988, -7.203845977783203, -8.664655685424805, -8.700109481811523], "predictions": [49, 34, 397, 35, 36, 398, 399, 37, 16, 400, 401, 402, 403, 17, 50, 4, 4], "target_tokens": ["[IN:CREATE_REMINDER", "[SL:PERSON_REMINDED", "@ptr2", "SL:PERSON_REMINDED]", "[SL:TODO", "@ptr3", "@ptr4", "SL:TODO]", "[SL:DATE_TIME", "@ptr5", "@ptr6", "@ptr7", "@ptr8", "SL:DATE_TIME]", "IN:CREATE_REMINDER]"], "predicted_tokens": ["[IN:CREATE_REMINDER", "[SL:PERSON_REMINDED", "@ptr2", "SL:PERSON_REMINDED]", "[SL:TODO", "@ptr3", "@ptr4", "SL:TODO]", "[SL:DATE_TIME", "@ptr5", "@ptr6", "@ptr7", "@ptr8", "SL:DATE_TIME]", "IN:CREATE_REMINDER]"]}
{"loss": 2.503627300262451, "class_log_probabilities": [-1.1635453701019287, -3.7955594062805176, -4.198765277862549, -4.375685691833496], "predictions": [49, 36, 402, 403, 37, 16, 404, 405, 406, 407, 408, 409, 410, 411, 17, 50, 4, 4, 4], "target_tokens": ["[IN:CREATE_REMINDER", "[SL:TODO", "@ptr6", "@ptr7", "SL:TODO]", "[SL:DATE_TIME", "@ptr8", "@ptr9", "@ptr10", "@ptr11", "@ptr12", "@ptr13", "@ptr14", "@ptr15", "SL:DATE_TIME]", "IN:CREATE_REMINDER]"], "predicted_tokens": ["[IN:CREATE_REMINDER", "[SL:TODO", "@ptr7", "@ptr8", "SL:TODO]", "[SL:DATE_TIME", "@ptr9", "@ptr10", "@ptr11", "@ptr12", "@ptr13", "@ptr14", "@ptr15", "@ptr16", "SL:DATE_TIME]", "IN:CREATE_REMINDER]"]}
{"loss": 1.75983464717865, "class_log_probabilities": [-0.9408020973205566, -2.0090601444244385, -6.905110836029053, -8.113224983215332], "predictions": [49, 36, 397, 398, 399, 400, 401, 402, 37, 50, 4, 4, 4, 4, 4], "target_tokens": ["[IN:CREATE_REMINDER", "[SL:TODO", "@ptr3", "@ptr4", "@ptr5", "@ptr6", "@ptr7", "SL:TODO]", "IN:CREATE_REMINDER]"], "predicted_tokens": ["[IN:CREATE_REMINDER", "[SL:TODO", "@ptr2", "@ptr3", "@ptr4", "@ptr5", "@ptr6", "@ptr7", "SL:TODO]", "IN:CREATE_REMINDER]"]}
{"loss": 1.8779339790344238, "class_log_probabilities": [-1.943459153175354, -3.2043187618255615, -3.3842082023620605, -3.6412012577056885], "predictions": [49, 36, 404, 405, 406, 37, 16, 408, 409, 410, 411, 17, 50, 4, 4], "target_tokens": ["[IN:CREATE_REMINDER", "[SL:TODO", "@ptr9", "@ptr10", "SL:TODO]", "[SL:DATE_TIME", "@ptr11", "@ptr12", "@ptr13", "@ptr14", "@ptr15", "@ptr16", "SL:DATE_TIME]", "IN:CREATE_REMINDER]"], "predicted_tokens": ["[IN:CREATE_REMINDER", "[SL:TODO", "@ptr9", "@ptr10", "@ptr11", "SL:TODO]", "[SL:DATE_TIME", "@ptr13", "@ptr14", "@ptr15", "@ptr16", "SL:DATE_TIME]", "IN:CREATE_REMINDER]"]}
{"loss": 3.8372817039489746, "class_log_probabilities": [-0.33650457859039307, -3.7903943061828613, -6.096318244934082, -7.581810474395752], "predictions": [33, 34, 401, 35, 38, 4], "target_tokens": ["[IN:DELETE_REMINDER", "[SL:AMOUNT", "@ptr4", "SL:AMOUNT]", "[SL:PERSON_REMINDED", "@ptr5", "@ptr6", "SL:PERSON_REMINDED]", "IN:DELETE_REMINDER]"], "predicted_tokens": ["[IN:DELETE_REMINDER", "[SL:PERSON_REMINDED", "@ptr6", "SL:PERSON_REMINDED]", "IN:DELETE_REMINDER]"]}
{"loss": 0.9651065468788147, "class_log_probabilities": [-0.808067262172699, -5.960933685302734, -8.37527084350586, -8.792925834655762], "predictions": [49, 34, 396, 35, 36, 398, 399, 37, 16, 400, 401, 402, 17, 50, 4, 4], "target_tokens": ["[IN:CREATE_REMINDER", "[SL:PERSON_REMINDED", "@ptr1", "SL:PERSON_REMINDED]", "[SL:TODO", "@ptr3", "@ptr4", "SL:TODO]", "[SL:DATE_TIME", "@ptr5", "@ptr6", "@ptr7", "SL:DATE_TIME]", "IN:CREATE_REMINDER]"], "predicted_tokens": ["[IN:CREATE_REMINDER", "[SL:PERSON_REMINDED", "@ptr1", "SL:PERSON_REMINDED]", "[SL:TODO", "@ptr3", "@ptr4", "SL:TODO]", "[SL:DATE_TIME", "@ptr5", "@ptr6", "@ptr7", "SL:DATE_TIME]", "IN:CREATE_REMINDER]"]}
{"loss": 0.9708769917488098, "class_log_probabilities": [-1.1701805591583252, -4.60393762588501, -4.903244495391846, -5.905379772186279], "predictions": [49, 34, 397, 35, 36, 398, 399, 400, 37, 16, 401, 402, 403, 404, 405, 406, 407, 408, 17, 50, 4], "target_tokens": ["[IN:CREATE_REMINDER", "[SL:PERSON_REMINDED", "@ptr2", "SL:PERSON_REMINDED]", "[SL:TODO", "@ptr3", "@ptr4", "@ptr5", "SL:TODO]", "[SL:DATE_TIME", "@ptr6", "@ptr7", "@ptr8", "@ptr9", "@ptr10", "@ptr11", "@ptr12", "@ptr13", "SL:DATE_TIME]", "IN:CREATE_REMINDER]"], "predicted_tokens": ["[IN:CREATE_REMINDER", "[SL:PERSON_REMINDED", "@ptr2", "SL:PERSON_REMINDED]", "[SL:TODO", "@ptr3", "@ptr4", "@ptr5", "SL:TODO]", "[SL:DATE_TIME", "@ptr6", "@ptr7", "@ptr8", "@ptr9", "@ptr10", "@ptr11", "@ptr12", "@ptr13", "SL:DATE_TIME]", "IN:CREATE_REMINDER]"]}
{"loss": 1.585809350013733, "class_log_probabilities": [-0.6598591804504395, -8.367006301879883, -8.414521217346191, -8.544321060180664], "predictions": [49, 34, 397, 35, 36, 398, 399, 400, 401, 402, 37, 50, 4], "target_tokens": ["[IN:CREATE_REMINDER", "[SL:PERSON_REMINDED", "@ptr2", "SL:PERSON_REMINDED]", "[SL:TODO", "@ptr3", "@ptr4", "@ptr5", "@ptr6", "SL:TODO]", "IN:CREATE_REMINDER]"], "predicted_tokens": ["[IN:CREATE_REMINDER", "[SL:PERSON_REMINDED", "@ptr2", "SL:PERSON_REMINDED]", "[SL:TODO", "@ptr3", "@ptr4", "@ptr5", "@ptr6", "@ptr7", "SL:TODO]", "IN:CREATE_REMINDER]"]}
{"loss": 1.5066142082214355, "class_log_probabilities": [-0.601089358329773, -7.327500343322754, -7.576553821563721, -7.603554725646973], "predictions": [49, 36, 401, 402, 403, 404, 405, 37, 50, 4, 4], "target_tokens": ["[IN:CREATE_REMINDER", "[SL:TODO", "@ptr5", "@ptr6", "@ptr7", "@ptr8", "@ptr9", "@ptr10", "SL:TODO]", "IN:CREATE_REMINDER]"], "predicted_tokens": ["[IN:CREATE_REMINDER", "[SL:TODO", "@ptr6", "@ptr7", "@ptr8", "@ptr9", "@ptr10", "SL:TODO]", "IN:CREATE_REMINDER]"]}
{"loss": 2.2992305755615234, "class_log_probabilities": [-1.0504390001296997, -5.764759540557861, -7.046783447265625, -7.97575044631958], "predictions": [49, 34, 396, 35, 36, 399, 400, 401, 402, 403, 404, 37, 16, 405, 406, 407, 408, 17, 50, 4, 4, 4], "target_tokens": ["[IN:CREATE_REMINDER", "[SL:PERSON_REMINDED", "@ptr1", "SL:PERSON_REMINDED]", "[SL:TODO", "@ptr4", "@ptr5", "@ptr6", "@ptr7", "@ptr8", "SL:TODO]", "[SL:DATE_TIME", "@ptr9", "@ptr10", "@ptr11", "SL:DATE_TIME]", "IN:CREATE_REMINDER]"], "predicted_tokens": ["[IN:CREATE_REMINDER", "[SL:PERSON_REMINDED", "@ptr1", "SL:PERSON_REMINDED]", "[SL:TODO", "@ptr4", "@ptr5", "@ptr6", "@ptr7", "@ptr8", "@ptr9", "SL:TODO]", "[SL:DATE_TIME", "@ptr10", "@ptr11", "@ptr12", "@ptr13", "SL:DATE_TIME]", "IN:CREATE_REMINDER]"]}
{"loss": 3.5983431339263916, "class_log_probabilities": [-1.1867260932922363, -2.9515089988708496, -3.505223512649536, -5.360821723937988], "predictions": [33, 36, 398, 399, 37, 16, 401, 402, 403, 17, 120, 404, 121, 38, 4, 4], "target_tokens": ["[IN:DELETE_REMINDER", "[SL:AMOUNT", "@ptr8", "SL:AMOUNT]", "[SL:DATE_TIME", "@ptr5", "@ptr6", "@ptr7", "SL:DATE_TIME]", "IN:DELETE_REMINDER]"], "predicted_tokens": ["[IN:DELETE_REMINDER", "[SL:TODO", "@ptr3", "@ptr4", "SL:TODO]", "[SL:DATE_TIME", "@ptr6", "@ptr7", "@ptr8", "SL:DATE_TIME]", "[SL:AMOUNT", "@ptr9", "SL:AMOUNT]", "IN:DELETE_REMINDER]"]}
{"loss": 1.3045105934143066, "class_log_probabilities": [-1.315759301185608, -3.8768107891082764, -4.759706974029541, -5.705780029296875], "predictions": [49, 34, 396, 35, 36, 398, 399, 400, 37, 16, 401, 402, 403, 404, 405, 17, 50, 4, 4], "target_tokens": ["[IN:CREATE_REMINDER", "[SL:PERSON_REMINDED", "@ptr1", "SL:PERSON_REMINDED]", "[SL:TODO", "@ptr3", "@ptr4", "SL:TODO]", "[SL:DATE_TIME", "@ptr5", "@ptr6", "@ptr7", "@ptr8", "@ptr9", "@ptr10", "SL:DATE_TIME]", "IN:CREATE_REMINDER]"], "predicted_tokens": ["[IN:CREATE_REMINDER", "[SL:PERSON_REMINDED", "@ptr1", "SL:PERSON_REMINDED]", "[SL:TODO", "@ptr3", "@ptr4", "@ptr5", "SL:TODO]", "[SL:DATE_TIME", "@ptr6", "@ptr7", "@ptr8", "@ptr9", "@ptr10", "SL:DATE_TIME]", "IN:CREATE_REMINDER]"]}
{"loss": 1.1313419342041016, "class_log_probabilities": [-1.080094814300537, -2.5256824493408203, -6.335276126861572, -6.9001946449279785], "predictions": [49, 34, 397, 35, 36, 398, 399, 400, 37, 50, 4], "target_tokens": ["[IN:CREATE_REMINDER", "[SL:PERSON_REMINDED", "@ptr2", "SL:PERSON_REMINDED]", "[SL:TODO", "@ptr3", "@ptr4", "SL:TODO]", "IN:CREATE_REMINDER]"], "predicted_tokens": ["[IN:CREATE_REMINDER", "[SL:PERSON_REMINDED", "@ptr2", "SL:PERSON_REMINDED]", "[SL:TODO", "@ptr3", "@ptr4", "@ptr5", "SL:TODO]", "IN:CREATE_REMINDER]"]}
{"loss": 3.6049869060516357, "class_log_probabilities": [-0.9194715023040771, -3.2168564796447754, -3.8185606002807617, -5.416616916656494], "predictions": [33, 36, 400, 401, 402, 403, 404, 405, 37, 34, 406, 35, 38, 4], "target_tokens": ["[IN:DELETE_REMINDER", "[SL:PERSON_REMINDED", "@ptr8", "@ptr9", "SL:PERSON_REMINDED]", "[SL:TODO", "@ptr4", "@ptr5", "@ptr6", "@ptr7", "SL:TODO]", "IN:DELETE_REMINDER]"], "predicted_tokens": ["[IN:DELETE_REMINDER", "[SL:TODO", "@ptr5", "@ptr6", "@ptr7", "@ptr8", "@ptr9", "@ptr10", "SL:TODO]", "[SL:PERSON_REMINDED", "@ptr11", "SL:PERSON_REMINDED]", "IN:DELETE_REMINDER]"]}
{"loss": 2.29567551612854, "class_log_probabilities": [-1.0146538019180298, -7.165017127990723, -7.894293308258057, -7.973469257354736], "predictions": [49, 34, 397, 35, 36, 398, 399, 400, 401, 402, 403, 37, 16, 404, 405, 406, 407, 17, 50, 4, 4], "target_tokens": ["[IN:CREATE_REMINDER", "[SL:PERSON_REMINDED", "@ptr2", "SL:PERSON_REMINDED]", "[SL:TODO", "@ptr3", "@ptr4", "@ptr5", "@ptr6", "@ptr7", "SL:TODO]", "[SL:DATE_TIME", "@ptr8", "@ptr9", "@ptr10", "@ptr11", "SL:DATE_TIME]", "IN:CREATE_REMINDER]"], "predicted_tokens": ["[IN:CREATE_REMINDER", "[SL:PERSON_REMINDED", "@ptr2", "SL:PERSON_REMINDED]", "[SL:TODO", "@ptr3", "@ptr4", "@ptr5", "@ptr6", "@ptr7", "@ptr8", "SL:TODO]", "[SL:DATE_TIME", "@ptr9", "@ptr10", "@ptr11", "@ptr12", "SL:DATE_TIME]", "IN:CREATE_REMINDER]"]}
{"loss": 4.059568405151367, "class_log_probabilities": [-1.0859507322311401, -2.4787611961364746, -5.171581745147705, -5.507696628570557], "predictions": [33, 36, 404, 37, 38, 4, 4, 4, 4, 4, 4], "target_tokens": ["[IN:HELP_REMINDER", "IN:HELP_REMINDER]"], "predicted_tokens": ["[IN:DELETE_REMINDER", "[SL:TODO", "@ptr9", "SL:TODO]", "IN:DELETE_REMINDER]"]}
{"loss": 2.1764309406280518, "class_log_probabilities": [-1.1183208227157593, -4.317383766174316, -5.345083713531494, -5.8914055824279785], "predictions": [49, 34, 396, 35, 36, 399, 400, 401, 402, 403, 404, 405, 406, 37, 16, 407, 408, 409, 17, 50, 4, 4], "target_tokens": ["[IN:CREATE_REMINDER", "[SL:PERSON_REMINDED", "@ptr1", "SL:PERSON_REMINDED]", "[SL:TODO", "@ptr4", "@ptr5", "@ptr6", "@ptr7", "@ptr8", "@ptr9", "SL:TODO]", "[SL:DATE_TIME", "@ptr10", "@ptr11", "@ptr12", "SL:DATE_TIME]", "IN:CREATE_REMINDER]"], "predicted_tokens": ["[IN:CREATE_REMINDER", "[SL:PERSON_REMINDED", "@ptr1", "SL:PERSON_REMINDED]", "[SL:TODO", "@ptr4", "@ptr5", "@ptr6", "@ptr7", "@ptr8", "@ptr9", "@ptr10", "@ptr11", "SL:TODO]", "[SL:DATE_TIME", "@ptr12", "@ptr13", "@ptr14", "SL:DATE_TIME]", "IN:CREATE_REMINDER]"]}
{"loss": 1.715262770652771, "class_log_probabilities": [-1.1619880199432373, -1.6692636013031006, -6.395689010620117, -8.175835609436035], "predictions": [49, 34, 397, 35, 36, 398, 399, 400, 401, 402, 37, 50, 4], "target_tokens": ["[IN:CREATE_REMINDER", "[SL:PERSON_REMINDED", "@ptr2", "SL:PERSON_REMINDED]", "[SL:TODO", "@ptr3", "@ptr4", "SL:TODO]", "IN:CREATE_REMINDER]"], "predicted_tokens": ["[IN:CREATE_REMINDER", "[SL:PERSON_REMINDED", "@ptr2", "SL:PERSON_REMINDED]", "[SL:TODO", "@ptr3", "@ptr4", "@ptr5", "@ptr6", "@ptr7", "SL:TODO]", "IN:CREATE_REMINDER]"]}
{"loss": 2.271970272064209, "class_log_probabilities": [-2.076139450073242, -3.2398014068603516, -3.5034046173095703, -4.103216171264648], "predictions": [33, 34, 400, 35, 36, 402, 403, 404, 405, 406, 407, 408, 409, 37, 16, 410, 411, 412, 17, 38, 4, 4, 4, 4, 4], "target_tokens": ["[IN:DELETE_REMINDER", "[SL:PERSON_REMINDED", "@ptr4", "@ptr5", "SL:PERSON_REMINDED]", "[SL:TODO", "@ptr7", "@ptr8", "@ptr9", "@ptr10", "@ptr11", "@ptr12", "@ptr13", "SL:TODO]", "[SL:DATE_TIME", "@ptr14", "@ptr15", "@ptr16", "SL:DATE_TIME]", "IN:DELETE_REMINDER]"], "predicted_tokens": ["[IN:DELETE_REMINDER", "[SL:PERSON_REMINDED", "@ptr5", "SL:PERSON_REMINDED]", "[SL:TODO", "@ptr7", "@ptr8", "@ptr9", "@ptr10", "@ptr11", "@ptr12", "@ptr13", "@ptr14", "SL:TODO]", "[SL:DATE_TIME", "@ptr15", "@ptr16", "@ptr17", "SL:DATE_TIME]", "IN:DELETE_REMINDER]"]}
{"loss": 2.8116369247436523, "class_log_probabilities": [-1.1242247819900513, -4.237740516662598, -5.1424455642700195, -6.0982160568237305], "predictions": [47, 34, 402, 35, 16, 404, 405, 406, 407, 408, 17, 48, 4, 4, 4, 4], "target_tokens": ["[IN:GET_REMINDER", "[SL:METHOD_RETRIEVAL_REMINDER", "@ptr1", "SL:METHOD_RETRIEVAL_REMINDER]", "[SL:PERSON_REMINDED", "@ptr6", "@ptr7", "SL:PERSON_REMINDED]", "[SL:DATE_TIME", "@ptr8", "@ptr9", "@ptr10", "@ptr11", "@ptr12", "SL:DATE_TIME]", "IN:GET_REMINDER]"], "predicted_tokens": ["[IN:GET_REMINDER", "[SL:PERSON_REMINDED", "@ptr7", "SL:PERSON_REMINDED]", "[SL:DATE_TIME", "@ptr9", "@ptr10", "@ptr11", "@ptr12", "@ptr13", "SL:DATE_TIME]", "IN:GET_REMINDER]"]}
{"loss": 3.8832128047943115, "class_log_probabilities": [-4.500744819641113, -5.053729057312012, -6.054248332977295, -6.06367301940918], "predictions": [49, 36, 143, 36, 401, 37, 243, 403, 404, 244, 144, 37, 34, 405, 35, 16, 407, 408, 409, 410, 17, 50, 4, 4, 4, 4, 4], "target_tokens": ["[IN:CREATE_REMINDER", "[SL:TODO", "@ptr5", "@ptr6", "@ptr7", "@ptr8", "@ptr9", "SL:TODO]", "[SL:DATE_TIME", "@ptr11", "@ptr12", "@ptr13", "SL:DATE_TIME]", "IN:CREATE_REMINDER]"], "predicted_tokens": ["[IN:CREATE_REMINDER", "[SL:TODO", "[IN:GET_TODO", "[SL:TODO", "@ptr6", "SL:TODO]", "[SL:ATTENDEE", "@ptr8", "@ptr9", "SL:ATTENDEE]", "IN:GET_TODO]", "SL:TODO]", "[SL:PERSON_REMINDED", "@ptr10", "SL:PERSON_REMINDED]", "[SL:DATE_TIME", "@ptr12", "@ptr13", "@ptr14", "@ptr15", "SL:DATE_TIME]", "IN:CREATE_REMINDER]"]}
{"loss": 1.4422153234481812, "class_log_probabilities": [-3.158172130584717, -3.5432851314544678, -6.562273025512695, -7.05781888961792], "predictions": [49, 34, 400, 35, 16, 404, 405, 406, 407, 408, 409, 410, 411, 412, 414, 416, 17, 50, 4, 4, 4, 4, 4, 4, 4, 4, 4, 4, 4], "target_tokens": ["[IN:GET_REMINDER", "[SL:PERSON_REMINDED", "@ptr5", "SL:PERSON_REMINDED]", "[SL:DATE_TIME", "@ptr9", "@ptr10", "@ptr11", "@ptr12", "@ptr13", "@ptr14", "@ptr15", "@ptr16", "@ptr17", "@ptr18", "@ptr19", "@ptr20", "@ptr21", "SL:DATE_TIME]", "IN:GET_REMINDER]"], "predicted_tokens": ["[IN:CREATE_REMINDER", "[SL:PERSON_REMINDED", "@ptr5", "SL:PERSON_REMINDED]", "[SL:DATE_TIME", "@ptr9", "@ptr10", "@ptr11", "@ptr12", "@ptr13", "@ptr14", "@ptr15", "@ptr16", "@ptr17", "@ptr19", "@ptr21", "SL:DATE_TIME]", "IN:CREATE_REMINDER]"]}
{"loss": 1.9519115686416626, "class_log_probabilities": [-0.7476690411567688, -7.137667655944824, -7.384905815124512, -7.780733585357666], "predictions": [47, 36, 398, 399, 37, 16, 400, 401, 402, 17, 48, 4], "target_tokens": ["[IN:GET_REMINDER", "[SL:DATE_TIME", "@ptr5", "@ptr6", "@ptr7", "SL:DATE_TIME]", "IN:GET_REMINDER]"], "predicted_tokens": ["[IN:GET_REMINDER", "[SL:TODO", "@ptr3", "@ptr4", "SL:TODO]", "[SL:DATE_TIME", "@ptr5", "@ptr6", "@ptr7", "SL:DATE_TIME]", "IN:GET_REMINDER]"]}
{"loss": 2.3988847732543945, "class_log_probabilities": [-4.702214241027832, -5.058725833892822, -5.962687969207764, -6.307889938354492], "predictions": [49, 36, 143, 36, 408, 409, 410, 411, 37, 16, 412, 413, 414, 415, 17, 144, 37, 50, 4, 4, 4, 4, 4, 4, 4, 4], "target_tokens": ["[IN:DELETE_REMINDER", "[SL:PERSON_REMINDED", "@ptr10", "@ptr11", "SL:PERSON_REMINDED]", "[SL:TODO", "@ptr14", "@ptr15", "SL:TODO]", "[SL:DATE_TIME", "@ptr17", "@ptr18", "@ptr19", "SL:DATE_TIME]", "IN:DELETE_REMINDER]"], "predicted_tokens": ["[IN:CREATE_REMINDER", "[SL:TODO", "[IN:GET_TODO", "[SL:TODO", "@ptr13", "@ptr14", "@ptr15", "@ptr16", "SL:TODO]", "[SL:DATE_TIME", "@ptr17", "@ptr18", "@ptr19", "@ptr20", "SL:DATE_TIME]", "IN:GET_TODO]", "SL:TODO]", "IN:CREATE_REMINDER]"]}
{"loss": 2.2570371627807617, "class_log_probabilities": [-3.630214214324951, -3.7985360622406006, -4.316104412078857, -4.410696506500244], "predictions": [49, 34, 395, 35, 36, 402, 403, 404, 405, 37, 16, 407, 408, 409, 410, 411, 412, 17, 50, 4, 4, 4, 4, 4, 4], "target_tokens": ["[IN:GET_REMINDER", "[SL:PERSON_REMINDED", "@ptr0", "@ptr1", "SL:PERSON_REMINDED]", "[SL:TODO", "@ptr7", "@ptr8", "@ptr9", "SL:TODO]", "[SL:DATE_TIME", "@ptr10", "@ptr11", "@ptr12", "@ptr13", "@ptr14", "@ptr15", "@ptr16", "SL:DATE_TIME]", "IN:GET_REMINDER]"], "predicted_tokens": ["[IN:CREATE_REMINDER", "[SL:PERSON_REMINDED", "@ptr0", "SL:PERSON_REMINDED]", "[SL:TODO", "@ptr7", "@ptr8", "@ptr9", "@ptr10", "SL:TODO]", "[SL:DATE_TIME", "@ptr12", "@ptr13", "@ptr14", "@ptr15", "@ptr16", "@ptr17", "SL:DATE_TIME]", "IN:CREATE_REMINDER]"]}
{"loss": 3.1570541858673096, "class_log_probabilities": [-4.527011394500732, -4.993454456329346, -5.089731216430664, -5.214483261108398], "predictions": [47, 199, 396, 200, 36, 398, 399, 400, 401, 402, 37, 34, 403, 35, 48, 4], "target_tokens": ["[IN:GET_REMINDER", "[SL:PERSON_REMINDED", "@ptr7", "@ptr8", "SL:PERSON_REMINDED]", "[SL:TODO", "@ptr5", "@ptr6", "SL:TODO]", "IN:GET_REMINDER]"], "predicted_tokens": ["[IN:GET_REMINDER", "[SL:METHOD_RETRIEVAL_REMINDER", "@ptr1", "SL:METHOD_RETRIEVAL_REMINDER]", "[SL:TODO", "@ptr3", "@ptr4", "@ptr5", "@ptr6", "@ptr7", "SL:TODO]", "[SL:PERSON_REMINDED", "@ptr8", "SL:PERSON_REMINDED]", "IN:GET_REMINDER]"]}
{"loss": 3.801119804382324, "class_log_probabilities": [-1.663375735282898, -1.7713466882705688, -4.557894706726074, -5.858303546905518], "predictions": [49, 36, 401, 402, 37, 50, 4, 4, 4, 4, 4], "target_tokens": ["[IN:GET_REMINDER", "[SL:TODO", "@ptr6", "SL:TODO]", "IN:GET_REMINDER]"], "predicted_tokens": ["[IN:CREATE_REMINDER", "[SL:TODO", "@ptr6", "@ptr7", "SL:TODO]", "IN:CREATE_REMINDER]"]}
{"loss": 2.1287388801574707, "class_log_probabilities": [-1.3239376544952393, -3.215475082397461, -4.399125099182129, -6.296713352203369], "predictions": [49, 34, 397, 35, 36, 398, 399, 400, 401, 402, 403, 37, 16, 404, 405, 406, 407, 408, 409, 410, 17, 50, 4, 4], "target_tokens": ["[IN:CREATE_REMINDER", "[SL:PERSON_REMINDED", "@ptr2", "SL:PERSON_REMINDED]", "[SL:TODO", "@ptr3", "@ptr4", "@ptr5", "@ptr6", "@ptr7", "SL:TODO]", "[SL:DATE_TIME", "@ptr8", "@ptr9", "@ptr10", "@ptr11", "@ptr12", "@ptr13", "SL:DATE_TIME]", "IN:CREATE_REMINDER]"], "predicted_tokens": ["[IN:CREATE_REMINDER", "[SL:PERSON_REMINDED", "@ptr2", "SL:PERSON_REMINDED]", "[SL:TODO", "@ptr3", "@ptr4", "@ptr5", "@ptr6", "@ptr7", "@ptr8", "SL:TODO]", "[SL:DATE_TIME", "@ptr9", "@ptr10", "@ptr11", "@ptr12", "@ptr13", "@ptr14", "@ptr15", "SL:DATE_TIME]", "IN:CREATE_REMINDER]"]}
{"loss": 3.2752044200897217, "class_log_probabilities": [-1.2037241458892822, -3.49658465385437, -6.380840301513672, -6.573128700256348], "predictions": [293, 16, 395, 396, 17, 34, 397, 35, 36, 401, 402, 403, 37, 294, 4], "target_tokens": ["[IN:GET_REMINDER_AMOUNT", "[SL:PERSON_REMINDED", "@ptr2", "SL:PERSON_REMINDED]", "[SL:DATE_TIME", "@ptr0", "@ptr1", "SL:DATE_TIME]", "IN:GET_REMINDER_AMOUNT]"], "predicted_tokens": ["[IN:GET_REMINDER_AMOUNT", "[SL:DATE_TIME", "@ptr0", "@ptr1", "SL:DATE_TIME]", "[SL:PERSON_REMINDED", "@ptr2", "SL:PERSON_REMINDED]", "[SL:TODO", "@ptr6", "@ptr7", "@ptr8", "SL:TODO]", "IN:GET_REMINDER_AMOUNT]"]}
{"loss": 1.1794079542160034, "class_log_probabilities": [-1.247877597808838, -3.0697638988494873, -5.411834716796875, -6.333092212677002], "predictions": [49, 34, 399, 35, 36, 400, 401, 37, 16, 402, 403, 404, 405, 406, 17, 50, 4, 4], "target_tokens": ["[IN:CREATE_REMINDER", "[SL:PERSON_REMINDED", "@ptr4", "SL:PERSON_REMINDED]", "[SL:TODO", "@ptr5", "@ptr6", "SL:TODO]", "[SL:DATE_TIME", "@ptr7", "@ptr8", "@ptr9", "@ptr10", "@ptr11", "@ptr12", "SL:DATE_TIME]", "IN:CREATE_REMINDER]"], "predicted_tokens": ["[IN:CREATE_REMINDER", "[SL:PERSON_REMINDED", "@ptr4", "SL:PERSON_REMINDED]", "[SL:TODO", "@ptr5", "@ptr6", "SL:TODO]", "[SL:DATE_TIME", "@ptr7", "@ptr8", "@ptr9", "@ptr10", "@ptr11", "SL:DATE_TIME]", "IN:CREATE_REMINDER]"]}
{"loss": 2.218425989151001, "class_log_probabilities": [-2.5133752822875977, -5.286928653717041, -5.7774658203125, -5.919973373413086], "predictions": [47, 34, 401, 35, 36, 402, 403, 404, 405, 406, 407, 408, 409, 37, 48, 4, 4, 4], "target_tokens": ["[IN:GET_REMINDER", "[SL:METHOD_RETRIEVAL_REMINDER", "@ptr0", "SL:METHOD_RETRIEVAL_REMINDER]", "[SL:PERSON_REMINDED", "@ptr5", "SL:PERSON_REMINDED]", "[SL:TODO", "@ptr6", "@ptr7", "@ptr8", "@ptr9", "@ptr10", "@ptr11", "@ptr12", "@ptr13", "SL:TODO]", "IN:GET_REMINDER]"], "predicted_tokens": ["[IN:GET_REMINDER", "[SL:PERSON_REMINDED", "@ptr6", "SL:PERSON_REMINDED]", "[SL:TODO", "@ptr7", "@ptr8", "@ptr9", "@ptr10", "@ptr11", "@ptr12", "@ptr13", "@ptr14", "SL:TODO]", "IN:GET_REMINDER]"]}
{"loss": 3.0924525260925293, "class_log_probabilities": [-2.5720226764678955, -2.8632028102874756, -3.4576854705810547, -3.97825288772583], "predictions": [111, 34, 403, 404, 405, 35, 16, 407, 408, 17, 16, 410, 17, 112, 4, 4, 4], "target_tokens": ["[IN:UPDATE_REMINDER_DATE_TIME", "[SL:PERSON_REMINDED", "@ptr6", "@ptr7", "@ptr8", "@ptr9", "SL:PERSON_REMINDED]", "[SL:DATE_TIME", "@ptr10", "@ptr11", "SL:DATE_TIME]", "[SL:DATE_TIME", "@ptr12", "@ptr13", "SL:DATE_TIME]", "IN:UPDATE_REMINDER_DATE_TIME]"], "predicted_tokens": ["[IN:UPDATE_REMINDER_DATE_TIME", "[SL:PERSON_REMINDED", "@ptr8", "@ptr9", "@ptr10", "SL:PERSON_REMINDED]", "[SL:DATE_TIME", "@ptr12", "@ptr13", "SL:DATE_TIME]", "[SL:DATE_TIME", "@ptr15", "SL:DATE_TIME]", "IN:UPDATE_REMINDER_DATE_TIME]"]}
{"loss": 2.115583896636963, "class_log_probabilities": [-2.1316611766815186, -3.6411705017089844, -5.2923994064331055, -5.499377250671387], "predictions": [19, 22, 4, 4, 4, 4, 4, 4, 4, 4, 4], "target_tokens": ["[IN:GET_REMINDER", "[SL:PERSON_REMINDED", "@ptr5", "@ptr6", "SL:PERSON_REMINDED]", "[SL:TODO", "@ptr8", "@ptr9", "SL:TODO]", "IN:GET_REMINDER]"], "predicted_tokens": ["[IN:GET_ALARM", "IN:GET_ALARM]"]}
{"loss": 0.9822364449501038, "class_log_probabilities": [-0.498414009809494, -5.091304302215576, -5.180450916290283, -5.944775104522705], "predictions": [293, 34, 395, 35, 36, 402, 37, 294, 4, 4], "target_tokens": ["[IN:GET_REMINDER_AMOUNT", "[SL:PERSON_REMINDED", "@ptr0", "SL:PERSON_REMINDED]", "[SL:TODO", "@ptr7", "SL:TODO]", "IN:GET_REMINDER_AMOUNT]"], "predicted_tokens": ["[IN:GET_REMINDER_AMOUNT", "[SL:PERSON_REMINDED", "@ptr0", "SL:PERSON_REMINDED]", "[SL:TODO", "@ptr7", "SL:TODO]", "IN:GET_REMINDER_AMOUNT]"]}
{"loss": 1.7723584175109863, "class_log_probabilities": [-1.1015294790267944, -3.509756326675415, -6.729978084564209, -7.0019330978393555], "predictions": [49, 34, 397, 35, 36, 398, 399, 400, 401, 402, 37, 16, 403, 404, 405, 406, 407, 408, 17, 50, 4], "target_tokens": ["[IN:CREATE_REMINDER", "[SL:PERSON_REMINDED", "@ptr2", "SL:PERSON_REMINDED]", "[SL:TODO", "@ptr3", "@ptr4", "@ptr5", "@ptr6", "SL:TODO]", "[SL:DATE_TIME", "@ptr8", "@ptr9", "@ptr10", "@ptr11", "SL:DATE_TIME]", "IN:CREATE_REMINDER]"], "predicted_tokens": ["[IN:CREATE_REMINDER", "[SL:PERSON_REMINDED", "@ptr2", "SL:PERSON_REMINDED]", "[SL:TODO", "@ptr3", "@ptr4", "@ptr5", "@ptr6", "@ptr7", "SL:TODO]", "[SL:DATE_TIME", "@ptr8", "@ptr9", "@ptr10", "@ptr11", "@ptr12", "@ptr13", "SL:DATE_TIME]", "IN:CREATE_REMINDER]"]}
{"loss": 2.190293073654175, "class_log_probabilities": [-2.078420400619507, -2.2231667041778564, -4.572956085205078, -4.728455543518066], "predictions": [49, 34, 399, 35, 36, 400, 401, 402, 403, 404, 405, 406, 407, 37, 16, 408, 409, 410, 17, 50, 4, 4, 4, 4, 4, 4, 4, 4, 4, 4, 4], "target_tokens": ["[IN:CREATE_REMINDER", "[SL:PERSON_REMINDED", "@ptr4", "SL:PERSON_REMINDED]", "[SL:TODO", "@ptr5", "@ptr6", "@ptr7", "@ptr8", "@ptr9", "@ptr10", "@ptr11", "SL:TODO]", "[SL:DATE_TIME", "@ptr12", "@ptr13", "@ptr14", "SL:DATE_TIME]", "IN:CREATE_REMINDER]"], "predicted_tokens": ["[IN:CREATE_REMINDER", "[SL:PERSON_REMINDED", "@ptr4", "SL:PERSON_REMINDED]", "[SL:TODO", "@ptr5", "@ptr6", "@ptr7", "@ptr8", "@ptr9", "@ptr10", "@ptr11", "@ptr12", "SL:TODO]", "[SL:DATE_TIME", "@ptr13", "@ptr14", "@ptr15", "SL:DATE_TIME]", "IN:CREATE_REMINDER]"]}
{"loss": 2.605684995651245, "class_log_probabilities": [-0.9576282501220703, -2.872138500213623, -5.216120719909668, -7.077112197875977], "predictions": [33, 16, 401, 402, 403, 404, 405, 17, 38, 4, 4, 4], "target_tokens": ["[IN:DELETE_REMINDER", "[SL:AMOUNT", "@ptr5", "SL:AMOUNT]", "[SL:DATE_TIME", "@ptr6", "@ptr7", "@ptr8", "@ptr9", "SL:DATE_TIME]", "IN:DELETE_REMINDER]"], "predicted_tokens": ["[IN:DELETE_REMINDER", "[SL:DATE_TIME", "@ptr6", "@ptr7", "@ptr8", "@ptr9", "@ptr10", "SL:DATE_TIME]", "IN:DELETE_REMINDER]"]}
{"loss": 2.8782265186309814, "class_log_probabilities": [-3.3364832401275635, -3.5748040676116943, -3.7210793495178223, -4.064126491546631], "predictions": [47, 34, 397, 35, 36, 404, 405, 406, 407, 408, 409, 37, 16, 410, 411, 17, 48, 4, 4], "target_tokens": ["[IN:GET_REMINDER", "[SL:METHOD_RETRIEVAL_REMINDER", "@ptr0", "SL:METHOD_RETRIEVAL_REMINDER]", "[SL:PERSON_REMINDED", "@ptr2", "SL:PERSON_REMINDED]", "[SL:AMOUNT", "@ptr7", "SL:AMOUNT]", "[SL:TODO", "@ptr9", "@ptr10", "@ptr11", "@ptr12", "SL:TODO]", "[SL:DATE_TIME", "@ptr13", "@ptr14", "@ptr15", "SL:DATE_TIME]", "IN:GET_REMINDER]"], "predicted_tokens": ["[IN:GET_REMINDER", "[SL:PERSON_REMINDED", "@ptr2", "SL:PERSON_REMINDED]", "[SL:TODO", "@ptr9", "@ptr10", "@ptr11", "@ptr12", "@ptr13", "@ptr14", "SL:TODO]", "[SL:DATE_TIME", "@ptr15", "@ptr16", "SL:DATE_TIME]", "IN:GET_REMINDER]"]}
{"loss": 1.477973222732544, "class_log_probabilities": [-0.8332488536834717, -5.357687473297119, -5.425441741943359, -7.7461700439453125], "predictions": [49, 36, 398, 399, 400, 37, 16, 401, 402, 403, 404, 17, 50, 4, 4, 4], "target_tokens": ["[IN:CREATE_REMINDER", "[SL:TODO", "@ptr3", "@ptr4", "@ptr5", "SL:TODO]", "[SL:DATE_TIME", "@ptr6", "@ptr7", "@ptr8", "SL:DATE_TIME]", "IN:CREATE_REMINDER]"], "predicted_tokens": ["[IN:CREATE_REMINDER", "[SL:TODO", "@ptr3", "@ptr4", "@ptr5", "SL:TODO]", "[SL:DATE_TIME", "@ptr6", "@ptr7", "@ptr8", "@ptr9", "SL:DATE_TIME]", "IN:CREATE_REMINDER]"]}
{"loss": 3.475062608718872, "class_log_probabilities": [-0.7610490918159485, -2.804532766342163, -5.55018949508667, -6.521048545837402], "predictions": [33, 34, 402, 35, 16, 404, 405, 406, 17, 38, 4, 4, 4, 4], "target_tokens": ["[IN:DELETE_REMINDER", "[SL:TODO", "@ptr6", "@ptr7", "SL:TODO]", "[SL:DATE_TIME", "@ptr8", "@ptr9", "@ptr10", "SL:DATE_TIME]", "IN:DELETE_REMINDER]"], "predicted_tokens": ["[IN:DELETE_REMINDER", "[SL:PERSON_REMINDED", "@ptr7", "SL:PERSON_REMINDED]", "[SL:DATE_TIME", "@ptr9", "@ptr10", "@ptr11", "SL:DATE_TIME]", "IN:DELETE_REMINDER]"]}
{"loss": 2.0695908069610596, "class_log_probabilities": [-5.771878242492676, -5.945958614349365, -5.9701924324035645, -6.8252387046813965], "predictions": [33, 36, 143, 36, 401, 402, 403, 404, 405, 406, 37, 16, 408, 409, 410, 411, 412, 17, 144, 37, 16, 408, 409, 410, 411, 412, 413, 17, 38, 4, 4], "target_tokens": ["[IN:DELETE_REMINDER", "[SL:TODO", "@ptr6", "@ptr7", "@ptr8", "@ptr9", "@ptr10", "SL:TODO]", "[SL:DATE_TIME", "@ptr11", "@ptr12", "@ptr13", "@ptr14", "@ptr15", "SL:DATE_TIME]", "IN:DELETE_REMINDER]"], "predicted_tokens": ["[IN:DELETE_REMINDER", "[SL:TODO", "[IN:GET_TODO", "[SL:TODO", "@ptr6", "@ptr7", "@ptr8", "@ptr9", "@ptr10", "@ptr11", "SL:TODO]", "[SL:DATE_TIME", "@ptr13", "@ptr14", "@ptr15", "@ptr16", "@ptr17", "SL:DATE_TIME]", "IN:GET_TODO]", "SL:TODO]", "[SL:DATE_TIME", "@ptr13", "@ptr14", "@ptr15", "@ptr16", "@ptr17", "@ptr18", "SL:DATE_TIME]", "IN:DELETE_REMINDER]"]}
{"loss": 1.594589352607727, "class_log_probabilities": [-1.5430225133895874, -2.300896644592285, -2.556652069091797, -3.242701530456543], "predictions": [33, 36, 400, 401, 402, 403, 404, 405, 406, 37, 34, 407, 35, 38, 4, 4], "target_tokens": ["[IN:DELETE_REMINDER", "[SL:TODO", "@ptr5", "@ptr6", "@ptr7", "@ptr8", "@ptr9", "@ptr10", "@ptr11", "SL:TODO]", "IN:DELETE_REMINDER]"], "predicted_tokens": ["[IN:DELETE_REMINDER", "[SL:TODO", "@ptr5", "@ptr6", "@ptr7", "@ptr8", "@ptr9", "@ptr10", "@ptr11", "SL:TODO]", "[SL:PERSON_REMINDED", "@ptr12", "SL:PERSON_REMINDED]", "IN:DELETE_REMINDER]"]}
{"loss": 2.3673548698425293, "class_log_probabilities": [-2.058116912841797, -2.770566463470459, -2.84426212310791, -3.846172571182251], "predictions": [47, 34, 395, 35, 36, 143, 36, 403, 404, 405, 406, 407, 37, 16, 408, 409, 410, 411, 17, 144, 37, 48, 4], "target_tokens": ["[IN:GET_REMINDER", "[SL:PERSON_REMINDED", "@ptr0", "SL:PERSON_REMINDED]", "[SL:TODO", "@ptr8", "@ptr9", "@ptr10", "@ptr11", "SL:TODO]", "[SL:DATE_TIME", "@ptr12", "@ptr13", "@ptr14", "SL:DATE_TIME]", "IN:GET_REMINDER]"], "predicted_tokens": ["[IN:GET_REMINDER", "[SL:PERSON_REMINDED", "@ptr0", "SL:PERSON_REMINDED]", "[SL:TODO", "[IN:GET_TODO", "[SL:TODO", "@ptr8", "@ptr9", "@ptr10", "@ptr11", "@ptr12", "SL:TODO]", "[SL:DATE_TIME", "@ptr13", "@ptr14", "@ptr15", "@ptr16", "SL:DATE_TIME]", "IN:GET_TODO]", "SL:TODO]", "IN:GET_REMINDER]"]}
{"loss": 3.3565759658813477, "class_log_probabilities": [-5.76361608505249, -6.133571624755859, -6.965584754943848, -8.677027702331543], "predictions": [111, 34, 403, 35, 36, 405, 406, 407, 408, 409, 410, 411, 412, 413, 414, 415, 37, 16, 429, 112, 4, 4, 4], "target_tokens": ["[IN:UPDATE_REMINDER_DATE_TIME", "[SL:PERSON_REMINDED", "@ptr6", "@ptr7", "SL:PERSON_REMINDED]", "[SL:TODO", "@ptr9", "@ptr10", "@ptr11", "@ptr12", "@ptr13", "@ptr14", "@ptr15", "@ptr16", "@ptr17", "SL:TODO]", "[SL:DATE_TIME", "@ptr18", "@ptr19", "@ptr20", "@ptr21", "@ptr22", "@ptr23", "@ptr24", "SL:DATE_TIME]", "[SL:DATE_TIME", "@ptr25", "@ptr26", "@ptr27", "@ptr28", "@ptr29", "@ptr30", "@ptr31", "@ptr32", "@ptr33", "@ptr34", "SL:DATE_TIME]", "IN:UPDATE_REMINDER_DATE_TIME]"], "predicted_tokens": ["[IN:UPDATE_REMINDER_DATE_TIME", "[SL:PERSON_REMINDED", "@ptr8", "SL:PERSON_REMINDED]", "[SL:TODO", "@ptr10", "@ptr11", "@ptr12", "@ptr13", "@ptr14", "@ptr15", "@ptr16", "@ptr17", "@ptr18", "@ptr19", "@ptr20", "SL:TODO]", "[SL:DATE_TIME", "@ptr34", "IN:UPDATE_REMINDER_DATE_TIME]"]}
{"loss": 2.1019248962402344, "class_log_probabilities": [-7.909579277038574, -8.12561321258545, -8.18471622467041, -8.330607414245605], "predictions": [49, 36, 143, 36, 402, 403, 404, 405, 406, 407, 408, 409, 410, 412, 413, 37, 16, 414, 416, 417, 17, 50, 4, 4], "target_tokens": ["[IN:CREATE_REMINDER", "[SL:TODO", "@ptr6", "@ptr7", "@ptr8", "@ptr9", "@ptr10", "@ptr11", "@ptr12", "@ptr13", "@ptr14", "@ptr15", "@ptr16", "@ptr17", "SL:TODO]", "[SL:DATE_TIME", "@ptr18", "@ptr19", "@ptr20", "SL:DATE_TIME]", "IN:CREATE_REMINDER]"], "predicted_tokens": ["[IN:CREATE_REMINDER", "[SL:TODO", "[IN:GET_TODO", "[SL:TODO", "@ptr7", "@ptr8", "@ptr9", "@ptr10", "@ptr11", "@ptr12", "@ptr13", "@ptr14", "@ptr15", "@ptr17", "@ptr18", "SL:TODO]", "[SL:DATE_TIME", "@ptr19", "@ptr21", "@ptr22", "SL:DATE_TIME]", "IN:CREATE_REMINDER]"]}
{"loss": 2.1186676025390625, "class_log_probabilities": [-2.2243807315826416, -2.6277589797973633, -3.6372859477996826, -4.241052627563477], "predictions": [49, 34, 396, 35, 16, 400, 401, 402, 17, 36, 404, 37, 50, 4], "target_tokens": ["[IN:GET_REMINDER", "[SL:PERSON_REMINDED", "@ptr1", "SL:PERSON_REMINDED]", "[SL:DATE_TIME", "@ptr5", "@ptr6", "SL:DATE_TIME]", "IN:GET_REMINDER]"], "predicted_tokens": ["[IN:CREATE_REMINDER", "[SL:PERSON_REMINDED", "@ptr1", "SL:PERSON_REMINDED]", "[SL:DATE_TIME", "@ptr5", "@ptr6", "@ptr7", "SL:DATE_TIME]", "[SL:TODO", "@ptr9", "SL:TODO]", "IN:CREATE_REMINDER]"]}
{"loss": 2.727083206176758, "class_log_probabilities": [-1.209303855895996, -2.75068998336792, -4.029844284057617, -4.717328071594238], "predictions": [33, 36, 401, 402, 403, 404, 37, 16, 405, 406, 17, 38, 4, 4], "target_tokens": ["[IN:DELETE_REMINDER", "[SL:TODO", "@ptr6", "@ptr7", "@ptr8", "SL:TODO]", "[SL:DATE_TIME", "@ptr9", "@ptr10", "SL:DATE_TIME]", "IN:DELETE_REMINDER]"], "predicted_tokens": ["[IN:DELETE_REMINDER", "[SL:TODO", "@ptr6", "@ptr7", "@ptr8", "@ptr9", "SL:TODO]", "[SL:DATE_TIME", "@ptr10", "@ptr11", "SL:DATE_TIME]", "IN:DELETE_REMINDER]"]}
{"loss": 2.83756160736084, "class_log_probabilities": [-1.177675724029541, -1.558048129081726, -7.322522163391113, -7.8587446212768555], "predictions": [33, 34, 400, 35, 36, 402, 403, 404, 405, 406, 37, 38, 4, 4], "target_tokens": ["[IN:DELETE_REMINDER", "[SL:PERSON_REMINDED", "@ptr4", "@ptr5", "SL:PERSON_REMINDED]", "[SL:TODO", "@ptr7", "@ptr8", "@ptr9", "SL:TODO]", "IN:DELETE_REMINDER]"], "predicted_tokens": ["[IN:DELETE_REMINDER", "[SL:PERSON_REMINDED", "@ptr5", "SL:PERSON_REMINDED]", "[SL:TODO", "@ptr7", "@ptr8", "@ptr9", "@ptr10", "@ptr11", "SL:TODO]", "IN:DELETE_REMINDER]"]}
{"loss": 1.6470390558242798, "class_log_probabilities": [-4.743381023406982, -5.1519317626953125, -5.3648271560668945, -5.494444847106934], "predictions": [49, 36, 75, 6, 70, 71, 401, 72, 73, 7, 78, 37, 16, 402, 403, 404, 17, 50, 4, 4, 4, 4], "target_tokens": ["[IN:CREATE_REMINDER", "[SL:PERSON_REMINDED", "@ptr2", "SL:PERSON_REMINDED]", "[SL:TODO", "[IN:CREATE_CALL", "[SL:CONTACT", "[IN:GET_CONTACT", "[SL:TYPE_RELATION", "@ptr5", "SL:TYPE_RELATION]", "IN:GET_CONTACT]", "SL:CONTACT]", "IN:CREATE_CALL]", "SL:TODO]", "[SL:DATE_TIME", "@ptr6", "@ptr7", "@ptr8", "SL:DATE_TIME]", "IN:CREATE_REMINDER]"], "predicted_tokens": ["[IN:CREATE_REMINDER", "[SL:TODO", "[IN:CREATE_CALL", "[SL:CONTACT", "[IN:GET_CONTACT", "[SL:TYPE_RELATION", "@ptr6", "SL:TYPE_RELATION]", "IN:GET_CONTACT]", "SL:CONTACT]", "IN:CREATE_CALL]", "SL:TODO]", "[SL:DATE_TIME", "@ptr7", "@ptr8", "@ptr9", "SL:DATE_TIME]", "IN:CREATE_REMINDER]"]}
{"loss": 2.1389071941375732, "class_log_probabilities": [-3.2873520851135254, -3.673701524734497, -4.512155532836914, -5.735379695892334], "predictions": [49, 34, 398, 35, 36, 143, 36, 400, 401, 37, 16, 402, 403, 404, 405, 17, 144, 37, 16, 408, 409, 410, 411, 412, 17, 50, 4, 4, 4], "target_tokens": ["[IN:CREATE_REMINDER", "[SL:PERSON_REMINDED", "@ptr3", "SL:PERSON_REMINDED]", "[SL:TODO", "@ptr5", "@ptr6", "@ptr7", "@ptr8", "@ptr9", "@ptr10", "@ptr11", "SL:TODO]", "[SL:DATE_TIME", "@ptr12", "@ptr14", "@ptr15", "@ptr16", "SL:DATE_TIME]", "IN:CREATE_REMINDER]"], "predicted_tokens": ["[IN:CREATE_REMINDER", "[SL:PERSON_REMINDED", "@ptr3", "SL:PERSON_REMINDED]", "[SL:TODO", "[IN:GET_TODO", "[SL:TODO", "@ptr5", "@ptr6", "SL:TODO]", "[SL:DATE_TIME", "@ptr7", "@ptr8", "@ptr9", "@ptr10", "SL:DATE_TIME]", "IN:GET_TODO]", "SL:TODO]", "[SL:DATE_TIME", "@ptr13", "@ptr14", "@ptr15", "@ptr16", "@ptr17", "SL:DATE_TIME]", "IN:CREATE_REMINDER]"]}
{"loss": 3.3230721950531006, "class_log_probabilities": [-1.313665509223938, -2.225698471069336, -2.304007053375244, -5.92085599899292], "predictions": [33, 36, 398, 399, 37, 16, 401, 17, 38, 4, 4, 4, 4, 4, 4], "target_tokens": ["[IN:DELETE_REMINDER", "[SL:AMOUNT", "@ptr5", "SL:AMOUNT]", "[SL:DATE_TIME", "@ptr6", "@ptr7", "@ptr8", "SL:DATE_TIME]", "IN:DELETE_REMINDER]"], "predicted_tokens": ["[IN:DELETE_REMINDER", "[SL:TODO", "@ptr3", "@ptr4", "SL:TODO]", "[SL:DATE_TIME", "@ptr6", "SL:DATE_TIME]", "IN:DELETE_REMINDER]"]}
{"loss": 2.2095019817352295, "class_log_probabilities": [-0.9058173894882202, -5.690393924713135, -8.14733600616455, -8.642268180847168], "predictions": [49, 34, 397, 35, 36, 398, 399, 37, 16, 400, 401, 402, 403, 404, 17, 50, 4, 4, 4], "target_tokens": ["[IN:CREATE_REMINDER", "[SL:PERSON_REMINDED", "@ptr2", "SL:PERSON_REMINDED]", "[SL:TODO", "@ptr3", "@ptr4", "@ptr5", "@ptr6", "SL:TODO]", "[SL:DATE_TIME", "@ptr7", "@ptr8", "@ptr9", "SL:DATE_TIME]", "IN:CREATE_REMINDER]"], "predicted_tokens": ["[IN:CREATE_REMINDER", "[SL:PERSON_REMINDED", "@ptr2", "SL:PERSON_REMINDED]", "[SL:TODO", "@ptr3", "@ptr4", "SL:TODO]", "[SL:DATE_TIME", "@ptr5", "@ptr6", "@ptr7", "@ptr8", "@ptr9", "SL:DATE_TIME]", "IN:CREATE_REMINDER]"]}
{"loss": 1.6801609992980957, "class_log_probabilities": [-2.2785696983337402, -3.8661153316497803, -4.3857293128967285, -5.5370965003967285], "predictions": [111, 34, 402, 35, 36, 405, 406, 407, 408, 37, 16, 409, 410, 411, 412, 413, 414, 415, 416, 417, 17, 112, 4, 4, 4, 4, 4, 4], "target_tokens": ["[IN:UPDATE_REMINDER_DATE_TIME", "[SL:PERSON_REMINDED", "@ptr6", "@ptr7", "SL:PERSON_REMINDED]", "[SL:TODO", "@ptr9", "@ptr10", "@ptr11", "@ptr12", "SL:TODO]", "[SL:DATE_TIME", "@ptr14", "@ptr15", "@ptr16", "@ptr17", "@ptr18", "@ptr19", "@ptr20", "@ptr21", "@ptr22", "SL:DATE_TIME]", "IN:UPDATE_REMINDER_DATE_TIME]"], "predicted_tokens": ["[IN:UPDATE_REMINDER_DATE_TIME", "[SL:PERSON_REMINDED", "@ptr7", "SL:PERSON_REMINDED]", "[SL:TODO", "@ptr10", "@ptr11", "@ptr12", "@ptr13", "SL:TODO]", "[SL:DATE_TIME", "@ptr14", "@ptr15", "@ptr16", "@ptr17", "@ptr18", "@ptr19", "@ptr20", "@ptr21", "@ptr22", "SL:DATE_TIME]", "IN:UPDATE_REMINDER_DATE_TIME]"]}
{"loss": 3.2719013690948486, "class_log_probabilities": [-0.9756940603256226, -4.102494716644287, -4.597232818603516, -6.062716007232666], "predictions": [49, 36, 402, 403, 37, 16, 404, 405, 406, 17, 50, 4, 4, 4], "target_tokens": ["[IN:CREATE_REMINDER", "[SL:TODO", "@ptr6", "@ptr7", "SL:TODO]", "[SL:DATE_TIME", "@ptr8", "@ptr9", "@ptr10", "SL:DATE_TIME]", "IN:CREATE_REMINDER]"], "predicted_tokens": ["[IN:CREATE_REMINDER", "[SL:TODO", "@ptr7", "@ptr8", "SL:TODO]", "[SL:DATE_TIME", "@ptr9", "@ptr10", "@ptr11", "SL:DATE_TIME]", "IN:CREATE_REMINDER]"]}
{"loss": 2.0705766677856445, "class_log_probabilities": [-2.153310775756836, -2.5137481689453125, -4.253469467163086, -4.939178466796875], "predictions": [47, 34, 395, 35, 16, 402, 403, 404, 405, 406, 407, 17, 48, 4, 4, 4, 4, 4], "target_tokens": ["[IN:GET_REMINDER", "[SL:PERSON_REMINDED", "@ptr0", "SL:PERSON_REMINDED]", "[SL:DATE_TIME", "@ptr8", "@ptr9", "@ptr10", "@ptr11", "SL:DATE_TIME]", "IN:GET_REMINDER]"], "predicted_tokens": ["[IN:GET_REMINDER", "[SL:PERSON_REMINDED", "@ptr0", "SL:PERSON_REMINDED]", "[SL:DATE_TIME", "@ptr7", "@ptr8", "@ptr9", "@ptr10", "@ptr11", "@ptr12", "SL:DATE_TIME]", "IN:GET_REMINDER]"]}
{"loss": 1.770111322402954, "class_log_probabilities": [-5.005198001861572, -5.279958724975586, -5.476223945617676, -5.882002353668213], "predictions": [49, 34, 404, 35, 36, 407, 408, 410, 411, 412, 413, 37, 50, 4, 4, 4, 4, 4], "target_tokens": ["[IN:CREATE_REMINDER", "[SL:PERSON_REMINDED", "@ptr8", "@ptr9", "SL:PERSON_REMINDED]", "[SL:TODO", "@ptr12", "@ptr13", "@ptr14", "@ptr15", "@ptr16", "@ptr17", "SL:TODO]", "IN:CREATE_REMINDER]"], "predicted_tokens": ["[IN:CREATE_REMINDER", "[SL:PERSON_REMINDED", "@ptr9", "SL:PERSON_REMINDED]", "[SL:TODO", "@ptr12", "@ptr13", "@ptr15", "@ptr16", "@ptr17", "@ptr18", "SL:TODO]", "IN:CREATE_REMINDER]"]}
{"loss": 1.6238019466400146, "class_log_probabilities": [-1.351156234741211, -2.459343671798706, -5.454874038696289, -6.5802483558654785], "predictions": [49, 34, 397, 35, 36, 398, 399, 400, 401, 37, 16, 402, 403, 404, 405, 406, 17, 50, 4, 4], "target_tokens": ["[IN:CREATE_REMINDER", "[SL:PERSON_REMINDED", "@ptr2", "SL:PERSON_REMINDED]", "[SL:TODO", "@ptr3", "@ptr4", "@ptr5", "SL:TODO]", "[SL:DATE_TIME", "@ptr7", "@ptr8", "@ptr9", "@ptr10", "SL:DATE_TIME]", "IN:CREATE_REMINDER]"], "predicted_tokens": ["[IN:CREATE_REMINDER", "[SL:PERSON_REMINDED", "@ptr2", "SL:PERSON_REMINDED]", "[SL:TODO", "@ptr3", "@ptr4", "@ptr5", "@ptr6", "SL:TODO]", "[SL:DATE_TIME", "@ptr7", "@ptr8", "@ptr9", "@ptr10", "@ptr11", "SL:DATE_TIME]", "IN:CREATE_REMINDER]"]}
{"loss": 1.7051767110824585, "class_log_probabilities": [-1.3740746974945068, -2.8176848888397217, -3.827007532119751, -5.2409186363220215], "predictions": [49, 34, 396, 35, 36, 398, 399, 400, 37, 16, 401, 402, 17, 50, 4, 4], "target_tokens": ["[IN:CREATE_REMINDER", "[SL:PERSON_REMINDED", "@ptr1", "SL:PERSON_REMINDED]", "[SL:TODO", "@ptr3", "@ptr4", "SL:TODO]", "[SL:DATE_TIME", "@ptr5", "@ptr6", "SL:DATE_TIME]", "IN:CREATE_REMINDER]"], "predicted_tokens": ["[IN:CREATE_REMINDER", "[SL:PERSON_REMINDED", "@ptr1", "SL:PERSON_REMINDED]", "[SL:TODO", "@ptr3", "@ptr4", "@ptr5", "SL:TODO]", "[SL:DATE_TIME", "@ptr6", "@ptr7", "SL:DATE_TIME]", "IN:CREATE_REMINDER]"]}
{"loss": 1.3855150938034058, "class_log_probabilities": [-0.740116536617279, -6.693439960479736, -6.707104682922363, -7.882942199707031], "predictions": [47, 34, 395, 35, 16, 401, 402, 403, 404, 405, 406, 17, 48, 4], "target_tokens": ["[IN:GET_REMINDER", "[SL:PERSON_REMINDED", "@ptr0", "SL:PERSON_REMINDED]", "[SL:DATE_TIME", "@ptr6", "@ptr7", "@ptr8", "@ptr9", "@ptr10", "SL:DATE_TIME]", "IN:GET_REMINDER]"], "predicted_tokens": ["[IN:GET_REMINDER", "[SL:PERSON_REMINDED", "@ptr0", "SL:PERSON_REMINDED]", "[SL:DATE_TIME", "@ptr6", "@ptr7", "@ptr8", "@ptr9", "@ptr10", "@ptr11", "SL:DATE_TIME]", "IN:GET_REMINDER]"]}
{"loss": 2.3652310371398926, "class_log_probabilities": [-0.9434046745300293, -8.084333419799805, -8.530793190002441, -9.396495819091797], "predictions": [49, 34, 397, 35, 36, 398, 399, 400, 401, 402, 403, 37, 16, 404, 405, 406, 17, 50, 4, 4, 4, 4, 4], "target_tokens": ["[IN:CREATE_REMINDER", "[SL:PERSON_REMINDED", "@ptr2", "SL:PERSON_REMINDED]", "[SL:TODO", "@ptr3", "@ptr4", "@ptr5", "@ptr6", "@ptr7", "SL:TODO]", "[SL:DATE_TIME", "@ptr8", "@ptr9", "@ptr10", "SL:DATE_TIME]", "IN:CREATE_REMINDER]"], "predicted_tokens": ["[IN:CREATE_REMINDER", "[SL:PERSON_REMINDED", "@ptr2", "SL:PERSON_REMINDED]", "[SL:TODO", "@ptr3", "@ptr4", "@ptr5", "@ptr6", "@ptr7", "@ptr8", "SL:TODO]", "[SL:DATE_TIME", "@ptr9", "@ptr10", "@ptr11", "SL:DATE_TIME]", "IN:CREATE_REMINDER]"]}
{"loss": 3.8644113540649414, "class_log_probabilities": [-4.629752159118652, -5.077010631561279, -5.428924083709717, -5.827042579650879], "predictions": [45, 10, 70, 71, 397, 72, 93, 399, 94, 73, 11, 24, 401, 402, 403, 404, 405, 406, 25, 26, 4, 4, 4, 4, 4, 4, 4, 4], "target_tokens": ["[IN:GET_REMINDER_DATE_TIME", "[SL:PERSON_REMINDED", "@ptr2", "@ptr3", "@ptr4", "SL:PERSON_REMINDED]", "[SL:TODO", "@ptr5", "@ptr6", "@ptr7", "@ptr8", "@ptr9", "@ptr10", "SL:TODO]", "IN:GET_REMINDER_DATE_TIME]"], "predicted_tokens": ["[IN:CREATE_ALARM", "[SL:RECIPIENT", "[IN:GET_CONTACT", "[SL:TYPE_RELATION", "@ptr2", "SL:TYPE_RELATION]", "[SL:CONTACT_RELATED", "@ptr4", "SL:CONTACT_RELATED]", "IN:GET_CONTACT]", "SL:RECIPIENT]", "[SL:CONTENT_EXACT", "@ptr6", "@ptr7", "@ptr8", "@ptr9", "@ptr10", "@ptr11", "SL:CONTENT_EXACT]", "IN:SEND_MESSAGE]"]}
{"loss": 3.0920791625976562, "class_log_probabilities": [-1.6264060735702515, -1.7164820432662964, -7.124924659729004, -7.133907794952393], "predictions": [33, 36, 401, 402, 403, 404, 37, 16, 405, 406, 17, 38, 4, 4, 4], "target_tokens": ["[IN:DELETE_REMINDER", "[SL:TODO", "@ptr6", "@ptr7", "@ptr8", "SL:TODO]", "[SL:DATE_TIME", "@ptr9", "@ptr10", "SL:DATE_TIME]", "IN:DELETE_REMINDER]"], "predicted_tokens": ["[IN:DELETE_REMINDER", "[SL:TODO", "@ptr6", "@ptr7", "@ptr8", "@ptr9", "SL:TODO]", "[SL:DATE_TIME", "@ptr10", "@ptr11", "SL:DATE_TIME]", "IN:DELETE_REMINDER]"]}
{"loss": 2.3961856365203857, "class_log_probabilities": [-83.55937957763672, -83.62529754638672, -83.7890396118164, -83.82962799072266], "predictions": [49, 34, 397, 35, 36, 398, 399, 400, 401, 402, 403, 404, 405, 406, 407, 408, 409, 410, 411, 413, 37, 16, 415, 416, 417, 419, 419, 420, 420, 420, 420, 420, 420, 420, 420, 420, 420, 420, 420, 420, 420, 420, 420, 420, 420, 420, 420, 420, 420, 420, 420, 420, 420, 420, 420, 420, 420, 420, 420, 420, 420, 420, 420, 420, 420, 420, 420, 420, 420, 420, 420, 420, 420, 420, 420, 420, 420, 420, 420, 420, 420, 420, 420, 420, 420, 420, 420, 420, 420, 420, 420, 420, 420, 420, 420, 420, 420, 420, 420, 420], "target_tokens": ["[IN:CREATE_REMINDER", "[SL:PERSON_REMINDED", "@ptr2", "SL:PERSON_REMINDED]", "[SL:TODO", "[IN:REPLY_MESSAGE", "[SL:RECIPIENT", "@ptr5", "@ptr6", "@ptr7", "@ptr8", "SL:RECIPIENT]", "[SL:CONTENT_EXACT", "@ptr11", "@ptr12", "@ptr13", "@ptr14", "@ptr15", "@ptr16", "@ptr17", "SL:CONTENT_EXACT]", "IN:REPLY_MESSAGE]", "SL:TODO]", "[SL:DATE_TIME", "@ptr18", "@ptr19", "@ptr20", "@ptr21", "@ptr22", "@ptr23", "@ptr24", "@ptr25", "SL:DATE_TIME]", "IN:CREATE_REMINDER]"], "predicted_tokens": ["[IN:CREATE_REMINDER", "[SL:PERSON_REMINDED", "@ptr2", "SL:PERSON_REMINDED]", "[SL:TODO", "@ptr3", "@ptr4", "@ptr5", "@ptr6", "@ptr7", "@ptr8", "@ptr9", "@ptr10", "@ptr11", "@ptr12", "@ptr13", "@ptr14", "@ptr15", "@ptr16", "@ptr18", "SL:TODO]", "[SL:DATE_TIME", "@ptr20", "@ptr21", "@ptr22", "@ptr24", "@ptr24", "@ptr25", "@ptr25", "@ptr25", "@ptr25", "@ptr25", "@ptr25", "@ptr25", "@ptr25", "@ptr25", "@ptr25", "@ptr25", "@ptr25", "@ptr25", "@ptr25", "@ptr25", "@ptr25", "@ptr25", "@ptr25", "@ptr25", "@ptr25", "@ptr25", "@ptr25", "@ptr25", "@ptr25", "@ptr25", "@ptr25", "@ptr25", "@ptr25", "@ptr25", "@ptr25", "@ptr25", "@ptr25", "@ptr25", "@ptr25", "@ptr25", "@ptr25", "@ptr25", "@ptr25", "@ptr25", "@ptr25", "@ptr25", "@ptr25", "@ptr25", "@ptr25", "@ptr25", "@ptr25", "@ptr25", "@ptr25", "@ptr25", "@ptr25", "@ptr25", "@ptr25", "@ptr25", "@ptr25", "@ptr25", "@ptr25", "@ptr25", "@ptr25", "@ptr25", "@ptr25", "@ptr25", "@ptr25", "@ptr25", "@ptr25", "@ptr25", "@ptr25", "@ptr25", "@ptr25", "@ptr25", "@ptr25", "@ptr25", "@ptr25", "@ptr25"]}
{"loss": 2.2662200927734375, "class_log_probabilities": [-0.9276235699653625, -6.711360454559326, -8.073294639587402, -8.281149864196777], "predictions": [49, 34, 397, 35, 36, 398, 399, 400, 401, 402, 37, 16, 403, 404, 405, 17, 50, 4], "target_tokens": ["[IN:CREATE_REMINDER", "[SL:PERSON_REMINDED", "@ptr2", "SL:PERSON_REMINDED]", "[SL:TODO", "@ptr3", "@ptr4", "@ptr5", "@ptr6", "SL:TODO]", "[SL:DATE_TIME", "@ptr7", "@ptr8", "@ptr9", "SL:DATE_TIME]", "IN:CREATE_REMINDER]"], "predicted_tokens": ["[IN:CREATE_REMINDER", "[SL:PERSON_REMINDED", "@ptr2", "SL:PERSON_REMINDED]", "[SL:TODO", "@ptr3", "@ptr4", "@ptr5", "@ptr6", "@ptr7", "SL:TODO]", "[SL:DATE_TIME", "@ptr8", "@ptr9", "@ptr10", "SL:DATE_TIME]", "IN:CREATE_REMINDER]"]}
{"loss": 2.5782675743103027, "class_log_probabilities": [-2.2695252895355225, -3.1527578830718994, -4.179891586303711, -4.868810653686523], "predictions": [49, 36, 403, 404, 37, 50, 4, 4, 4, 4], "target_tokens": ["[IN:CREATE_REMINDER", "[SL:PERSON_REMINDED", "@ptr0", "SL:PERSON_REMINDED]", "[SL:TODO", "@ptr7", "@ptr8", "SL:TODO]", "IN:CREATE_REMINDER]"], "predicted_tokens": ["[IN:CREATE_REMINDER", "[SL:TODO", "@ptr8", "@ptr9", "SL:TODO]", "IN:CREATE_REMINDER]"]}
{"loss": 3.5331621170043945, "class_log_probabilities": [-1.2592824697494507, -2.5375208854675293, -3.123267650604248, -4.446020603179932], "predictions": [47, 16, 400, 401, 402, 403, 404, 17, 34, 406, 35, 48, 4], "target_tokens": ["[IN:GET_REMINDER", "[SL:PERSON_REMINDED", "@ptr9", "@ptr10", "SL:PERSON_REMINDED]", "[SL:DATE_TIME", "@ptr5", "@ptr6", "@ptr7", "@ptr8", "SL:DATE_TIME]", "IN:GET_REMINDER]"], "predicted_tokens": ["[IN:GET_REMINDER", "[SL:DATE_TIME", "@ptr5", "@ptr6", "@ptr7", "@ptr8", "@ptr9", "SL:DATE_TIME]", "[SL:PERSON_REMINDED", "@ptr11", "SL:PERSON_REMINDED]", "IN:GET_REMINDER]"]}
{"loss": 1.9934288263320923, "class_log_probabilities": [-3.174838066101074, -3.18927001953125, -4.201122760772705, -4.737051963806152], "predictions": [49, 36, 404, 405, 406, 407, 37, 16, 409, 410, 411, 412, 413, 414, 415, 17, 50, 4, 4, 4, 4, 4], "target_tokens": ["[IN:CREATE_REMINDER", "[SL:TODO", "@ptr7", "@ptr8", "@ptr9", "@ptr10", "@ptr11", "SL:TODO]", "[SL:DATE_TIME", "@ptr12", "@ptr13", "@ptr14", "@ptr15", "@ptr16", "@ptr17", "@ptr18", "@ptr19", "SL:DATE_TIME]", "IN:CREATE_REMINDER]"], "predicted_tokens": ["[IN:CREATE_REMINDER", "[SL:TODO", "@ptr9", "@ptr10", "@ptr11", "@ptr12", "SL:TODO]", "[SL:DATE_TIME", "@ptr14", "@ptr15", "@ptr16", "@ptr17", "@ptr18", "@ptr19", "@ptr20", "SL:DATE_TIME]", "IN:CREATE_REMINDER]"]}
{"loss": 1.5467913150787354, "class_log_probabilities": [-2.3556034564971924, -2.4823038578033447, -4.079905033111572, -4.5354509353637695], "predictions": [49, 36, 403, 404, 405, 406, 407, 408, 37, 16, 410, 411, 412, 413, 414, 17, 50, 4, 4, 4], "target_tokens": ["[IN:CREATE_REMINDER", "[SL:TODO", "@ptr7", "@ptr8", "@ptr9", "@ptr10", "@ptr11", "@ptr12", "SL:TODO]", "[SL:DATE_TIME", "@ptr13", "@ptr14", "@ptr15", "@ptr16", "@ptr17", "@ptr18", "@ptr19", "SL:DATE_TIME]", "IN:CREATE_REMINDER]"], "predicted_tokens": ["[IN:CREATE_REMINDER", "[SL:TODO", "@ptr8", "@ptr9", "@ptr10", "@ptr11", "@ptr12", "@ptr13", "SL:TODO]", "[SL:DATE_TIME", "@ptr15", "@ptr16", "@ptr17", "@ptr18", "@ptr19", "SL:DATE_TIME]", "IN:CREATE_REMINDER]"]}
{"loss": 1.979257345199585, "class_log_probabilities": [-1.175240159034729, -4.504763126373291, -6.832512855529785, -6.9799909591674805], "predictions": [49, 34, 397, 35, 36, 398, 399, 400, 401, 402, 403, 404, 37, 16, 405, 406, 407, 408, 409, 410, 17, 50, 4], "target_tokens": ["[IN:CREATE_REMINDER", "[SL:PERSON_REMINDED", "@ptr2", "SL:PERSON_REMINDED]", "[SL:TODO", "@ptr3", "@ptr4", "@ptr5", "@ptr6", "@ptr7", "@ptr8", "SL:TODO]", "[SL:DATE_TIME", "@ptr9", "@ptr10", "@ptr11", "@ptr12", "@ptr13", "SL:DATE_TIME]", "IN:CREATE_REMINDER]"], "predicted_tokens": ["[IN:CREATE_REMINDER", "[SL:PERSON_REMINDED", "@ptr2", "SL:PERSON_REMINDED]", "[SL:TODO", "@ptr3", "@ptr4", "@ptr5", "@ptr6", "@ptr7", "@ptr8", "@ptr9", "SL:TODO]", "[SL:DATE_TIME", "@ptr10", "@ptr11", "@ptr12", "@ptr13", "@ptr14", "@ptr15", "SL:DATE_TIME]", "IN:CREATE_REMINDER]"]}
{"loss": 2.810734272003174, "class_log_probabilities": [-1.6443052291870117, -2.0809166431427, -5.360823631286621, -5.867875099182129], "predictions": [75, 6, 70, 71, 399, 400, 72, 93, 402, 94, 73, 7, 78, 4, 4, 4], "target_tokens": ["[IN:CREATE_REMINDER", "[SL:TODO", "[IN:CREATE_CALL", "[SL:CONTACT", "[IN:GET_CONTACT", "[SL:CONTACT_RELATED", "@ptr6", "@ptr7", "SL:CONTACT_RELATED]", "[SL:TYPE_RELATION", "@ptr4", "@ptr5", "SL:TYPE_RELATION]", "IN:GET_CONTACT]", "SL:CONTACT]", "IN:CREATE_CALL]", "SL:TODO]", "[SL:PERSON_REMINDED", "@ptr0", "SL:PERSON_REMINDED]", "IN:CREATE_REMINDER]"], "predicted_tokens": ["[IN:CREATE_CALL", "[SL:CONTACT", "[IN:GET_CONTACT", "[SL:TYPE_RELATION", "@ptr4", "@ptr5", "SL:TYPE_RELATION]", "[SL:CONTACT_RELATED", "@ptr7", "SL:CONTACT_RELATED]", "IN:GET_CONTACT]", "SL:CONTACT]", "IN:CREATE_CALL]"]}
{"loss": 2.0234949588775635, "class_log_probabilities": [-1.1108769178390503, -7.286494255065918, -7.301458358764648, -7.756150245666504], "predictions": [49, 34, 397, 35, 36, 398, 399, 400, 401, 402, 403, 404, 405, 37, 16, 406, 407, 408, 409, 410, 17, 50, 4, 4], "target_tokens": ["[IN:CREATE_REMINDER", "[SL:PERSON_REMINDED", "@ptr2", "SL:PERSON_REMINDED]", "[SL:TODO", "@ptr3", "@ptr4", "@ptr5", "@ptr6", "@ptr7", "@ptr8", "SL:TODO]", "[SL:DATE_TIME", "@ptr9", "@ptr10", "@ptr11", "@ptr12", "@ptr13", "@ptr14", "SL:DATE_TIME]", "IN:CREATE_REMINDER]"], "predicted_tokens": ["[IN:CREATE_REMINDER", "[SL:PERSON_REMINDED", "@ptr2", "SL:PERSON_REMINDED]", "[SL:TODO", "@ptr3", "@ptr4", "@ptr5", "@ptr6", "@ptr7", "@ptr8", "@ptr9", "@ptr10", "SL:TODO]", "[SL:DATE_TIME", "@ptr11", "@ptr12", "@ptr13", "@ptr14", "@ptr15", "SL:DATE_TIME]", "IN:CREATE_REMINDER]"]}
{"loss": 3.3123366832733154, "class_log_probabilities": [-5.358000755310059, -5.393250465393066, -5.5355119705200195, -5.599515438079834], "predictions": [49, 36, 143, 36, 397, 398, 399, 37, 243, 402, 403, 244, 144, 37, 34, 407, 35, 16, 409, 410, 411, 412, 413, 17, 50, 4, 4], "target_tokens": ["[IN:CREATE_REMINDER", "[SL:TODO", "@ptr2", "@ptr3", "@ptr4", "@ptr5", "@ptr6", "@ptr7", "SL:TODO]", "[SL:PERSON_REMINDED", "@ptr0", "SL:PERSON_REMINDED]", "[SL:DATE_TIME", "@ptr13", "@ptr14", "@ptr15", "@ptr16", "SL:DATE_TIME]", "IN:CREATE_REMINDER]"], "predicted_tokens": ["[IN:CREATE_REMINDER", "[SL:TODO", "[IN:GET_TODO", "[SL:TODO", "@ptr2", "@ptr3", "@ptr4", "SL:TODO]", "[SL:ATTENDEE", "@ptr7", "@ptr8", "SL:ATTENDEE]", "IN:GET_TODO]", "SL:TODO]", "[SL:PERSON_REMINDED", "@ptr12", "SL:PERSON_REMINDED]", "[SL:DATE_TIME", "@ptr14", "@ptr15", "@ptr16", "@ptr17", "@ptr18", "SL:DATE_TIME]", "IN:CREATE_REMINDER]"]}
{"loss": 2.1125874519348145, "class_log_probabilities": [-1.715683102607727, -2.3135995864868164, -4.2736687660217285, -6.947092056274414], "predictions": [49, 34, 398, 35, 36, 400, 401, 402, 403, 404, 405, 406, 407, 408, 37, 16, 409, 410, 411, 17, 50, 4, 4, 4, 4, 4, 4, 4, 4, 4, 4, 4], "target_tokens": ["[IN:CREATE_REMINDER", "[SL:PERSON_REMINDED", "@ptr3", "SL:PERSON_REMINDED]", "[SL:TODO", "@ptr5", "@ptr6", "@ptr7", "@ptr8", "@ptr9", "@ptr10", "@ptr11", "@ptr12", "SL:TODO]", "[SL:DATE_TIME", "@ptr13", "@ptr14", "@ptr15", "SL:DATE_TIME]", "IN:CREATE_REMINDER]"], "predicted_tokens": ["[IN:CREATE_REMINDER", "[SL:PERSON_REMINDED", "@ptr3", "SL:PERSON_REMINDED]", "[SL:TODO", "@ptr5", "@ptr6", "@ptr7", "@ptr8", "@ptr9", "@ptr10", "@ptr11", "@ptr12", "@ptr13", "SL:TODO]", "[SL:DATE_TIME", "@ptr14", "@ptr15", "@ptr16", "SL:DATE_TIME]", "IN:CREATE_REMINDER]"]}
{"loss": 2.221029043197632, "class_log_probabilities": [-1.737778902053833, -2.503291130065918, -3.3732900619506836, -4.201965808868408], "predictions": [33, 36, 143, 36, 402, 403, 404, 405, 37, 16, 406, 407, 408, 17, 144, 37, 38, 4], "target_tokens": ["[IN:DELETE_REMINDER", "[SL:TODO", "[IN:GET_TODO", "[SL:TODO", "[IN:CREATE_CALL", "IN:CREATE_CALL]", "SL:TODO]", "[SL:TODO", "@ptr7", "@ptr8", "@ptr9", "SL:TODO]", "IN:GET_TODO]", "SL:TODO]", "[SL:DATE_TIME", "@ptr11", "@ptr12", "SL:DATE_TIME]", "IN:DELETE_REMINDER]"], "predicted_tokens": ["[IN:DELETE_REMINDER", "[SL:TODO", "[IN:GET_TODO", "[SL:TODO", "@ptr7", "@ptr8", "@ptr9", "@ptr10", "SL:TODO]", "[SL:DATE_TIME", "@ptr11", "@ptr12", "@ptr13", "SL:DATE_TIME]", "IN:GET_TODO]", "SL:TODO]", "IN:DELETE_REMINDER]"]}
{"loss": 2.319422960281372, "class_log_probabilities": [-0.4905846416950226, -7.676577568054199, -7.990251064300537, -8.078018188476562], "predictions": [63, 64, 396, 65, 151, 397, 152, 68, 4, 4], "target_tokens": ["[IN:PLAY_MUSIC", "[SL:MUSIC_GENRE", "@ptr2", "SL:MUSIC_GENRE]", "IN:PLAY_MUSIC]"], "predicted_tokens": ["[IN:PLAY_MUSIC", "[SL:MUSIC_TYPE", "@ptr1", "SL:MUSIC_TYPE]", "[SL:MUSIC_GENRE", "@ptr2", "SL:MUSIC_GENRE]", "IN:PLAY_MUSIC]"]}
{"loss": 2.0320870876312256, "class_log_probabilities": [-1.2984064817428589, -5.533909320831299, -6.014336109161377, -7.042729377746582], "predictions": [23, 10, 396, 397, 398, 399, 11, 24, 402, 403, 404, 405, 406, 407, 408, 409, 25, 26, 4, 4], "target_tokens": ["[IN:PLAY_MUSIC", "[SL:MUSIC_PROVIDER_NAME", "@ptr1", "@ptr2", "@ptr3", "@ptr4", "SL:MUSIC_PROVIDER_NAME]", "[SL:MUSIC_TRACK_TITLE", "@ptr7", "@ptr8", "@ptr9", "@ptr10", "@ptr11", "@ptr12", "@ptr13", "SL:MUSIC_TRACK_TITLE]", "IN:PLAY_MUSIC]"], "predicted_tokens": ["[IN:SEND_MESSAGE", "[SL:RECIPIENT", "@ptr1", "@ptr2", "@ptr3", "@ptr4", "SL:RECIPIENT]", "[SL:CONTENT_EXACT", "@ptr7", "@ptr8", "@ptr9", "@ptr10", "@ptr11", "@ptr12", "@ptr13", "@ptr14", "SL:CONTENT_EXACT]", "IN:SEND_MESSAGE]"]}
{"loss": 4.426029682159424, "class_log_probabilities": [-2.700000762939453, -3.2831826210021973, -4.849390983581543, -6.834883689880371], "predictions": [63, 206, 396, 397, 398, 399, 400, 401, 402, 403, 404, 405, 207, 68, 4, 4, 4, 4, 4, 4, 4, 4], "target_tokens": ["[IN:CREATE_CALL", "[SL:CONTACT", "[IN:GET_CONTACT", "[SL:CONTACT_RELATED", "@ptr9", "@ptr10", "SL:CONTACT_RELATED]", "[SL:TYPE_RELATION", "@ptr7", "@ptr8", "SL:TYPE_RELATION]", "IN:GET_CONTACT]", "SL:CONTACT]", "IN:CREATE_CALL]"], "predicted_tokens": ["[IN:PLAY_MUSIC", "[SL:MUSIC_ALBUM_TITLE", "@ptr1", "@ptr2", "@ptr3", "@ptr4", "@ptr5", "@ptr6", "@ptr7", "@ptr8", "@ptr9", "@ptr10", "SL:MUSIC_ALBUM_TITLE]", "IN:PLAY_MUSIC]"]}
{"loss": 1.360266089439392, "class_log_probabilities": [-0.9109117388725281, -3.5889205932617188, -5.252439498901367, -5.82305383682251], "predictions": [75, 6, 70, 71, 400, 72, 6, 401, 7, 6, 403, 404, 7, 73, 7, 78, 4, 4, 4, 4], "target_tokens": ["[IN:CREATE_CALL", "[SL:CONTACT", "[IN:GET_CONTACT", "[SL:TYPE_RELATION", "@ptr5", "SL:TYPE_RELATION]", "IN:GET_CONTACT]", "SL:CONTACT]", "[SL:CONTACT", "@ptr6", "SL:CONTACT]", "[SL:CONTACT", "@ptr8", "@ptr9", "SL:CONTACT]", "IN:CREATE_CALL]"], "predicted_tokens": ["[IN:CREATE_CALL", "[SL:CONTACT", "[IN:GET_CONTACT", "[SL:TYPE_RELATION", "@ptr5", "SL:TYPE_RELATION]", "[SL:CONTACT", "@ptr6", "SL:CONTACT]", "[SL:CONTACT", "@ptr8", "@ptr9", "SL:CONTACT]", "IN:GET_CONTACT]", "SL:CONTACT]", "IN:CREATE_CALL]"]}
{"loss": 5.427032947540283, "class_log_probabilities": [-0.14845481514930725, -8.596159934997559, -8.74541187286377, -8.746301651000977], "predictions": [81, 82, 4, 4, 4], "target_tokens": ["[IN:IGNORE_CALL", "IN:IGNORE_CALL]"], "predicted_tokens": ["[IN:END_CALL", "IN:END_CALL]"]}
{"loss": 0.9678770899772644, "class_log_probabilities": [-0.5909770131111145, -4.9360222816467285, -5.256290435791016, -5.655378341674805], "predictions": [107, 203, 396, 397, 204, 110, 4, 4], "target_tokens": ["[IN:UPDATE_CALL", "[SL:CONTACT_REMOVED", "@ptr1", "@ptr2", "SL:CONTACT_REMOVED]", "IN:UPDATE_CALL]"], "predicted_tokens": ["[IN:UPDATE_CALL", "[SL:CONTACT_REMOVED", "@ptr1", "@ptr2", "SL:CONTACT_REMOVED]", "IN:UPDATE_CALL]"]}
{"loss": 0.9888208508491516, "class_log_probabilities": [-0.14066098630428314, -8.013382911682129, -8.47433853149414, -8.525146484375], "predictions": [215, 216, 4], "target_tokens": ["[IN:SWITCH_CALL", "IN:SWITCH_CALL]"], "predicted_tokens": ["[IN:SWITCH_CALL", "IN:SWITCH_CALL]"]}
{"loss": 1.0129997730255127, "class_log_probabilities": [-1.4061729907989502, -1.6108169555664062, -6.203089714050293, -7.159745693206787], "predictions": [75, 6, 70, 71, 400, 72, 73, 7, 6, 70, 71, 402, 72, 73, 7, 78, 4], "target_tokens": ["[IN:CREATE_CALL", "[SL:CONTACT", "[IN:GET_CONTACT", "[SL:TYPE_RELATION", "@ptr5", "SL:TYPE_RELATION]", "IN:GET_CONTACT]", "SL:CONTACT]", "[SL:CONTACT", "[IN:GET_CONTACT", "[SL:TYPE_RELATION", "@ptr7", "SL:TYPE_RELATION]", "IN:GET_CONTACT]", "SL:CONTACT]", "IN:CREATE_CALL]"], "predicted_tokens": ["[IN:CREATE_CALL", "[SL:CONTACT", "[IN:GET_CONTACT", "[SL:TYPE_RELATION", "@ptr5", "SL:TYPE_RELATION]", "IN:GET_CONTACT]", "SL:CONTACT]", "[SL:CONTACT", "[IN:GET_CONTACT", "[SL:TYPE_RELATION", "@ptr7", "SL:TYPE_RELATION]", "IN:GET_CONTACT]", "SL:CONTACT]", "IN:CREATE_CALL]"]}
{"loss": 0.9717336297035217, "class_log_probabilities": [-0.15819358825683594, -8.631019592285156, -8.699533462524414, -8.78832721710205], "predictions": [81, 82, 4, 4, 4], "target_tokens": ["[IN:END_CALL", "IN:END_CALL]"], "predicted_tokens": ["[IN:END_CALL", "IN:END_CALL]"]}
{"loss": 3.38836669921875, "class_log_probabilities": [-0.8229215145111084, -3.27469539642334, -5.23382043838501, -5.5367302894592285], "predictions": [75, 6, 70, 71, 397, 72, 93, 399, 94, 73, 7, 78, 4], "target_tokens": ["[IN:CREATE_CALL", "[SL:CONTACT", "[IN:GET_CONTACT", "[SL:CONTACT_RELATED", "@ptr3", "@ptr4", "SL:CONTACT_RELATED]", "[SL:TYPE_RELATION", "@ptr2", "SL:TYPE_RELATION]", "IN:GET_CONTACT]", "SL:CONTACT]", "IN:CREATE_CALL]"], "predicted_tokens": ["[IN:CREATE_CALL", "[SL:CONTACT", "[IN:GET_CONTACT", "[SL:TYPE_RELATION", "@ptr2", "SL:TYPE_RELATION]", "[SL:CONTACT_RELATED", "@ptr4", "SL:CONTACT_RELATED]", "IN:GET_CONTACT]", "SL:CONTACT]", "IN:CREATE_CALL]"]}
{"loss": 0.953758716583252, "class_log_probabilities": [-0.29343047738075256, -6.915483474731445, -7.031416893005371, -9.993356704711914], "predictions": [81, 82, 4, 4, 4, 4, 4, 4], "target_tokens": ["[IN:END_CALL", "IN:END_CALL]"], "predicted_tokens": ["[IN:END_CALL", "IN:END_CALL]"]}
{"loss": 0.9917042851448059, "class_log_probabilities": [-0.1400366723537445, -7.908848285675049, -8.173871040344238, -8.218008041381836], "predictions": [95, 96, 4], "target_tokens": ["[IN:IGNORE_CALL", "IN:IGNORE_CALL]"], "predicted_tokens": ["[IN:IGNORE_CALL", "IN:IGNORE_CALL]"]}
{"loss": 0.9726146459579468, "class_log_probabilities": [-0.4638558030128479, -7.766735553741455, -7.894541263580322, -7.917643070220947], "predictions": [95, 16, 399, 400, 401, 17, 96, 4, 4], "target_tokens": ["[IN:IGNORE_CALL", "[SL:DATE_TIME", "@ptr4", "@ptr5", "@ptr6", "SL:DATE_TIME]", "IN:IGNORE_CALL]"], "predicted_tokens": ["[IN:IGNORE_CALL", "[SL:DATE_TIME", "@ptr4", "@ptr5", "@ptr6", "SL:DATE_TIME]", "IN:IGNORE_CALL]"]}
{"loss": 1.9602779150009155, "class_log_probabilities": [-1.4352638721466064, -1.9835212230682373, -3.5531866550445557, -5.454410076141357], "predictions": [169, 64, 401, 65, 170, 4], "target_tokens": ["[IN:REPEAT_ALL_OFF_MUSIC", "IN:REPEAT_ALL_OFF_MUSIC]"], "predicted_tokens": ["[IN:REMOVE_FROM_PLAYLIST_MUSIC", "[SL:MUSIC_TYPE", "@ptr6", "SL:MUSIC_TYPE]", "IN:REMOVE_FROM_PLAYLIST_MUSIC]"]}
{"loss": 2.0356967449188232, "class_log_probabilities": [-0.5263105630874634, -8.106832504272461, -8.163437843322754, -8.650032043457031], "predictions": [45, 16, 399, 400, 401, 402, 17, 46, 4, 4], "target_tokens": ["[IN:CREATE_ALARM", "[SL:DATE_TIME", "@ptr3", "@ptr4", "@ptr5", "@ptr6", "@ptr7", "SL:DATE_TIME]", "IN:CREATE_ALARM]"], "predicted_tokens": ["[IN:CREATE_ALARM", "[SL:DATE_TIME", "@ptr4", "@ptr5", "@ptr6", "@ptr7", "SL:DATE_TIME]", "IN:CREATE_ALARM]"]}
{"loss": 2.016974925994873, "class_log_probabilities": [-2.067620038986206, -3.5113346576690674, -3.5236263275146484, -4.369210243225098], "predictions": [63, 206, 400, 401, 402, 403, 207, 68, 4], "target_tokens": ["[IN:PLAY_MUSIC", "[SL:MUSIC_PROVIDER_NAME", "@ptr5", "@ptr6", "@ptr7", "SL:MUSIC_PROVIDER_NAME]", "IN:PLAY_MUSIC]"], "predicted_tokens": ["[IN:PLAY_MUSIC", "[SL:MUSIC_ALBUM_TITLE", "@ptr5", "@ptr6", "@ptr7", "@ptr8", "SL:MUSIC_ALBUM_TITLE]", "IN:PLAY_MUSIC]"]}
{"loss": 2.9119322299957275, "class_log_probabilities": [-3.388615608215332, -3.99611759185791, -4.086466312408447, -5.434528350830078], "predictions": [63, 101, 402, 403, 404, 405, 406, 102, 68, 4, 4, 4], "target_tokens": ["[IN:GET_TRACK_INFO_MUSIC", "[SL:MUSIC_PROVIDER_NAME", "@ptr7", "@ptr8", "@ptr9", "@ptr10", "SL:MUSIC_PROVIDER_NAME]", "IN:GET_TRACK_INFO_MUSIC]"], "predicted_tokens": ["[IN:PLAY_MUSIC", "[SL:MUSIC_TRACK_TITLE", "@ptr7", "@ptr8", "@ptr9", "@ptr10", "@ptr11", "SL:MUSIC_TRACK_TITLE]", "IN:PLAY_MUSIC]"]}
{"loss": 3.2128477096557617, "class_log_probabilities": [-1.0807511806488037, -5.105569362640381, -5.9516472816467285, -6.655965328216553], "predictions": [63, 64, 395, 65, 101, 401, 402, 403, 404, 405, 406, 407, 408, 102, 68, 4, 4, 4, 4], "target_tokens": ["[IN:DISLIKE_MUSIC", "[SL:MUSIC_TYPE", "@ptr0", "SL:MUSIC_TYPE]", "[SL:MUSIC_PROVIDER_NAME", "@ptr6", "@ptr7", "@ptr8", "@ptr9", "SL:MUSIC_PROVIDER_NAME]", "IN:DISLIKE_MUSIC]"], "predicted_tokens": ["[IN:PLAY_MUSIC", "[SL:MUSIC_TYPE", "@ptr0", "SL:MUSIC_TYPE]", "[SL:MUSIC_TRACK_TITLE", "@ptr6", "@ptr7", "@ptr8", "@ptr9", "@ptr10", "@ptr11", "@ptr12", "@ptr13", "SL:MUSIC_TRACK_TITLE]", "IN:PLAY_MUSIC]"]}
{"loss": 2.824431896209717, "class_log_probabilities": [-1.167930006980896, -2.584825277328491, -4.727458477020264, -4.80735445022583], "predictions": [61, 14, 400, 401, 402, 15, 16, 404, 405, 406, 407, 408, 409, 17, 62, 4, 4], "target_tokens": ["[IN:GET_EVENT", "[SL:LOCATION", "@ptr4", "@ptr5", "@ptr6", "SL:LOCATION]", "[SL:DATE_TIME", "@ptr8", "@ptr9", "@ptr10", "@ptr11", "@ptr12", "SL:DATE_TIME]", "IN:GET_EVENT]"], "predicted_tokens": ["[IN:GET_EVENT", "[SL:LOCATION", "@ptr5", "@ptr6", "@ptr7", "SL:LOCATION]", "[SL:DATE_TIME", "@ptr9", "@ptr10", "@ptr11", "@ptr12", "@ptr13", "@ptr14", "SL:DATE_TIME]", "IN:GET_EVENT]"]}
{"loss": 2.5783944129943848, "class_log_probabilities": [-1.8459280729293823, -4.254120826721191, -5.094019889831543, -6.254391670227051], "predictions": [61, 83, 395, 396, 84, 14, 398, 399, 400, 401, 402, 403, 404, 405, 406, 17, 62, 4, 4, 4, 4, 4, 4], "target_tokens": ["[IN:GET_EVENT", "[SL:LOCATION", "@ptr3", "@ptr4", "SL:LOCATION]", "[SL:DATE_TIME", "@ptr5", "@ptr6", "@ptr7", "@ptr8", "@ptr9", "SL:DATE_TIME]", "IN:GET_EVENT]"], "predicted_tokens": ["[IN:GET_EVENT", "[SL:CATEGORY_EVENT", "@ptr0", "@ptr1", "SL:CATEGORY_EVENT]", "[SL:LOCATION", "@ptr3", "@ptr4", "@ptr5", "@ptr6", "@ptr7", "@ptr8", "@ptr9", "@ptr10", "@ptr11", "SL:DATE_TIME]", "IN:GET_EVENT]"]}
{"loss": 3.3826911449432373, "class_log_probabilities": [-1.758882999420166, -1.9914257526397705, -3.0332753658294678, -4.980978488922119], "predictions": [61, 83, 397, 84, 14, 399, 15, 16, 402, 403, 17, 62, 4, 4], "target_tokens": ["[IN:GET_EVENT", "[SL:CATEGORY_EVENT", "@ptr0", "@ptr1", "@ptr2", "SL:CATEGORY_EVENT]", "[SL:LOCATION", "@ptr4", "SL:LOCATION]", "[SL:DATE_TIME", "@ptr5", "@ptr6", "@ptr7", "SL:DATE_TIME]", "IN:GET_EVENT]"], "predicted_tokens": ["[IN:GET_EVENT", "[SL:CATEGORY_EVENT", "@ptr2", "SL:CATEGORY_EVENT]", "[SL:LOCATION", "@ptr4", "SL:LOCATION]", "[SL:DATE_TIME", "@ptr7", "@ptr8", "SL:DATE_TIME]", "IN:GET_EVENT]"]}
{"loss": 0.9730496406555176, "class_log_probabilities": [-0.5717039108276367, -2.9497900009155273, -7.116591453552246, -7.590152263641357], "predictions": [61, 14, 400, 401, 402, 15, 62, 4, 4], "target_tokens": ["[IN:GET_EVENT", "[SL:LOCATION", "@ptr5", "@ptr6", "@ptr7", "SL:LOCATION]", "IN:GET_EVENT]"], "predicted_tokens": ["[IN:GET_EVENT", "[SL:LOCATION", "@ptr5", "@ptr6", "@ptr7", "SL:LOCATION]", "IN:GET_EVENT]"]}
{"loss": 2.3039700984954834, "class_log_probabilities": [-0.8751366138458252, -4.127447128295898, -5.379448890686035, -6.540245056152344], "predictions": [61, 83, 396, 397, 84, 14, 399, 15, 16, 401, 402, 403, 17, 62, 4, 4, 4, 4], "target_tokens": ["[IN:GET_EVENT", "[SL:CATEGORY_EVENT", "@ptr2", "SL:CATEGORY_EVENT]", "[SL:LOCATION", "@ptr4", "SL:LOCATION]", "[SL:DATE_TIME", "@ptr5", "@ptr6", "@ptr7", "SL:DATE_TIME]", "IN:GET_EVENT]"], "predicted_tokens": ["[IN:GET_EVENT", "[SL:CATEGORY_EVENT", "@ptr1", "@ptr2", "SL:CATEGORY_EVENT]", "[SL:LOCATION", "@ptr4", "SL:LOCATION]", "[SL:DATE_TIME", "@ptr6", "@ptr7", "@ptr8", "SL:DATE_TIME]", "IN:GET_EVENT]"]}
{"loss": 2.5524885654449463, "class_log_probabilities": [-1.7219858169555664, -2.460846424102783, -5.0774760246276855, -6.476069450378418], "predictions": [61, 83, 395, 396, 397, 84, 14, 399, 400, 401, 402, 15, 16, 403, 404, 17, 62, 4, 4], "target_tokens": ["[IN:GET_EVENT", "[SL:LOCATION", "@ptr4", "@ptr5", "@ptr6", "SL:LOCATION]", "[SL:DATE_TIME", "@ptr7", "@ptr8", "SL:DATE_TIME]", "IN:GET_EVENT]"], "predicted_tokens": ["[IN:GET_EVENT", "[SL:CATEGORY_EVENT", "@ptr0", "@ptr1", "@ptr2", "SL:CATEGORY_EVENT]", "[SL:LOCATION", "@ptr4", "@ptr5", "@ptr6", "@ptr7", "SL:LOCATION]", "[SL:DATE_TIME", "@ptr8", "@ptr9", "SL:DATE_TIME]", "IN:GET_EVENT]"]}
{"loss": 1.95651113986969, "class_log_probabilities": [-1.0755985975265503, -4.865627765655518, -5.654591083526611, -5.886418342590332], "predictions": [61, 83, 396, 397, 398, 84, 14, 401, 402, 403, 15, 16, 404, 405, 406, 17, 62, 4, 4], "target_tokens": ["[IN:GET_EVENT", "[SL:CATEGORY_EVENT", "@ptr1", "@ptr2", "@ptr3", "SL:CATEGORY_EVENT]", "[SL:LOCATION", "@ptr5", "@ptr6", "@ptr7", "SL:LOCATION]", "[SL:DATE_TIME", "@ptr9", "@ptr10", "SL:DATE_TIME]", "IN:GET_EVENT]"], "predicted_tokens": ["[IN:GET_EVENT", "[SL:CATEGORY_EVENT", "@ptr1", "@ptr2", "@ptr3", "SL:CATEGORY_EVENT]", "[SL:LOCATION", "@ptr6", "@ptr7", "@ptr8", "SL:LOCATION]", "[SL:DATE_TIME", "@ptr9", "@ptr10", "@ptr11", "SL:DATE_TIME]", "IN:GET_EVENT]"]}
{"loss": 1.7582736015319824, "class_log_probabilities": [-1.3628910779953003, -4.124882221221924, -4.492666244506836, -4.6274309158325195], "predictions": [61, 83, 395, 84, 14, 397, 398, 15, 16, 399, 400, 401, 402, 17, 62, 4], "target_tokens": ["[IN:GET_EVENT", "[SL:CATEGORY_EVENT", "@ptr0", "SL:CATEGORY_EVENT]", "[SL:LOCATION", "@ptr2", "@ptr3", "@ptr4", "SL:LOCATION]", "[SL:DATE_TIME", "@ptr5", "@ptr6", "SL:DATE_TIME]", "IN:GET_EVENT]"], "predicted_tokens": ["[IN:GET_EVENT", "[SL:CATEGORY_EVENT", "@ptr0", "SL:CATEGORY_EVENT]", "[SL:LOCATION", "@ptr2", "@ptr3", "SL:LOCATION]", "[SL:DATE_TIME", "@ptr4", "@ptr5", "@ptr6", "@ptr7", "SL:DATE_TIME]", "IN:GET_EVENT]"]}
{"loss": 1.8320603370666504, "class_log_probabilities": [-1.5069921016693115, -2.8081438541412354, -4.705677509307861, -5.247917175292969], "predictions": [61, 83, 395, 84, 14, 397, 398, 399, 15, 16, 400, 401, 402, 403, 17, 62, 4, 4], "target_tokens": ["[IN:GET_EVENT", "[SL:LOCATION", "@ptr2", "@ptr3", "@ptr4", "SL:LOCATION]", "[SL:DATE_TIME", "@ptr6", "@ptr7", "@ptr8", "SL:DATE_TIME]", "IN:GET_EVENT]"], "predicted_tokens": ["[IN:GET_EVENT", "[SL:CATEGORY_EVENT", "@ptr0", "SL:CATEGORY_EVENT]", "[SL:LOCATION", "@ptr2", "@ptr3", "@ptr4", "SL:LOCATION]", "[SL:DATE_TIME", "@ptr5", "@ptr6", "@ptr7", "@ptr8", "SL:DATE_TIME]", "IN:GET_EVENT]"]}
{"loss": 3.582200288772583, "class_log_probabilities": [-0.39598867297172546, -7.877735614776611, -8.038119316101074, -8.165312767028809], "predictions": [61, 16, 400, 401, 17, 62, 4], "target_tokens": ["[IN:GET_EVENT", "[SL:DATE_TIME", "@ptr4", "@ptr5", "SL:DATE_TIME]", "IN:GET_EVENT]"], "predicted_tokens": ["[IN:GET_EVENT", "[SL:DATE_TIME", "@ptr5", "@ptr6", "SL:DATE_TIME]", "IN:GET_EVENT]"]}
{"loss": 1.2021989822387695, "class_log_probabilities": [-1.5311098098754883, -1.5934605598449707, -4.255542755126953, -4.3072309494018555], "predictions": [61, 14, 400, 401, 402, 403, 15, 16, 405, 17, 62, 4, 4, 4], "target_tokens": ["[IN:GET_EVENT", "[SL:LOCATION", "@ptr5", "@ptr6", "@ptr7", "@ptr8", "SL:LOCATION]", "[SL:DATE_TIME", "@ptr9", "@ptr10", "SL:DATE_TIME]", "IN:GET_EVENT]"], "predicted_tokens": ["[IN:GET_EVENT", "[SL:LOCATION", "@ptr5", "@ptr6", "@ptr7", "@ptr8", "SL:LOCATION]", "[SL:DATE_TIME", "@ptr10", "SL:DATE_TIME]", "IN:GET_EVENT]"]}
{"loss": 2.955232620239258, "class_log_probabilities": [-0.624672532081604, -6.859745979309082, -6.982797622680664, -7.134878635406494], "predictions": [61, 14, 400, 401, 402, 15, 16, 403, 404, 405, 17, 62, 4], "target_tokens": ["[IN:GET_EVENT", "[SL:LOCATION", "@ptr5", "@ptr6", "SL:LOCATION]", "[SL:DATE_TIME", "@ptr7", "@ptr8", "@ptr9", "SL:DATE_TIME]", "IN:GET_EVENT]"], "predicted_tokens": ["[IN:GET_EVENT", "[SL:LOCATION", "@ptr5", "@ptr6", "@ptr7", "SL:LOCATION]", "[SL:DATE_TIME", "@ptr8", "@ptr9", "@ptr10", "SL:DATE_TIME]", "IN:GET_EVENT]"]}
{"loss": 2.748772144317627, "class_log_probabilities": [-6.818637371063232, -6.981921195983887, -7.022408962249756, -7.450063705444336], "predictions": [61, 6, 396, 397, 398, 399, 400, 7, 16, 402, 403, 404, 17, 62, 4], "target_tokens": ["[IN:GET_EVENT", "[SL:CATEGORY_EVENT", "@ptr1", "@ptr2", "@ptr3", "@ptr4", "@ptr5", "SL:CATEGORY_EVENT]", "IN:GET_EVENT]"], "predicted_tokens": ["[IN:GET_EVENT", "[SL:CONTACT", "@ptr1", "@ptr2", "@ptr3", "@ptr4", "@ptr5", "SL:CONTACT]", "[SL:DATE_TIME", "@ptr7", "@ptr8", "@ptr9", "SL:DATE_TIME]", "IN:GET_EVENT]"]}
{"loss": 2.942776679992676, "class_log_probabilities": [-5.787505149841309, -7.338173866271973, -7.885218143463135, -9.270864486694336], "predictions": [61, 10, 396, 11, 24, 399, 400, 401, 402, 403, 404, 405, 406, 407, 408, 409, 410, 411, 412, 17, 62, 4, 4, 4, 4], "target_tokens": ["[IN:GET_EVENT", "[SL:LOCATION", "@ptr11", "@ptr12", "@ptr13", "SL:LOCATION]", "[SL:DATE_TIME", "@ptr14", "@ptr15", "@ptr16", "SL:DATE_TIME]", "IN:GET_EVENT]"], "predicted_tokens": ["[IN:GET_EVENT", "[SL:RECIPIENT", "@ptr1", "SL:RECIPIENT]", "[SL:CONTENT_EXACT", "@ptr4", "@ptr5", "@ptr6", "@ptr7", "@ptr8", "@ptr9", "@ptr10", "@ptr11", "@ptr12", "@ptr13", "@ptr14", "@ptr15", "@ptr16", "@ptr17", "SL:DATE_TIME]", "IN:GET_EVENT]"]}
{"loss": 1.6341278553009033, "class_log_probabilities": [-1.6657811403274536, -2.0170700550079346, -4.310258865356445, -4.436245918273926], "predictions": [61, 83, 396, 84, 14, 399, 400, 401, 15, 16, 403, 404, 17, 62, 4, 4], "target_tokens": ["[IN:GET_EVENT", "[SL:CATEGORY_EVENT", "@ptr1", "SL:CATEGORY_EVENT]", "[SL:LOCATION", "@ptr4", "@ptr5", "@ptr6", "SL:LOCATION]", "[SL:DATE_TIME", "@ptr7", "@ptr8", "SL:DATE_TIME]", "IN:GET_EVENT]"], "predicted_tokens": ["[IN:GET_EVENT", "[SL:CATEGORY_EVENT", "@ptr1", "SL:CATEGORY_EVENT]", "[SL:LOCATION", "@ptr4", "@ptr5", "@ptr6", "SL:LOCATION]", "[SL:DATE_TIME", "@ptr8", "@ptr9", "SL:DATE_TIME]", "IN:GET_EVENT]"]}
{"loss": 1.932311773300171, "class_log_probabilities": [-1.1387124061584473, -5.441171646118164, -5.925671577453613, -5.931798458099365], "predictions": [61, 83, 396, 84, 14, 401, 402, 403, 404, 405, 15, 16, 406, 407, 17, 62, 4, 4], "target_tokens": ["[IN:GET_EVENT", "[SL:CATEGORY_EVENT", "@ptr1", "SL:CATEGORY_EVENT]", "[SL:LOCATION", "@ptr6", "@ptr7", "@ptr8", "@ptr9", "SL:LOCATION]", "[SL:DATE_TIME", "@ptr10", "@ptr11", "SL:DATE_TIME]", "IN:GET_EVENT]"], "predicted_tokens": ["[IN:GET_EVENT", "[SL:CATEGORY_EVENT", "@ptr1", "SL:CATEGORY_EVENT]", "[SL:LOCATION", "@ptr6", "@ptr7", "@ptr8", "@ptr9", "@ptr10", "SL:LOCATION]", "[SL:DATE_TIME", "@ptr11", "@ptr12", "SL:DATE_TIME]", "IN:GET_EVENT]"]}
{"loss": 4.489433765411377, "class_log_probabilities": [-0.494975209236145, -6.770788669586182, -7.7195658683776855, -9.103802680969238], "predictions": [61, 16, 395, 17, 14, 403, 404, 15, 62, 4, 4, 4], "target_tokens": ["[IN:GET_EVENT", "[SL:LOCATION", "@ptr7", "@ptr8", "SL:LOCATION]", "[SL:DATE_TIME", "@ptr0", "@ptr1", "SL:DATE_TIME]", "IN:GET_EVENT]"], "predicted_tokens": ["[IN:GET_EVENT", "[SL:DATE_TIME", "@ptr0", "SL:DATE_TIME]", "[SL:LOCATION", "@ptr8", "@ptr9", "SL:LOCATION]", "IN:GET_EVENT]"]}
{"loss": 2.113720655441284, "class_log_probabilities": [-0.9614747166633606, -2.1134989261627197, -5.428343296051025, -7.1001296043396], "predictions": [61, 16, 402, 403, 17, 62, 4, 4], "target_tokens": ["[IN:GET_EVENT", "[SL:DATE_TIME", "@ptr6", "@ptr7", "SL:DATE_TIME]", "IN:GET_EVENT]"], "predicted_tokens": ["[IN:GET_EVENT", "[SL:DATE_TIME", "@ptr7", "@ptr8", "SL:DATE_TIME]", "IN:GET_EVENT]"]}
{"loss": 3.905167818069458, "class_log_probabilities": [-0.8979490995407104, -2.7531790733337402, -7.073068141937256, -7.249274253845215], "predictions": [61, 14, 400, 401, 402, 403, 15, 16, 404, 405, 406, 17, 62, 4, 4], "target_tokens": ["[IN:GET_EVENT", "[SL:LOCATION", "@ptr4", "@ptr5", "@ptr6", "SL:LOCATION]", "[SL:DATE_TIME", "@ptr7", "@ptr8", "@ptr9", "SL:DATE_TIME]", "IN:GET_EVENT]"], "predicted_tokens": ["[IN:GET_EVENT", "[SL:LOCATION", "@ptr5", "@ptr6", "@ptr7", "@ptr8", "SL:LOCATION]", "[SL:DATE_TIME", "@ptr9", "@ptr10", "@ptr11", "SL:DATE_TIME]", "IN:GET_EVENT]"]}
{"loss": 2.025339126586914, "class_log_probabilities": [-4.565054893493652, -4.737288475036621, -4.851070404052734, -7.271790027618408], "predictions": [61, 16, 395, 17, 62, 4, 4, 4, 4, 4, 4, 4], "target_tokens": ["[IN:GET_EVENT", "[SL:DATE_TIME", "@ptr0", "@ptr1", "SL:DATE_TIME]", "IN:GET_EVENT]"], "predicted_tokens": ["[IN:GET_EVENT", "[SL:DATE_TIME", "@ptr0", "SL:DATE_TIME]", "IN:GET_EVENT]"]}
{"loss": 0.9753715991973877, "class_log_probabilities": [-0.6976247429847717, -4.01254415512085, -7.544923305511475, -7.840590000152588], "predictions": [61, 14, 400, 401, 402, 403, 404, 405, 406, 407, 15, 62, 4, 4], "target_tokens": ["[IN:GET_EVENT", "[SL:LOCATION", "@ptr5", "@ptr6", "@ptr7", "@ptr8", "@ptr9", "@ptr10", "@ptr11", "@ptr12", "SL:LOCATION]", "IN:GET_EVENT]"], "predicted_tokens": ["[IN:GET_EVENT", "[SL:LOCATION", "@ptr5", "@ptr6", "@ptr7", "@ptr8", "@ptr9", "@ptr10", "@ptr11", "@ptr12", "SL:LOCATION]", "IN:GET_EVENT]"]}
{"loss": 1.0190253257751465, "class_log_probabilities": [-1.610272765159607, -1.8245793581008911, -6.337509632110596, -6.514594554901123], "predictions": [61, 83, 395, 396, 84, 14, 398, 399, 15, 16, 400, 401, 402, 17, 62, 4], "target_tokens": ["[IN:GET_EVENT", "[SL:CATEGORY_EVENT", "@ptr0", "@ptr1", "SL:CATEGORY_EVENT]", "[SL:LOCATION", "@ptr3", "@ptr4", "SL:LOCATION]", "[SL:DATE_TIME", "@ptr5", "@ptr6", "SL:DATE_TIME]", "IN:GET_EVENT]"], "predicted_tokens": ["[IN:GET_EVENT", "[SL:CATEGORY_EVENT", "@ptr0", "@ptr1", "SL:CATEGORY_EVENT]", "[SL:LOCATION", "@ptr3", "@ptr4", "SL:LOCATION]", "[SL:DATE_TIME", "@ptr5", "@ptr6", "@ptr7", "SL:DATE_TIME]", "IN:GET_EVENT]"]}
{"loss": 2.306725263595581, "class_log_probabilities": [-0.8949779868125916, -2.206190586090088, -7.89586877822876, -8.394887924194336], "predictions": [61, 14, 401, 402, 403, 404, 15, 16, 405, 406, 17, 62, 4, 4], "target_tokens": ["[IN:GET_EVENT", "[SL:LOCATION", "@ptr6", "@ptr7", "@ptr8", "SL:LOCATION]", "[SL:DATE_TIME", "@ptr9", "@ptr10", "SL:DATE_TIME]", "IN:GET_EVENT]"], "predicted_tokens": ["[IN:GET_EVENT", "[SL:LOCATION", "@ptr6", "@ptr7", "@ptr8", "@ptr9", "SL:LOCATION]", "[SL:DATE_TIME", "@ptr10", "@ptr11", "SL:DATE_TIME]", "IN:GET_EVENT]"]}
{"loss": 1.3854255676269531, "class_log_probabilities": [-0.7316346168518066, -4.870176792144775, -4.990655422210693, -6.6399126052856445], "predictions": [61, 14, 400, 401, 402, 403, 15, 16, 405, 406, 407, 17, 62, 4, 4], "target_tokens": ["[IN:GET_EVENT", "[SL:LOCATION", "@ptr5", "@ptr6", "@ptr7", "@ptr8", "SL:LOCATION]", "[SL:DATE_TIME", "@ptr10", "@ptr11", "SL:DATE_TIME]", "IN:GET_EVENT]"], "predicted_tokens": ["[IN:GET_EVENT", "[SL:LOCATION", "@ptr5", "@ptr6", "@ptr7", "@ptr8", "SL:LOCATION]", "[SL:DATE_TIME", "@ptr10", "@ptr11", "@ptr12", "SL:DATE_TIME]", "IN:GET_EVENT]"]}
{"loss": 1.554274082183838, "class_log_probabilities": [-0.6187103390693665, -5.179783821105957, -6.987569808959961, -7.0315704345703125], "predictions": [61, 14, 400, 15, 16, 402, 403, 404, 405, 17, 62, 4, 4], "target_tokens": ["[IN:GET_EVENT", "[SL:LOCATION", "@ptr5", "SL:LOCATION]", "[SL:DATE_TIME", "@ptr7", "@ptr8", "@ptr9", "SL:DATE_TIME]", "IN:GET_EVENT]"], "predicted_tokens": ["[IN:GET_EVENT", "[SL:LOCATION", "@ptr5", "SL:LOCATION]", "[SL:DATE_TIME", "@ptr7", "@ptr8", "@ptr9", "@ptr10", "SL:DATE_TIME]", "IN:GET_EVENT]"]}
{"loss": 1.8465070724487305, "class_log_probabilities": [-1.1770975589752197, -2.4385366439819336, -7.109772205352783, -8.3422212600708], "predictions": [61, 14, 400, 401, 15, 16, 402, 403, 404, 17, 62, 4, 4, 4], "target_tokens": ["[IN:GET_EVENT", "[SL:LOCATION", "@ptr5", "SL:LOCATION]", "[SL:DATE_TIME", "@ptr7", "@ptr8", "SL:DATE_TIME]", "IN:GET_EVENT]"], "predicted_tokens": ["[IN:GET_EVENT", "[SL:LOCATION", "@ptr5", "@ptr6", "SL:LOCATION]", "[SL:DATE_TIME", "@ptr7", "@ptr8", "@ptr9", "SL:DATE_TIME]", "IN:GET_EVENT]"]}
{"loss": 3.622220039367676, "class_log_probabilities": [-0.5847352743148804, -5.207366466522217, -6.428845405578613, -6.540887832641602], "predictions": [61, 14, 401, 15, 16, 403, 404, 405, 17, 62, 4, 4, 4, 4], "target_tokens": ["[IN:GET_EVENT", "[SL:LOCATION", "@ptr5", "SL:LOCATION]", "[SL:DATE_TIME", "@ptr6", "@ptr7", "@ptr8", "SL:DATE_TIME]", "IN:GET_EVENT]"], "predicted_tokens": ["[IN:GET_EVENT", "[SL:LOCATION", "@ptr6", "SL:LOCATION]", "[SL:DATE_TIME", "@ptr8", "@ptr9", "@ptr10", "SL:DATE_TIME]", "IN:GET_EVENT]"]}
{"loss": 1.5905163288116455, "class_log_probabilities": [-0.8023746013641357, -6.303774833679199, -6.603007793426514, -7.30146598815918], "predictions": [61, 83, 397, 84, 16, 399, 400, 401, 402, 403, 17, 62, 4], "target_tokens": ["[IN:GET_EVENT", "[SL:DATE_TIME", "@ptr4", "@ptr5", "@ptr6", "@ptr7", "@ptr8", "SL:DATE_TIME]", "IN:GET_EVENT]"], "predicted_tokens": ["[IN:GET_EVENT", "[SL:CATEGORY_EVENT", "@ptr2", "SL:CATEGORY_EVENT]", "[SL:DATE_TIME", "@ptr4", "@ptr5", "@ptr6", "@ptr7", "@ptr8", "SL:DATE_TIME]", "IN:GET_EVENT]"]}
{"loss": 1.405214548110962, "class_log_probabilities": [-0.5824516415596008, -4.940605163574219, -7.803640365600586, -8.066173553466797], "predictions": [61, 16, 399, 400, 401, 402, 403, 17, 62, 4], "target_tokens": ["[IN:GET_EVENT", "[SL:DATE_TIME", "@ptr4", "@ptr5", "@ptr6", "@ptr7", "SL:DATE_TIME]", "IN:GET_EVENT]"], "predicted_tokens": ["[IN:GET_EVENT", "[SL:DATE_TIME", "@ptr4", "@ptr5", "@ptr6", "@ptr7", "@ptr8", "SL:DATE_TIME]", "IN:GET_EVENT]"]}
{"loss": 1.8898508548736572, "class_log_probabilities": [-0.5563850402832031, -4.69180154800415, -4.725985527038574, -5.502267360687256], "predictions": [61, 16, 395, 17, 62, 4], "target_tokens": ["[IN:GET_EVENT", "[SL:DATE_TIME", "@ptr0", "@ptr1", "SL:DATE_TIME]", "IN:GET_EVENT]"], "predicted_tokens": ["[IN:GET_EVENT", "[SL:DATE_TIME", "@ptr0", "SL:DATE_TIME]", "IN:GET_EVENT]"]}
{"loss": 1.8987864255905151, "class_log_probabilities": [-1.0645273923873901, -2.8059465885162354, -4.420196533203125, -4.917219161987305], "predictions": [61, 16, 398, 399, 400, 17, 62, 4, 4, 4, 4], "target_tokens": ["[IN:GET_EVENT", "[SL:DATE_TIME", "@ptr3", "@ptr4", "SL:DATE_TIME]", "IN:GET_EVENT]"], "predicted_tokens": ["[IN:GET_EVENT", "[SL:DATE_TIME", "@ptr3", "@ptr4", "@ptr5", "SL:DATE_TIME]", "IN:GET_EVENT]"]}
{"loss": 2.969510793685913, "class_log_probabilities": [-2.3896188735961914, -3.3162715435028076, -3.518385648727417, -4.409692287445068], "predictions": [61, 83, 399, 400, 401, 84, 16, 402, 403, 404, 17, 62, 4], "target_tokens": ["[IN:GET_EVENT", "[SL:CATEGORY_EVENT", "@ptr4", "@ptr5", "SL:CATEGORY_EVENT]", "[SL:DATE_TIME", "@ptr6", "@ptr7", "@ptr8", "SL:DATE_TIME]", "IN:GET_EVENT]"], "predicted_tokens": ["[IN:GET_EVENT", "[SL:CATEGORY_EVENT", "@ptr4", "@ptr5", "@ptr6", "SL:CATEGORY_EVENT]", "[SL:DATE_TIME", "@ptr7", "@ptr8", "@ptr9", "SL:DATE_TIME]", "IN:GET_EVENT]"]}
{"loss": 0.9570406079292297, "class_log_probabilities": [-0.33899563550949097, -5.177678108215332, -6.090348720550537, -6.316705703735352], "predictions": [61, 62, 4], "target_tokens": ["[IN:GET_EVENT", "IN:GET_EVENT]"], "predicted_tokens": ["[IN:GET_EVENT", "IN:GET_EVENT]"]}
{"loss": 2.7313082218170166, "class_log_probabilities": [-1.3732507228851318, -2.5530385971069336, -2.757215738296509, -4.346487045288086], "predictions": [70, 71, 395, 72, 93, 398, 399, 400, 401, 402, 94, 73, 4, 4], "target_tokens": ["[IN:GET_CONTACT", "[SL:CONTACT", "@ptr2", "@ptr3", "@ptr4", "@ptr5", "@ptr6", "@ptr7", "SL:CONTACT]", "[SL:TYPE_RELATION", "@ptr0", "SL:TYPE_RELATION]", "IN:GET_CONTACT]"], "predicted_tokens": ["[IN:GET_CONTACT", "[SL:TYPE_RELATION", "@ptr0", "SL:TYPE_RELATION]", "[SL:CONTACT_RELATED", "@ptr3", "@ptr4", "@ptr5", "@ptr6", "@ptr7", "SL:CONTACT_RELATED]", "IN:GET_CONTACT]"]}
{"loss": 1.6017465591430664, "class_log_probabilities": [-0.750187337398529, -5.992180824279785, -6.413163661956787, -6.43597936630249], "predictions": [70, 6, 395, 396, 397, 398, 7, 71, 401, 72, 73, 4], "target_tokens": ["[IN:GET_CONTACT", "[SL:CONTACT", "@ptr0", "@ptr1", "@ptr2", "@ptr3", "SL:CONTACT]", "[SL:TYPE_RELATION", "@ptr5", "SL:TYPE_RELATION]", "IN:GET_CONTACT]"], "predicted_tokens": ["[IN:GET_CONTACT", "[SL:CONTACT", "@ptr0", "@ptr1", "@ptr2", "@ptr3", "SL:CONTACT]", "[SL:TYPE_RELATION", "@ptr6", "SL:TYPE_RELATION]", "IN:GET_CONTACT]"]}
{"loss": 3.048964500427246, "class_log_probabilities": [-1.02354097366333, -2.6878581047058105, -7.077664375305176, -7.2867112159729], "predictions": [70, 71, 396, 72, 93, 398, 399, 400, 401, 94, 73, 4], "target_tokens": ["[IN:GET_CONTACT", "[SL:CONTACT", "@ptr3", "@ptr4", "@ptr5", "@ptr6", "SL:CONTACT]", "[SL:TYPE_RELATION", "@ptr1", "SL:TYPE_RELATION]", "IN:GET_CONTACT]"], "predicted_tokens": ["[IN:GET_CONTACT", "[SL:TYPE_RELATION", "@ptr1", "SL:TYPE_RELATION]", "[SL:CONTACT_RELATED", "@ptr3", "@ptr4", "@ptr5", "@ptr6", "SL:CONTACT_RELATED]", "IN:GET_CONTACT]"]}
{"loss": 1.9429597854614258, "class_log_probabilities": [-6.177351951599121, -6.22260046005249, -6.43524169921875, -6.897180080413818], "predictions": [105, 6, 399, 7, 10, 402, 11, 106, 4, 4], "target_tokens": ["[IN:GET_INFO_CONTACT", "[SL:CONTACT", "@ptr4", "SL:CONTACT]", "IN:GET_INFO_CONTACT]"], "predicted_tokens": ["[IN:GET_INFO_CONTACT", "[SL:CONTACT", "@ptr4", "SL:CONTACT]", "[SL:RECIPIENT", "@ptr7", "SL:RECIPIENT]", "IN:GET_INFO_CONTACT]"]}
{"loss": 2.907846212387085, "class_log_probabilities": [-5.658339500427246, -6.374457359313965, -7.945765495300293, -8.218204498291016], "predictions": [105, 52, 404, 7, 106, 4, 4, 4, 4, 4, 4, 4], "target_tokens": ["[IN:GET_INFO_CONTACT", "[SL:CONTACT", "@ptr8", "SL:CONTACT]", "IN:GET_INFO_CONTACT]"], "predicted_tokens": ["[IN:GET_INFO_CONTACT", "[SL:RECIPES_DISH", "@ptr9", "SL:CONTACT]", "IN:GET_INFO_CONTACT]"]}
{"loss": 2.2165234088897705, "class_log_probabilities": [-0.2974531054496765, -8.197396278381348, -8.420374870300293, -8.483221054077148], "predictions": [105, 6, 400, 7, 106, 4], "target_tokens": ["[IN:GET_INFO_CONTACT", "[SL:CONTACT", "@ptr4", "SL:CONTACT]", "IN:GET_INFO_CONTACT]"], "predicted_tokens": ["[IN:GET_INFO_CONTACT", "[SL:CONTACT", "@ptr5", "SL:CONTACT]", "IN:GET_INFO_CONTACT]"]}
{"loss": 1.897554874420166, "class_log_probabilities": [-0.4929208755493164, -6.149081230163574, -6.7891154289245605, -6.885701656341553], "predictions": [211, 6, 395, 396, 397, 398, 7, 212, 4], "target_tokens": ["[IN:GET_EMPLOYER", "[SL:CONTACT", "@ptr0", "@ptr1", "@ptr2", "@ptr3", "SL:CONTACT]", "IN:GET_EMPLOYER]"], "predicted_tokens": ["[IN:GET_LOCATION", "[SL:CONTACT", "@ptr0", "@ptr1", "@ptr2", "@ptr3", "SL:CONTACT]", "IN:GET_LOCATION]"]}
{"loss": 3.1240484714508057, "class_log_probabilities": [-0.6656414270401001, -6.281901836395264, -6.646692276000977, -7.480653762817383], "predictions": [125, 6, 395, 7, 126, 4, 4, 4], "target_tokens": ["[IN:GET_AGE", "IN:GET_AGE]"], "predicted_tokens": ["[IN:GET_AGE", "[SL:CONTACT", "@ptr0", "SL:CONTACT]", "IN:GET_AGE]"]}
{"loss": 3.803971290588379, "class_log_probabilities": [-4.504934310913086, -4.538336753845215, -5.168155670166016, -5.402832508087158], "predictions": [23, 10, 400, 401, 402, 11, 26, 4, 4, 4, 4, 4], "target_tokens": ["[IN:GET_CONTACT", "[SL:CONTACT", "@ptr4", "@ptr5", "@ptr6", "SL:CONTACT]", "IN:GET_CONTACT]"], "predicted_tokens": ["[IN:SEND_MESSAGE", "[SL:RECIPIENT", "@ptr5", "@ptr6", "@ptr7", "SL:RECIPIENT]", "IN:SEND_MESSAGE]"]}
{"loss": 0.9756172299385071, "class_log_probabilities": [-0.2974933981895447, -8.18452262878418, -8.372038841247559, -8.771240234375], "predictions": [137, 6, 395, 7, 140, 4, 4], "target_tokens": ["[IN:GET_EMPLOYER", "[SL:CONTACT", "@ptr0", "SL:CONTACT]", "IN:GET_EMPLOYER]"], "predicted_tokens": ["[IN:GET_EMPLOYER", "[SL:CONTACT", "@ptr0", "SL:CONTACT]", "IN:GET_EMPLOYER]"]}
{"loss": 2.8468990325927734, "class_log_probabilities": [-0.34928324818611145, -7.24436092376709, -8.006206512451172, -8.679670333862305], "predictions": [211, 6, 397, 398, 7, 212, 4], "target_tokens": ["[IN:GET_EMPLOYER", "[SL:CONTACT", "@ptr2", "@ptr3", "SL:CONTACT]", "IN:GET_EMPLOYER]"], "predicted_tokens": ["[IN:GET_LOCATION", "[SL:CONTACT", "@ptr2", "@ptr3", "SL:CONTACT]", "IN:GET_LOCATION]"]}
{"loss": 3.4589433670043945, "class_log_probabilities": [-0.6643760204315186, -4.393536567687988, -6.220037460327148, -8.909603118896484], "predictions": [137, 71, 395, 396, 72, 93, 398, 94, 140, 4, 4, 4, 4], "target_tokens": ["[IN:GET_EMPLOYER", "[SL:CONTACT_RELATED", "@ptr2", "@ptr3", "SL:CONTACT_RELATED]", "[SL:TYPE_RELATION", "@ptr0", "@ptr1", "SL:TYPE_RELATION]", "IN:GET_EMPLOYER]"], "predicted_tokens": ["[IN:GET_EMPLOYER", "[SL:TYPE_RELATION", "@ptr0", "@ptr1", "SL:TYPE_RELATION]", "[SL:CONTACT_RELATED", "@ptr3", "SL:CONTACT_RELATED]", "IN:GET_EMPLOYER]"]}
{"loss": 1.4487587213516235, "class_log_probabilities": [-2.0921764373779297, -2.172339677810669, -3.628906011581421, -4.322839736938477], "predictions": [70, 138, 402, 139, 73, 4], "target_tokens": ["[IN:GET_EMPLOYER", "[SL:CONTACT", "@ptr6", "SL:CONTACT]", "IN:GET_EMPLOYER]"], "predicted_tokens": ["[IN:GET_CONTACT", "[SL:EMPLOYER", "@ptr7", "SL:EMPLOYER]", "IN:GET_CONTACT]"]}
{"loss": 1.6510547399520874, "class_log_probabilities": [-1.244839072227478, -2.9258172512054443, -2.937805652618408, -5.102807521820068], "predictions": [137, 6, 395, 396, 7, 138, 401, 402, 139, 140, 4, 4], "target_tokens": ["[IN:GET_EMPLOYER", "[SL:CONTACT", "@ptr0", "@ptr1", "SL:CONTACT]", "[SL:EMPLOYER", "@ptr5", "@ptr6", "SL:EMPLOYER]", "IN:GET_EMPLOYER]"], "predicted_tokens": ["[IN:GET_EMPLOYER", "[SL:CONTACT", "@ptr0", "@ptr1", "SL:CONTACT]", "[SL:EMPLOYER", "@ptr6", "@ptr7", "SL:EMPLOYER]", "IN:GET_EMPLOYER]"]}
{"loss": 3.6548912525177, "class_log_probabilities": [-4.246485710144043, -4.504232406616211, -6.0306477546691895, -6.323300361633301], "predictions": [125, 6, 397, 398, 399, 7, 6, 403, 404, 7, 126, 4, 4, 4, 4], "target_tokens": ["[IN:GET_EMPLOYMENT_TIME", "[SL:CONTACT", "@ptr7", "@ptr8", "SL:CONTACT]", "[SL:EMPLOYER", "@ptr1", "@ptr2", "@ptr3", "@ptr4", "@ptr5", "SL:EMPLOYER]", "IN:GET_EMPLOYMENT_TIME]"], "predicted_tokens": ["[IN:GET_AGE", "[SL:CONTACT", "@ptr2", "@ptr3", "@ptr4", "SL:CONTACT]", "[SL:CONTACT", "@ptr8", "@ptr9", "SL:CONTACT]", "IN:GET_AGE]"]}
{"loss": 2.33303165435791, "class_log_probabilities": [-1.6563165187835693, -2.244258403778076, -4.599311828613281, -5.2430806159973145], "predictions": [303, 6, 395, 7, 148, 401, 402, 149, 304, 4, 4], "target_tokens": ["[IN:GET_EDUCATION_DEGREE", "[SL:CONTACT", "@ptr0", "SL:CONTACT]", "[SL:MAJOR", "@ptr6", "SL:MAJOR]", "IN:GET_EDUCATION_DEGREE]"], "predicted_tokens": ["[IN:GET_EDUCATION_DEGREE", "[SL:CONTACT", "@ptr0", "SL:CONTACT]", "[SL:EDUCATION_DEGREE", "@ptr6", "@ptr7", "SL:EDUCATION_DEGREE]", "IN:GET_EDUCATION_DEGREE]"]}
{"loss": 3.0006518363952637, "class_log_probabilities": [-0.7026665806770325, -4.5315070152282715, -5.013254165649414, -5.621650218963623], "predictions": [147, 6, 395, 7, 257, 401, 402, 403, 404, 405, 258, 150, 4], "target_tokens": ["[IN:GET_EDUCATION_TIME", "[SL:CONTACT", "@ptr0", "SL:CONTACT]", "[SL:LIFE_EVENT", "@ptr1", "@ptr2", "@ptr3", "SL:LIFE_EVENT]", "[SL:SCHOOL", "@ptr5", "@ptr6", "@ptr7", "@ptr8", "SL:SCHOOL]", "IN:GET_EDUCATION_TIME]"], "predicted_tokens": ["[IN:GET_EDUCATION_TIME", "[SL:CONTACT", "@ptr0", "SL:CONTACT]", "[SL:SCHOOL", "@ptr6", "@ptr7", "@ptr8", "@ptr9", "@ptr10", "SL:SCHOOL]", "IN:GET_EDUCATION_TIME]"]}
{"loss": 1.9984532594680786, "class_log_probabilities": [-1.5459169149398804, -2.464437484741211, -3.02028489112854, -4.8239850997924805], "predictions": [253, 6, 395, 396, 7, 257, 402, 403, 404, 405, 258, 254, 4], "target_tokens": ["[IN:GET_UNDERGRAD", "[SL:CONTACT", "@ptr0", "@ptr1", "SL:CONTACT]", "[SL:SCHOOL", "@ptr6", "@ptr7", "@ptr8", "@ptr9", "SL:SCHOOL]", "IN:GET_UNDERGRAD]"], "predicted_tokens": ["[IN:GET_UNDERGRAD", "[SL:CONTACT", "@ptr0", "@ptr1", "SL:CONTACT]", "[SL:SCHOOL", "@ptr7", "@ptr8", "@ptr9", "@ptr10", "SL:SCHOOL]", "IN:GET_UNDERGRAD]"]}
{"loss": 0.9661963582038879, "class_log_probabilities": [-0.4012409448623657, -5.6688690185546875, -7.695735931396484, -8.476104736328125], "predictions": [211, 6, 395, 396, 7, 212, 4], "target_tokens": ["[IN:GET_LOCATION", "[SL:CONTACT", "@ptr0", "@ptr1", "SL:CONTACT]", "IN:GET_LOCATION]"], "predicted_tokens": ["[IN:GET_LOCATION", "[SL:CONTACT", "@ptr0", "@ptr1", "SL:CONTACT]", "IN:GET_LOCATION]"]}
{"loss": 1.9611631631851196, "class_log_probabilities": [-3.155181407928467, -3.344820499420166, -3.4222145080566406, -3.4592902660369873], "predictions": [211, 6, 395, 396, 7, 14, 400, 401, 402, 403, 404, 139, 212, 4, 4], "target_tokens": ["[IN:GET_LOCATION", "[SL:CONTACT", "@ptr0", "@ptr1", "SL:CONTACT]", "[SL:LOCATION", "@ptr4", "@ptr5", "@ptr6", "@ptr7", "@ptr8", "SL:LOCATION]", "IN:GET_LOCATION]"], "predicted_tokens": ["[IN:GET_LOCATION", "[SL:CONTACT", "@ptr0", "@ptr1", "SL:CONTACT]", "[SL:LOCATION", "@ptr5", "@ptr6", "@ptr7", "@ptr8", "@ptr9", "SL:EMPLOYER]", "IN:GET_LOCATION]"]}
{"loss": 0.9689210057258606, "class_log_probabilities": [-0.31266796588897705, -8.361766815185547, -8.50279426574707, -8.85493278503418], "predictions": [211, 6, 395, 7, 212, 4, 4], "target_tokens": ["[IN:GET_LOCATION", "[SL:CONTACT", "@ptr0", "SL:CONTACT]", "IN:GET_LOCATION]"], "predicted_tokens": ["[IN:GET_LOCATION", "[SL:CONTACT", "@ptr0", "SL:CONTACT]", "IN:GET_LOCATION]"]}
{"loss": 0.9714641571044922, "class_log_probabilities": [-0.30020689964294434, -8.008634567260742, -8.552688598632812, -8.614603042602539], "predictions": [211, 6, 398, 7, 212, 4], "target_tokens": ["[IN:GET_LOCATION", "[SL:CONTACT", "@ptr3", "SL:CONTACT]", "IN:GET_LOCATION]"], "predicted_tokens": ["[IN:GET_LOCATION", "[SL:CONTACT", "@ptr3", "SL:CONTACT]", "IN:GET_LOCATION]"]}
{"loss": 1.2199817895889282, "class_log_probabilities": [-1.38323175907135, -2.6660988330841064, -3.6934680938720703, -3.9741907119750977], "predictions": [211, 6, 395, 396, 7, 14, 399, 400, 15, 212, 4], "target_tokens": ["[IN:GET_LOCATION", "[SL:CONTACT", "@ptr0", "@ptr1", "SL:CONTACT]", "[SL:LOCATION", "@ptr4", "SL:LOCATION]", "IN:GET_LOCATION]"], "predicted_tokens": ["[IN:GET_LOCATION", "[SL:CONTACT", "@ptr0", "@ptr1", "SL:CONTACT]", "[SL:LOCATION", "@ptr4", "@ptr5", "SL:LOCATION]", "IN:GET_LOCATION]"]}
{"loss": 0.9696353077888489, "class_log_probabilities": [-0.40449008345603943, -6.587233066558838, -7.387840747833252, -7.392849445343018], "predictions": [211, 6, 395, 396, 397, 7, 212, 4], "target_tokens": ["[IN:GET_LOCATION", "[SL:CONTACT", "@ptr0", "@ptr1", "@ptr2", "SL:CONTACT]", "IN:GET_LOCATION]"], "predicted_tokens": ["[IN:GET_LOCATION", "[SL:CONTACT", "@ptr0", "@ptr1", "@ptr2", "SL:CONTACT]", "IN:GET_LOCATION]"]}
{"loss": 1.8838826417922974, "class_log_probabilities": [-0.5984237790107727, -3.449754476547241, -6.274336338043213, -7.4376959800720215], "predictions": [70, 138, 398, 399, 400, 139, 73, 4, 4], "target_tokens": ["[IN:GET_CONTACT", "[SL:EMPLOYER", "@ptr3", "@ptr4", "SL:EMPLOYER]", "IN:GET_CONTACT]"], "predicted_tokens": ["[IN:GET_CONTACT", "[SL:EMPLOYER", "@ptr3", "@ptr4", "@ptr5", "SL:EMPLOYER]", "IN:GET_CONTACT]"]}
{"loss": 1.9410597085952759, "class_log_probabilities": [-0.45450127124786377, -5.051931858062744, -6.3662800788879395, -6.745217800140381], "predictions": [70, 138, 398, 399, 400, 139, 73, 4, 4], "target_tokens": ["[IN:GET_CONTACT", "[SL:EMPLOYER", "@ptr3", "@ptr4", "SL:EMPLOYER]", "IN:GET_CONTACT]"], "predicted_tokens": ["[IN:GET_CONTACT", "[SL:EMPLOYER", "@ptr3", "@ptr4", "@ptr5", "SL:EMPLOYER]", "IN:GET_CONTACT]"]}
{"loss": 1.5311963558197021, "class_log_probabilities": [-1.2343698740005493, -1.8667283058166504, -5.121367454528809, -5.706577777862549], "predictions": [70, 138, 399, 400, 401, 139, 73, 4], "target_tokens": ["[IN:GET_CONTACT", "[SL:EMPLOYER", "@ptr4", "@ptr5", "SL:EMPLOYER]", "IN:GET_CONTACT]"], "predicted_tokens": ["[IN:GET_CONTACT", "[SL:EMPLOYER", "@ptr4", "@ptr5", "@ptr6", "SL:EMPLOYER]", "IN:GET_CONTACT]"]}
{"loss": 1.6056407690048218, "class_log_probabilities": [-1.192664384841919, -1.9248820543289185, -5.207817077636719, -7.041335105895996], "predictions": [211, 6, 395, 7, 14, 399, 400, 401, 402, 15, 212, 4], "target_tokens": ["[IN:GET_LOCATION", "[SL:CONTACT", "@ptr0", "SL:CONTACT]", "[SL:LOCATION", "@ptr4", "@ptr5", "@ptr6", "SL:LOCATION]", "IN:GET_LOCATION]"], "predicted_tokens": ["[IN:GET_LOCATION", "[SL:CONTACT", "@ptr0", "SL:CONTACT]", "[SL:LOCATION", "@ptr4", "@ptr5", "@ptr6", "@ptr7", "SL:LOCATION]", "IN:GET_LOCATION]"]}
{"loss": 2.824556827545166, "class_log_probabilities": [-0.5161546468734741, -7.306563377380371, -7.488720417022705, -7.738164901733398], "predictions": [70, 93, 395, 94, 138, 402, 403, 139, 73, 4], "target_tokens": ["[IN:GET_CONTACT", "[SL:CONTACT_RELATED", "@ptr0", "SL:CONTACT_RELATED]", "[SL:EMPLOYER", "@ptr6", "@ptr7", "SL:EMPLOYER]", "IN:GET_CONTACT]"], "predicted_tokens": ["[IN:GET_CONTACT", "[SL:CONTACT_RELATED", "@ptr0", "SL:CONTACT_RELATED]", "[SL:EMPLOYER", "@ptr7", "@ptr8", "SL:EMPLOYER]", "IN:GET_CONTACT]"]}
{"loss": 1.795806884765625, "class_log_probabilities": [-0.7444161772727966, -3.058696985244751, -5.455055236816406, -7.175193786621094], "predictions": [70, 138, 399, 400, 401, 402, 139, 73, 4], "target_tokens": ["[IN:GET_CONTACT", "[SL:EMPLOYER", "@ptr4", "@ptr5", "@ptr6", "SL:EMPLOYER]", "IN:GET_CONTACT]"], "predicted_tokens": ["[IN:GET_CONTACT", "[SL:EMPLOYER", "@ptr4", "@ptr5", "@ptr6", "@ptr7", "SL:EMPLOYER]", "IN:GET_CONTACT]"]}
{"loss": 1.912593126296997, "class_log_probabilities": [-0.43391677737236023, -6.796634197235107, -7.395799160003662, -7.578426837921143], "predictions": [70, 138, 398, 399, 400, 139, 73, 4, 4], "target_tokens": ["[IN:GET_CONTACT", "[SL:EMPLOYER", "@ptr3", "@ptr4", "SL:EMPLOYER]", "IN:GET_CONTACT]"], "predicted_tokens": ["[IN:GET_CONTACT", "[SL:EMPLOYER", "@ptr3", "@ptr4", "@ptr5", "SL:EMPLOYER]", "IN:GET_CONTACT]"]}
{"loss": 2.7351810932159424, "class_log_probabilities": [-0.494787335395813, -6.051957130432129, -6.919597625732422, -7.107944965362549], "predictions": [70, 138, 404, 405, 406, 407, 139, 73, 4, 4], "target_tokens": ["[IN:GET_CONTACT", "[SL:EMPLOYER", "@ptr8", "@ptr9", "@ptr10", "@ptr11", "SL:EMPLOYER]", "IN:GET_CONTACT]"], "predicted_tokens": ["[IN:GET_CONTACT", "[SL:EMPLOYER", "@ptr9", "@ptr10", "@ptr11", "@ptr12", "SL:EMPLOYER]", "IN:GET_CONTACT]"]}
{"loss": 2.4307308197021484, "class_log_probabilities": [-2.7732434272766113, -2.863288640975952, -3.817248821258545, -4.303347110748291], "predictions": [251, 103, 399, 400, 104, 252, 4], "target_tokens": ["[IN:GET_CONTACT", "[SL:EMPLOYER", "@ptr4", "@ptr5", "SL:EMPLOYER]", "IN:GET_CONTACT]"], "predicted_tokens": ["[IN:QUESTION_MUSIC", "[SL:MUSIC_PROVIDER_NAME", "@ptr4", "@ptr5", "SL:MUSIC_PROVIDER_NAME]", "IN:QUESTION_MUSIC]"]}
{"loss": 1.7265077829360962, "class_log_probabilities": [-0.5851729512214661, -5.302450180053711, -7.010768890380859, -7.042109966278076], "predictions": [70, 138, 398, 399, 400, 401, 139, 73, 4], "target_tokens": ["[IN:GET_CONTACT", "[SL:EMPLOYER", "@ptr3", "@ptr4", "@ptr5", "SL:EMPLOYER]", "IN:GET_CONTACT]"], "predicted_tokens": ["[IN:GET_CONTACT", "[SL:EMPLOYER", "@ptr3", "@ptr4", "@ptr5", "@ptr6", "SL:EMPLOYER]", "IN:GET_CONTACT]"]}
{"loss": 3.8684985637664795, "class_log_probabilities": [-0.44924527406692505, -4.988814830780029, -6.789732933044434, -6.845092296600342], "predictions": [70, 138, 403, 404, 139, 73, 4, 4], "target_tokens": ["[IN:GET_CONTACT", "[SL:EMPLOYER", "@ptr7", "@ptr8", "SL:EMPLOYER]", "IN:GET_CONTACT]"], "predicted_tokens": ["[IN:GET_CONTACT", "[SL:EMPLOYER", "@ptr8", "@ptr9", "SL:EMPLOYER]", "IN:GET_CONTACT]"]}
{"loss": 1.7584220170974731, "class_log_probabilities": [-0.44953835010528564, -7.412611961364746, -7.7025465965271, -7.799455642700195], "predictions": [70, 138, 398, 399, 400, 401, 139, 73, 4], "target_tokens": ["[IN:GET_CONTACT", "[SL:EMPLOYER", "@ptr3", "@ptr4", "@ptr5", "SL:EMPLOYER]", "IN:GET_CONTACT]"], "predicted_tokens": ["[IN:GET_CONTACT", "[SL:EMPLOYER", "@ptr3", "@ptr4", "@ptr5", "@ptr6", "SL:EMPLOYER]", "IN:GET_CONTACT]"]}
{"loss": 2.4356625080108643, "class_log_probabilities": [-0.8356531858444214, -3.3128468990325928, -5.3599042892456055, -7.23970890045166], "predictions": [137, 6, 395, 396, 7, 138, 401, 402, 403, 139, 140, 4], "target_tokens": ["[IN:GET_EMPLOYER", "[SL:CONTACT", "@ptr0", "@ptr1", "SL:CONTACT]", "[SL:EMPLOYER", "@ptr5", "@ptr6", "@ptr7", "SL:EMPLOYER]", "IN:GET_EMPLOYER]"], "predicted_tokens": ["[IN:GET_EMPLOYER", "[SL:CONTACT", "@ptr0", "@ptr1", "SL:CONTACT]", "[SL:EMPLOYER", "@ptr6", "@ptr7", "@ptr8", "SL:EMPLOYER]", "IN:GET_EMPLOYER]"]}
{"loss": 1.6855520009994507, "class_log_probabilities": [-0.5012909173965454, -2.5748672485351562, -6.016963005065918, -7.931529998779297], "predictions": [70, 138, 398, 139, 73, 4, 4], "target_tokens": ["[IN:GET_CONTACT", "[SL:EMPLOYER", "@ptr3", "@ptr4", "SL:EMPLOYER]", "IN:GET_CONTACT]"], "predicted_tokens": ["[IN:GET_CONTACT", "[SL:EMPLOYER", "@ptr3", "SL:EMPLOYER]", "IN:GET_CONTACT]"]}
{"loss": 2.1468279361724854, "class_log_probabilities": [-1.17789888381958, -1.997849464416504, -5.8511962890625, -6.335031032562256], "predictions": [70, 257, 398, 399, 400, 401, 258, 93, 403, 94, 73, 4, 4], "target_tokens": ["[IN:GET_CONTACT", "[SL:SCHOOL", "@ptr3", "@ptr4", "@ptr5", "SL:SCHOOL]", "[SL:CONTACT_RELATED", "@ptr7", "SL:CONTACT_RELATED]", "IN:GET_CONTACT]"], "predicted_tokens": ["[IN:GET_CONTACT", "[SL:SCHOOL", "@ptr3", "@ptr4", "@ptr5", "@ptr6", "SL:SCHOOL]", "[SL:CONTACT_RELATED", "@ptr8", "SL:CONTACT_RELATED]", "IN:GET_CONTACT]"]}
{"loss": 1.1767511367797852, "class_log_probabilities": [-2.941854953765869, -3.033003807067871, -3.574021339416504, -3.830348014831543], "predictions": [70, 93, 398, 94, 14, 402, 15, 73, 4], "target_tokens": ["[IN:GET_CONTACT", "[SL:CONTACT_RELATED", "@ptr3", "SL:CONTACT_RELATED]", "[SL:SCHOOL", "@ptr7", "SL:SCHOOL]", "IN:GET_CONTACT]"], "predicted_tokens": ["[IN:GET_CONTACT", "[SL:CONTACT_RELATED", "@ptr3", "SL:CONTACT_RELATED]", "[SL:LOCATION", "@ptr7", "SL:LOCATION]", "IN:GET_CONTACT]"]}
{"loss": 1.203133463859558, "class_log_probabilities": [-1.173405647277832, -2.5136897563934326, -3.5971264839172363, -4.997172832489014], "predictions": [70, 257, 400, 401, 402, 258, 73, 4], "target_tokens": ["[IN:GET_CONTACT", "[SL:SCHOOL", "@ptr5", "@ptr6", "SL:SCHOOL]", "IN:GET_CONTACT]"], "predicted_tokens": ["[IN:GET_CONTACT", "[SL:SCHOOL", "@ptr5", "@ptr6", "@ptr7", "SL:SCHOOL]", "IN:GET_CONTACT]"]}
{"loss": 1.5946450233459473, "class_log_probabilities": [-1.0513288974761963, -1.8767943382263184, -5.49696159362793, -6.5252909660339355], "predictions": [70, 257, 401, 402, 403, 404, 405, 406, 258, 73, 4, 4, 4, 4], "target_tokens": ["[IN:GET_CONTACT", "[SL:SCHOOL", "@ptr5", "@ptr6", "@ptr7", "@ptr8", "@ptr9", "@ptr10", "SL:SCHOOL]", "IN:GET_CONTACT]"], "predicted_tokens": ["[IN:GET_CONTACT", "[SL:SCHOOL", "@ptr6", "@ptr7", "@ptr8", "@ptr9", "@ptr10", "@ptr11", "SL:SCHOOL]", "IN:GET_CONTACT]"]}
{"loss": 0.9631978273391724, "class_log_probabilities": [-0.38784822821617126, -7.543934345245361, -7.736262321472168, -7.991690158843994], "predictions": [70, 14, 399, 400, 15, 73, 4], "target_tokens": ["[IN:GET_CONTACT", "[SL:LOCATION", "@ptr4", "@ptr5", "SL:LOCATION]", "IN:GET_CONTACT]"], "predicted_tokens": ["[IN:GET_CONTACT", "[SL:LOCATION", "@ptr4", "@ptr5", "SL:LOCATION]", "IN:GET_CONTACT]"]}
{"loss": 1.7618026733398438, "class_log_probabilities": [-0.594222903251648, -4.976587295532227, -6.13537073135376, -7.058785915374756], "predictions": [70, 14, 399, 400, 401, 402, 15, 73, 4, 4], "target_tokens": ["[IN:GET_CONTACT", "[SL:LOCATION", "@ptr4", "@ptr5", "@ptr6", "SL:LOCATION]", "IN:GET_CONTACT]"], "predicted_tokens": ["[IN:GET_CONTACT", "[SL:LOCATION", "@ptr4", "@ptr5", "@ptr6", "@ptr7", "SL:LOCATION]", "IN:GET_CONTACT]"]}
{"loss": 1.2815274000167847, "class_log_probabilities": [-2.214552640914917, -2.705713987350464, -5.0873260498046875, -5.509541034698486], "predictions": [70, 93, 395, 94, 71, 398, 72, 14, 402, 15, 73, 4, 4], "target_tokens": ["[IN:GET_CONTACT", "[SL:CONTACT_RELATED", "@ptr0", "SL:CONTACT_RELATED]", "[SL:TYPE_RELATION", "@ptr3", "SL:TYPE_RELATION]", "[SL:LOCATION", "@ptr6", "SL:LOCATION]", "IN:GET_CONTACT]"], "predicted_tokens": ["[IN:GET_CONTACT", "[SL:CONTACT_RELATED", "@ptr0", "SL:CONTACT_RELATED]", "[SL:TYPE_RELATION", "@ptr3", "SL:TYPE_RELATION]", "[SL:LOCATION", "@ptr7", "SL:LOCATION]", "IN:GET_CONTACT]"]}
{"loss": 2.456041097640991, "class_log_probabilities": [-0.6814491152763367, -5.866414546966553, -6.3885674476623535, -6.695611953735352], "predictions": [70, 93, 395, 94, 14, 403, 404, 405, 406, 15, 73, 4, 4], "target_tokens": ["[IN:GET_CONTACT", "[SL:CONTACT_RELATED", "@ptr0", "SL:CONTACT_RELATED]", "[SL:LOCATION", "@ptr7", "@ptr8", "@ptr9", "SL:LOCATION]", "IN:GET_CONTACT]"], "predicted_tokens": ["[IN:GET_CONTACT", "[SL:CONTACT_RELATED", "@ptr0", "SL:CONTACT_RELATED]", "[SL:LOCATION", "@ptr8", "@ptr9", "@ptr10", "@ptr11", "SL:LOCATION]", "IN:GET_CONTACT]"]}
{"loss": 2.1502861976623535, "class_log_probabilities": [-0.33556100726127625, -7.921576023101807, -7.9363203048706055, -8.001718521118164], "predictions": [70, 14, 402, 15, 73, 4], "target_tokens": ["[IN:GET_CONTACT", "[SL:LOCATION", "@ptr6", "SL:LOCATION]", "IN:GET_CONTACT]"], "predicted_tokens": ["[IN:GET_CONTACT", "[SL:LOCATION", "@ptr7", "SL:LOCATION]", "IN:GET_CONTACT]"]}
{"loss": 1.9506354331970215, "class_log_probabilities": [-1.4767881631851196, -3.466879367828369, -3.6912224292755127, -4.065120697021484], "predictions": [70, 14, 399, 400, 401, 402, 403, 15, 16, 405, 17, 73, 4], "target_tokens": ["[IN:GET_CONTACT", "[SL:LOCATION", "@ptr4", "@ptr5", "@ptr6", "@ptr7", "SL:LOCATION]", "IN:GET_CONTACT]"], "predicted_tokens": ["[IN:GET_CONTACT", "[SL:LOCATION", "@ptr4", "@ptr5", "@ptr6", "@ptr7", "@ptr8", "SL:LOCATION]", "[SL:DATE_TIME", "@ptr10", "SL:DATE_TIME]", "IN:GET_CONTACT]"]}
{"loss": 3.5894148349761963, "class_log_probabilities": [-4.0240702629089355, -4.780728340148926, -5.039958477020264, -5.685830116271973], "predictions": [239, 240, 4, 4, 4, 4, 4, 4, 4, 4], "target_tokens": ["[IN:GET_MUTUAL_FRIENDS", "[SL:CONTACT_RELATED", "@ptr7", "@ptr8", "SL:CONTACT_RELATED]", "[SL:CONTACT_RELATED", "@ptr10", "SL:CONTACT_RELATED]", "[SL:TYPE_RELATION", "@ptr1", "SL:TYPE_RELATION]", "IN:GET_MUTUAL_FRIENDS]"], "predicted_tokens": ["[IN:GET_MUTUAL_FRIENDS", "IN:GET_MUTUAL_FRIENDS]"]}
{"loss": 4.43902587890625, "class_log_probabilities": [-0.840811014175415, -2.871472120285034, -4.779022216796875, -6.254534721374512], "predictions": [70, 71, 400, 72, 93, 402, 94, 73, 4], "target_tokens": ["[IN:GET_CONTACT", "[SL:CONTACT_RELATED", "@ptr6", "SL:CONTACT_RELATED]", "[SL:TYPE_RELATION", "@ptr4", "SL:TYPE_RELATION]", "IN:GET_CONTACT]"], "predicted_tokens": ["[IN:GET_CONTACT", "[SL:TYPE_RELATION", "@ptr5", "SL:TYPE_RELATION]", "[SL:CONTACT_RELATED", "@ptr7", "SL:CONTACT_RELATED]", "IN:GET_CONTACT]"]}
{"loss": 3.5826518535614014, "class_log_probabilities": [-3.602238893508911, -4.173880577087402, -5.42478084564209, -5.49074125289917], "predictions": [23, 10, 401, 402, 403, 11, 10, 405, 406, 11, 26, 4, 4], "target_tokens": ["[IN:GET_CONTACT", "[SL:TYPE_RELATION", "@ptr5", "@ptr6", "SL:TYPE_RELATION]", "[SL:CONTACT_RELATED", "@ptr8", "@ptr9", "@ptr10", "SL:CONTACT_RELATED]", "IN:GET_CONTACT]"], "predicted_tokens": ["[IN:SEND_MESSAGE", "[SL:RECIPIENT", "@ptr6", "@ptr7", "@ptr8", "SL:RECIPIENT]", "[SL:RECIPIENT", "@ptr10", "@ptr11", "SL:RECIPIENT]", "IN:SEND_MESSAGE]"]}
{"loss": 3.8704774379730225, "class_log_probabilities": [-2.3543918132781982, -4.1352434158325195, -4.368353843688965, -4.739798069000244], "predictions": [70, 71, 399, 72, 138, 401, 139, 73, 4], "target_tokens": ["[IN:GET_CONTACT", "[SL:CONTACT_RELATED", "@ptr5", "SL:CONTACT_RELATED]", "[SL:TYPE_RELATION", "@ptr3", "SL:TYPE_RELATION]", "IN:GET_CONTACT]"], "predicted_tokens": ["[IN:GET_CONTACT", "[SL:TYPE_RELATION", "@ptr4", "SL:TYPE_RELATION]", "[SL:EMPLOYER", "@ptr6", "SL:EMPLOYER]", "IN:GET_CONTACT]"]}
{"loss": 2.0014047622680664, "class_log_probabilities": [-1.2791767120361328, -1.540307879447937, -5.823261737823486, -6.00204610824585], "predictions": [70, 71, 395, 72, 93, 398, 399, 400, 94, 73, 4], "target_tokens": ["[IN:GET_CONTACT", "[SL:TYPE_RELATION", "@ptr0", "SL:TYPE_RELATION]", "[SL:CONTACT_RELATED", "@ptr2", "@ptr3", "@ptr4", "SL:CONTACT_RELATED]", "IN:GET_CONTACT]"], "predicted_tokens": ["[IN:GET_CONTACT", "[SL:TYPE_RELATION", "@ptr0", "SL:TYPE_RELATION]", "[SL:CONTACT_RELATED", "@ptr3", "@ptr4", "@ptr5", "SL:CONTACT_RELATED]", "IN:GET_CONTACT]"]}
{"loss": 2.8669254779815674, "class_log_probabilities": [-0.8247404098510742, -5.156192779541016, -6.495737075805664, -7.825833797454834], "predictions": [49, 34, 400, 35, 16, 402, 403, 404, 405, 406, 407, 17, 50, 4], "target_tokens": ["[IN:CREATE_ALARM", "[SL:DATE_TIME", "@ptr7", "@ptr8", "@ptr9", "@ptr10", "@ptr11", "SL:DATE_TIME]", "IN:CREATE_ALARM]"], "predicted_tokens": ["[IN:CREATE_REMINDER", "[SL:PERSON_REMINDED", "@ptr5", "SL:PERSON_REMINDED]", "[SL:DATE_TIME", "@ptr7", "@ptr8", "@ptr9", "@ptr10", "@ptr11", "@ptr12", "SL:DATE_TIME]", "IN:CREATE_REMINDER]"]}
{"loss": 3.6396374702453613, "class_log_probabilities": [-0.564031720161438, -4.775392532348633, -6.0747857093811035, -6.155454635620117], "predictions": [13, 16, 404, 405, 17, 18, 4, 4], "target_tokens": ["[IN:GET_WEATHER", "[SL:WEATHER_ATTRIBUTE", "@ptr3", "SL:WEATHER_ATTRIBUTE]", "[SL:DATE_TIME", "@ptr8", "@ptr9", "SL:DATE_TIME]", "IN:GET_WEATHER]"], "predicted_tokens": ["[IN:GET_WEATHER", "[SL:DATE_TIME", "@ptr9", "@ptr10", "SL:DATE_TIME]", "IN:GET_WEATHER]"]}
{"loss": 2.9400787353515625, "class_log_probabilities": [-0.6626894474029541, -3.785597801208496, -7.306107521057129, -8.014453887939453], "predictions": [51, 52, 397, 398, 399, 400, 401, 402, 53, 54, 4, 4, 4, 4, 4], "target_tokens": ["[IN:GET_RECIPES", "[SL:RECIPES_CUISINE", "@ptr2", "@ptr3", "@ptr4", "SL:RECIPES_CUISINE]", "[SL:RECIPES_DISH", "@ptr5", "@ptr6", "@ptr7", "SL:RECIPES_DISH]", "IN:GET_RECIPES]"], "predicted_tokens": ["[IN:GET_RECIPES", "[SL:RECIPES_DISH", "@ptr2", "@ptr3", "@ptr4", "@ptr5", "@ptr6", "@ptr7", "SL:RECIPES_DISH]", "IN:GET_RECIPES]"]}
{"loss": 2.5690665245056152, "class_log_probabilities": [-0.3915228843688965, -6.062977313995361, -7.160617351531982, -7.387665271759033], "predictions": [51, 52, 396, 397, 53, 54, 4], "target_tokens": ["[IN:GET_RECIPES", "[SL:RECIPES_TYPE", "@ptr1", "@ptr2", "SL:RECIPES_TYPE]", "IN:GET_RECIPES]"], "predicted_tokens": ["[IN:GET_RECIPES", "[SL:RECIPES_DISH", "@ptr1", "@ptr2", "SL:RECIPES_DISH]", "IN:GET_RECIPES]"]}
{"loss": 0.9673845171928406, "class_log_probabilities": [-0.3642815947532654, -8.018855094909668, -8.392794609069824, -8.491424560546875], "predictions": [51, 52, 397, 398, 53, 54, 4], "target_tokens": ["[IN:GET_RECIPES", "[SL:RECIPES_DISH", "@ptr2", "@ptr3", "SL:RECIPES_DISH]", "IN:GET_RECIPES]"], "predicted_tokens": ["[IN:GET_RECIPES", "[SL:RECIPES_DISH", "@ptr2", "@ptr3", "SL:RECIPES_DISH]", "IN:GET_RECIPES]"]}
{"loss": 2.482224702835083, "class_log_probabilities": [-0.690770149230957, -4.560641288757324, -6.972640514373779, -7.923725605010986], "predictions": [213, 214, 4, 4, 4, 4], "target_tokens": ["[IN:SILENCE_ALARM", "[SL:AMOUNT", "@ptr7", "SL:AMOUNT]", "IN:SILENCE_ALARM]"], "predicted_tokens": ["[IN:SILENCE_ALARM", "IN:SILENCE_ALARM]"]}
{"loss": 0.9771611094474792, "class_log_probabilities": [-0.1554621160030365, -7.148290157318115, -7.656331539154053, -8.202092170715332], "predictions": [19, 22, 4], "target_tokens": ["[IN:GET_ALARM", "IN:GET_ALARM]"], "predicted_tokens": ["[IN:GET_ALARM", "IN:GET_ALARM]"]}
{"loss": 3.296356678009033, "class_log_probabilities": [-0.3417559862136841, -5.19341516494751, -5.885492324829102, -6.304136276245117], "predictions": [275, 90, 396, 91, 276, 4], "target_tokens": ["[IN:RESUME_TIMER", "[SL:METHOD_TIMER", "@ptr0", "@ptr1", "SL:METHOD_TIMER]", "IN:RESUME_TIMER]"], "predicted_tokens": ["[IN:RESUME_TIMER", "[SL:METHOD_TIMER", "@ptr1", "SL:METHOD_TIMER]", "IN:RESUME_TIMER]"]}
{"loss": 3.2329318523406982, "class_log_probabilities": [-2.1472702026367188, -3.569831132888794, -3.8355913162231445, -4.541828632354736], "predictions": [61, 14, 398, 399, 400, 401, 402, 403, 15, 16, 408, 409, 17, 62, 4, 4, 4], "target_tokens": ["[IN:QUESTION_NEWS", "[SL:NEWS_TOPIC", "@ptr0", "@ptr1", "@ptr2", "@ptr3", "@ptr4", "@ptr5", "@ptr6", "@ptr7", "@ptr8", "@ptr9", "@ptr10", "@ptr11", "@ptr12", "@ptr13", "SL:NEWS_TOPIC]", "IN:QUESTION_NEWS]"], "predicted_tokens": ["[IN:GET_EVENT", "[SL:LOCATION", "@ptr3", "@ptr4", "@ptr5", "@ptr6", "@ptr7", "@ptr8", "SL:LOCATION]", "[SL:DATE_TIME", "@ptr13", "@ptr14", "SL:DATE_TIME]", "IN:GET_EVENT]"]}
{"loss": 3.5562093257904053, "class_log_probabilities": [-0.3402199149131775, -6.603561878204346, -7.174102306365967, -7.304582595825195], "predictions": [275, 90, 398, 91, 276, 4, 4], "target_tokens": ["[IN:RESUME_TIMER", "[SL:METHOD_TIMER", "@ptr1", "@ptr2", "@ptr3", "SL:METHOD_TIMER]", "IN:RESUME_TIMER]"], "predicted_tokens": ["[IN:RESUME_TIMER", "[SL:METHOD_TIMER", "@ptr3", "SL:METHOD_TIMER]", "IN:RESUME_TIMER]"]}
{"loss": 4.412800312042236, "class_log_probabilities": [-1.478293776512146, -2.859950304031372, -4.66925048828125, -6.402537822723389], "predictions": [115, 90, 400, 91, 116, 4], "target_tokens": ["[IN:GET_TIMER", "[SL:ORDINAL", "@ptr5", "SL:ORDINAL]", "[SL:METHOD_TIMER", "@ptr2", "@ptr3", "@ptr4", "SL:METHOD_TIMER]", "IN:GET_TIMER]"], "predicted_tokens": ["[IN:GET_TIMER", "[SL:METHOD_TIMER", "@ptr5", "SL:METHOD_TIMER]", "IN:GET_TIMER]"]}
{"loss": 2.7967872619628906, "class_log_probabilities": [-0.5527205467224121, -4.910557746887207, -7.077898025512695, -7.5379557609558105], "predictions": [183, 16, 396, 397, 17, 90, 402, 91, 184, 4], "target_tokens": ["[IN:ADD_TIME_TIMER", "[SL:DATE_TIME", "@ptr1", "@ptr2", "SL:DATE_TIME]", "[SL:METHOD_TIMER", "@ptr5", "@ptr6", "@ptr7", "SL:METHOD_TIMER]", "IN:ADD_TIME_TIMER]"], "predicted_tokens": ["[IN:ADD_TIME_TIMER", "[SL:DATE_TIME", "@ptr1", "@ptr2", "SL:DATE_TIME]", "[SL:METHOD_TIMER", "@ptr7", "SL:METHOD_TIMER]", "IN:ADD_TIME_TIMER]"]}
{"loss": 4.30783748626709, "class_log_probabilities": [-1.1190884113311768, -1.3894280195236206, -5.733085632324219, -6.560495376586914], "predictions": [115, 90, 402, 91, 116, 4], "target_tokens": ["[IN:GET_TIMER", "[SL:METHOD_TIMER", "@ptr0", "@ptr1", "@ptr2", "@ptr3", "SL:METHOD_TIMER]", "[SL:METHOD_TIMER", "@ptr5", "@ptr6", "@ptr7", "SL:METHOD_TIMER]", "IN:GET_TIMER]"], "predicted_tokens": ["[IN:GET_TIMER", "[SL:METHOD_TIMER", "@ptr7", "SL:METHOD_TIMER]", "IN:GET_TIMER]"]}
{"loss": 4.708044052124023, "class_log_probabilities": [-0.3402199149131775, -6.603561878204346, -7.174102306365967, -7.304582595825195], "predictions": [275, 90, 398, 91, 276, 4, 4], "target_tokens": ["[IN:RESTART_TIMER", "[SL:METHOD_TIMER", "@ptr1", "@ptr2", "@ptr3", "SL:METHOD_TIMER]", "IN:RESTART_TIMER]"], "predicted_tokens": ["[IN:RESUME_TIMER", "[SL:METHOD_TIMER", "@ptr3", "SL:METHOD_TIMER]", "IN:RESUME_TIMER]"]}
{"loss": 0.9550788998603821, "class_log_probabilities": [-0.2602328062057495, -6.6439080238342285, -6.844987869262695, -7.1032867431640625], "predictions": [115, 116, 4], "target_tokens": ["[IN:GET_TIMER", "IN:GET_TIMER]"], "predicted_tokens": ["[IN:GET_TIMER", "IN:GET_TIMER]"]}
{"loss": 2.3502540588378906, "class_log_probabilities": [-0.4734213948249817, -3.530287742614746, -4.208681106567383, -7.488692283630371], "predictions": [55, 56, 395, 396, 397, 57, 58, 4, 4], "target_tokens": ["[IN:QUESTION_NEWS", "[SL:NEWS_TOPIC", "@ptr0", "@ptr1", "@ptr2", "@ptr3", "@ptr4", "SL:NEWS_TOPIC]", "IN:QUESTION_NEWS]"], "predicted_tokens": ["[IN:QUESTION_NEWS", "[SL:NEWS_TOPIC", "@ptr0", "@ptr1", "@ptr2", "SL:NEWS_TOPIC]", "IN:QUESTION_NEWS]"]}
{"loss": 3.2144320011138916, "class_log_probabilities": [-1.5436663627624512, -2.0047478675842285, -2.986356258392334, -3.4660747051239014], "predictions": [55, 16, 395, 396, 397, 17, 56, 398, 399, 57, 58, 4, 4], "target_tokens": ["[IN:QUESTION_NEWS", "[SL:NEWS_TOPIC", "@ptr3", "@ptr4", "@ptr5", "@ptr6", "@ptr7", "SL:NEWS_TOPIC]", "[SL:DATE_TIME", "@ptr0", "@ptr1", "@ptr2", "SL:DATE_TIME]", "IN:QUESTION_NEWS]"], "predicted_tokens": ["[IN:QUESTION_NEWS", "[SL:DATE_TIME", "@ptr0", "@ptr1", "@ptr2", "SL:DATE_TIME]", "[SL:NEWS_TOPIC", "@ptr3", "@ptr4", "SL:NEWS_TOPIC]", "IN:QUESTION_NEWS]"]}
{"loss": 1.6327311992645264, "class_log_probabilities": [-0.5930987000465393, -6.245733737945557, -7.155703067779541, -7.445428371429443], "predictions": [55, 56, 395, 396, 397, 398, 399, 400, 401, 57, 58, 4, 4, 4, 4, 4, 4], "target_tokens": ["[IN:QUESTION_NEWS", "[SL:NEWS_TOPIC", "@ptr0", "@ptr1", "@ptr2", "@ptr3", "@ptr4", "@ptr5", "SL:NEWS_TOPIC]", "IN:QUESTION_NEWS]"], "predicted_tokens": ["[IN:QUESTION_NEWS", "[SL:NEWS_TOPIC", "@ptr0", "@ptr1", "@ptr2", "@ptr3", "@ptr4", "@ptr5", "@ptr6", "SL:NEWS_TOPIC]", "IN:QUESTION_NEWS]"]}
{"loss": 4.851475238800049, "class_log_probabilities": [-0.6848353147506714, -4.3777384757995605, -4.994193077087402, -5.964462757110596], "predictions": [27, 14, 398, 15, 30, 4], "target_tokens": ["[IN:QUESTION_NEWS", "[SL:NEWS_TOPIC", "@ptr4", "SL:NEWS_TOPIC]", "IN:QUESTION_NEWS]"], "predicted_tokens": ["[IN:GET_INFO_RECIPES", "[SL:LOCATION", "@ptr3", "SL:LOCATION]", "IN:GET_INFO_RECIPES]"]}
{"loss": 2.377880573272705, "class_log_probabilities": [-3.652256727218628, -4.271422863006592, -4.4982590675354, -4.54642915725708], "predictions": [39, 40, 398, 41, 56, 401, 402, 403, 404, 405, 406, 407, 408, 409, 410, 57, 16, 411, 412, 413, 17, 42, 4, 4], "target_tokens": ["[IN:GET_STORIES_NEWS", "[SL:NEWS_TYPE", "@ptr2", "SL:NEWS_TYPE]", "[SL:NEWS_TOPIC", "@ptr5", "@ptr6", "@ptr7", "@ptr8", "@ptr9", "@ptr10", "@ptr11", "@ptr12", "@ptr13", "SL:NEWS_TOPIC]", "[SL:DATE_TIME", "@ptr15", "@ptr16", "SL:DATE_TIME]", "IN:GET_STORIES_NEWS]"], "predicted_tokens": ["[IN:GET_STORIES_NEWS", "[SL:NEWS_TYPE", "@ptr3", "SL:NEWS_TYPE]", "[SL:NEWS_TOPIC", "@ptr6", "@ptr7", "@ptr8", "@ptr9", "@ptr10", "@ptr11", "@ptr12", "@ptr13", "@ptr14", "@ptr15", "SL:NEWS_TOPIC]", "[SL:DATE_TIME", "@ptr16", "@ptr17", "@ptr18", "SL:DATE_TIME]", "IN:GET_STORIES_NEWS]"]}
{"loss": 2.6285433769226074, "class_log_probabilities": [-3.7875616550445557, -3.8568694591522217, -4.3094563484191895, -4.388631820678711], "predictions": [39, 40, 396, 397, 398, 399, 400, 401, 402, 57, 16, 404, 405, 406, 17, 40, 408, 41, 42, 4, 4], "target_tokens": ["[IN:GET_STORIES_NEWS", "[SL:NEWS_TYPE", "@ptr0", "@ptr1", "SL:NEWS_TYPE]", "[SL:NEWS_TOPIC", "@ptr2", "@ptr3", "@ptr4", "@ptr5", "@ptr6", "@ptr7", "@ptr8", "@ptr9", "SL:NEWS_TOPIC]", "[SL:NEWS_TYPE", "@ptr12", "SL:NEWS_TYPE]", "IN:GET_STORIES_NEWS]"], "predicted_tokens": ["[IN:GET_STORIES_NEWS", "[SL:NEWS_TYPE", "@ptr1", "@ptr2", "@ptr3", "@ptr4", "@ptr5", "@ptr6", "@ptr7", "SL:NEWS_TOPIC]", "[SL:DATE_TIME", "@ptr9", "@ptr10", "@ptr11", "SL:DATE_TIME]", "[SL:NEWS_TYPE", "@ptr13", "SL:NEWS_TYPE]", "IN:GET_STORIES_NEWS]"]}
{"loss": 2.0591554641723633, "class_log_probabilities": [-1.5389189720153809, -1.9324113130569458, -6.6452412605285645, -7.0348334312438965], "predictions": [55, 56, 395, 396, 397, 398, 57, 16, 400, 401, 402, 17, 58, 4, 4], "target_tokens": ["[IN:QUESTION_NEWS", "[SL:NEWS_TOPIC", "@ptr1", "@ptr2", "@ptr3", "SL:NEWS_TOPIC]", "[SL:DATE_TIME", "@ptr4", "@ptr5", "@ptr6", "SL:DATE_TIME]", "IN:QUESTION_NEWS]"], "predicted_tokens": ["[IN:QUESTION_NEWS", "[SL:NEWS_TOPIC", "@ptr0", "@ptr1", "@ptr2", "@ptr3", "SL:NEWS_TOPIC]", "[SL:DATE_TIME", "@ptr5", "@ptr6", "@ptr7", "SL:DATE_TIME]", "IN:QUESTION_NEWS]"]}
{"loss": 3.936016082763672, "class_log_probabilities": [-1.8076571226119995, -2.0831422805786133, -3.6545066833496094, -4.2326436042785645], "predictions": [39, 16, 395, 396, 17, 40, 399, 41, 56, 402, 403, 57, 42, 4], "target_tokens": ["[IN:GET_STORIES_NEWS", "[SL:NEWS_TYPE", "@ptr3", "SL:NEWS_TYPE]", "[SL:NEWS_TOPIC", "@ptr6", "@ptr7", "SL:NEWS_TOPIC]", "[SL:DATE_TIME", "@ptr0", "@ptr1", "SL:DATE_TIME]", "IN:GET_STORIES_NEWS]"], "predicted_tokens": ["[IN:GET_STORIES_NEWS", "[SL:DATE_TIME", "@ptr0", "@ptr1", "SL:DATE_TIME]", "[SL:NEWS_TYPE", "@ptr4", "SL:NEWS_TYPE]", "[SL:NEWS_TOPIC", "@ptr7", "@ptr8", "SL:NEWS_TOPIC]", "IN:GET_STORIES_NEWS]"]}
{"loss": 2.0810649394989014, "class_log_probabilities": [-3.8550803661346436, -3.908479928970337, -5.094933986663818, -6.027154922485352], "predictions": [13, 16, 397, 398, 399, 17, 14, 401, 402, 403, 404, 405, 15, 18, 4, 4, 4, 4, 4, 4, 4], "target_tokens": ["[IN:GET_WEATHER", "[SL:DATE_TIME", "@ptr2", "@ptr3", "@ptr4", "@ptr5", "@ptr6", "@ptr7", "@ptr8", "SL:DATE_TIME]", "[SL:LOCATION", "@ptr11", "@ptr12", "@ptr13", "@ptr14", "@ptr15", "@ptr16", "SL:LOCATION]", "IN:GET_WEATHER]"], "predicted_tokens": ["[IN:GET_WEATHER", "[SL:DATE_TIME", "@ptr2", "@ptr3", "@ptr4", "SL:DATE_TIME]", "[SL:LOCATION", "@ptr6", "@ptr7", "@ptr8", "@ptr9", "@ptr10", "SL:LOCATION]", "IN:GET_WEATHER]"]}
{"loss": 2.9131534099578857, "class_log_probabilities": [-1.3741658926010132, -2.1841185092926025, -3.938030242919922, -7.09448766708374], "predictions": [13, 14, 398, 15, 16, 400, 401, 402, 17, 18, 4, 4], "target_tokens": ["[IN:GET_WEATHER", "[SL:LOCATION", "@ptr3", "SL:LOCATION]", "[SL:DATE_TIME", "@ptr4", "@ptr5", "SL:DATE_TIME]", "IN:GET_WEATHER]"], "predicted_tokens": ["[IN:GET_WEATHER", "[SL:LOCATION", "@ptr3", "SL:LOCATION]", "[SL:DATE_TIME", "@ptr5", "@ptr6", "@ptr7", "SL:DATE_TIME]", "IN:GET_WEATHER]"]}
{"loss": 3.0253114700317383, "class_log_probabilities": [-1.3055301904678345, -2.2777793407440186, -3.126595973968506, -4.348180770874023], "predictions": [39, 40, 395, 41, 40, 398, 41, 43, 399, 44, 42, 4], "target_tokens": ["[IN:GET_STORIES_NEWS", "[SL:NEWS_CATEGORY", "@ptr3", "SL:NEWS_CATEGORY]", "[SL:NEWS_TYPE", "@ptr4", "SL:NEWS_TYPE]", "IN:GET_STORIES_NEWS]"], "predicted_tokens": ["[IN:GET_STORIES_NEWS", "[SL:NEWS_TYPE", "@ptr0", "SL:NEWS_TYPE]", "[SL:NEWS_TYPE", "@ptr3", "SL:NEWS_TYPE]", "[SL:NEWS_CATEGORY", "@ptr4", "SL:NEWS_CATEGORY]", "IN:GET_STORIES_NEWS]"]}
{"loss": 2.833165407180786, "class_log_probabilities": [-0.3513628840446472, -8.29613971710205, -8.312973022460938, -9.018967628479004], "predictions": [183, 16, 396, 397, 17, 184, 4, 4, 4], "target_tokens": ["[IN:ADD_TIME_TIMER", "[SL:DATE_TIME", "@ptr1", "@ptr2", "SL:DATE_TIME]", "[SL:METHOD_TIMER", "@ptr4", "@ptr5", "@ptr6", "SL:METHOD_TIMER]", "IN:ADD_TIME_TIMER]"], "predicted_tokens": ["[IN:ADD_TIME_TIMER", "[SL:DATE_TIME", "@ptr1", "@ptr2", "SL:DATE_TIME]", "IN:ADD_TIME_TIMER]"]}
{"loss": 3.874502420425415, "class_log_probabilities": [-0.5603677034378052, -5.625669002532959, -7.293126106262207, -7.375655651092529], "predictions": [227, 16, 400, 401, 402, 17, 228, 4, 4, 4, 4], "target_tokens": ["[IN:UPDATE_TIMER", "[SL:METHOD_TIMER", "@ptr1", "@ptr2", "@ptr3", "SL:METHOD_TIMER]", "[SL:DATE_TIME", "@ptr4", "@ptr5", "@ptr6", "SL:DATE_TIME]", "IN:UPDATE_TIMER]"], "predicted_tokens": ["[IN:UPDATE_TIMER", "[SL:DATE_TIME", "@ptr5", "@ptr6", "@ptr7", "SL:DATE_TIME]", "IN:UPDATE_TIMER]"]}
{"loss": 2.4878222942352295, "class_log_probabilities": [-0.6536610722541809, -8.461935043334961, -8.574811935424805, -8.703843116760254], "predictions": [45, 16, 400, 401, 402, 403, 404, 405, 406, 17, 46, 4, 4], "target_tokens": ["[IN:CREATE_ALARM", "[SL:DATE_TIME", "@ptr4", "@ptr5", "@ptr6", "@ptr7", "@ptr8", "@ptr9", "@ptr10", "SL:DATE_TIME]", "IN:CREATE_ALARM]"], "predicted_tokens": ["[IN:CREATE_ALARM", "[SL:DATE_TIME", "@ptr5", "@ptr6", "@ptr7", "@ptr8", "@ptr9", "@ptr10", "@ptr11", "SL:DATE_TIME]", "IN:CREATE_ALARM]"]}
{"loss": 4.376755714416504, "class_log_probabilities": [-0.6762835383415222, -5.690215110778809, -5.725039482116699, -6.602845191955566], "predictions": [27, 175, 396, 176, 52, 400, 401, 402, 53, 30, 4, 4], "target_tokens": ["[IN:GET_INFO_RECIPES", "[SL:RECIPES_ATTRIBUTE", "@ptr2", "SL:RECIPES_ATTRIBUTE]", "[SL:RECIPES_UNIT_NUTRITION", "@ptr1", "SL:RECIPES_UNIT_NUTRITION]", "[SL:RECIPES_INCLUDED_INGREDIENT", "@ptr4", "@ptr5", "@ptr6", "SL:RECIPES_INCLUDED_INGREDIENT]", "IN:GET_INFO_RECIPES]"], "predicted_tokens": ["[IN:GET_INFO_RECIPES", "[SL:RECIPES_UNIT_NUTRITION", "@ptr1", "SL:RECIPES_UNIT_NUTRITION]", "[SL:RECIPES_DISH", "@ptr5", "@ptr6", "@ptr7", "SL:RECIPES_DISH]", "IN:GET_INFO_RECIPES]"]}
{"loss": 4.762076377868652, "class_log_probabilities": [-3.3489058017730713, -3.823441743850708, -4.025511741638184, -5.636237621307373], "predictions": [47, 16, 398, 399, 400, 401, 402, 17, 120, 403, 121, 48, 4, 4, 4, 4], "target_tokens": ["[IN:GET_ALARM", "[SL:AMOUNT", "@ptr7", "SL:AMOUNT]", "[SL:ALARM_NAME", "@ptr1", "@ptr2", "@ptr3", "@ptr4", "@ptr5", "@ptr6", "SL:ALARM_NAME]", "IN:GET_ALARM]"], "predicted_tokens": ["[IN:GET_REMINDER", "[SL:DATE_TIME", "@ptr3", "@ptr4", "@ptr5", "@ptr6", "@ptr7", "SL:DATE_TIME]", "[SL:AMOUNT", "@ptr8", "SL:AMOUNT]", "IN:GET_REMINDER]"]}
{"loss": 2.1439337730407715, "class_log_probabilities": [-0.7149094343185425, -8.226892471313477, -8.62005615234375, -8.8043794631958], "predictions": [45, 16, 399, 400, 401, 402, 403, 404, 405, 406, 17, 46, 4, 4, 4, 4, 4, 4, 4, 4], "target_tokens": ["[IN:CREATE_ALARM", "[SL:DATE_TIME", "@ptr3", "@ptr4", "@ptr5", "@ptr6", "@ptr7", "@ptr8", "@ptr9", "@ptr10", "SL:DATE_TIME]", "IN:CREATE_ALARM]"], "predicted_tokens": ["[IN:CREATE_ALARM", "[SL:DATE_TIME", "@ptr4", "@ptr5", "@ptr6", "@ptr7", "@ptr8", "@ptr9", "@ptr10", "@ptr11", "SL:DATE_TIME]", "IN:CREATE_ALARM]"]}
{"loss": 2.896646499633789, "class_log_probabilities": [-1.155351161956787, -1.832720398902893, -8.064851760864258, -8.500276565551758], "predictions": [45, 16, 401, 402, 403, 404, 405, 17, 46, 4, 4, 4, 4], "target_tokens": ["[IN:CREATE_ALARM", "[SL:DATE_TIME", "@ptr3", "@ptr4", "@ptr5", "@ptr6", "@ptr7", "@ptr8", "@ptr9", "SL:DATE_TIME]", "IN:CREATE_ALARM]"], "predicted_tokens": ["[IN:CREATE_ALARM", "[SL:DATE_TIME", "@ptr6", "@ptr7", "@ptr8", "@ptr9", "@ptr10", "SL:DATE_TIME]", "IN:CREATE_ALARM]"]}
{"loss": 1.9819201231002808, "class_log_probabilities": [-2.0042433738708496, -3.0283193588256836, -4.647327899932861, -6.723373889923096], "predictions": [45, 16, 401, 402, 403, 404, 405, 406, 407, 408, 409, 410, 411, 412, 17, 46, 4, 4, 4, 4, 4, 4, 4, 4], "target_tokens": ["[IN:CREATE_ALARM", "[SL:DATE_TIME", "@ptr8", "@ptr9", "@ptr10", "@ptr11", "@ptr12", "@ptr13", "@ptr14", "@ptr15", "SL:DATE_TIME]", "IN:CREATE_ALARM]"], "predicted_tokens": ["[IN:CREATE_ALARM", "[SL:DATE_TIME", "@ptr6", "@ptr7", "@ptr8", "@ptr9", "@ptr10", "@ptr11", "@ptr12", "@ptr13", "@ptr14", "@ptr15", "@ptr16", "@ptr17", "SL:DATE_TIME]", "IN:CREATE_ALARM]"]}
{"loss": 2.041999578475952, "class_log_probabilities": [-1.4551451206207275, -2.6648778915405273, -3.08128023147583, -5.7189741134643555], "predictions": [45, 16, 399, 400, 401, 402, 403, 17, 46, 4], "target_tokens": ["[IN:UPDATE_ALARM", "[SL:DATE_TIME", "@ptr3", "@ptr4", "@ptr5", "@ptr6", "@ptr7", "@ptr8", "SL:DATE_TIME]", "IN:UPDATE_ALARM]"], "predicted_tokens": ["[IN:CREATE_ALARM", "[SL:DATE_TIME", "@ptr4", "@ptr5", "@ptr6", "@ptr7", "@ptr8", "SL:DATE_TIME]", "IN:CREATE_ALARM]"]}
{"loss": 4.1176371574401855, "class_log_probabilities": [-1.492074728012085, -2.088017225265503, -4.041072368621826, -4.204981327056885], "predictions": [39, 40, 397, 41, 16, 400, 401, 402, 403, 17, 42, 4], "target_tokens": ["[IN:GET_STORIES_NEWS", "[SL:DATE_TIME", "@ptr5", "@ptr6", "SL:DATE_TIME]", "[SL:NEWS_REFERENCE", "@ptr3", "SL:NEWS_REFERENCE]", "[SL:NEWS_TYPE", "@ptr2", "SL:NEWS_TYPE]", "IN:GET_STORIES_NEWS]"], "predicted_tokens": ["[IN:GET_STORIES_NEWS", "[SL:NEWS_TYPE", "@ptr2", "SL:NEWS_TYPE]", "[SL:DATE_TIME", "@ptr5", "@ptr6", "@ptr7", "@ptr8", "SL:DATE_TIME]", "IN:GET_STORIES_NEWS]"]}
{"loss": 2.695269823074341, "class_log_probabilities": [-0.6631243228912354, -4.059426784515381, -7.107733249664307, -7.7196221351623535], "predictions": [183, 16, 396, 397, 17, 90, 402, 91, 184, 4], "target_tokens": ["[IN:ADD_TIME_TIMER", "[SL:DATE_TIME", "@ptr1", "@ptr2", "SL:DATE_TIME]", "[SL:METHOD_TIMER", "@ptr5", "@ptr6", "@ptr7", "SL:METHOD_TIMER]", "IN:ADD_TIME_TIMER]"], "predicted_tokens": ["[IN:ADD_TIME_TIMER", "[SL:DATE_TIME", "@ptr1", "@ptr2", "SL:DATE_TIME]", "[SL:METHOD_TIMER", "@ptr7", "SL:METHOD_TIMER]", "IN:ADD_TIME_TIMER]"]}
{"loss": 2.196481466293335, "class_log_probabilities": [-0.6764335632324219, -3.7608442306518555, -7.547866344451904, -8.26141357421875], "predictions": [45, 16, 399, 400, 401, 17, 46, 4, 4, 4], "target_tokens": ["[IN:CREATE_ALARM", "[SL:DATE_TIME", "@ptr3", "@ptr4", "@ptr5", "SL:DATE_TIME]", "IN:CREATE_ALARM]"], "predicted_tokens": ["[IN:CREATE_ALARM", "[SL:DATE_TIME", "@ptr4", "@ptr5", "@ptr6", "SL:DATE_TIME]", "IN:CREATE_ALARM]"]}
{"loss": 1.8956222534179688, "class_log_probabilities": [-1.2283201217651367, -1.64468252658844, -8.211939811706543, -8.467391967773438], "predictions": [45, 16, 399, 400, 401, 402, 403, 404, 405, 406, 17, 46, 4], "target_tokens": ["[IN:CREATE_ALARM", "[SL:DATE_TIME", "@ptr3", "@ptr4", "@ptr5", "@ptr6", "@ptr7", "@ptr8", "@ptr9", "@ptr10", "SL:DATE_TIME]", "IN:CREATE_ALARM]"], "predicted_tokens": ["[IN:CREATE_ALARM", "[SL:DATE_TIME", "@ptr4", "@ptr5", "@ptr6", "@ptr7", "@ptr8", "@ptr9", "@ptr10", "@ptr11", "SL:DATE_TIME]", "IN:CREATE_ALARM]"]}
{"loss": 4.362462997436523, "class_log_probabilities": [-1.7804280519485474, -3.2630786895751953, -3.492194175720215, -4.320812225341797], "predictions": [259, 16, 400, 401, 402, 17, 260, 4], "target_tokens": ["[IN:SNOOZE_ALARM", "[SL:DATE_TIME", "@ptr3", "@ptr4", "@ptr5", "@ptr6", "SL:DATE_TIME]", "IN:SNOOZE_ALARM]"], "predicted_tokens": ["[IN:UPDATE_ALARM", "[SL:DATE_TIME", "@ptr5", "@ptr6", "@ptr7", "SL:DATE_TIME]", "IN:UPDATE_ALARM]"]}
{"loss": 2.1851959228515625, "class_log_probabilities": [-2.1293256282806396, -2.9415392875671387, -3.6731929779052734, -5.168968677520752], "predictions": [49, 16, 400, 401, 402, 17, 50, 4, 4, 4, 4, 4], "target_tokens": ["[IN:CREATE_ALARM", "[SL:DATE_TIME", "@ptr4", "@ptr5", "@ptr6", "@ptr7", "@ptr8", "@ptr9", "SL:DATE_TIME]", "IN:CREATE_ALARM]"], "predicted_tokens": ["[IN:CREATE_REMINDER", "[SL:DATE_TIME", "@ptr5", "@ptr6", "@ptr7", "SL:DATE_TIME]", "IN:CREATE_REMINDER]"]}
{"loss": 3.4095571041107178, "class_log_probabilities": [-1.181671142578125, -4.9497880935668945, -5.421013355255127, -6.177711009979248], "predictions": [39, 40, 398, 399, 41, 56, 402, 403, 404, 405, 406, 57, 40, 407, 41, 42, 4], "target_tokens": ["[IN:GET_STORIES_NEWS", "[SL:NEWS_TYPE", "@ptr2", "@ptr3", "SL:NEWS_TYPE]", "[SL:NEWS_TOPIC", "@ptr6", "SL:NEWS_TOPIC]", "[SL:NEWS_TYPE", "@ptr8", "@ptr9", "@ptr10", "SL:NEWS_TYPE]", "IN:GET_STORIES_NEWS]"], "predicted_tokens": ["[IN:GET_STORIES_NEWS", "[SL:NEWS_TYPE", "@ptr3", "@ptr4", "SL:NEWS_TYPE]", "[SL:NEWS_TOPIC", "@ptr7", "@ptr8", "@ptr9", "@ptr10", "@ptr11", "SL:NEWS_TOPIC]", "[SL:NEWS_TYPE", "@ptr12", "SL:NEWS_TYPE]", "IN:GET_STORIES_NEWS]"]}
{"loss": 4.112866401672363, "class_log_probabilities": [-1.0818558931350708, -1.8923784494400024, -6.085907936096191, -6.2138824462890625], "predictions": [219, 16, 396, 397, 17, 220, 4, 4, 4, 4], "target_tokens": ["[IN:SUBTRACT_TIME_TIMER", "[SL:METHOD_TIMER", "@ptr4", "@ptr5", "@ptr6", "SL:METHOD_TIMER]", "[SL:DATE_TIME", "@ptr1", "@ptr2", "SL:DATE_TIME]", "IN:SUBTRACT_TIME_TIMER]"], "predicted_tokens": ["[IN:SUBTRACT_TIME_TIMER", "[SL:DATE_TIME", "@ptr1", "@ptr2", "SL:DATE_TIME]", "IN:SUBTRACT_TIME_TIMER]"]}
{"loss": 2.780266046524048, "class_log_probabilities": [-1.2409487962722778, -4.228994369506836, -4.322948932647705, -5.430874347686768], "predictions": [39, 40, 397, 41, 56, 403, 404, 405, 57, 42, 4], "target_tokens": ["[IN:GET_STORIES_NEWS", "[SL:NEWS_TYPE", "@ptr1", "@ptr2", "SL:NEWS_TYPE]", "[SL:NEWS_TOPIC", "@ptr5", "@ptr6", "@ptr7", "@ptr8", "@ptr9", "SL:NEWS_TOPIC]", "IN:GET_STORIES_NEWS]"], "predicted_tokens": ["[IN:GET_STORIES_NEWS", "[SL:NEWS_TYPE", "@ptr2", "SL:NEWS_TYPE]", "[SL:NEWS_TOPIC", "@ptr8", "@ptr9", "@ptr10", "SL:NEWS_TOPIC]", "IN:GET_STORIES_NEWS]"]}
{"loss": 2.6387364864349365, "class_log_probabilities": [-1.8963425159454346, -4.144397735595703, -4.345666885375977, -4.3654656410217285], "predictions": [63, 101, 396, 397, 398, 399, 102, 68, 4, 4], "target_tokens": ["[IN:GET_STORIES_NEWS", "[SL:NEWS_TOPIC", "@ptr2", "@ptr3", "@ptr4", "SL:NEWS_TOPIC]", "[SL:NEWS_TYPE", "@ptr1", "SL:NEWS_TYPE]", "IN:GET_STORIES_NEWS]"], "predicted_tokens": ["[IN:PLAY_MUSIC", "[SL:MUSIC_TRACK_TITLE", "@ptr1", "@ptr2", "@ptr3", "@ptr4", "SL:MUSIC_TRACK_TITLE]", "IN:PLAY_MUSIC]"]}
{"loss": 1.9933803081512451, "class_log_probabilities": [-2.966691732406616, -3.736752510070801, -3.7745327949523926, -4.639469623565674], "predictions": [55, 56, 395, 396, 397, 398, 57, 56, 402, 403, 404, 405, 406, 57, 58, 4, 4, 4], "target_tokens": ["[IN:QUESTION_NEWS", "[SL:NEWS_TOPIC", "@ptr0", "@ptr1", "@ptr2", "SL:NEWS_TOPIC]", "[SL:NEWS_TOPIC", "@ptr6", "@ptr7", "@ptr8", "SL:NEWS_TOPIC]", "IN:QUESTION_NEWS]"], "predicted_tokens": ["[IN:QUESTION_NEWS", "[SL:NEWS_TOPIC", "@ptr0", "@ptr1", "@ptr2", "@ptr3", "SL:NEWS_TOPIC]", "[SL:NEWS_TOPIC", "@ptr7", "@ptr8", "@ptr9", "@ptr10", "@ptr11", "SL:NEWS_TOPIC]", "IN:QUESTION_NEWS]"]}
{"loss": 4.2001051902771, "class_log_probabilities": [-4.298488140106201, -4.474117755889893, -4.9302825927734375, -5.4152092933654785], "predictions": [13, 16, 395, 396, 17, 14, 399, 15, 79, 404, 405, 80, 18, 4, 4, 4], "target_tokens": ["[IN:GET_WEATHER", "[SL:WEATHER_ATTRIBUTE", "@ptr6", "SL:WEATHER_ATTRIBUTE]", "[SL:WEATHER_ATTRIBUTE", "@ptr7", "SL:WEATHER_ATTRIBUTE]", "[SL:WEATHER_TEMPERATURE_UNIT", "@ptr8", "SL:WEATHER_TEMPERATURE_UNIT]", "[SL:LOCATION", "@ptr4", "SL:LOCATION]", "[SL:DATE_TIME", "@ptr0", "@ptr1", "@ptr2", "SL:DATE_TIME]", "IN:GET_WEATHER]"], "predicted_tokens": ["[IN:GET_WEATHER", "[SL:DATE_TIME", "@ptr0", "@ptr1", "SL:DATE_TIME]", "[SL:LOCATION", "@ptr4", "SL:LOCATION]", "[SL:WEATHER_ATTRIBUTE", "@ptr9", "@ptr10", "SL:WEATHER_ATTRIBUTE]", "IN:GET_WEATHER]"]}
{"loss": 0.9688580632209778, "class_log_probabilities": [-0.4330497980117798, -4.322327136993408, -4.844171524047852, -6.792328834533691], "predictions": [13, 135, 396, 136, 18, 4], "target_tokens": ["[IN:GET_WEATHER", "[SL:WEATHER_TEMPERATURE_UNIT", "@ptr1", "SL:WEATHER_TEMPERATURE_UNIT]", "IN:GET_WEATHER]"], "predicted_tokens": ["[IN:GET_WEATHER", "[SL:WEATHER_TEMPERATURE_UNIT", "@ptr1", "SL:WEATHER_TEMPERATURE_UNIT]", "IN:GET_WEATHER]"]}
{"loss": 1.3520891666412354, "class_log_probabilities": [-0.8239341974258423, -4.182863235473633, -5.761191368103027, -6.220515251159668], "predictions": [51, 52, 398, 399, 53, 54, 4, 4], "target_tokens": ["[IN:GET_RECIPES", "[SL:RECIPES_DISH", "@ptr2", "@ptr3", "@ptr4", "SL:RECIPES_DISH]", "IN:GET_RECIPES]"], "predicted_tokens": ["[IN:GET_RECIPES", "[SL:RECIPES_DISH", "@ptr3", "@ptr4", "SL:RECIPES_DISH]", "IN:GET_RECIPES]"]}
{"loss": 4.538248538970947, "class_log_probabilities": [-2.6013965606689453, -4.570684432983398, -5.014397621154785, -5.305670738220215], "predictions": [27, 129, 404, 130, 52, 410, 53, 30, 4], "target_tokens": ["[IN:GET_INFO_RECIPES", "[SL:RECIPES_DISH", "@ptr13", "SL:RECIPES_DISH]", "IN:GET_INFO_RECIPES]"], "predicted_tokens": ["[IN:GET_INFO_RECIPES", "[SL:RECIPES_INCLUDED_INGREDIENT", "@ptr9", "SL:RECIPES_INCLUDED_INGREDIENT]", "[SL:RECIPES_DISH", "@ptr15", "SL:RECIPES_DISH]", "IN:GET_INFO_RECIPES]"]}
{"loss": 2.3571155071258545, "class_log_probabilities": [-0.901330292224884, -2.108436346054077, -4.522128582000732, -5.572785377502441], "predictions": [27, 28, 397, 29, 52, 404, 405, 53, 30, 4, 4], "target_tokens": ["[IN:GET_INFO_RECIPES", "[SL:RECIPES_ATTRIBUTE", "@ptr2", "SL:RECIPES_ATTRIBUTE]", "[SL:RECIPES_DISH", "@ptr8", "@ptr9", "SL:RECIPES_DISH]", "IN:GET_INFO_RECIPES]"], "predicted_tokens": ["[IN:GET_INFO_RECIPES", "[SL:RECIPES_ATTRIBUTE", "@ptr2", "SL:RECIPES_ATTRIBUTE]", "[SL:RECIPES_DISH", "@ptr9", "@ptr10", "SL:RECIPES_DISH]", "IN:GET_INFO_RECIPES]"]}
{"loss": 0.9751307368278503, "class_log_probabilities": [-0.8620996475219727, -4.295255661010742, -4.868842601776123, -5.038400173187256], "predictions": [165, 129, 398, 130, 52, 401, 402, 53, 166, 4, 4], "target_tokens": ["[IN:IS_TRUE_RECIPES", "[SL:RECIPES_INCLUDED_INGREDIENT", "@ptr3", "SL:RECIPES_INCLUDED_INGREDIENT]", "[SL:RECIPES_DISH", "@ptr6", "@ptr7", "SL:RECIPES_DISH]", "IN:IS_TRUE_RECIPES]"], "predicted_tokens": ["[IN:IS_TRUE_RECIPES", "[SL:RECIPES_INCLUDED_INGREDIENT", "@ptr3", "SL:RECIPES_INCLUDED_INGREDIENT]", "[SL:RECIPES_DISH", "@ptr6", "@ptr7", "SL:RECIPES_DISH]", "IN:IS_TRUE_RECIPES]"]}
{"loss": 2.53891921043396, "class_log_probabilities": [-0.5297857522964478, -7.0216851234436035, -7.664775848388672, -7.75169038772583], "predictions": [61, 14, 398, 399, 400, 15, 62, 4], "target_tokens": ["[IN:GET_INFO_RECIPES", "[SL:RECIPES_DISH", "@ptr3", "@ptr4", "@ptr5", "SL:RECIPES_DISH]", "IN:GET_INFO_RECIPES]"], "predicted_tokens": ["[IN:GET_EVENT", "[SL:LOCATION", "@ptr3", "@ptr4", "@ptr5", "SL:LOCATION]", "IN:GET_EVENT]"]}
{"loss": 1.0275802612304688, "class_log_probabilities": [-0.9879139065742493, -1.594307780265808, -6.915265083312988, -7.180000305175781], "predictions": [51, 52, 396, 397, 53, 54, 4, 4], "target_tokens": ["[IN:GET_RECIPES", "[SL:RECIPES_DISH", "@ptr1", "@ptr2", "SL:RECIPES_DISH]", "IN:GET_RECIPES]"], "predicted_tokens": ["[IN:GET_RECIPES", "[SL:RECIPES_DISH", "@ptr1", "@ptr2", "SL:RECIPES_DISH]", "IN:GET_RECIPES]"]}
{"loss": 4.0584235191345215, "class_log_probabilities": [-1.1817065477371216, -2.169792890548706, -4.176349639892578, -5.3135833740234375], "predictions": [51, 52, 397, 53, 113, 399, 400, 401, 114, 54, 4], "target_tokens": ["[IN:GET_RECIPES", "[SL:RECIPES_COOKING_METHOD", "@ptr3", "@ptr4", "@ptr5", "@ptr6", "SL:RECIPES_COOKING_METHOD]", "[SL:RECIPES_DISH", "@ptr2", "SL:RECIPES_DISH]", "[SL:RECIPES_MEAL", "@ptr1", "SL:RECIPES_MEAL]", "IN:GET_RECIPES]"], "predicted_tokens": ["[IN:GET_RECIPES", "[SL:RECIPES_DISH", "@ptr2", "SL:RECIPES_DISH]", "[SL:RECIPES_COOKING_METHOD", "@ptr4", "@ptr5", "@ptr6", "SL:RECIPES_COOKING_METHOD]", "IN:GET_RECIPES]"]}
{"loss": 0.9647773504257202, "class_log_probabilities": [-0.44455957412719727, -6.5962066650390625, -7.101968765258789, -7.66195011138916], "predictions": [51, 52, 398, 399, 400, 53, 54, 4], "target_tokens": ["[IN:GET_RECIPES", "[SL:RECIPES_DISH", "@ptr3", "@ptr4", "@ptr5", "SL:RECIPES_DISH]", "IN:GET_RECIPES]"], "predicted_tokens": ["[IN:GET_RECIPES", "[SL:RECIPES_DISH", "@ptr3", "@ptr4", "@ptr5", "SL:RECIPES_DISH]", "IN:GET_RECIPES]"]}
{"loss": 2.873993158340454, "class_log_probabilities": [-0.5347146987915039, -5.975051403045654, -6.878519535064697, -7.025820732116699], "predictions": [51, 52, 398, 399, 400, 401, 53, 54, 4, 4], "target_tokens": ["[IN:GET_RECIPES", "[SL:RECIPES_COOKING_METHOD", "@ptr2", "SL:RECIPES_COOKING_METHOD]", "[SL:RECIPES_DISH", "@ptr3", "@ptr4", "@ptr5", "SL:RECIPES_DISH]", "IN:GET_RECIPES]"], "predicted_tokens": ["[IN:GET_RECIPES", "[SL:RECIPES_DISH", "@ptr3", "@ptr4", "@ptr5", "@ptr6", "SL:RECIPES_DISH]", "IN:GET_RECIPES]"]}
{"loss": 3.041703939437866, "class_log_probabilities": [-0.34250712394714355, -5.431418418884277, -5.935238838195801, -8.978232383728027], "predictions": [13, 18, 4, 4, 4, 4, 4], "target_tokens": ["[IN:GET_WEATHER", "[SL:WEATHER_ATTRIBUTE", "@ptr0", "@ptr1", "@ptr2", "@ptr3", "SL:WEATHER_ATTRIBUTE]", "IN:GET_WEATHER]"], "predicted_tokens": ["[IN:GET_WEATHER", "IN:GET_WEATHER]"]}
{"loss": 2.236231565475464, "class_log_probabilities": [-0.6324911713600159, -6.992384433746338, -7.016557693481445, -7.23976993560791], "predictions": [13, 16, 395, 396, 397, 17, 14, 402, 403, 404, 15, 18, 4], "target_tokens": ["[IN:GET_WEATHER", "[SL:DATE_TIME", "@ptr0", "@ptr1", "@ptr2", "SL:DATE_TIME]", "[SL:LOCATION", "@ptr6", "@ptr7", "@ptr8", "SL:LOCATION]", "IN:GET_WEATHER]"], "predicted_tokens": ["[IN:GET_WEATHER", "[SL:DATE_TIME", "@ptr0", "@ptr1", "@ptr2", "SL:DATE_TIME]", "[SL:LOCATION", "@ptr7", "@ptr8", "@ptr9", "SL:LOCATION]", "IN:GET_WEATHER]"]}
{"loss": 2.5677287578582764, "class_log_probabilities": [-0.8108996152877808, -3.571363925933838, -5.254576683044434, -6.284326076507568], "predictions": [27, 129, 396, 130, 129, 399, 130, 30, 4, 4, 4, 4], "target_tokens": ["[IN:GET_INFO_RECIPES", "[SL:RECIPES_INCLUDED_INGREDIENT", "@ptr1", "SL:RECIPES_INCLUDED_INGREDIENT]", "[SL:RECIPES_INCLUDED_INGREDIENT", "@ptr3", "SL:RECIPES_INCLUDED_INGREDIENT]", "[SL:RECIPES_ATTRIBUTE", "@ptr0", "SL:RECIPES_ATTRIBUTE]", "IN:GET_INFO_RECIPES]"], "predicted_tokens": ["[IN:GET_INFO_RECIPES", "[SL:RECIPES_INCLUDED_INGREDIENT", "@ptr1", "SL:RECIPES_INCLUDED_INGREDIENT]", "[SL:RECIPES_INCLUDED_INGREDIENT", "@ptr4", "SL:RECIPES_INCLUDED_INGREDIENT]", "IN:GET_INFO_RECIPES]"]}
{"loss": 3.5962576866149902, "class_log_probabilities": [-2.7242021560668945, -4.30385684967041, -5.012930393218994, -5.691232204437256], "predictions": [45, 249, 397, 398, 399, 400, 250, 16, 401, 402, 403, 17, 46, 4], "target_tokens": ["[IN:GET_WEATHER", "[SL:LOCATION", "@ptr2", "@ptr3", "@ptr4", "SL:LOCATION]", "[SL:DATE_TIME", "@ptr5", "@ptr6", "@ptr7", "SL:DATE_TIME]", "IN:GET_WEATHER]"], "predicted_tokens": ["[IN:CREATE_ALARM", "[SL:ALARM_NAME", "@ptr2", "@ptr3", "@ptr4", "@ptr5", "SL:ALARM_NAME]", "[SL:DATE_TIME", "@ptr6", "@ptr7", "@ptr8", "SL:DATE_TIME]", "IN:CREATE_ALARM]"]}
{"loss": 4.056251049041748, "class_log_probabilities": [-0.7178250551223755, -4.720392227172852, -7.562286853790283, -7.750479221343994], "predictions": [63, 64, 397, 65, 66, 401, 402, 403, 404, 405, 67, 68, 4], "target_tokens": ["[IN:PLAY_MUSIC", "[SL:MUSIC_ARTIST_NAME", "@ptr5", "@ptr6", "@ptr7", "@ptr8", "@ptr9", "SL:MUSIC_ARTIST_NAME]", "[SL:MUSIC_TYPE", "@ptr2", "SL:MUSIC_TYPE]", "IN:PLAY_MUSIC]"], "predicted_tokens": ["[IN:PLAY_MUSIC", "[SL:MUSIC_TYPE", "@ptr2", "SL:MUSIC_TYPE]", "[SL:MUSIC_ARTIST_NAME", "@ptr6", "@ptr7", "@ptr8", "@ptr9", "@ptr10", "SL:MUSIC_ARTIST_NAME]", "IN:PLAY_MUSIC]"]}
{"loss": 2.472954511642456, "class_log_probabilities": [-0.7964935302734375, -2.284940719604492, -3.2716681957244873, -4.426756858825684], "predictions": [297, 64, 397, 65, 298, 4], "target_tokens": ["[IN:PAUSE_MUSIC", "[SL:MUSIC_TYPE", "@ptr1", "SL:MUSIC_TYPE]", "IN:PAUSE_MUSIC]"], "predicted_tokens": ["[IN:STOP_MUSIC", "[SL:MUSIC_TYPE", "@ptr2", "SL:MUSIC_TYPE]", "IN:STOP_MUSIC]"]}
{"loss": 2.0865824222564697, "class_log_probabilities": [-0.49067622423171997, -4.557331562042236, -5.556916236877441, -7.2800984382629395], "predictions": [13, 16, 400, 401, 402, 17, 18, 4, 4], "target_tokens": ["[IN:GET_WEATHER", "[SL:DATE_TIME", "@ptr5", "@ptr6", "SL:DATE_TIME]", "IN:GET_WEATHER]"], "predicted_tokens": ["[IN:GET_WEATHER", "[SL:DATE_TIME", "@ptr5", "@ptr6", "@ptr7", "SL:DATE_TIME]", "IN:GET_WEATHER]"]}
{"loss": 3.0577661991119385, "class_log_probabilities": [-0.5349060297012329, -8.042505264282227, -8.072023391723633, -8.12174129486084], "predictions": [63, 64, 397, 65, 66, 398, 399, 67, 68, 4, 4], "target_tokens": ["[IN:PLAY_MUSIC", "[SL:MUSIC_GENRE", "@ptr3", "@ptr4", "SL:MUSIC_GENRE]", "[SL:MUSIC_TYPE", "@ptr2", "SL:MUSIC_TYPE]", "IN:PLAY_MUSIC]"], "predicted_tokens": ["[IN:PLAY_MUSIC", "[SL:MUSIC_TYPE", "@ptr2", "SL:MUSIC_TYPE]", "[SL:MUSIC_ARTIST_NAME", "@ptr3", "@ptr4", "SL:MUSIC_ARTIST_NAME]", "IN:PLAY_MUSIC]"]}
{"loss": 3.5239391326904297, "class_log_probabilities": [-0.32987475395202637, -8.916168212890625, -8.967655181884766, -10.02891731262207], "predictions": [63, 64, 396, 65, 68, 4, 4, 4, 4, 4, 4], "target_tokens": ["[IN:START_SHUFFLE_MUSIC", "[SL:MUSIC_TYPE", "@ptr1", "SL:MUSIC_TYPE]", "IN:START_SHUFFLE_MUSIC]"], "predicted_tokens": ["[IN:PLAY_MUSIC", "[SL:MUSIC_TYPE", "@ptr1", "SL:MUSIC_TYPE]", "IN:PLAY_MUSIC]"]}
{"loss": 3.076918363571167, "class_log_probabilities": [-0.9601677656173706, -3.9942190647125244, -6.222188472747803, -6.239660739898682], "predictions": [251, 64, 395, 65, 66, 399, 400, 401, 402, 403, 404, 67, 252, 4], "target_tokens": ["[IN:QUESTION_MUSIC", "[SL:MUSIC_ARTIST_NAME", "@ptr4", "@ptr5", "@ptr6", "@ptr7", "@ptr8", "SL:MUSIC_ARTIST_NAME]", "[SL:MUSIC_TYPE", "@ptr0", "SL:MUSIC_TYPE]", "IN:QUESTION_MUSIC]"], "predicted_tokens": ["[IN:QUESTION_MUSIC", "[SL:MUSIC_TYPE", "@ptr0", "SL:MUSIC_TYPE]", "[SL:MUSIC_ARTIST_NAME", "@ptr4", "@ptr5", "@ptr6", "@ptr7", "@ptr8", "@ptr9", "SL:MUSIC_ARTIST_NAME]", "IN:QUESTION_MUSIC]"]}
{"loss": 3.899872303009033, "class_log_probabilities": [-0.7620898485183716, -5.334461688995361, -6.177776336669922, -6.585212230682373], "predictions": [13, 16, 395, 396, 17, 14, 400, 401, 402, 403, 15, 18, 4], "target_tokens": ["[IN:GET_WEATHER", "[SL:LOCATION", "@ptr4", "@ptr5", "@ptr6", "@ptr7", "SL:LOCATION]", "[SL:DATE_TIME", "@ptr0", "@ptr1", "SL:DATE_TIME]", "IN:GET_WEATHER]"], "predicted_tokens": ["[IN:GET_WEATHER", "[SL:DATE_TIME", "@ptr0", "@ptr1", "SL:DATE_TIME]", "[SL:LOCATION", "@ptr5", "@ptr6", "@ptr7", "@ptr8", "SL:LOCATION]", "IN:GET_WEATHER]"]}
{"loss": 2.230788469314575, "class_log_probabilities": [-0.2973279058933258, -8.086830139160156, -8.396626472473145, -8.541255950927734], "predictions": [63, 64, 397, 65, 68, 4], "target_tokens": ["[IN:PLAY_MUSIC", "[SL:MUSIC_TYPE", "@ptr1", "SL:MUSIC_TYPE]", "IN:PLAY_MUSIC]"], "predicted_tokens": ["[IN:PLAY_MUSIC", "[SL:MUSIC_TYPE", "@ptr2", "SL:MUSIC_TYPE]", "IN:PLAY_MUSIC]"]}
{"loss": 3.508042097091675, "class_log_probabilities": [-1.4164276123046875, -3.0725433826446533, -4.2515082359313965, -4.454005718231201], "predictions": [27, 28, 398, 399, 400, 401, 402, 130, 30, 4], "target_tokens": ["[IN:GET_WEATHER", "[SL:WEATHER_ATTRIBUTE", "@ptr2", "@ptr3", "@ptr4", "@ptr5", "@ptr6", "@ptr7", "SL:WEATHER_ATTRIBUTE]", "IN:GET_WEATHER]"], "predicted_tokens": ["[IN:GET_INFO_RECIPES", "[SL:RECIPES_ATTRIBUTE", "@ptr3", "@ptr4", "@ptr5", "@ptr6", "@ptr7", "SL:RECIPES_INCLUDED_INGREDIENT]", "IN:GET_INFO_RECIPES]"]}
{"loss": 2.4548826217651367, "class_log_probabilities": [-2.146923542022705, -3.1118783950805664, -3.2427685260772705, -3.8393452167510986], "predictions": [13, 79, 399, 400, 401, 80, 14, 402, 403, 15, 18, 4], "target_tokens": ["[IN:GET_WEATHER", "[SL:WEATHER_ATTRIBUTE", "@ptr4", "@ptr5", "@ptr6", "@ptr7", "SL:WEATHER_ATTRIBUTE]", "IN:GET_WEATHER]"], "predicted_tokens": ["[IN:GET_WEATHER", "[SL:WEATHER_ATTRIBUTE", "@ptr4", "@ptr5", "@ptr6", "SL:WEATHER_ATTRIBUTE]", "[SL:LOCATION", "@ptr7", "@ptr8", "SL:LOCATION]", "IN:GET_WEATHER]"]}
{"loss": 2.2826476097106934, "class_log_probabilities": [-0.47066450119018555, -5.192889213562012, -6.90364408493042, -7.163690567016602], "predictions": [221, 14, 401, 402, 403, 15, 222, 4, 4], "target_tokens": ["[IN:GET_SUNSET", "[SL:LOCATION", "@ptr5", "@ptr6", "@ptr7", "SL:LOCATION]", "IN:GET_SUNSET]"], "predicted_tokens": ["[IN:GET_SUNSET", "[SL:LOCATION", "@ptr6", "@ptr7", "@ptr8", "SL:LOCATION]", "IN:GET_SUNSET]"]}
{"loss": 1.181170105934143, "class_log_probabilities": [-1.7060173749923706, -1.8640419244766235, -2.9279332160949707, -7.032125949859619], "predictions": [13, 79, 395, 80, 14, 400, 401, 15, 18, 4, 4], "target_tokens": ["[IN:GET_WEATHER", "[SL:WEATHER_ATTRIBUTE", "@ptr0", "SL:WEATHER_ATTRIBUTE]", "[SL:LOCATION", "@ptr5", "SL:LOCATION]", "IN:GET_WEATHER]"], "predicted_tokens": ["[IN:GET_WEATHER", "[SL:WEATHER_ATTRIBUTE", "@ptr0", "SL:WEATHER_ATTRIBUTE]", "[SL:LOCATION", "@ptr5", "@ptr6", "SL:LOCATION]", "IN:GET_WEATHER]"]}
{"loss": 2.2152912616729736, "class_log_probabilities": [-0.32448849081993103, -6.87705659866333, -7.52011775970459, -8.119186401367188], "predictions": [63, 151, 397, 152, 68, 4, 4, 4], "target_tokens": ["[IN:PLAY_MUSIC", "[SL:MUSIC_GENRE", "@ptr2", "SL:MUSIC_GENRE]", "[SL:MUSIC_TYPE", "@ptr1", "SL:MUSIC_TYPE]", "IN:PLAY_MUSIC]"], "predicted_tokens": ["[IN:PLAY_MUSIC", "[SL:MUSIC_GENRE", "@ptr2", "SL:MUSIC_GENRE]", "IN:PLAY_MUSIC]"]}
{"loss": 3.1965856552124023, "class_log_probabilities": [-1.998827338218689, -2.4226059913635254, -2.801208019256592, -5.185057163238525], "predictions": [229, 64, 396, 65, 20, 397, 21, 230, 4], "target_tokens": ["[IN:PREVIOUS_TRACK_MUSIC", "[SL:ORDINAL", "@ptr2", "SL:ORDINAL]", "[SL:MUSIC_TYPE", "@ptr1", "SL:MUSIC_TYPE]", "IN:PREVIOUS_TRACK_MUSIC]"], "predicted_tokens": ["[IN:PREVIOUS_TRACK_MUSIC", "[SL:MUSIC_TYPE", "@ptr1", "SL:MUSIC_TYPE]", "[SL:ORDINAL", "@ptr2", "SL:ORDINAL]", "IN:PREVIOUS_TRACK_MUSIC]"]}
{"loss": 3.362518310546875, "class_log_probabilities": [-1.1504448652267456, -2.618323564529419, -3.6488466262817383, -3.9038968086242676], "predictions": [13, 16, 395, 17, 79, 397, 80, 18, 4, 4], "target_tokens": ["[IN:GET_WEATHER", "[SL:WEATHER_ATTRIBUTE", "@ptr2", "SL:WEATHER_ATTRIBUTE]", "[SL:DATE_TIME", "@ptr0", "@ptr1", "SL:DATE_TIME]", "IN:GET_WEATHER]"], "predicted_tokens": ["[IN:GET_WEATHER", "[SL:DATE_TIME", "@ptr0", "SL:DATE_TIME]", "[SL:WEATHER_ATTRIBUTE", "@ptr2", "SL:WEATHER_ATTRIBUTE]", "IN:GET_WEATHER]"]}
{"loss": 3.9476616382598877, "class_log_probabilities": [-0.6549766659736633, -5.328237056732178, -5.846269607543945, -7.449088096618652], "predictions": [13, 16, 395, 396, 397, 17, 79, 400, 80, 18, 4, 4], "target_tokens": ["[IN:GET_WEATHER", "[SL:WEATHER_ATTRIBUTE", "@ptr5", "@ptr6", "SL:WEATHER_ATTRIBUTE]", "[SL:DATE_TIME", "@ptr1", "@ptr2", "SL:DATE_TIME]", "IN:GET_WEATHER]"], "predicted_tokens": ["[IN:GET_WEATHER", "[SL:DATE_TIME", "@ptr0", "@ptr1", "@ptr2", "SL:DATE_TIME]", "[SL:WEATHER_ATTRIBUTE", "@ptr5", "SL:WEATHER_ATTRIBUTE]", "IN:GET_WEATHER]"]}
{"loss": 1.007865071296692, "class_log_probabilities": [-0.1293182373046875, -7.520090579986572, -7.803539276123047, -7.961945533752441], "predictions": [221, 222, 4], "target_tokens": ["[IN:GET_SUNSET", "IN:GET_SUNSET]"], "predicted_tokens": ["[IN:GET_SUNSET", "IN:GET_SUNSET]"]}
{"loss": 2.090426445007324, "class_log_probabilities": [-3.1765077114105225, -4.107362270355225, -4.306608200073242, -6.7259039878845215], "predictions": [13, 79, 401, 402, 80, 18, 4], "target_tokens": ["[IN:GET_WEATHER", "IN:GET_WEATHER]"], "predicted_tokens": ["[IN:GET_WEATHER", "[SL:WEATHER_ATTRIBUTE", "@ptr6", "@ptr7", "SL:WEATHER_ATTRIBUTE]", "IN:GET_WEATHER]"]}
{"loss": 2.2952957153320312, "class_log_probabilities": [-1.0782451629638672, -3.296757936477661, -3.3226253986358643, -6.094007968902588], "predictions": [13, 14, 395, 396, 397, 15, 18, 4], "target_tokens": ["[IN:GET_WEATHER", "[SL:WEATHER_ATTRIBUTE", "@ptr0", "@ptr1", "@ptr2", "SL:WEATHER_ATTRIBUTE]", "IN:GET_WEATHER]"], "predicted_tokens": ["[IN:GET_WEATHER", "[SL:LOCATION", "@ptr0", "@ptr1", "@ptr2", "SL:LOCATION]", "IN:GET_WEATHER]"]}
{"loss": 3.1847219467163086, "class_log_probabilities": [-1.420520305633545, -2.496110439300537, -3.345594882965088, -4.597479820251465], "predictions": [13, 16, 395, 396, 17, 79, 400, 80, 18, 4, 4, 4], "target_tokens": ["[IN:GET_WEATHER", "[SL:WEATHER_ATTRIBUTE", "@ptr5", "SL:WEATHER_ATTRIBUTE]", "[SL:DATE_TIME", "@ptr0", "@ptr1", "@ptr2", "SL:DATE_TIME]", "IN:GET_WEATHER]"], "predicted_tokens": ["[IN:GET_WEATHER", "[SL:DATE_TIME", "@ptr0", "@ptr1", "SL:DATE_TIME]", "[SL:WEATHER_ATTRIBUTE", "@ptr5", "SL:WEATHER_ATTRIBUTE]", "IN:GET_WEATHER]"]}
{"loss": 3.019493341445923, "class_log_probabilities": [-2.893794536590576, -3.5594258308410645, -3.8901896476745605, -5.168175220489502], "predictions": [13, 14, 396, 397, 398, 399, 400, 401, 402, 15, 79, 405, 80, 18, 4], "target_tokens": ["[IN:GET_WEATHER", "[SL:WEATHER_ATTRIBUTE", "@ptr9", "SL:WEATHER_ATTRIBUTE]", "[SL:LOCATION", "@ptr1", "@ptr2", "@ptr3", "@ptr4", "@ptr5", "@ptr6", "SL:LOCATION]", "IN:GET_WEATHER]"], "predicted_tokens": ["[IN:GET_WEATHER", "[SL:LOCATION", "@ptr1", "@ptr2", "@ptr3", "@ptr4", "@ptr5", "@ptr6", "@ptr7", "SL:LOCATION]", "[SL:WEATHER_ATTRIBUTE", "@ptr10", "SL:WEATHER_ATTRIBUTE]", "IN:GET_WEATHER]"]}
{"loss": 3.2505245208740234, "class_log_probabilities": [-1.518924355506897, -2.262946605682373, -4.330483913421631, -5.3370442390441895], "predictions": [13, 16, 395, 396, 17, 79, 400, 80, 18, 4], "target_tokens": ["[IN:GET_WEATHER", "[SL:WEATHER_ATTRIBUTE", "@ptr4", "SL:WEATHER_ATTRIBUTE]", "[SL:DATE_TIME", "@ptr0", "@ptr1", "SL:DATE_TIME]", "IN:GET_WEATHER]"], "predicted_tokens": ["[IN:GET_WEATHER", "[SL:DATE_TIME", "@ptr0", "@ptr1", "SL:DATE_TIME]", "[SL:WEATHER_ATTRIBUTE", "@ptr5", "SL:WEATHER_ATTRIBUTE]", "IN:GET_WEATHER]"]}
{"loss": 1.2911030054092407, "class_log_probabilities": [-2.884228467941284, -3.873975992202759, -3.8787145614624023, -3.9776244163513184], "predictions": [13, 79, 395, 396, 397, 398, 80, 14, 406, 407, 15, 18, 4, 4], "target_tokens": ["[IN:GET_WEATHER", "[SL:WEATHER_ATTRIBUTE", "@ptr0", "@ptr1", "@ptr2", "@ptr3", "SL:WEATHER_ATTRIBUTE]", "IN:GET_WEATHER]"], "predicted_tokens": ["[IN:GET_WEATHER", "[SL:WEATHER_ATTRIBUTE", "@ptr0", "@ptr1", "@ptr2", "@ptr3", "SL:WEATHER_ATTRIBUTE]", "[SL:LOCATION", "@ptr11", "@ptr12", "SL:LOCATION]", "IN:GET_WEATHER]"]}
{"loss": 2.2580490112304688, "class_log_probabilities": [-0.3439924120903015, -5.114802360534668, -6.347266674041748, -6.444931507110596], "predictions": [297, 64, 398, 65, 298, 4], "target_tokens": ["[IN:STOP_MUSIC", "[SL:MUSIC_TYPE", "@ptr2", "SL:MUSIC_TYPE]", "IN:STOP_MUSIC]"], "predicted_tokens": ["[IN:STOP_MUSIC", "[SL:MUSIC_TYPE", "@ptr3", "SL:MUSIC_TYPE]", "IN:STOP_MUSIC]"]}
{"loss": 0.9849827885627747, "class_log_probabilities": [-0.29469573497772217, -7.718809127807617, -7.801010608673096, -7.840661525726318], "predictions": [241, 64, 398, 65, 242, 4, 4], "target_tokens": ["[IN:SKIP_TRACK_MUSIC", "[SL:MUSIC_TYPE", "@ptr3", "SL:MUSIC_TYPE]", "IN:SKIP_TRACK_MUSIC]"], "predicted_tokens": ["[IN:SKIP_TRACK_MUSIC", "[SL:MUSIC_TYPE", "@ptr3", "SL:MUSIC_TYPE]", "IN:SKIP_TRACK_MUSIC]"]}
{"loss": 2.442599058151245, "class_log_probabilities": [-1.8376818895339966, -7.040382385253906, -9.693860054016113, -71.46378326416016], "predictions": [27, 30, 4, 4, 4, 4, 4, 4, 4, 4, 4, 4, 4, 4, 4, 4, 4, 4, 4, 4, 4, 4, 4, 4, 4, 4, 4, 4, 4, 4, 4, 4, 4, 4, 4, 4, 4, 4, 4, 4, 4, 4, 4, 4, 4, 4, 4, 4, 4, 4, 4, 4, 4, 4, 4, 4, 4, 4, 4, 4, 4, 4, 4, 4, 4, 4, 4, 4, 4, 4, 4, 4, 4, 4, 4, 4, 4, 4, 4, 4, 4, 4, 4, 4, 4, 4, 4, 4, 4, 4, 4, 4, 4, 4, 4, 4, 4, 4, 4, 4], "target_tokens": ["[IN:GET_INFO_RECIPES", "[SL:RECIPES_ATTRIBUTE", "@ptr8", "@ptr9", "SL:RECIPES_ATTRIBUTE]", "[SL:RECIPES_COOKING_METHOD", "@ptr14", "@ptr15", "@ptr16", "SL:RECIPES_COOKING_METHOD]", "IN:GET_INFO_RECIPES]"], "predicted_tokens": ["[IN:GET_INFO_RECIPES", "IN:GET_INFO_RECIPES]"]}
{"loss": 2.6285011768341064, "class_log_probabilities": [-0.9255013465881348, -2.648893356323242, -7.5347747802734375, -7.695998191833496], "predictions": [45, 16, 400, 401, 402, 403, 17, 46, 4, 4, 4, 4, 4], "target_tokens": ["[IN:CREATE_ALARM", "[SL:DATE_TIME", "@ptr3", "@ptr4", "@ptr5", "@ptr6", "@ptr7", "SL:DATE_TIME]", "IN:CREATE_ALARM]"], "predicted_tokens": ["[IN:CREATE_ALARM", "[SL:DATE_TIME", "@ptr5", "@ptr6", "@ptr7", "@ptr8", "SL:DATE_TIME]", "IN:CREATE_ALARM]"]}
{"loss": 2.8671579360961914, "class_log_probabilities": [-0.6607975363731384, -5.255656719207764, -7.609581470489502, -7.689196586608887], "predictions": [13, 16, 397, 398, 399, 400, 401, 402, 403, 17, 18, 4, 4], "target_tokens": ["[IN:GET_WEATHER", "[SL:DATE_TIME", "@ptr5", "@ptr6", "@ptr7", "SL:DATE_TIME]", "IN:GET_WEATHER]"], "predicted_tokens": ["[IN:GET_WEATHER", "[SL:DATE_TIME", "@ptr2", "@ptr3", "@ptr4", "@ptr5", "@ptr6", "@ptr7", "@ptr8", "SL:DATE_TIME]", "IN:GET_WEATHER]"]}
{"loss": 3.9335312843322754, "class_log_probabilities": [-0.14610499143600464, -6.951075553894043, -7.464889049530029, -8.069493293762207], "predictions": [255, 256, 4], "target_tokens": ["[IN:PAUSE_TIMER", "[SL:METHOD_TIMER", "@ptr1", "@ptr2", "@ptr3", "SL:METHOD_TIMER]", "IN:PAUSE_TIMER]"], "predicted_tokens": ["[IN:PAUSE_TIMER", "IN:PAUSE_TIMER]"]}
{"loss": 0.9653809666633606, "class_log_probabilities": [-0.5626758933067322, -5.475788593292236, -6.38494348526001, -6.724010944366455], "predictions": [39, 40, 397, 41, 43, 400, 44, 42, 4, 4], "target_tokens": ["[IN:GET_STORIES_NEWS", "[SL:NEWS_TYPE", "@ptr2", "SL:NEWS_TYPE]", "[SL:NEWS_CATEGORY", "@ptr5", "SL:NEWS_CATEGORY]", "IN:GET_STORIES_NEWS]"], "predicted_tokens": ["[IN:GET_STORIES_NEWS", "[SL:NEWS_TYPE", "@ptr2", "SL:NEWS_TYPE]", "[SL:NEWS_CATEGORY", "@ptr5", "SL:NEWS_CATEGORY]", "IN:GET_STORIES_NEWS]"]}
{"loss": 3.980811595916748, "class_log_probabilities": [-0.8320296406745911, -3.3415567874908447, -4.923994064331055, -5.57851505279541], "predictions": [273, 90, 397, 91, 16, 402, 403, 404, 17, 274, 4, 4], "target_tokens": ["[IN:RESTART_TIMER", "[SL:METHOD_TIMER", "@ptr1", "@ptr2", "@ptr3", "SL:METHOD_TIMER]", "[SL:DATE_TIME", "@ptr5", "@ptr6", "@ptr7", "SL:DATE_TIME]", "IN:RESTART_TIMER]"], "predicted_tokens": ["[IN:RESTART_TIMER", "[SL:METHOD_TIMER", "@ptr2", "SL:METHOD_TIMER]", "[SL:DATE_TIME", "@ptr7", "@ptr8", "@ptr9", "SL:DATE_TIME]", "IN:RESTART_TIMER]"]}
{"loss": 1.3642020225524902, "class_log_probabilities": [-1.6283986568450928, -2.080172061920166, -4.468358516693115, -4.780900478363037], "predictions": [13, 79, 399, 400, 401, 402, 80, 18, 4], "target_tokens": ["[IN:GET_WEATHER", "[SL:WEATHER_ATTRIBUTE", "@ptr4", "@ptr5", "@ptr6", "SL:WEATHER_ATTRIBUTE]", "IN:GET_WEATHER]"], "predicted_tokens": ["[IN:GET_WEATHER", "[SL:WEATHER_ATTRIBUTE", "@ptr4", "@ptr5", "@ptr6", "@ptr7", "SL:WEATHER_ATTRIBUTE]", "IN:GET_WEATHER]"]}
{"loss": 3.499497413635254, "class_log_probabilities": [-0.8993651270866394, -3.570675849914551, -5.448732852935791, -6.003039836883545], "predictions": [13, 14, 395, 15, 79, 398, 80, 18, 4], "target_tokens": ["[IN:GET_WEATHER", "[SL:WEATHER_ATTRIBUTE", "@ptr2", "SL:WEATHER_ATTRIBUTE]", "[SL:LOCATION", "@ptr0", "SL:LOCATION]", "IN:GET_WEATHER]"], "predicted_tokens": ["[IN:GET_WEATHER", "[SL:LOCATION", "@ptr0", "SL:LOCATION]", "[SL:WEATHER_ATTRIBUTE", "@ptr3", "SL:WEATHER_ATTRIBUTE]", "IN:GET_WEATHER]"]}
{"loss": 0.9601283073425293, "class_log_probabilities": [-0.4121350347995758, -7.979546546936035, -8.609746932983398, -8.690096855163574], "predictions": [13, 16, 397, 398, 17, 18, 4, 4], "target_tokens": ["[IN:GET_WEATHER", "[SL:DATE_TIME", "@ptr2", "@ptr3", "SL:DATE_TIME]", "IN:GET_WEATHER]"], "predicted_tokens": ["[IN:GET_WEATHER", "[SL:DATE_TIME", "@ptr2", "@ptr3", "SL:DATE_TIME]", "IN:GET_WEATHER]"]}
{"loss": 3.29473614692688, "class_log_probabilities": [-0.9994341135025024, -2.669921875, -7.023924350738525, -7.302399158477783], "predictions": [13, 16, 395, 396, 17, 79, 397, 80, 18, 4], "target_tokens": ["[IN:GET_WEATHER", "[SL:WEATHER_ATTRIBUTE", "@ptr2", "SL:WEATHER_ATTRIBUTE]", "[SL:DATE_TIME", "@ptr0", "@ptr1", "SL:DATE_TIME]", "IN:GET_WEATHER]"], "predicted_tokens": ["[IN:GET_WEATHER", "[SL:DATE_TIME", "@ptr0", "@ptr1", "SL:DATE_TIME]", "[SL:WEATHER_ATTRIBUTE", "@ptr2", "SL:WEATHER_ATTRIBUTE]", "IN:GET_WEATHER]"]}
{"loss": 3.8856101036071777, "class_log_probabilities": [-0.4900345206260681, -6.397090435028076, -7.500035762786865, -7.707053184509277], "predictions": [13, 16, 395, 17, 79, 397, 80, 18, 4, 4, 4, 4], "target_tokens": ["[IN:GET_WEATHER", "[SL:WEATHER_ATTRIBUTE", "@ptr2", "SL:WEATHER_ATTRIBUTE]", "[SL:DATE_TIME", "@ptr0", "@ptr1", "SL:DATE_TIME]", "IN:GET_WEATHER]"], "predicted_tokens": ["[IN:GET_WEATHER", "[SL:DATE_TIME", "@ptr0", "SL:DATE_TIME]", "[SL:WEATHER_ATTRIBUTE", "@ptr2", "SL:WEATHER_ATTRIBUTE]", "IN:GET_WEATHER]"]}
{"loss": 2.0644047260284424, "class_log_probabilities": [-1.1142499446868896, -4.288809776306152, -5.270331382751465, -5.8062543869018555], "predictions": [13, 79, 398, 399, 80, 14, 404, 405, 15, 16, 407, 408, 409, 17, 18, 4, 4], "target_tokens": ["[IN:GET_WEATHER", "[SL:WEATHER_ATTRIBUTE", "@ptr3", "@ptr4", "SL:WEATHER_ATTRIBUTE]", "[SL:DATE_TIME", "@ptr12", "@ptr13", "SL:DATE_TIME]", "IN:GET_WEATHER]"], "predicted_tokens": ["[IN:GET_WEATHER", "[SL:WEATHER_ATTRIBUTE", "@ptr3", "@ptr4", "SL:WEATHER_ATTRIBUTE]", "[SL:LOCATION", "@ptr9", "@ptr10", "SL:LOCATION]", "[SL:DATE_TIME", "@ptr12", "@ptr13", "@ptr14", "SL:DATE_TIME]", "IN:GET_WEATHER]"]}
{"loss": 2.14090895652771, "class_log_probabilities": [-0.69257652759552, -5.822804927825928, -6.1219282150268555, -6.276515960693359], "predictions": [287, 101, 396, 397, 398, 399, 400, 401, 102, 288, 4], "target_tokens": ["[IN:LOOP_MUSIC", "[SL:MUSIC_TRACK_TITLE", "@ptr1", "@ptr2", "@ptr3", "@ptr4", "@ptr5", "SL:MUSIC_TRACK_TITLE]", "IN:LOOP_MUSIC]"], "predicted_tokens": ["[IN:REPLAY_MUSIC", "[SL:MUSIC_TRACK_TITLE", "@ptr1", "@ptr2", "@ptr3", "@ptr4", "@ptr5", "@ptr6", "SL:MUSIC_TRACK_TITLE]", "IN:REPLAY_MUSIC]"]}
{"loss": 2.0896618366241455, "class_log_probabilities": [-1.0903249979019165, -1.3042290210723877, -7.828766822814941, -7.875120639801025], "predictions": [241, 64, 397, 65, 20, 399, 21, 242, 4], "target_tokens": ["[IN:SKIP_TRACK_MUSIC", "[SL:MUSIC_TYPE", "@ptr2", "SL:MUSIC_TYPE]", "IN:SKIP_TRACK_MUSIC]"], "predicted_tokens": ["[IN:SKIP_TRACK_MUSIC", "[SL:MUSIC_TYPE", "@ptr2", "SL:MUSIC_TYPE]", "[SL:ORDINAL", "@ptr4", "SL:ORDINAL]", "IN:SKIP_TRACK_MUSIC]"]}
{"loss": 4.4153151512146, "class_log_probabilities": [-0.7158610820770264, -5.743649959564209, -6.334207057952881, -6.656970024108887], "predictions": [63, 101, 396, 397, 398, 399, 400, 401, 402, 403, 404, 102, 68, 4, 4], "target_tokens": ["[IN:PLAY_MUSIC", "[SL:MUSIC_GENRE", "@ptr3", "@ptr4", "SL:MUSIC_GENRE]", "[SL:MUSIC_TYPE", "@ptr6", "SL:MUSIC_TYPE]", "IN:PLAY_MUSIC]"], "predicted_tokens": ["[IN:PLAY_MUSIC", "[SL:MUSIC_TRACK_TITLE", "@ptr1", "@ptr2", "@ptr3", "@ptr4", "@ptr5", "@ptr6", "@ptr7", "@ptr8", "@ptr9", "SL:MUSIC_TRACK_TITLE]", "IN:PLAY_MUSIC]"]}
{"loss": 3.2596054077148438, "class_log_probabilities": [-0.9559107422828674, -4.0297136306762695, -4.54472541809082, -5.113400459289551], "predictions": [39, 40, 396, 41, 16, 397, 17, 56, 401, 57, 42, 4, 4], "target_tokens": ["[IN:GET_STORIES_NEWS", "[SL:DATE_TIME", "@ptr2", "SL:DATE_TIME]", "[SL:NEWS_TYPE", "@ptr1", "SL:NEWS_TYPE]", "[SL:NEWS_TOPIC", "@ptr5", "SL:NEWS_TOPIC]", "IN:GET_STORIES_NEWS]"], "predicted_tokens": ["[IN:GET_STORIES_NEWS", "[SL:NEWS_TYPE", "@ptr1", "SL:NEWS_TYPE]", "[SL:DATE_TIME", "@ptr2", "SL:DATE_TIME]", "[SL:NEWS_TOPIC", "@ptr6", "SL:NEWS_TOPIC]", "IN:GET_STORIES_NEWS]"]}
{"loss": 4.048514366149902, "class_log_probabilities": [-0.1748318076133728, -7.815455913543701, -7.990311622619629, -8.080278396606445], "predictions": [115, 116, 4, 4, 4, 4], "target_tokens": ["[IN:GET_TIMER", "[SL:METHOD_TIMER", "@ptr5", "@ptr6", "@ptr7", "SL:METHOD_TIMER]", "IN:GET_TIMER]"], "predicted_tokens": ["[IN:GET_TIMER", "IN:GET_TIMER]"]}
{"loss": 3.4146134853363037, "class_log_probabilities": [-1.6736952066421509, -2.8770461082458496, -3.878934144973755, -5.067557334899902], "predictions": [63, 64, 396, 65, 66, 398, 399, 400, 401, 67, 66, 403, 404, 405, 67, 68, 4, 4], "target_tokens": ["[IN:PLAY_MUSIC", "[SL:MUSIC_ARTIST_NAME", "@ptr3", "@ptr4", "@ptr5", "SL:MUSIC_ARTIST_NAME]", "[SL:MUSIC_PROVIDER_NAME", "@ptr7", "@ptr8", "@ptr9", "SL:MUSIC_PROVIDER_NAME]", "IN:PLAY_MUSIC]"], "predicted_tokens": ["[IN:PLAY_MUSIC", "[SL:MUSIC_TYPE", "@ptr1", "SL:MUSIC_TYPE]", "[SL:MUSIC_ARTIST_NAME", "@ptr3", "@ptr4", "@ptr5", "@ptr6", "SL:MUSIC_ARTIST_NAME]", "[SL:MUSIC_ARTIST_NAME", "@ptr8", "@ptr9", "@ptr10", "SL:MUSIC_ARTIST_NAME]", "IN:PLAY_MUSIC]"]}
{"loss": 3.598862648010254, "class_log_probabilities": [-0.15663298964500427, -7.51603364944458, -8.056599617004395, -8.29739761352539], "predictions": [115, 116, 4, 4, 4, 4], "target_tokens": ["[IN:GET_TIMER", "[SL:METHOD_TIMER", "@ptr0", "@ptr1", "@ptr2", "SL:METHOD_TIMER]", "IN:GET_TIMER]"], "predicted_tokens": ["[IN:GET_TIMER", "IN:GET_TIMER]"]}
{"loss": 1.3568530082702637, "class_log_probabilities": [-2.3459322452545166, -3.280146360397339, -4.302885055541992, -5.575969219207764], "predictions": [85, 64, 397, 65, 88, 4], "target_tokens": ["[IN:CREATE_PLAYLIST_MUSIC", "[SL:MUSIC_TYPE", "@ptr1", "SL:MUSIC_TYPE]", "IN:CREATE_PLAYLIST_MUSIC]"], "predicted_tokens": ["[IN:CREATE_PLAYLIST_MUSIC", "[SL:MUSIC_TYPE", "@ptr2", "SL:MUSIC_TYPE]", "IN:CREATE_PLAYLIST_MUSIC]"]}
{"loss": 1.3396919965744019, "class_log_probabilities": [-0.8555127382278442, -3.619957447052002, -4.328934192657471, -4.620284080505371], "predictions": [13, 79, 397, 398, 399, 80, 18, 4], "target_tokens": ["[IN:GET_WEATHER", "[SL:WEATHER_ATTRIBUTE", "@ptr2", "@ptr3", "SL:WEATHER_ATTRIBUTE]", "IN:GET_WEATHER]"], "predicted_tokens": ["[IN:GET_WEATHER", "[SL:WEATHER_ATTRIBUTE", "@ptr2", "@ptr3", "@ptr4", "SL:WEATHER_ATTRIBUTE]", "IN:GET_WEATHER]"]}
{"loss": 4.12861967086792, "class_log_probabilities": [-4.2851643562316895, -5.057020664215088, -6.221874713897705, -6.398301124572754], "predictions": [39, 40, 397, 41, 16, 399, 17, 56, 401, 402, 403, 57, 42, 4], "target_tokens": ["[IN:GET_STORIES_NEWS", "[SL:DATE_TIME", "@ptr3", "SL:DATE_TIME]", "[SL:NEWS_TYPE", "@ptr0", "@ptr1", "@ptr2", "SL:NEWS_TYPE]", "[SL:NEWS_SOURCE", "@ptr5", "@ptr6", "@ptr7", "SL:NEWS_SOURCE]", "IN:GET_STORIES_NEWS]"], "predicted_tokens": ["[IN:GET_STORIES_NEWS", "[SL:NEWS_TYPE", "@ptr2", "SL:NEWS_TYPE]", "[SL:DATE_TIME", "@ptr4", "SL:DATE_TIME]", "[SL:NEWS_TOPIC", "@ptr6", "@ptr7", "@ptr8", "SL:NEWS_TOPIC]", "IN:GET_STORIES_NEWS]"]}
{"loss": 4.1128692626953125, "class_log_probabilities": [-0.20460397005081177, -7.117646217346191, -7.328384876251221, -7.41914176940918], "predictions": [115, 116, 4], "target_tokens": ["[IN:GET_TIMER", "[SL:METHOD_TIMER", "@ptr0", "@ptr1", "@ptr2", "SL:METHOD_TIMER]", "IN:GET_TIMER]"], "predicted_tokens": ["[IN:GET_TIMER", "IN:GET_TIMER]"]}
{"loss": 4.394561767578125, "class_log_probabilities": [-0.2227550745010376, -6.517338275909424, -6.520564079284668, -6.59541130065918], "predictions": [19, 22, 4], "target_tokens": ["[IN:GET_TIMER", "[SL:METHOD_TIMER", "@ptr0", "@ptr1", "@ptr2", "SL:METHOD_TIMER]", "IN:GET_TIMER]"], "predicted_tokens": ["[IN:GET_ALARM", "IN:GET_ALARM]"]}
{"loss": 0.9672779440879822, "class_log_probabilities": [-0.5947360396385193, -6.597892761230469, -7.426244258880615, -7.872594833374023], "predictions": [63, 64, 395, 65, 66, 400, 401, 402, 67, 68, 4, 4], "target_tokens": ["[IN:PLAY_MUSIC", "[SL:MUSIC_TYPE", "@ptr0", "SL:MUSIC_TYPE]", "[SL:MUSIC_ARTIST_NAME", "@ptr5", "@ptr6", "@ptr7", "SL:MUSIC_ARTIST_NAME]", "IN:PLAY_MUSIC]"], "predicted_tokens": ["[IN:PLAY_MUSIC", "[SL:MUSIC_TYPE", "@ptr0", "SL:MUSIC_TYPE]", "[SL:MUSIC_ARTIST_NAME", "@ptr5", "@ptr6", "@ptr7", "SL:MUSIC_ARTIST_NAME]", "IN:PLAY_MUSIC]"]}
{"loss": 1.860491156578064, "class_log_probabilities": [-0.8698039650917053, -3.347388982772827, -4.864750385284424, -4.899816989898682], "predictions": [119, 249, 397, 250, 122, 4], "target_tokens": ["[IN:DELETE_ALARM", "IN:DELETE_ALARM]"], "predicted_tokens": ["[IN:DELETE_ALARM", "[SL:ALARM_NAME", "@ptr2", "SL:ALARM_NAME]", "IN:DELETE_ALARM]"]}
{"loss": 4.063333034515381, "class_log_probabilities": [-1.0032305717468262, -3.404665470123291, -5.696529865264893, -6.931400775909424], "predictions": [63, 64, 396, 65, 66, 400, 401, 402, 403, 67, 68, 4], "target_tokens": ["[IN:PLAY_MUSIC", "[SL:MUSIC_ARTIST_NAME", "@ptr5", "@ptr6", "@ptr7", "SL:MUSIC_ARTIST_NAME]", "[SL:MUSIC_TYPE", "@ptr1", "SL:MUSIC_TYPE]", "IN:PLAY_MUSIC]"], "predicted_tokens": ["[IN:PLAY_MUSIC", "[SL:MUSIC_TYPE", "@ptr1", "SL:MUSIC_TYPE]", "[SL:MUSIC_ARTIST_NAME", "@ptr5", "@ptr6", "@ptr7", "@ptr8", "SL:MUSIC_ARTIST_NAME]", "IN:PLAY_MUSIC]"]}
{"loss": 5.357720851898193, "class_log_probabilities": [-2.1576273441314697, -2.799053907394409, -3.2638015747070312, -3.303611993789673], "predictions": [241, 6, 398, 399, 7, 242, 4], "target_tokens": ["[IN:FAST_FORWARD_MUSIC", "IN:FAST_FORWARD_MUSIC]"], "predicted_tokens": ["[IN:SKIP_TRACK_MUSIC", "[SL:CONTACT", "@ptr3", "@ptr4", "SL:CONTACT]", "IN:SKIP_TRACK_MUSIC]"]}
{"loss": 2.4827499389648438, "class_log_probabilities": [-0.8222574591636658, -6.397711753845215, -6.798527240753174, -6.943869113922119], "predictions": [39, 40, 395, 41, 16, 396, 17, 56, 398, 57, 42, 4], "target_tokens": ["[IN:GET_STORIES_NEWS", "[SL:DATE_TIME", "@ptr1", "SL:DATE_TIME]", "[SL:NEWS_TYPE", "@ptr0", "SL:NEWS_TYPE]", "[SL:NEWS_TOPIC", "@ptr3", "SL:NEWS_TOPIC]", "IN:GET_STORIES_NEWS]"], "predicted_tokens": ["[IN:GET_STORIES_NEWS", "[SL:NEWS_TYPE", "@ptr0", "SL:NEWS_TYPE]", "[SL:DATE_TIME", "@ptr1", "SL:DATE_TIME]", "[SL:NEWS_TOPIC", "@ptr3", "SL:NEWS_TOPIC]", "IN:GET_STORIES_NEWS]"]}
{"loss": 3.344395399093628, "class_log_probabilities": [-1.0189051628112793, -2.9244942665100098, -4.152437210083008, -4.62543249130249], "predictions": [63, 64, 397, 65, 101, 398, 102, 68, 4], "target_tokens": ["[IN:SKIP_TRACK_MUSIC", "[SL:MUSIC_TRACK_TITLE", "@ptr3", "SL:MUSIC_TRACK_TITLE]", "IN:SKIP_TRACK_MUSIC]"], "predicted_tokens": ["[IN:PLAY_MUSIC", "[SL:MUSIC_TYPE", "@ptr2", "SL:MUSIC_TYPE]", "[SL:MUSIC_TRACK_TITLE", "@ptr3", "SL:MUSIC_TRACK_TITLE]", "IN:PLAY_MUSIC]"]}
{"loss": 1.9882915019989014, "class_log_probabilities": [-0.658443808555603, -3.7292778491973877, -8.037349700927734, -8.115894317626953], "predictions": [13, 16, 398, 399, 400, 401, 402, 17, 18, 4], "target_tokens": ["[IN:GET_WEATHER", "[SL:DATE_TIME", "@ptr2", "@ptr3", "@ptr4", "@ptr5", "@ptr6", "SL:DATE_TIME]", "IN:GET_WEATHER]"], "predicted_tokens": ["[IN:GET_WEATHER", "[SL:DATE_TIME", "@ptr3", "@ptr4", "@ptr5", "@ptr6", "@ptr7", "SL:DATE_TIME]", "IN:GET_WEATHER]"]}
{"loss": 2.8467648029327393, "class_log_probabilities": [-0.6429629325866699, -5.051701545715332, -6.586359977722168, -6.798820972442627], "predictions": [13, 16, 397, 398, 17, 79, 402, 80, 18, 4, 4], "target_tokens": ["[IN:GET_WEATHER", "[SL:WEATHER_ATTRIBUTE", "@ptr6", "SL:WEATHER_ATTRIBUTE]", "[SL:DATE_TIME", "@ptr2", "@ptr3", "SL:DATE_TIME]", "IN:GET_WEATHER]"], "predicted_tokens": ["[IN:GET_WEATHER", "[SL:DATE_TIME", "@ptr2", "@ptr3", "SL:DATE_TIME]", "[SL:WEATHER_ATTRIBUTE", "@ptr7", "SL:WEATHER_ATTRIBUTE]", "IN:GET_WEATHER]"]}
{"loss": 1.315900206565857, "class_log_probabilities": [-1.0199652910232544, -1.6431208848953247, -4.130760669708252, -5.697009563446045], "predictions": [47, 48, 4], "target_tokens": ["[IN:GET_ALARM", "IN:GET_ALARM]"], "predicted_tokens": ["[IN:GET_REMINDER", "IN:GET_REMINDER]"]}
{"loss": 3.521486759185791, "class_log_probabilities": [-0.8150480389595032, -4.2869768142700195, -5.045965671539307, -5.54157018661499], "predictions": [13, 16, 395, 396, 17, 79, 397, 80, 18, 4, 4, 4, 4], "target_tokens": ["[IN:GET_WEATHER", "[SL:WEATHER_ATTRIBUTE", "@ptr2", "SL:WEATHER_ATTRIBUTE]", "[SL:DATE_TIME", "@ptr0", "@ptr1", "SL:DATE_TIME]", "IN:GET_WEATHER]"], "predicted_tokens": ["[IN:GET_WEATHER", "[SL:DATE_TIME", "@ptr0", "@ptr1", "SL:DATE_TIME]", "[SL:WEATHER_ATTRIBUTE", "@ptr2", "SL:WEATHER_ATTRIBUTE]", "IN:GET_WEATHER]"]}
{"loss": 2.6229448318481445, "class_log_probabilities": [-0.4301591217517853, -4.485031604766846, -7.326925277709961, -7.734008312225342], "predictions": [49, 36, 401, 37, 50, 4], "target_tokens": ["[IN:CREATE_ALARM", "[SL:ALARM_NAME", "@ptr5", "SL:ALARM_NAME]", "IN:CREATE_ALARM]"], "predicted_tokens": ["[IN:CREATE_REMINDER", "[SL:TODO", "@ptr6", "SL:TODO]", "IN:CREATE_REMINDER]"]}
{"loss": 3.198352575302124, "class_log_probabilities": [-0.7638354897499084, -2.2924628257751465, -7.488856315612793, -7.773762226104736], "predictions": [39, 40, 400, 41, 43, 401, 44, 42, 4], "target_tokens": ["[IN:GET_STORIES_NEWS", "[SL:NEWS_CATEGORY", "@ptr5", "SL:NEWS_CATEGORY]", "[SL:NEWS_TYPE", "@ptr4", "SL:NEWS_TYPE]", "IN:GET_STORIES_NEWS]"], "predicted_tokens": ["[IN:GET_STORIES_NEWS", "[SL:NEWS_TYPE", "@ptr5", "SL:NEWS_TYPE]", "[SL:NEWS_CATEGORY", "@ptr6", "SL:NEWS_CATEGORY]", "IN:GET_STORIES_NEWS]"]}
{"loss": 1.888865351676941, "class_log_probabilities": [-1.006894588470459, -4.3213982582092285, -4.906259059906006, -6.55290412902832], "predictions": [13, 79, 395, 80, 16, 398, 399, 400, 17, 18, 4], "target_tokens": ["[IN:GET_WEATHER", "[SL:WEATHER_ATTRIBUTE", "@ptr0", "@ptr1", "SL:WEATHER_ATTRIBUTE]", "[SL:DATE_TIME", "@ptr3", "@ptr4", "SL:DATE_TIME]", "IN:GET_WEATHER]"], "predicted_tokens": ["[IN:GET_WEATHER", "[SL:WEATHER_ATTRIBUTE", "@ptr0", "SL:WEATHER_ATTRIBUTE]", "[SL:DATE_TIME", "@ptr3", "@ptr4", "@ptr5", "SL:DATE_TIME]", "IN:GET_WEATHER]"]}
{"loss": 2.6178410053253174, "class_log_probabilities": [-1.7257698774337769, -2.9957213401794434, -3.182971477508545, -4.951443195343018], "predictions": [13, 16, 395, 396, 17, 14, 397, 398, 399, 15, 79, 403, 404, 80, 18, 4], "target_tokens": ["[IN:GET_WEATHER", "[SL:WEATHER_ATTRIBUTE", "@ptr7", "@ptr8", "SL:WEATHER_ATTRIBUTE]", "[SL:LOCATION", "@ptr2", "@ptr3", "@ptr4", "SL:LOCATION]", "[SL:DATE_TIME", "@ptr0", "@ptr1", "SL:DATE_TIME]", "IN:GET_WEATHER]"], "predicted_tokens": ["[IN:GET_WEATHER", "[SL:DATE_TIME", "@ptr0", "@ptr1", "SL:DATE_TIME]", "[SL:LOCATION", "@ptr2", "@ptr3", "@ptr4", "SL:LOCATION]", "[SL:WEATHER_ATTRIBUTE", "@ptr8", "@ptr9", "SL:WEATHER_ATTRIBUTE]", "IN:GET_WEATHER]"]}
{"loss": 3.294578790664673, "class_log_probabilities": [-1.732619047164917, -2.7434499263763428, -3.656928300857544, -4.225099563598633], "predictions": [13, 16, 395, 396, 17, 79, 398, 80, 16, 402, 403, 17, 18, 4], "target_tokens": ["[IN:GET_WEATHER", "[SL:WEATHER_ATTRIBUTE", "@ptr2", "@ptr4", "SL:WEATHER_ATTRIBUTE]", "[SL:DATE_TIME", "@ptr0", "@ptr1", "SL:DATE_TIME]", "IN:GET_WEATHER]"], "predicted_tokens": ["[IN:GET_WEATHER", "[SL:DATE_TIME", "@ptr0", "@ptr1", "SL:DATE_TIME]", "[SL:WEATHER_ATTRIBUTE", "@ptr3", "SL:WEATHER_ATTRIBUTE]", "[SL:DATE_TIME", "@ptr7", "@ptr8", "SL:DATE_TIME]", "IN:GET_WEATHER]"]}
{"loss": 0.9761505126953125, "class_log_probabilities": [-0.30289533734321594, -6.113324165344238, -7.348079681396484, -7.6252264976501465], "predictions": [217, 64, 395, 65, 218, 4, 4], "target_tokens": ["[IN:GET_TRACK_INFO_MUSIC", "[SL:MUSIC_TYPE", "@ptr0", "SL:MUSIC_TYPE]", "IN:GET_TRACK_INFO_MUSIC]"], "predicted_tokens": ["[IN:GET_TRACK_INFO_MUSIC", "[SL:MUSIC_TYPE", "@ptr0", "SL:MUSIC_TYPE]", "IN:GET_TRACK_INFO_MUSIC]"]}
{"loss": 3.9362950325012207, "class_log_probabilities": [-0.14973312616348267, -7.76776123046875, -7.93220329284668, -8.058343887329102], "predictions": [255, 256, 4], "target_tokens": ["[IN:PAUSE_TIMER", "[SL:METHOD_TIMER", "@ptr1", "@ptr2", "@ptr3", "SL:METHOD_TIMER]", "IN:PAUSE_TIMER]"], "predicted_tokens": ["[IN:PAUSE_TIMER", "IN:PAUSE_TIMER]"]}
{"loss": 4.5567097663879395, "class_log_probabilities": [-0.46002936363220215, -7.800650596618652, -8.171427726745605, -9.032480239868164], "predictions": [89, 16, 400, 401, 17, 92, 4, 4], "target_tokens": ["[IN:CREATE_TIMER", "[SL:METHOD_TIMER", "@ptr1", "@ptr2", "@ptr3", "SL:METHOD_TIMER]", "[SL:DATE_TIME", "@ptr4", "@ptr5", "SL:DATE_TIME]", "IN:CREATE_TIMER]"], "predicted_tokens": ["[IN:CREATE_TIMER", "[SL:DATE_TIME", "@ptr5", "@ptr6", "SL:DATE_TIME]", "IN:CREATE_TIMER]"]}
{"loss": 3.1526153087615967, "class_log_probabilities": [-3.235229969024658, -3.759293556213379, -5.070518970489502, -5.7696146965026855], "predictions": [39, 40, 395, 41, 16, 397, 17, 56, 399, 400, 57, 42, 4], "target_tokens": ["[IN:GET_STORIES_NEWS", "[SL:DATE_TIME", "@ptr1", "SL:DATE_TIME]", "[SL:NEWS_TYPE", "@ptr0", "SL:NEWS_TYPE]", "[SL:NEWS_TOPIC", "@ptr4", "SL:NEWS_TOPIC]", "IN:GET_STORIES_NEWS]"], "predicted_tokens": ["[IN:GET_STORIES_NEWS", "[SL:NEWS_TYPE", "@ptr0", "SL:NEWS_TYPE]", "[SL:DATE_TIME", "@ptr2", "SL:DATE_TIME]", "[SL:NEWS_TOPIC", "@ptr4", "@ptr5", "SL:NEWS_TOPIC]", "IN:GET_STORIES_NEWS]"]}
{"loss": 0.9604825973510742, "class_log_probabilities": [-0.414065420627594, -6.703430652618408, -8.357863426208496, -9.006917953491211], "predictions": [13, 16, 395, 396, 17, 18, 4, 4], "target_tokens": ["[IN:GET_WEATHER", "[SL:DATE_TIME", "@ptr0", "@ptr1", "SL:DATE_TIME]", "IN:GET_WEATHER]"], "predicted_tokens": ["[IN:GET_WEATHER", "[SL:DATE_TIME", "@ptr0", "@ptr1", "SL:DATE_TIME]", "IN:GET_WEATHER]"]}
{"loss": 1.2226486206054688, "class_log_probabilities": [-2.74578595161438, -3.114992380142212, -3.417332649230957, -3.7171010971069336], "predictions": [39, 40, 398, 41, 133, 400, 401, 402, 134, 42, 4, 4, 4], "target_tokens": ["[IN:GET_STORIES_NEWS", "[SL:NEWS_TYPE", "@ptr1", "@ptr2", "@ptr3", "SL:NEWS_TYPE]", "[SL:NEWS_SOURCE", "@ptr5", "@ptr6", "@ptr7", "SL:NEWS_SOURCE]", "IN:GET_STORIES_NEWS]"], "predicted_tokens": ["[IN:GET_STORIES_NEWS", "[SL:NEWS_TYPE", "@ptr3", "SL:NEWS_TYPE]", "[SL:NEWS_SOURCE", "@ptr5", "@ptr6", "@ptr7", "SL:NEWS_SOURCE]", "IN:GET_STORIES_NEWS]"]}
{"loss": 3.9971673488616943, "class_log_probabilities": [-0.1678432822227478, -8.192096710205078, -8.292858123779297, -8.40773868560791], "predictions": [115, 116, 4, 4, 4, 4], "target_tokens": ["[IN:GET_TIMER", "[SL:METHOD_TIMER", "@ptr5", "@ptr6", "@ptr7", "SL:METHOD_TIMER]", "IN:GET_TIMER]"], "predicted_tokens": ["[IN:GET_TIMER", "IN:GET_TIMER]"]}
{"loss": 3.9131574630737305, "class_log_probabilities": [-2.822751045227051, -3.5080323219299316, -4.927954196929932, -5.524933815002441], "predictions": [39, 40, 399, 41, 16, 400, 401, 17, 56, 403, 404, 405, 406, 407, 57, 42, 4, 4], "target_tokens": ["[IN:GET_STORIES_NEWS", "[SL:DATE_TIME", "@ptr4", "@ptr5", "SL:DATE_TIME]", "[SL:NEWS_TYPE", "@ptr1", "@ptr2", "@ptr3", "SL:NEWS_TYPE]", "[SL:NEWS_SOURCE", "@ptr7", "@ptr8", "@ptr9", "@ptr10", "@ptr11", "SL:NEWS_SOURCE]", "IN:GET_STORIES_NEWS]"], "predicted_tokens": ["[IN:GET_STORIES_NEWS", "[SL:NEWS_TYPE", "@ptr4", "SL:NEWS_TYPE]", "[SL:DATE_TIME", "@ptr5", "@ptr6", "SL:DATE_TIME]", "[SL:NEWS_TOPIC", "@ptr8", "@ptr9", "@ptr10", "@ptr11", "@ptr12", "SL:NEWS_TOPIC]", "IN:GET_STORIES_NEWS]"]}
{"loss": 1.0209288597106934, "class_log_probabilities": [-1.0172227621078491, -2.3794636726379395, -4.095415115356445, -6.970579624176025], "predictions": [13, 79, 396, 80, 18, 4], "target_tokens": ["[IN:GET_WEATHER", "[SL:WEATHER_ATTRIBUTE", "@ptr1", "SL:WEATHER_ATTRIBUTE]", "IN:GET_WEATHER]"], "predicted_tokens": ["[IN:GET_WEATHER", "[SL:WEATHER_ATTRIBUTE", "@ptr1", "SL:WEATHER_ATTRIBUTE]", "IN:GET_WEATHER]"]}
{"loss": 0.9665045738220215, "class_log_probabilities": [-0.3206017017364502, -8.348458290100098, -8.625391006469727, -8.655323028564453], "predictions": [63, 64, 396, 65, 68, 4, 4], "target_tokens": ["[IN:PLAY_MUSIC", "[SL:MUSIC_TYPE", "@ptr1", "SL:MUSIC_TYPE]", "IN:PLAY_MUSIC]"], "predicted_tokens": ["[IN:PLAY_MUSIC", "[SL:MUSIC_TYPE", "@ptr1", "SL:MUSIC_TYPE]", "IN:PLAY_MUSIC]"]}
{"loss": 2.464679002761841, "class_log_probabilities": [-1.2924154996871948, -3.394357681274414, -3.7536308765411377, -4.572378635406494], "predictions": [13, 14, 399, 400, 401, 402, 403, 15, 16, 404, 405, 406, 17, 18, 4, 4], "target_tokens": ["[IN:GET_WEATHER", "[SL:LOCATION", "@ptr3", "@ptr4", "@ptr5", "@ptr6", "@ptr7", "SL:LOCATION]", "IN:GET_WEATHER]"], "predicted_tokens": ["[IN:GET_WEATHER", "[SL:LOCATION", "@ptr4", "@ptr5", "@ptr6", "@ptr7", "@ptr8", "SL:LOCATION]", "[SL:DATE_TIME", "@ptr9", "@ptr10", "@ptr11", "SL:DATE_TIME]", "IN:GET_WEATHER]"]}
{"loss": 1.9333051443099976, "class_log_probabilities": [-0.7099617719650269, -3.955014228820801, -4.5386152267456055, -7.892277717590332], "predictions": [13, 79, 398, 80, 16, 402, 403, 17, 18, 4, 4, 4, 4], "target_tokens": ["[IN:GET_WEATHER", "[SL:WEATHER_ATTRIBUTE", "@ptr3", "SL:WEATHER_ATTRIBUTE]", "[SL:DATE_TIME", "@ptr6", "@ptr7", "SL:DATE_TIME]", "IN:GET_WEATHER]"], "predicted_tokens": ["[IN:GET_WEATHER", "[SL:WEATHER_ATTRIBUTE", "@ptr3", "SL:WEATHER_ATTRIBUTE]", "[SL:DATE_TIME", "@ptr7", "@ptr8", "SL:DATE_TIME]", "IN:GET_WEATHER]"]}
{"loss": 3.938491106033325, "class_log_probabilities": [-3.768751621246338, -3.8881304264068604, -5.084756374359131, -5.107641696929932], "predictions": [63, 101, 396, 397, 398, 399, 400, 102, 66, 402, 67, 68, 4, 4, 4], "target_tokens": ["[IN:GET_STORIES_NEWS", "[SL:NEWS_TOPIC", "@ptr3", "@ptr4", "@ptr5", "SL:NEWS_TOPIC]", "[SL:NEWS_TYPE", "@ptr2", "SL:NEWS_TYPE]", "IN:GET_STORIES_NEWS]"], "predicted_tokens": ["[IN:PLAY_MUSIC", "[SL:MUSIC_TRACK_TITLE", "@ptr1", "@ptr2", "@ptr3", "@ptr4", "@ptr5", "SL:MUSIC_TRACK_TITLE]", "[SL:MUSIC_ARTIST_NAME", "@ptr7", "SL:MUSIC_ARTIST_NAME]", "IN:PLAY_MUSIC]"]}
{"loss": 0.9759392738342285, "class_log_probabilities": [-0.3007107675075531, -7.755311965942383, -8.181078910827637, -8.216285705566406], "predictions": [217, 64, 395, 65, 218, 4], "target_tokens": ["[IN:GET_TRACK_INFO_MUSIC", "[SL:MUSIC_TYPE", "@ptr0", "SL:MUSIC_TYPE]", "IN:GET_TRACK_INFO_MUSIC]"], "predicted_tokens": ["[IN:GET_TRACK_INFO_MUSIC", "[SL:MUSIC_TYPE", "@ptr0", "SL:MUSIC_TYPE]", "IN:GET_TRACK_INFO_MUSIC]"]}
{"loss": 3.403245449066162, "class_log_probabilities": [-0.9942353963851929, -2.199706554412842, -2.865342617034912, -4.383782386779785], "predictions": [39, 40, 402, 41, 16, 405, 406, 17, 42, 4, 4], "target_tokens": ["[IN:GET_STORIES_NEWS", "[SL:NEWS_TYPE", "@ptr6", "SL:NEWS_TYPE]", "[SL:DATE_TIME", "@ptr8", "@ptr9", "SL:DATE_TIME]", "IN:GET_STORIES_NEWS]"], "predicted_tokens": ["[IN:GET_STORIES_NEWS", "[SL:NEWS_TYPE", "@ptr7", "SL:NEWS_TYPE]", "[SL:DATE_TIME", "@ptr10", "@ptr11", "SL:DATE_TIME]", "IN:GET_STORIES_NEWS]"]}
{"loss": 2.114013433456421, "class_log_probabilities": [-0.8782559633255005, -3.1000492572784424, -4.826448440551758, -6.989412784576416], "predictions": [13, 79, 395, 80, 16, 396, 397, 17, 18, 4], "target_tokens": ["[IN:GET_WEATHER", "[SL:WEATHER_ATTRIBUTE", "@ptr0", "SL:WEATHER_ATTRIBUTE]", "IN:GET_WEATHER]"], "predicted_tokens": ["[IN:GET_WEATHER", "[SL:WEATHER_ATTRIBUTE", "@ptr0", "SL:WEATHER_ATTRIBUTE]", "[SL:DATE_TIME", "@ptr1", "@ptr2", "SL:DATE_TIME]", "IN:GET_WEATHER]"]}
{"loss": 2.3884952068328857, "class_log_probabilities": [-0.341887891292572, -7.721588611602783, -8.237817764282227, -8.474373817443848], "predictions": [39, 40, 400, 41, 42, 4, 4, 4], "target_tokens": ["[IN:GET_STORIES_NEWS", "[SL:NEWS_TYPE", "@ptr4", "SL:NEWS_TYPE]", "IN:GET_STORIES_NEWS]"], "predicted_tokens": ["[IN:GET_STORIES_NEWS", "[SL:NEWS_TYPE", "@ptr5", "SL:NEWS_TYPE]", "IN:GET_STORIES_NEWS]"]}
{"loss": 3.673694372177124, "class_log_probabilities": [-2.040109157562256, -2.0514461994171143, -3.468632221221924, -4.1327056884765625], "predictions": [89, 90, 398, 91, 16, 400, 401, 17, 92, 4, 4], "target_tokens": ["[IN:CREATE_TIMER", "[SL:METHOD_TIMER", "@ptr1", "@ptr2", "@ptr3", "SL:METHOD_TIMER]", "[SL:DATE_TIME", "@ptr4", "@ptr5", "SL:DATE_TIME]", "IN:CREATE_TIMER]"], "predicted_tokens": ["[IN:CREATE_TIMER", "[SL:METHOD_TIMER", "@ptr3", "SL:METHOD_TIMER]", "[SL:DATE_TIME", "@ptr5", "@ptr6", "SL:DATE_TIME]", "IN:CREATE_TIMER]"]}
{"loss": 1.0368931293487549, "class_log_probabilities": [-1.5403132438659668, -1.7767014503479004, -7.005371570587158, -8.02484130859375], "predictions": [13, 79, 398, 399, 80, 14, 401, 15, 18, 4, 4, 4], "target_tokens": ["[IN:GET_WEATHER", "[SL:WEATHER_ATTRIBUTE", "@ptr3", "@ptr4", "SL:WEATHER_ATTRIBUTE]", "[SL:LOCATION", "@ptr6", "SL:LOCATION]", "IN:GET_WEATHER]"], "predicted_tokens": ["[IN:GET_WEATHER", "[SL:WEATHER_ATTRIBUTE", "@ptr3", "@ptr4", "SL:WEATHER_ATTRIBUTE]", "[SL:LOCATION", "@ptr6", "SL:LOCATION]", "IN:GET_WEATHER]"]}
{"loss": 3.2584304809570312, "class_log_probabilities": [-0.33991193771362305, -8.15995979309082, -8.17866325378418, -8.232525825500488], "predictions": [183, 16, 397, 398, 17, 184, 4], "target_tokens": ["[IN:ADD_TIME_TIMER", "[SL:DATE_TIME", "@ptr2", "@ptr3", "SL:DATE_TIME]", "[SL:METHOD_TIMER", "@ptr5", "@ptr6", "@ptr7", "SL:METHOD_TIMER]", "IN:ADD_TIME_TIMER]"], "predicted_tokens": ["[IN:ADD_TIME_TIMER", "[SL:DATE_TIME", "@ptr2", "@ptr3", "SL:DATE_TIME]", "IN:ADD_TIME_TIMER]"]}
{"loss": 0.9621667861938477, "class_log_probabilities": [-0.3446921706199646, -8.14475154876709, -8.503257751464844, -8.661344528198242], "predictions": [13, 14, 396, 15, 18, 4, 4], "target_tokens": ["[IN:GET_WEATHER", "[SL:LOCATION", "@ptr1", "SL:LOCATION]", "IN:GET_WEATHER]"], "predicted_tokens": ["[IN:GET_WEATHER", "[SL:LOCATION", "@ptr1", "SL:LOCATION]", "IN:GET_WEATHER]"]}
{"loss": 2.5656678676605225, "class_log_probabilities": [-2.7490527629852295, -2.9237401485443115, -3.062063217163086, -4.363669395446777], "predictions": [19, 249, 399, 400, 142, 22, 4, 4, 4, 4, 4, 4], "target_tokens": ["[IN:CREATE_ALARM", "[SL:PERIOD", "@ptr4", "@ptr5", "SL:PERIOD]", "IN:CREATE_ALARM]"], "predicted_tokens": ["[IN:GET_ALARM", "[SL:ALARM_NAME", "@ptr4", "@ptr5", "SL:PERIOD]", "IN:GET_ALARM]"]}
{"loss": 0.9644269347190857, "class_log_probabilities": [-0.6081874370574951, -7.996609210968018, -8.133191108703613, -8.27956485748291], "predictions": [39, 40, 396, 41, 56, 398, 399, 400, 57, 42, 4], "target_tokens": ["[IN:GET_STORIES_NEWS", "[SL:NEWS_TYPE", "@ptr1", "SL:NEWS_TYPE]", "[SL:NEWS_TOPIC", "@ptr3", "@ptr4", "@ptr5", "SL:NEWS_TOPIC]", "IN:GET_STORIES_NEWS]"], "predicted_tokens": ["[IN:GET_STORIES_NEWS", "[SL:NEWS_TYPE", "@ptr1", "SL:NEWS_TYPE]", "[SL:NEWS_TOPIC", "@ptr3", "@ptr4", "@ptr5", "SL:NEWS_TOPIC]", "IN:GET_STORIES_NEWS]"]}
{"loss": 1.5030490159988403, "class_log_probabilities": [-0.928231418132782, -2.254856824874878, -5.215343952178955, -5.296072006225586], "predictions": [89, 16, 397, 398, 17, 92, 4, 4], "target_tokens": ["[IN:CREATE_TIMER", "[SL:METHOD_TIMER", "@ptr1", "SL:METHOD_TIMER]", "[SL:DATE_TIME", "@ptr2", "@ptr3", "SL:DATE_TIME]", "IN:CREATE_TIMER]"], "predicted_tokens": ["[IN:CREATE_TIMER", "[SL:DATE_TIME", "@ptr2", "@ptr3", "SL:DATE_TIME]", "IN:CREATE_TIMER]"]}
{"loss": 1.6264255046844482, "class_log_probabilities": [-0.7592157125473022, -3.671248435974121, -7.665238380432129, -8.120322227478027], "predictions": [13, 79, 399, 80, 16, 400, 401, 402, 403, 17, 18, 4, 4, 4, 4], "target_tokens": ["[IN:GET_WEATHER", "[SL:WEATHER_ATTRIBUTE", "@ptr4", "SL:WEATHER_ATTRIBUTE]", "[SL:DATE_TIME", "@ptr5", "@ptr6", "@ptr7", "SL:DATE_TIME]", "IN:GET_WEATHER]"], "predicted_tokens": ["[IN:GET_WEATHER", "[SL:WEATHER_ATTRIBUTE", "@ptr4", "SL:WEATHER_ATTRIBUTE]", "[SL:DATE_TIME", "@ptr5", "@ptr6", "@ptr7", "@ptr8", "SL:DATE_TIME]", "IN:GET_WEATHER]"]}
{"loss": 2.802852153778076, "class_log_probabilities": [-0.6159676313400269, -6.304784774780273, -7.730717658996582, -7.885141849517822], "predictions": [45, 16, 401, 402, 403, 404, 405, 17, 46, 4], "target_tokens": ["[IN:CREATE_ALARM", "[SL:DATE_TIME", "@ptr5", "@ptr6", "@ptr7", "@ptr8", "@ptr9", "SL:DATE_TIME]", "IN:CREATE_ALARM]"], "predicted_tokens": ["[IN:CREATE_ALARM", "[SL:DATE_TIME", "@ptr6", "@ptr7", "@ptr8", "@ptr9", "@ptr10", "SL:DATE_TIME]", "IN:CREATE_ALARM]"]}
{"loss": 1.4128793478012085, "class_log_probabilities": [-1.1358436346054077, -1.3056334257125854, -4.069834232330322, -6.637144565582275], "predictions": [63, 151, 397, 152, 68, 4, 4], "target_tokens": ["[IN:PLAY_MUSIC", "[SL:MUSIC_GENRE", "@ptr2", "@ptr3", "SL:MUSIC_GENRE]", "IN:PLAY_MUSIC]"], "predicted_tokens": ["[IN:PLAY_MUSIC", "[SL:MUSIC_GENRE", "@ptr2", "SL:MUSIC_GENRE]", "IN:PLAY_MUSIC]"]}
{"loss": 3.071476459503174, "class_log_probabilities": [-0.7771360278129578, -4.479922294616699, -7.817793846130371, -7.853732585906982], "predictions": [13, 16, 395, 396, 17, 79, 399, 80, 18, 4], "target_tokens": ["[IN:GET_WEATHER", "[SL:WEATHER_ATTRIBUTE", "@ptr3", "SL:WEATHER_ATTRIBUTE]", "[SL:DATE_TIME", "@ptr0", "@ptr1", "SL:DATE_TIME]", "IN:GET_WEATHER]"], "predicted_tokens": ["[IN:GET_WEATHER", "[SL:DATE_TIME", "@ptr0", "@ptr1", "SL:DATE_TIME]", "[SL:WEATHER_ATTRIBUTE", "@ptr4", "SL:WEATHER_ATTRIBUTE]", "IN:GET_WEATHER]"]}
{"loss": 3.4643959999084473, "class_log_probabilities": [-0.6875123977661133, -2.633775472640991, -7.280884265899658, -7.766373634338379], "predictions": [13, 14, 396, 15, 79, 398, 80, 18, 4, 4], "target_tokens": ["[IN:GET_WEATHER", "[SL:WEATHER_ATTRIBUTE", "@ptr2", "SL:WEATHER_ATTRIBUTE]", "[SL:LOCATION", "@ptr1", "SL:LOCATION]", "IN:GET_WEATHER]"], "predicted_tokens": ["[IN:GET_WEATHER", "[SL:LOCATION", "@ptr1", "SL:LOCATION]", "[SL:WEATHER_ATTRIBUTE", "@ptr3", "SL:WEATHER_ATTRIBUTE]", "IN:GET_WEATHER]"]}
{"loss": 3.599201202392578, "class_log_probabilities": [-0.19363126158714294, -6.072271823883057, -6.8132710456848145, -8.737435340881348], "predictions": [225, 226, 4, 4], "target_tokens": ["[IN:DELETE_TIMER", "[SL:ORDINAL", "@ptr1", "@ptr2", "@ptr3", "SL:ORDINAL]", "[SL:METHOD_TIMER", "@ptr4", "SL:METHOD_TIMER]", "IN:DELETE_TIMER]"], "predicted_tokens": ["[IN:DELETE_TIMER", "IN:DELETE_TIMER]"]}
{"loss": 0.9633223414421082, "class_log_probabilities": [-0.33961665630340576, -6.005250453948975, -8.343875885009766, -8.539387702941895], "predictions": [13, 14, 397, 15, 18, 4, 4], "target_tokens": ["[IN:GET_WEATHER", "[SL:LOCATION", "@ptr2", "SL:LOCATION]", "IN:GET_WEATHER]"], "predicted_tokens": ["[IN:GET_WEATHER", "[SL:LOCATION", "@ptr2", "SL:LOCATION]", "IN:GET_WEATHER]"]}
{"loss": 2.2990241050720215, "class_log_probabilities": [-1.7521543502807617, -1.835509181022644, -3.589607000350952, -5.1948065757751465], "predictions": [39, 40, 396, 397, 398, 41, 56, 402, 57, 42, 4, 4], "target_tokens": ["[IN:GET_STORIES_NEWS", "[SL:NEWS_TYPE", "@ptr1", "@ptr2", "SL:NEWS_TYPE]", "[SL:NEWS_TOPIC", "@ptr7", "SL:NEWS_TOPIC]", "[SL:NEWS_TYPE", "@ptr3", "SL:NEWS_TYPE]", "IN:GET_STORIES_NEWS]"], "predicted_tokens": ["[IN:GET_STORIES_NEWS", "[SL:NEWS_TYPE", "@ptr1", "@ptr2", "@ptr3", "SL:NEWS_TYPE]", "[SL:NEWS_TOPIC", "@ptr7", "SL:NEWS_TOPIC]", "IN:GET_STORIES_NEWS]"]}
{"loss": 0.9710383415222168, "class_log_probabilities": [-0.1869773268699646, -5.945764541625977, -7.335766792297363, -9.379617691040039], "predictions": [19, 22, 4, 4, 4, 4], "target_tokens": ["[IN:GET_ALARM", "IN:GET_ALARM]"], "predicted_tokens": ["[IN:GET_ALARM", "IN:GET_ALARM]"]}
{"loss": 4.813457489013672, "class_log_probabilities": [-2.603048086166382, -3.3498165607452393, -3.439213752746582, -4.8514204025268555], "predictions": [39, 40, 397, 41, 43, 400, 44, 16, 402, 17, 42, 4], "target_tokens": ["[IN:GET_STORIES_NEWS", "[SL:DATE_TIME", "@ptr5", "@ptr6", "SL:DATE_TIME]", "[SL:NEWS_CATEGORY", "@ptr3", "@ptr4", "SL:NEWS_CATEGORY]", "[SL:NEWS_TYPE", "@ptr0", "@ptr1", "@ptr2", "SL:NEWS_TYPE]", "IN:GET_STORIES_NEWS]"], "predicted_tokens": ["[IN:GET_STORIES_NEWS", "[SL:NEWS_TYPE", "@ptr2", "SL:NEWS_TYPE]", "[SL:NEWS_CATEGORY", "@ptr5", "SL:NEWS_CATEGORY]", "[SL:DATE_TIME", "@ptr7", "SL:DATE_TIME]", "IN:GET_STORIES_NEWS]"]}
{"loss": 1.4040563106536865, "class_log_probabilities": [-1.4989979267120361, -3.1727380752563477, -4.189264297485352, -5.680665016174316], "predictions": [45, 16, 399, 400, 17, 16, 402, 403, 404, 405, 406, 17, 46, 4, 4], "target_tokens": ["[IN:CREATE_ALARM", "[SL:DATE_TIME", "@ptr4", "@ptr5", "@ptr6", "@ptr7", "@ptr8", "@ptr9", "@ptr10", "@ptr11", "SL:DATE_TIME]", "IN:CREATE_ALARM]"], "predicted_tokens": ["[IN:CREATE_ALARM", "[SL:DATE_TIME", "@ptr4", "@ptr5", "SL:DATE_TIME]", "[SL:DATE_TIME", "@ptr7", "@ptr8", "@ptr9", "@ptr10", "@ptr11", "SL:DATE_TIME]", "IN:CREATE_ALARM]"]}
{"loss": 2.890108108520508, "class_log_probabilities": [-1.590541958808899, -3.6755263805389404, -4.298835277557373, -9.63115119934082], "predictions": [259, 16, 400, 401, 402, 403, 404, 405, 406, 407, 408, 409, 17, 260, 4], "target_tokens": ["[IN:UPDATE_ALARM", "[SL:ALARM_NAME", "@ptr2", "SL:ALARM_NAME]", "[SL:DATE_TIME", "@ptr3", "@ptr4", "@ptr5", "@ptr6", "@ptr7", "@ptr8", "@ptr9", "@ptr10", "@ptr11", "@ptr12", "@ptr13", "SL:DATE_TIME]", "IN:UPDATE_ALARM]"], "predicted_tokens": ["[IN:UPDATE_ALARM", "[SL:DATE_TIME", "@ptr5", "@ptr6", "@ptr7", "@ptr8", "@ptr9", "@ptr10", "@ptr11", "@ptr12", "@ptr13", "@ptr14", "SL:DATE_TIME]", "IN:UPDATE_ALARM]"]}
{"loss": 1.5785903930664062, "class_log_probabilities": [-1.36326265335083, -1.8443093299865723, -7.454474925994873, -7.867867469787598], "predictions": [45, 16, 399, 400, 401, 402, 403, 404, 405, 406, 17, 46, 4, 4], "target_tokens": ["[IN:CREATE_ALARM", "[SL:DATE_TIME", "@ptr3", "@ptr4", "@ptr5", "@ptr6", "@ptr7", "@ptr8", "@ptr9", "@ptr10", "SL:DATE_TIME]", "IN:CREATE_ALARM]"], "predicted_tokens": ["[IN:CREATE_ALARM", "[SL:DATE_TIME", "@ptr4", "@ptr5", "@ptr6", "@ptr7", "@ptr8", "@ptr9", "@ptr10", "@ptr11", "SL:DATE_TIME]", "IN:CREATE_ALARM]"]}
{"loss": 2.691862106323242, "class_log_probabilities": [-3.7422428131103516, -3.869154214859009, -4.4749369621276855, -5.318154811859131], "predictions": [275, 90, 397, 91, 16, 400, 401, 402, 17, 276, 4], "target_tokens": ["[IN:RESUME_TIMER", "[SL:METHOD_TIMER", "@ptr1", "SL:METHOD_TIMER]", "[SL:DATE_TIME", "@ptr4", "@ptr5", "@ptr6", "SL:DATE_TIME]", "IN:RESUME_TIMER]"], "predicted_tokens": ["[IN:RESUME_TIMER", "[SL:METHOD_TIMER", "@ptr2", "SL:METHOD_TIMER]", "[SL:DATE_TIME", "@ptr5", "@ptr6", "@ptr7", "SL:DATE_TIME]", "IN:RESUME_TIMER]"]}
{"loss": 3.0970423221588135, "class_log_probabilities": [-1.4418540000915527, -2.7259857654571533, -4.075883388519287, -4.087717533111572], "predictions": [39, 40, 397, 41, 56, 399, 400, 57, 42, 4, 4, 4, 4], "target_tokens": ["[IN:GET_STORIES_NEWS", "[SL:NEWS_TOPIC", "@ptr3", "@ptr4", "@ptr5", "SL:NEWS_TOPIC]", "[SL:NEWS_TYPE", "@ptr0", "@ptr1", "@ptr2", "SL:NEWS_TYPE]", "IN:GET_STORIES_NEWS]"], "predicted_tokens": ["[IN:GET_STORIES_NEWS", "[SL:NEWS_TYPE", "@ptr2", "SL:NEWS_TYPE]", "[SL:NEWS_TOPIC", "@ptr4", "@ptr5", "SL:NEWS_TOPIC]", "IN:GET_STORIES_NEWS]"]}
{"loss": 2.7500243186950684, "class_log_probabilities": [-0.5030813813209534, -7.6932220458984375, -8.096689224243164, -8.113194465637207], "predictions": [63, 64, 396, 65, 151, 397, 398, 152, 68, 4], "target_tokens": ["[IN:PLAY_MUSIC", "[SL:MUSIC_GENRE", "@ptr2", "@ptr3", "SL:MUSIC_GENRE]", "[SL:MUSIC_TYPE", "@ptr1", "SL:MUSIC_TYPE]", "IN:PLAY_MUSIC]"], "predicted_tokens": ["[IN:PLAY_MUSIC", "[SL:MUSIC_TYPE", "@ptr1", "SL:MUSIC_TYPE]", "[SL:MUSIC_GENRE", "@ptr2", "@ptr3", "SL:MUSIC_GENRE]", "IN:PLAY_MUSIC]"]}
{"loss": 3.134244918823242, "class_log_probabilities": [-0.47048306465148926, -5.827899932861328, -7.065404415130615, -7.408585071563721], "predictions": [13, 16, 400, 401, 402, 17, 18, 4], "target_tokens": ["[IN:GET_WEATHER", "[SL:DATE_TIME", "@ptr4", "@ptr5", "SL:DATE_TIME]", "IN:GET_WEATHER]"], "predicted_tokens": ["[IN:GET_WEATHER", "[SL:DATE_TIME", "@ptr5", "@ptr6", "@ptr7", "SL:DATE_TIME]", "IN:GET_WEATHER]"]}
{"loss": 2.3945889472961426, "class_log_probabilities": [-0.6908531188964844, -3.3514702320098877, -5.3388543128967285, -5.452672958374023], "predictions": [39, 40, 398, 41, 56, 401, 402, 57, 42, 4, 4], "target_tokens": ["[IN:GET_STORIES_NEWS", "[SL:NEWS_TYPE", "@ptr1", "@ptr2", "@ptr3", "SL:NEWS_TYPE]", "[SL:NEWS_TOPIC", "@ptr6", "SL:NEWS_TOPIC]", "IN:GET_STORIES_NEWS]"], "predicted_tokens": ["[IN:GET_STORIES_NEWS", "[SL:NEWS_TYPE", "@ptr3", "SL:NEWS_TYPE]", "[SL:NEWS_TOPIC", "@ptr6", "@ptr7", "SL:NEWS_TOPIC]", "IN:GET_STORIES_NEWS]"]}
{"loss": 3.183006763458252, "class_log_probabilities": [-0.408225417137146, -3.0652503967285156, -5.637516975402832, -6.920812606811523], "predictions": [115, 116, 4, 4, 4, 4], "target_tokens": ["[IN:GET_TIMER", "[SL:METHOD_TIMER", "@ptr0", "@ptr1", "@ptr2", "SL:METHOD_TIMER]", "IN:GET_TIMER]"], "predicted_tokens": ["[IN:GET_TIMER", "IN:GET_TIMER]"]}
{"loss": 4.036033630371094, "class_log_probabilities": [-1.2624608278274536, -1.8910555839538574, -4.792872905731201, -5.248966217041016], "predictions": [39, 40, 397, 41, 16, 399, 17, 42, 4, 4], "target_tokens": ["[IN:GET_STORIES_NEWS", "[SL:DATE_TIME", "@ptr4", "SL:DATE_TIME]", "[SL:NEWS_CATEGORY", "@ptr3", "SL:NEWS_CATEGORY]", "[SL:NEWS_TYPE", "@ptr0", "@ptr1", "@ptr2", "SL:NEWS_TYPE]", "IN:GET_STORIES_NEWS]"], "predicted_tokens": ["[IN:GET_STORIES_NEWS", "[SL:NEWS_TYPE", "@ptr2", "SL:NEWS_TYPE]", "[SL:DATE_TIME", "@ptr4", "SL:DATE_TIME]", "IN:GET_STORIES_NEWS]"]}
{"loss": 4.08112907409668, "class_log_probabilities": [-1.269824504852295, -1.8144625425338745, -4.816988468170166, -5.287942409515381], "predictions": [13, 79, 401, 80, 18, 4], "target_tokens": ["[IN:GET_WEATHER", "[SL:WEATHER_ATTRIBUTE", "@ptr2", "@ptr3", "@ptr4", "@ptr5", "SL:WEATHER_ATTRIBUTE]", "IN:GET_WEATHER]"], "predicted_tokens": ["[IN:GET_WEATHER", "[SL:WEATHER_ATTRIBUTE", "@ptr6", "SL:WEATHER_ATTRIBUTE]", "IN:GET_WEATHER]"]}
{"loss": 3.342752456665039, "class_log_probabilities": [-0.33744606375694275, -3.6827750205993652, -7.2682623863220215, -7.552572250366211], "predictions": [255, 90, 398, 91, 256, 4], "target_tokens": ["[IN:PAUSE_TIMER", "[SL:METHOD_TIMER", "@ptr2", "@ptr3", "@ptr4", "SL:METHOD_TIMER]", "IN:PAUSE_TIMER]"], "predicted_tokens": ["[IN:PAUSE_TIMER", "[SL:METHOD_TIMER", "@ptr3", "SL:METHOD_TIMER]", "IN:PAUSE_TIMER]"]}
{"loss": 2.001195192337036, "class_log_probabilities": [-0.5954391360282898, -3.585092544555664, -7.324854373931885, -7.773221015930176], "predictions": [13, 16, 397, 398, 399, 17, 18, 4], "target_tokens": ["[IN:GET_WEATHER", "[SL:DATE_TIME", "@ptr2", "@ptr3", "SL:DATE_TIME]", "IN:GET_WEATHER]"], "predicted_tokens": ["[IN:GET_WEATHER", "[SL:DATE_TIME", "@ptr2", "@ptr3", "@ptr4", "SL:DATE_TIME]", "IN:GET_WEATHER]"]}
{"loss": 2.431304693222046, "class_log_probabilities": [-1.3085838556289673, -4.684406757354736, -5.521575927734375, -5.5357747077941895], "predictions": [55, 56, 399, 400, 401, 402, 57, 58, 4, 4, 4, 4, 4], "target_tokens": ["[IN:QUESTION_NEWS", "[SL:NEWS_TOPIC", "@ptr0", "@ptr1", "@ptr2", "@ptr3", "@ptr4", "@ptr5", "@ptr6", "SL:NEWS_TOPIC]", "IN:QUESTION_NEWS]"], "predicted_tokens": ["[IN:QUESTION_NEWS", "[SL:NEWS_TOPIC", "@ptr4", "@ptr5", "@ptr6", "@ptr7", "SL:NEWS_TOPIC]", "IN:QUESTION_NEWS]"]}
{"loss": 2.555426597595215, "class_log_probabilities": [-0.8799658417701721, -4.369795322418213, -6.06466007232666, -6.209627628326416], "predictions": [63, 64, 396, 65, 66, 399, 67, 68, 4], "target_tokens": ["[IN:PLAY_MUSIC", "[SL:MUSIC_ARTIST_NAME", "@ptr4", "SL:MUSIC_ARTIST_NAME]", "[SL:MUSIC_TYPE", "@ptr1", "SL:MUSIC_TYPE]", "IN:PLAY_MUSIC]"], "predicted_tokens": ["[IN:PLAY_MUSIC", "[SL:MUSIC_TYPE", "@ptr1", "SL:MUSIC_TYPE]", "[SL:MUSIC_ARTIST_NAME", "@ptr4", "SL:MUSIC_ARTIST_NAME]", "IN:PLAY_MUSIC]"]}
{"loss": 0.9636122584342957, "class_log_probabilities": [-0.17070597410202026, -8.711603164672852, -8.776763916015625, -9.125057220458984], "predictions": [13, 18, 4, 4, 4], "target_tokens": ["[IN:GET_WEATHER", "IN:GET_WEATHER]"], "predicted_tokens": ["[IN:GET_WEATHER", "IN:GET_WEATHER]"]}
{"loss": 1.2051658630371094, "class_log_probabilities": [-0.7381070852279663, -2.7281486988067627, -7.757899761199951, -7.804806232452393], "predictions": [13, 16, 398, 399, 400, 401, 17, 18, 4], "target_tokens": ["[IN:GET_WEATHER", "[SL:DATE_TIME", "@ptr3", "@ptr4", "@ptr5", "SL:DATE_TIME]", "IN:GET_WEATHER]"], "predicted_tokens": ["[IN:GET_WEATHER", "[SL:DATE_TIME", "@ptr3", "@ptr4", "@ptr5", "@ptr6", "SL:DATE_TIME]", "IN:GET_WEATHER]"]}
{"loss": 1.2097467184066772, "class_log_probabilities": [-1.2152278423309326, -1.3995754718780518, -2.8377859592437744, -5.985762596130371], "predictions": [19, 22, 4], "target_tokens": ["[IN:GET_ALARM", "IN:GET_ALARM]"], "predicted_tokens": ["[IN:GET_ALARM", "IN:GET_ALARM]"]}
{"loss": 0.960021436214447, "class_log_probabilities": [-0.3720007836818695, -7.41547155380249, -8.1307954788208, -8.768242835998535], "predictions": [13, 79, 395, 80, 18, 4, 4, 4, 4], "target_tokens": ["[IN:GET_WEATHER", "[SL:WEATHER_ATTRIBUTE", "@ptr0", "SL:WEATHER_ATTRIBUTE]", "IN:GET_WEATHER]"], "predicted_tokens": ["[IN:GET_WEATHER", "[SL:WEATHER_ATTRIBUTE", "@ptr0", "SL:WEATHER_ATTRIBUTE]", "IN:GET_WEATHER]"]}
{"loss": 2.6491570472717285, "class_log_probabilities": [-1.4180002212524414, -3.096207857131958, -3.5787928104400635, -5.422234535217285], "predictions": [13, 14, 398, 399, 400, 401, 15, 16, 405, 406, 407, 408, 409, 17, 18, 4], "target_tokens": ["[IN:GET_WEATHER", "[SL:LOCATION", "@ptr3", "@ptr4", "@ptr5", "SL:LOCATION]", "[SL:DATE_TIME", "@ptr9", "@ptr10", "@ptr11", "@ptr12", "SL:DATE_TIME]", "IN:GET_WEATHER]"], "predicted_tokens": ["[IN:GET_WEATHER", "[SL:LOCATION", "@ptr3", "@ptr4", "@ptr5", "@ptr6", "SL:LOCATION]", "[SL:DATE_TIME", "@ptr10", "@ptr11", "@ptr12", "@ptr13", "@ptr14", "SL:DATE_TIME]", "IN:GET_WEATHER]"]}
{"loss": 2.240203857421875, "class_log_probabilities": [-0.5573630928993225, -4.716889381408691, -5.646965503692627, -6.790980815887451], "predictions": [39, 40, 396, 41, 43, 397, 44, 42, 4, 4], "target_tokens": ["[IN:GET_STORIES_NEWS", "[SL:NEWS_CATEGORY", "@ptr2", "SL:NEWS_CATEGORY]", "[SL:NEWS_TYPE", "@ptr1", "SL:NEWS_TYPE]", "IN:GET_STORIES_NEWS]"], "predicted_tokens": ["[IN:GET_STORIES_NEWS", "[SL:NEWS_TYPE", "@ptr1", "SL:NEWS_TYPE]", "[SL:NEWS_CATEGORY", "@ptr2", "SL:NEWS_CATEGORY]", "IN:GET_STORIES_NEWS]"]}
{"loss": 1.6252684593200684, "class_log_probabilities": [-1.8237320184707642, -3.253618001937866, -3.3233606815338135, -4.771841049194336], "predictions": [39, 40, 397, 41, 56, 401, 402, 403, 404, 405, 406, 407, 408, 409, 57, 42, 4, 4], "target_tokens": ["[IN:GET_STORIES_NEWS", "[SL:NEWS_TYPE", "@ptr1", "@ptr2", "SL:NEWS_TYPE]", "[SL:NEWS_TOPIC", "@ptr5", "@ptr6", "@ptr7", "@ptr8", "@ptr9", "@ptr10", "@ptr11", "@ptr12", "@ptr13", "@ptr14", "SL:NEWS_TOPIC]", "IN:GET_STORIES_NEWS]"], "predicted_tokens": ["[IN:GET_STORIES_NEWS", "[SL:NEWS_TYPE", "@ptr2", "SL:NEWS_TYPE]", "[SL:NEWS_TOPIC", "@ptr6", "@ptr7", "@ptr8", "@ptr9", "@ptr10", "@ptr11", "@ptr12", "@ptr13", "@ptr14", "SL:NEWS_TOPIC]", "IN:GET_STORIES_NEWS]"]}
{"loss": 3.5800163745880127, "class_log_probabilities": [-0.7672625184059143, -3.189340114593506, -5.744870185852051, -6.019611358642578], "predictions": [39, 40, 398, 41, 133, 401, 402, 403, 134, 42, 4], "target_tokens": ["[IN:GET_STORIES_NEWS", "[SL:NEWS_TYPE", "@ptr2", "@ptr3", "SL:NEWS_TYPE]", "[SL:NEWS_SOURCE", "@ptr5", "@ptr6", "@ptr7", "SL:NEWS_SOURCE]", "IN:GET_STORIES_NEWS]"], "predicted_tokens": ["[IN:GET_STORIES_NEWS", "[SL:NEWS_TYPE", "@ptr3", "SL:NEWS_TYPE]", "[SL:NEWS_SOURCE", "@ptr6", "@ptr7", "@ptr8", "SL:NEWS_SOURCE]", "IN:GET_STORIES_NEWS]"]}
{"loss": 3.912639856338501, "class_log_probabilities": [-0.40384387969970703, -5.018570423126221, -5.719265460968018, -6.081869125366211], "predictions": [115, 116, 4], "target_tokens": ["[IN:GET_TIMER", "[SL:METHOD_TIMER", "@ptr3", "@ptr4", "@ptr5", "SL:METHOD_TIMER]", "IN:GET_TIMER]"], "predicted_tokens": ["[IN:GET_TIMER", "IN:GET_TIMER]"]}
{"loss": 3.2492425441741943, "class_log_probabilities": [-1.369025707244873, -2.1210808753967285, -4.774652004241943, -5.262749195098877], "predictions": [169, 66, 399, 400, 401, 402, 67, 170, 4], "target_tokens": ["[IN:DELETE_PLAYLIST_MUSIC", "[SL:MUSIC_TYPE", "@ptr4", "@ptr5", "@ptr6", "@ptr7", "SL:MUSIC_TYPE]", "IN:DELETE_PLAYLIST_MUSIC]"], "predicted_tokens": ["[IN:REMOVE_FROM_PLAYLIST_MUSIC", "[SL:MUSIC_ARTIST_NAME", "@ptr4", "@ptr5", "@ptr6", "@ptr7", "SL:MUSIC_ARTIST_NAME]", "IN:REMOVE_FROM_PLAYLIST_MUSIC]"]}
{"loss": 2.852018356323242, "class_log_probabilities": [-0.32430097460746765, -6.863643646240234, -7.95512580871582, -8.249780654907227], "predictions": [255, 90, 396, 91, 256, 4, 4], "target_tokens": ["[IN:PAUSE_TIMER", "[SL:METHOD_TIMER", "@ptr1", "@ptr2", "@ptr3", "SL:METHOD_TIMER]", "IN:PAUSE_TIMER]"], "predicted_tokens": ["[IN:PAUSE_TIMER", "[SL:METHOD_TIMER", "@ptr1", "SL:METHOD_TIMER]", "IN:PAUSE_TIMER]"]}
{"loss": 1.7166213989257812, "class_log_probabilities": [-0.6644546985626221, -6.501901149749756, -7.120663166046143, -8.33267879486084], "predictions": [13, 79, 395, 80, 16, 398, 399, 400, 17, 18, 4], "target_tokens": ["[IN:GET_WEATHER", "[SL:WEATHER_ATTRIBUTE", "@ptr0", "SL:WEATHER_ATTRIBUTE]", "[SL:DATE_TIME", "@ptr3", "@ptr4", "SL:DATE_TIME]", "IN:GET_WEATHER]"], "predicted_tokens": ["[IN:GET_WEATHER", "[SL:WEATHER_ATTRIBUTE", "@ptr0", "SL:WEATHER_ATTRIBUTE]", "[SL:DATE_TIME", "@ptr3", "@ptr4", "@ptr5", "SL:DATE_TIME]", "IN:GET_WEATHER]"]}
{"loss": 2.318751811981201, "class_log_probabilities": [-0.6509535312652588, -6.519072532653809, -6.759009838104248, -7.292354106903076], "predictions": [13, 79, 395, 80, 16, 405, 406, 407, 408, 17, 18, 4], "target_tokens": ["[IN:GET_WEATHER", "[SL:WEATHER_ATTRIBUTE", "@ptr0", "@ptr2", "SL:WEATHER_ATTRIBUTE]", "[SL:DATE_TIME", "@ptr9", "@ptr10", "@ptr11", "@ptr12", "@ptr13", "SL:DATE_TIME]", "IN:GET_WEATHER]"], "predicted_tokens": ["[IN:GET_WEATHER", "[SL:WEATHER_ATTRIBUTE", "@ptr0", "SL:WEATHER_ATTRIBUTE]", "[SL:DATE_TIME", "@ptr10", "@ptr11", "@ptr12", "@ptr13", "SL:DATE_TIME]", "IN:GET_WEATHER]"]}
{"loss": 2.431067943572998, "class_log_probabilities": [-0.4632245898246765, -5.891840934753418, -6.492825508117676, -7.871171474456787], "predictions": [13, 16, 400, 401, 402, 17, 18, 4, 4], "target_tokens": ["[IN:GET_WEATHER", "[SL:DATE_TIME", "@ptr4", "@ptr5", "@ptr6", "SL:DATE_TIME]", "IN:GET_WEATHER]"], "predicted_tokens": ["[IN:GET_WEATHER", "[SL:DATE_TIME", "@ptr5", "@ptr6", "@ptr7", "SL:DATE_TIME]", "IN:GET_WEATHER]"]}
{"loss": 2.1788856983184814, "class_log_probabilities": [-2.218679189682007, -3.210618734359741, -3.6204333305358887, -3.6794235706329346], "predictions": [39, 40, 399, 41, 43, 401, 44, 42, 4], "target_tokens": ["[IN:GET_STORIES_NEWS", "[SL:NEWS_CATEGORY", "@ptr1", "@ptr2", "@ptr3", "SL:NEWS_CATEGORY]", "[SL:NEWS_TYPE", "@ptr4", "SL:NEWS_TYPE]", "IN:GET_STORIES_NEWS]"], "predicted_tokens": ["[IN:GET_STORIES_NEWS", "[SL:NEWS_TYPE", "@ptr4", "SL:NEWS_TYPE]", "[SL:NEWS_CATEGORY", "@ptr6", "SL:NEWS_CATEGORY]", "IN:GET_STORIES_NEWS]"]}
{"loss": 2.667937994003296, "class_log_probabilities": [-1.8533719778060913, -2.1747965812683105, -3.2618892192840576, -3.884212017059326], "predictions": [259, 260, 4], "target_tokens": ["[IN:CREATE_ALARM", "IN:CREATE_ALARM]"], "predicted_tokens": ["[IN:UPDATE_ALARM", "IN:UPDATE_ALARM]"]}
{"loss": 3.086139440536499, "class_log_probabilities": [-0.5968049764633179, -6.519364356994629, -8.083189010620117, -8.348255157470703], "predictions": [13, 16, 395, 396, 17, 79, 400, 80, 18, 4], "target_tokens": ["[IN:GET_WEATHER", "[SL:WEATHER_ATTRIBUTE", "@ptr5", "SL:WEATHER_ATTRIBUTE]", "[SL:DATE_TIME", "@ptr0", "@ptr1", "SL:DATE_TIME]", "IN:GET_WEATHER]"], "predicted_tokens": ["[IN:GET_WEATHER", "[SL:DATE_TIME", "@ptr0", "@ptr1", "SL:DATE_TIME]", "[SL:WEATHER_ATTRIBUTE", "@ptr5", "SL:WEATHER_ATTRIBUTE]", "IN:GET_WEATHER]"]}
{"loss": 2.047668695449829, "class_log_probabilities": [-0.8693708777427673, -3.160433292388916, -6.056332111358643, -6.736846446990967], "predictions": [13, 16, 402, 403, 404, 405, 17, 18, 4, 4], "target_tokens": ["[IN:GET_WEATHER", "[SL:DATE_TIME", "@ptr5", "@ptr6", "@ptr7", "@ptr8", "@ptr9", "@ptr10", "SL:DATE_TIME]", "IN:GET_WEATHER]"], "predicted_tokens": ["[IN:GET_WEATHER", "[SL:DATE_TIME", "@ptr7", "@ptr8", "@ptr9", "@ptr10", "SL:DATE_TIME]", "IN:GET_WEATHER]"]}
{"loss": 2.122896194458008, "class_log_probabilities": [-3.1992027759552, -3.274813413619995, -3.488792896270752, -3.8159964084625244], "predictions": [39, 40, 396, 41, 56, 400, 401, 402, 403, 404, 405, 406, 407, 408, 409, 410, 411, 412, 414, 57, 42, 4, 4], "target_tokens": ["[IN:GET_STORIES_NEWS", "[SL:NEWS_REFERENCE", "@ptr2", "SL:NEWS_REFERENCE]", "[SL:NEWS_TYPE", "@ptr1", "SL:NEWS_TYPE]", "[SL:NEWS_TOPIC", "@ptr5", "@ptr6", "@ptr7", "@ptr8", "@ptr9", "@ptr10", "@ptr11", "@ptr12", "@ptr13", "@ptr14", "@ptr15", "@ptr16", "@ptr17", "@ptr18", "@ptr19", "@ptr20", "SL:NEWS_TOPIC]", "IN:GET_STORIES_NEWS]"], "predicted_tokens": ["[IN:GET_STORIES_NEWS", "[SL:NEWS_TYPE", "@ptr1", "SL:NEWS_TYPE]", "[SL:NEWS_TOPIC", "@ptr5", "@ptr6", "@ptr7", "@ptr8", "@ptr9", "@ptr10", "@ptr11", "@ptr12", "@ptr13", "@ptr14", "@ptr15", "@ptr16", "@ptr17", "@ptr19", "SL:NEWS_TOPIC]", "IN:GET_STORIES_NEWS]"]}
{"loss": 4.389313697814941, "class_log_probabilities": [-0.40088605880737305, -7.964130401611328, -8.276660919189453, -8.963927268981934], "predictions": [89, 16, 401, 402, 17, 92, 4, 4], "target_tokens": ["[IN:CREATE_TIMER", "[SL:METHOD_TIMER", "@ptr0", "@ptr1", "@ptr2", "SL:METHOD_TIMER]", "[SL:DATE_TIME", "@ptr4", "@ptr5", "@ptr6", "SL:DATE_TIME]", "IN:CREATE_TIMER]"], "predicted_tokens": ["[IN:CREATE_TIMER", "[SL:DATE_TIME", "@ptr6", "@ptr7", "SL:DATE_TIME]", "IN:CREATE_TIMER]"]}
{"loss": 2.6998679637908936, "class_log_probabilities": [-0.6668621301651001, -7.493981838226318, -7.571468353271484, -7.632367134094238], "predictions": [39, 40, 395, 41, 131, 396, 132, 56, 398, 57, 42, 4], "target_tokens": ["[IN:GET_STORIES_NEWS", "[SL:NEWS_REFERENCE", "@ptr1", "SL:NEWS_REFERENCE]", "[SL:NEWS_TYPE", "@ptr0", "SL:NEWS_TYPE]", "[SL:NEWS_TOPIC", "@ptr3", "SL:NEWS_TOPIC]", "IN:GET_STORIES_NEWS]"], "predicted_tokens": ["[IN:GET_STORIES_NEWS", "[SL:NEWS_TYPE", "@ptr0", "SL:NEWS_TYPE]", "[SL:NEWS_REFERENCE", "@ptr1", "SL:NEWS_REFERENCE]", "[SL:NEWS_TOPIC", "@ptr3", "SL:NEWS_TOPIC]", "IN:GET_STORIES_NEWS]"]}
{"loss": 3.853668212890625, "class_log_probabilities": [-3.0068576335906982, -3.25521183013916, -3.4422688484191895, -3.9581241607666016], "predictions": [63, 66, 398, 399, 67, 66, 403, 404, 405, 406, 407, 408, 409, 410, 411, 102, 68, 4], "target_tokens": ["[IN:PLAY_MUSIC", "[SL:MUSIC_ARTIST_NAME", "@ptr7", "@ptr8", "@ptr9", "@ptr10", "SL:MUSIC_ARTIST_NAME]", "[SL:MUSIC_TYPE", "@ptr3", "@ptr4", "SL:MUSIC_TYPE]", "[SL:MUSIC_PROVIDER_NAME", "@ptr12", "@ptr13", "@ptr14", "@ptr15", "SL:MUSIC_PROVIDER_NAME]", "IN:PLAY_MUSIC]"], "predicted_tokens": ["[IN:PLAY_MUSIC", "[SL:MUSIC_ARTIST_NAME", "@ptr3", "@ptr4", "SL:MUSIC_ARTIST_NAME]", "[SL:MUSIC_ARTIST_NAME", "@ptr8", "@ptr9", "@ptr10", "@ptr11", "@ptr12", "@ptr13", "@ptr14", "@ptr15", "@ptr16", "SL:MUSIC_TRACK_TITLE]", "IN:PLAY_MUSIC]"]}
{"loss": 0.9652750492095947, "class_log_probabilities": [-0.5010422468185425, -7.5612568855285645, -8.177481651306152, -8.183982849121094], "predictions": [39, 40, 395, 41, 56, 398, 57, 42, 4, 4], "target_tokens": ["[IN:GET_STORIES_NEWS", "[SL:NEWS_TYPE", "@ptr0", "SL:NEWS_TYPE]", "[SL:NEWS_TOPIC", "@ptr3", "SL:NEWS_TOPIC]", "IN:GET_STORIES_NEWS]"], "predicted_tokens": ["[IN:GET_STORIES_NEWS", "[SL:NEWS_TYPE", "@ptr0", "SL:NEWS_TYPE]", "[SL:NEWS_TOPIC", "@ptr3", "SL:NEWS_TOPIC]", "IN:GET_STORIES_NEWS]"]}
{"loss": 2.345590829849243, "class_log_probabilities": [-0.3734915554523468, -7.522336006164551, -7.550121784210205, -9.006233215332031], "predictions": [183, 16, 396, 397, 17, 184, 4, 4, 4], "target_tokens": ["[IN:ADD_TIME_TIMER", "[SL:DATE_TIME", "@ptr1", "@ptr2", "SL:DATE_TIME]", "[SL:METHOD_TIMER", "@ptr5", "@ptr6", "@ptr7", "@ptr8", "SL:METHOD_TIMER]", "IN:ADD_TIME_TIMER]"], "predicted_tokens": ["[IN:ADD_TIME_TIMER", "[SL:DATE_TIME", "@ptr1", "@ptr2", "SL:DATE_TIME]", "IN:ADD_TIME_TIMER]"]}
{"loss": 1.3036681413650513, "class_log_probabilities": [-0.5821690559387207, -4.143902778625488, -5.709775924682617, -8.269838333129883], "predictions": [39, 40, 396, 41, 56, 401, 57, 42, 4, 4], "target_tokens": ["[IN:GET_STORIES_NEWS", "[SL:NEWS_TYPE", "@ptr1", "SL:NEWS_TYPE]", "[SL:NEWS_TOPIC", "@ptr5", "SL:NEWS_TOPIC]", "IN:GET_STORIES_NEWS]"], "predicted_tokens": ["[IN:GET_STORIES_NEWS", "[SL:NEWS_TYPE", "@ptr1", "SL:NEWS_TYPE]", "[SL:NEWS_TOPIC", "@ptr6", "SL:NEWS_TOPIC]", "IN:GET_STORIES_NEWS]"]}
{"loss": 1.980644941329956, "class_log_probabilities": [-0.5441644191741943, -8.022601127624512, -8.210326194763184, -8.221630096435547], "predictions": [39, 40, 396, 41, 56, 398, 399, 57, 42, 4], "target_tokens": ["[IN:GET_STORIES_NEWS", "[SL:NEWS_TYPE", "@ptr1", "SL:NEWS_TYPE]", "[SL:NEWS_SOURCE", "@ptr3", "@ptr4", "SL:NEWS_SOURCE]", "IN:GET_STORIES_NEWS]"], "predicted_tokens": ["[IN:GET_STORIES_NEWS", "[SL:NEWS_TYPE", "@ptr1", "SL:NEWS_TYPE]", "[SL:NEWS_TOPIC", "@ptr3", "@ptr4", "SL:NEWS_TOPIC]", "IN:GET_STORIES_NEWS]"]}
{"loss": 1.9391781091690063, "class_log_probabilities": [-0.36586707830429077, -6.79032039642334, -7.6245198249816895, -8.866193771362305], "predictions": [241, 64, 397, 65, 242, 4, 4], "target_tokens": ["[IN:SKIP_TRACK_MUSIC", "[SL:MUSIC_TYPE", "@ptr1", "SL:MUSIC_TYPE]", "IN:SKIP_TRACK_MUSIC]"], "predicted_tokens": ["[IN:SKIP_TRACK_MUSIC", "[SL:MUSIC_TYPE", "@ptr2", "SL:MUSIC_TYPE]", "IN:SKIP_TRACK_MUSIC]"]}
{"loss": 2.448417901992798, "class_log_probabilities": [-0.5674839019775391, -6.013980388641357, -7.234615802764893, -7.2662434577941895], "predictions": [89, 90, 396, 91, 16, 397, 398, 17, 92, 4, 4], "target_tokens": ["[IN:CREATE_TIMER", "[SL:METHOD_TIMER", "@ptr0", "@ptr1", "SL:METHOD_TIMER]", "[SL:DATE_TIME", "@ptr2", "@ptr3", "SL:DATE_TIME]", "IN:CREATE_TIMER]"], "predicted_tokens": ["[IN:CREATE_TIMER", "[SL:METHOD_TIMER", "@ptr1", "SL:METHOD_TIMER]", "[SL:DATE_TIME", "@ptr2", "@ptr3", "SL:DATE_TIME]", "IN:CREATE_TIMER]"]}
{"loss": 3.4676334857940674, "class_log_probabilities": [-1.3168939352035522, -3.049741268157959, -3.967806577682495, -5.5551371574401855], "predictions": [13, 16, 395, 396, 17, 14, 399, 400, 15, 79, 403, 80, 18, 4], "target_tokens": ["[IN:GET_WEATHER", "[SL:WEATHER_ATTRIBUTE", "@ptr6", "SL:WEATHER_ATTRIBUTE]", "[SL:LOCATION", "@ptr4", "SL:LOCATION]", "[SL:DATE_TIME", "@ptr0", "@ptr1", "SL:DATE_TIME]", "IN:GET_WEATHER]"], "predicted_tokens": ["[IN:GET_WEATHER", "[SL:DATE_TIME", "@ptr0", "@ptr1", "SL:DATE_TIME]", "[SL:LOCATION", "@ptr4", "@ptr5", "SL:LOCATION]", "[SL:WEATHER_ATTRIBUTE", "@ptr8", "SL:WEATHER_ATTRIBUTE]", "IN:GET_WEATHER]"]}
{"loss": 2.3043973445892334, "class_log_probabilities": [-0.8780057430267334, -2.902578592300415, -5.658125877380371, -7.639143943786621], "predictions": [45, 16, 400, 401, 402, 403, 404, 405, 406, 17, 46, 4, 4], "target_tokens": ["[IN:CREATE_ALARM", "[SL:DATE_TIME", "@ptr3", "@ptr4", "@ptr5", "@ptr6", "@ptr7", "@ptr8", "@ptr9", "@ptr10", "SL:DATE_TIME]", "IN:CREATE_ALARM]"], "predicted_tokens": ["[IN:CREATE_ALARM", "[SL:DATE_TIME", "@ptr5", "@ptr6", "@ptr7", "@ptr8", "@ptr9", "@ptr10", "@ptr11", "SL:DATE_TIME]", "IN:CREATE_ALARM]"]}
{"loss": 3.077080249786377, "class_log_probabilities": [-1.3906387090682983, -1.5426772832870483, -5.385592460632324, -9.960949897766113], "predictions": [63, 101, 396, 397, 398, 399, 400, 401, 67, 68, 4, 4], "target_tokens": ["[IN:PLAY_MUSIC", "[SL:MUSIC_GENRE", "@ptr3", "@ptr4", "@ptr5", "@ptr6", "SL:MUSIC_GENRE]", "IN:PLAY_MUSIC]"], "predicted_tokens": ["[IN:PLAY_MUSIC", "[SL:MUSIC_TRACK_TITLE", "@ptr1", "@ptr2", "@ptr3", "@ptr4", "@ptr5", "@ptr6", "SL:MUSIC_ARTIST_NAME]", "IN:PLAY_MUSIC]"]}
{"loss": 3.686603307723999, "class_log_probabilities": [-1.0948740243911743, -3.589879035949707, -3.9512102603912354, -5.482794761657715], "predictions": [39, 40, 397, 41, 42, 4, 4, 4, 4], "target_tokens": ["[IN:GET_STORIES_NEWS", "[SL:NEWS_CATEGORY", "@ptr6", "SL:NEWS_CATEGORY]", "[SL:NEWS_TYPE", "@ptr0", "@ptr1", "@ptr2", "SL:NEWS_TYPE]", "IN:GET_STORIES_NEWS]"], "predicted_tokens": ["[IN:GET_STORIES_NEWS", "[SL:NEWS_TYPE", "@ptr2", "SL:NEWS_TYPE]", "IN:GET_STORIES_NEWS]"]}
{"loss": 3.8907270431518555, "class_log_probabilities": [-0.186227947473526, -5.798025131225586, -5.8196282386779785, -8.695569038391113], "predictions": [225, 226, 4, 4], "target_tokens": ["[IN:DELETE_TIMER", "[SL:METHOD_TIMER", "@ptr1", "@ptr2", "@ptr3", "SL:METHOD_TIMER]", "IN:DELETE_TIMER]"], "predicted_tokens": ["[IN:DELETE_TIMER", "IN:DELETE_TIMER]"]}
{"loss": 1.6721618175506592, "class_log_probabilities": [-0.9244899749755859, -3.23407244682312, -8.233539581298828, -8.558144569396973], "predictions": [45, 16, 399, 400, 401, 402, 403, 404, 405, 17, 46, 4, 4, 4], "target_tokens": ["[IN:CREATE_ALARM", "[SL:DATE_TIME", "@ptr4", "@ptr5", "@ptr6", "@ptr7", "@ptr8", "@ptr9", "SL:DATE_TIME]", "IN:CREATE_ALARM]"], "predicted_tokens": ["[IN:CREATE_ALARM", "[SL:DATE_TIME", "@ptr4", "@ptr5", "@ptr6", "@ptr7", "@ptr8", "@ptr9", "@ptr10", "SL:DATE_TIME]", "IN:CREATE_ALARM]"]}
{"loss": 3.0979807376861572, "class_log_probabilities": [-0.8867108821868896, -4.058196544647217, -4.523769378662109, -7.977762699127197], "predictions": [39, 40, 396, 41, 16, 397, 17, 56, 400, 401, 57, 42, 4, 4, 4], "target_tokens": ["[IN:GET_STORIES_NEWS", "[SL:DATE_TIME", "@ptr2", "SL:DATE_TIME]", "[SL:NEWS_TYPE", "@ptr1", "SL:NEWS_TYPE]", "[SL:NEWS_TOPIC", "@ptr5", "SL:NEWS_TOPIC]", "IN:GET_STORIES_NEWS]"], "predicted_tokens": ["[IN:GET_STORIES_NEWS", "[SL:NEWS_TYPE", "@ptr1", "SL:NEWS_TYPE]", "[SL:DATE_TIME", "@ptr2", "SL:DATE_TIME]", "[SL:NEWS_TOPIC", "@ptr5", "@ptr6", "SL:NEWS_TOPIC]", "IN:GET_STORIES_NEWS]"]}
{"loss": 4.137552261352539, "class_log_probabilities": [-1.7518538236618042, -3.2832586765289307, -3.8511338233947754, -4.8107476234436035], "predictions": [89, 16, 408, 409, 410, 411, 17, 92, 4, 4, 4], "target_tokens": ["[IN:CREATE_TIMER", "[SL:METHOD_TIMER", "@ptr2", "@ptr3", "@ptr4", "SL:METHOD_TIMER]", "IN:CREATE_TIMER]"], "predicted_tokens": ["[IN:CREATE_TIMER", "[SL:DATE_TIME", "@ptr13", "@ptr14", "@ptr15", "@ptr16", "SL:DATE_TIME]", "IN:CREATE_TIMER]"]}
{"loss": 0.9783952236175537, "class_log_probabilities": [-0.8000906109809875, -4.865066051483154, -4.879472732543945, -5.376808166503906], "predictions": [217, 64, 400, 65, 218, 4], "target_tokens": ["[IN:GET_TRACK_INFO_MUSIC", "[SL:MUSIC_TYPE", "@ptr5", "SL:MUSIC_TYPE]", "IN:GET_TRACK_INFO_MUSIC]"], "predicted_tokens": ["[IN:GET_TRACK_INFO_MUSIC", "[SL:MUSIC_TYPE", "@ptr5", "SL:MUSIC_TYPE]", "IN:GET_TRACK_INFO_MUSIC]"]}
{"loss": 3.9213104248046875, "class_log_probabilities": [-0.8267104625701904, -4.5877227783203125, -5.402464866638184, -7.115432262420654], "predictions": [39, 40, 395, 41, 56, 399, 400, 401, 57, 42, 4], "target_tokens": ["[IN:GET_STORIES_NEWS", "[SL:NEWS_REFERENCE", "@ptr1", "SL:NEWS_REFERENCE]", "[SL:NEWS_TYPE", "@ptr0", "SL:NEWS_TYPE]", "[SL:NEWS_TOPIC", "@ptr5", "SL:NEWS_TOPIC]", "IN:GET_STORIES_NEWS]"], "predicted_tokens": ["[IN:GET_STORIES_NEWS", "[SL:NEWS_TYPE", "@ptr0", "SL:NEWS_TYPE]", "[SL:NEWS_TOPIC", "@ptr4", "@ptr5", "@ptr6", "SL:NEWS_TOPIC]", "IN:GET_STORIES_NEWS]"]}
{"loss": 1.7462117671966553, "class_log_probabilities": [-1.8424196243286133, -2.0352587699890137, -5.784776210784912, -6.3818135261535645], "predictions": [49, 16, 399, 400, 401, 402, 403, 404, 405, 406, 407, 408, 17, 50, 4], "target_tokens": ["[IN:CREATE_ALARM", "[SL:DATE_TIME", "@ptr5", "@ptr6", "@ptr7", "@ptr8", "@ptr9", "@ptr10", "@ptr11", "@ptr12", "SL:DATE_TIME]", "IN:CREATE_ALARM]"], "predicted_tokens": ["[IN:CREATE_REMINDER", "[SL:DATE_TIME", "@ptr4", "@ptr5", "@ptr6", "@ptr7", "@ptr8", "@ptr9", "@ptr10", "@ptr11", "@ptr12", "@ptr13", "SL:DATE_TIME]", "IN:CREATE_REMINDER]"]}
{"loss": 0.962280809879303, "class_log_probabilities": [-0.34711703658103943, -6.2235212326049805, -8.371628761291504, -8.382766723632812], "predictions": [13, 79, 395, 80, 18, 4, 4], "target_tokens": ["[IN:GET_WEATHER", "[SL:WEATHER_ATTRIBUTE", "@ptr0", "SL:WEATHER_ATTRIBUTE]", "IN:GET_WEATHER]"], "predicted_tokens": ["[IN:GET_WEATHER", "[SL:WEATHER_ATTRIBUTE", "@ptr0", "SL:WEATHER_ATTRIBUTE]", "IN:GET_WEATHER]"]}
{"loss": 4.0926713943481445, "class_log_probabilities": [-1.0670002698898315, -2.0374770164489746, -7.652196407318115, -8.133570671081543], "predictions": [89, 16, 401, 402, 403, 17, 92, 4, 4, 4, 4], "target_tokens": ["[IN:CREATE_TIMER", "[SL:METHOD_TIMER", "@ptr1", "@ptr2", "@ptr3", "SL:METHOD_TIMER]", "[SL:DATE_TIME", "@ptr4", "@ptr5", "@ptr6", "@ptr7", "SL:DATE_TIME]", "IN:CREATE_TIMER]"], "predicted_tokens": ["[IN:CREATE_TIMER", "[SL:DATE_TIME", "@ptr6", "@ptr7", "@ptr8", "SL:DATE_TIME]", "IN:CREATE_TIMER]"]}
{"loss": 1.3939827680587769, "class_log_probabilities": [-0.8874498605728149, -2.806704044342041, -4.030783176422119, -5.095625877380371], "predictions": [183, 16, 396, 397, 17, 184, 4], "target_tokens": ["[IN:UPDATE_ALARM", "[SL:DATE_TIME", "@ptr1", "@ptr2", "SL:DATE_TIME]", "IN:UPDATE_ALARM]"], "predicted_tokens": ["[IN:ADD_TIME_TIMER", "[SL:DATE_TIME", "@ptr1", "@ptr2", "SL:DATE_TIME]", "IN:ADD_TIME_TIMER]"]}
{"loss": 1.624585509300232, "class_log_probabilities": [-0.5380936861038208, -7.341748237609863, -8.269937515258789, -8.286669731140137], "predictions": [39, 40, 396, 41, 56, 400, 57, 42, 4], "target_tokens": ["[IN:GET_STORIES_NEWS", "[SL:NEWS_TYPE", "@ptr1", "SL:NEWS_TYPE]", "[SL:NEWS_TOPIC", "@ptr4", "SL:NEWS_TOPIC]", "IN:GET_STORIES_NEWS]"], "predicted_tokens": ["[IN:GET_STORIES_NEWS", "[SL:NEWS_TYPE", "@ptr1", "SL:NEWS_TYPE]", "[SL:NEWS_TOPIC", "@ptr5", "SL:NEWS_TOPIC]", "IN:GET_STORIES_NEWS]"]}
{"loss": 2.0836238861083984, "class_log_probabilities": [-2.3342485427856445, -4.420583248138428, -5.435059070587158, -6.560252666473389], "predictions": [55, 56, 395, 57, 56, 401, 402, 403, 404, 405, 406, 407, 408, 409, 57, 58, 4], "target_tokens": ["[IN:QUESTION_NEWS", "[SL:NEWS_TOPIC", "@ptr0", "@ptr1", "@ptr4", "@ptr5", "@ptr6", "@ptr7", "@ptr8", "@ptr9", "@ptr10", "@ptr11", "@ptr12", "SL:NEWS_TOPIC]", "IN:QUESTION_NEWS]"], "predicted_tokens": ["[IN:QUESTION_NEWS", "[SL:NEWS_TOPIC", "@ptr0", "SL:NEWS_TOPIC]", "[SL:NEWS_TOPIC", "@ptr6", "@ptr7", "@ptr8", "@ptr9", "@ptr10", "@ptr11", "@ptr12", "@ptr13", "@ptr14", "SL:NEWS_TOPIC]", "IN:QUESTION_NEWS]"]}
{"loss": 2.346465826034546, "class_log_probabilities": [-0.6211074590682983, -8.140840530395508, -8.15599536895752, -8.203568458557129], "predictions": [39, 40, 395, 41, 56, 400, 401, 402, 57, 42, 4], "target_tokens": ["[IN:GET_STORIES_NEWS", "[SL:NEWS_TYPE", "@ptr0", "SL:NEWS_TYPE]", "[SL:NEWS_TOPIC", "@ptr4", "@ptr5", "@ptr6", "SL:NEWS_TOPIC]", "IN:GET_STORIES_NEWS]"], "predicted_tokens": ["[IN:GET_STORIES_NEWS", "[SL:NEWS_TYPE", "@ptr0", "SL:NEWS_TYPE]", "[SL:NEWS_TOPIC", "@ptr5", "@ptr6", "@ptr7", "SL:NEWS_TOPIC]", "IN:GET_STORIES_NEWS]"]}
{"loss": 1.9306449890136719, "class_log_probabilities": [-0.903983473777771, -4.130185127258301, -6.109544277191162, -6.538288116455078], "predictions": [213, 120, 400, 121, 214, 4], "target_tokens": ["[IN:SILENCE_ALARM", "[SL:AMOUNT", "@ptr3", "SL:AMOUNT]", "IN:SILENCE_ALARM]"], "predicted_tokens": ["[IN:SILENCE_ALARM", "[SL:AMOUNT", "@ptr5", "SL:AMOUNT]", "IN:SILENCE_ALARM]"]}
{"loss": 2.443669319152832, "class_log_probabilities": [-1.9933290481567383, -2.754711389541626, -3.9399144649505615, -4.214693069458008], "predictions": [39, 40, 398, 41, 42, 4, 4, 4, 4], "target_tokens": ["[IN:GET_STORIES_NEWS", "[SL:NEWS_REFERENCE", "@ptr3", "SL:NEWS_REFERENCE]", "[SL:NEWS_TYPE", "@ptr2", "SL:NEWS_TYPE]", "IN:GET_STORIES_NEWS]"], "predicted_tokens": ["[IN:GET_STORIES_NEWS", "[SL:NEWS_TYPE", "@ptr3", "SL:NEWS_TYPE]", "IN:GET_STORIES_NEWS]"]}
{"loss": 1.486723780632019, "class_log_probabilities": [-0.8824901580810547, -3.3693716526031494, -5.251248836517334, -5.456820964813232], "predictions": [13, 14, 397, 398, 399, 15, 16, 406, 407, 408, 409, 17, 18, 4, 4], "target_tokens": ["[IN:GET_WEATHER", "[SL:LOCATION", "@ptr2", "@ptr3", "@ptr4", "SL:LOCATION]", "[SL:DATE_TIME", "@ptr11", "@ptr12", "@ptr13", "SL:DATE_TIME]", "IN:GET_WEATHER]"], "predicted_tokens": ["[IN:GET_WEATHER", "[SL:LOCATION", "@ptr2", "@ptr3", "@ptr4", "SL:LOCATION]", "[SL:DATE_TIME", "@ptr11", "@ptr12", "@ptr13", "@ptr14", "SL:DATE_TIME]", "IN:GET_WEATHER]"]}
{"loss": 2.5854604244232178, "class_log_probabilities": [-0.8411371111869812, -5.394408702850342, -6.4372878074646, -6.925965309143066], "predictions": [13, 79, 396, 397, 80, 14, 399, 400, 401, 402, 15, 18, 4, 4], "target_tokens": ["[IN:GET_WEATHER", "[SL:LOCATION", "@ptr4", "@ptr5", "@ptr6", "SL:LOCATION]", "IN:GET_WEATHER]"], "predicted_tokens": ["[IN:GET_WEATHER", "[SL:WEATHER_ATTRIBUTE", "@ptr1", "@ptr2", "SL:WEATHER_ATTRIBUTE]", "[SL:LOCATION", "@ptr4", "@ptr5", "@ptr6", "@ptr7", "SL:LOCATION]", "IN:GET_WEATHER]"]}
{"loss": 2.883219003677368, "class_log_probabilities": [-0.6194251775741577, -5.812246322631836, -6.228120803833008, -7.137757778167725], "predictions": [45, 16, 403, 404, 405, 406, 17, 46, 4], "target_tokens": ["[IN:CREATE_ALARM", "[SL:DATE_TIME", "@ptr7", "@ptr8", "@ptr9", "@ptr10", "SL:DATE_TIME]", "IN:CREATE_ALARM]"], "predicted_tokens": ["[IN:CREATE_ALARM", "[SL:DATE_TIME", "@ptr8", "@ptr9", "@ptr10", "@ptr11", "SL:DATE_TIME]", "IN:CREATE_ALARM]"]}
{"loss": 1.9345097541809082, "class_log_probabilities": [-0.6652828454971313, -5.119934558868408, -5.875996112823486, -6.87901496887207], "predictions": [241, 64, 397, 65, 20, 399, 21, 242, 4], "target_tokens": ["[IN:SKIP_TRACK_MUSIC", "[SL:MUSIC_TYPE", "@ptr2", "SL:MUSIC_TYPE]", "IN:SKIP_TRACK_MUSIC]"], "predicted_tokens": ["[IN:SKIP_TRACK_MUSIC", "[SL:MUSIC_TYPE", "@ptr2", "SL:MUSIC_TYPE]", "[SL:ORDINAL", "@ptr4", "SL:ORDINAL]", "IN:SKIP_TRACK_MUSIC]"]}
{"loss": 2.034635305404663, "class_log_probabilities": [-0.7941769957542419, -3.348902940750122, -6.824357032775879, -7.223371505737305], "predictions": [259, 16, 401, 402, 403, 404, 405, 17, 260, 4], "target_tokens": ["[IN:UPDATE_ALARM", "[SL:DATE_TIME", "@ptr5", "@ptr6", "@ptr7", "@ptr8", "@ptr9", "@ptr10", "SL:DATE_TIME]", "IN:UPDATE_ALARM]"], "predicted_tokens": ["[IN:UPDATE_ALARM", "[SL:DATE_TIME", "@ptr6", "@ptr7", "@ptr8", "@ptr9", "@ptr10", "SL:DATE_TIME]", "IN:UPDATE_ALARM]"]}
{"loss": 3.105487823486328, "class_log_probabilities": [-0.5020120739936829, -4.187037944793701, -5.755918025970459, -6.825337886810303], "predictions": [119, 122, 4, 4, 4, 4], "target_tokens": ["[IN:DELETE_ALARM", "[SL:AMOUNT", "@ptr3", "SL:AMOUNT]", "IN:DELETE_ALARM]"], "predicted_tokens": ["[IN:DELETE_ALARM", "IN:DELETE_ALARM]"]}
{"loss": 1.8021600246429443, "class_log_probabilities": [-0.6043027639389038, -4.390592575073242, -6.173520565032959, -7.613595485687256], "predictions": [13, 79, 398, 399, 400, 401, 80, 18, 4], "target_tokens": ["[IN:GET_WEATHER", "[SL:WEATHER_ATTRIBUTE", "@ptr3", "@ptr4", "@ptr5", "SL:WEATHER_ATTRIBUTE]", "IN:GET_WEATHER]"], "predicted_tokens": ["[IN:GET_WEATHER", "[SL:WEATHER_ATTRIBUTE", "@ptr3", "@ptr4", "@ptr5", "@ptr6", "SL:WEATHER_ATTRIBUTE]", "IN:GET_WEATHER]"]}
{"loss": 3.279827117919922, "class_log_probabilities": [-0.8593897223472595, -3.2747080326080322, -6.722136497497559, -6.760200023651123], "predictions": [13, 16, 395, 17, 14, 398, 399, 400, 401, 15, 18, 4], "target_tokens": ["[IN:GET_WEATHER", "[SL:LOCATION", "@ptr3", "@ptr4", "@ptr5", "SL:LOCATION]", "[SL:DATE_TIME", "@ptr0", "@ptr1", "SL:DATE_TIME]", "IN:GET_WEATHER]"], "predicted_tokens": ["[IN:GET_WEATHER", "[SL:DATE_TIME", "@ptr0", "SL:DATE_TIME]", "[SL:LOCATION", "@ptr3", "@ptr4", "@ptr5", "@ptr6", "SL:LOCATION]", "IN:GET_WEATHER]"]}
{"loss": 5.321273326873779, "class_log_probabilities": [-0.1385914534330368, -7.809695720672607, -10.618619918823242, -12.196548461914062], "predictions": [33, 38, 4, 4, 4, 4, 4, 4], "target_tokens": ["[IN:DELETE_ALARM", "[SL:AMOUNT", "@ptr9", "SL:AMOUNT]", "IN:DELETE_ALARM]"], "predicted_tokens": ["[IN:DELETE_REMINDER", "IN:DELETE_REMINDER]"]}
{"loss": 0.9760055541992188, "class_log_probabilities": [-0.30071043968200684, -7.847474098205566, -8.194042205810547, -8.257441520690918], "predictions": [217, 64, 395, 65, 218, 4], "target_tokens": ["[IN:GET_TRACK_INFO_MUSIC", "[SL:MUSIC_TYPE", "@ptr0", "SL:MUSIC_TYPE]", "IN:GET_TRACK_INFO_MUSIC]"], "predicted_tokens": ["[IN:GET_TRACK_INFO_MUSIC", "[SL:MUSIC_TYPE", "@ptr0", "SL:MUSIC_TYPE]", "IN:GET_TRACK_INFO_MUSIC]"]}
{"loss": 2.225184440612793, "class_log_probabilities": [-0.6820791363716125, -5.394833564758301, -8.333641052246094, -9.243965148925781], "predictions": [45, 16, 399, 400, 401, 402, 403, 404, 405, 17, 46, 4, 4], "target_tokens": ["[IN:CREATE_ALARM", "[SL:DATE_TIME", "@ptr3", "@ptr4", "@ptr5", "@ptr6", "@ptr7", "@ptr8", "@ptr9", "SL:DATE_TIME]", "IN:CREATE_ALARM]"], "predicted_tokens": ["[IN:CREATE_ALARM", "[SL:DATE_TIME", "@ptr4", "@ptr5", "@ptr6", "@ptr7", "@ptr8", "@ptr9", "@ptr10", "SL:DATE_TIME]", "IN:CREATE_ALARM]"]}
{"loss": 1.9783889055252075, "class_log_probabilities": [-0.755721926689148, -4.983318328857422, -6.512909889221191, -7.51641321182251], "predictions": [13, 79, 395, 80, 16, 398, 399, 400, 17, 18, 4], "target_tokens": ["[IN:GET_WEATHER", "[SL:WEATHER_ATTRIBUTE", "@ptr0", "SL:WEATHER_ATTRIBUTE]", "[SL:DATE_TIME", "@ptr4", "SL:DATE_TIME]", "IN:GET_WEATHER]"], "predicted_tokens": ["[IN:GET_WEATHER", "[SL:WEATHER_ATTRIBUTE", "@ptr0", "SL:WEATHER_ATTRIBUTE]", "[SL:DATE_TIME", "@ptr3", "@ptr4", "@ptr5", "SL:DATE_TIME]", "IN:GET_WEATHER]"]}
{"loss": 2.2662925720214844, "class_log_probabilities": [-1.7719783782958984, -2.524855375289917, -4.399101734161377, -5.061605930328369], "predictions": [63, 66, 396, 397, 398, 399, 400, 401, 402, 403, 404, 405, 406, 407, 102, 68, 4], "target_tokens": ["[IN:PLAY_MUSIC", "[SL:MUSIC_ARTIST_NAME", "@ptr1", "@ptr2", "@ptr3", "@ptr4", "@ptr5", "@ptr6", "SL:MUSIC_ARTIST_NAME]", "[SL:MUSIC_PROVIDER_NAME", "@ptr8", "@ptr9", "@ptr10", "@ptr11", "SL:MUSIC_PROVIDER_NAME]", "IN:PLAY_MUSIC]"], "predicted_tokens": ["[IN:PLAY_MUSIC", "[SL:MUSIC_ARTIST_NAME", "@ptr1", "@ptr2", "@ptr3", "@ptr4", "@ptr5", "@ptr6", "@ptr7", "@ptr8", "@ptr9", "@ptr10", "@ptr11", "@ptr12", "SL:MUSIC_TRACK_TITLE]", "IN:PLAY_MUSIC]"]}
{"loss": 1.191933512687683, "class_log_probabilities": [-1.346200704574585, -5.158915996551514, -5.3096089363098145, -5.696685791015625], "predictions": [63, 64, 396, 65, 101, 397, 398, 399, 400, 401, 102, 66, 403, 404, 405, 406, 407, 408, 67, 68, 4], "target_tokens": ["[IN:PLAY_MUSIC", "[SL:MUSIC_TYPE", "@ptr1", "SL:MUSIC_TYPE]", "[SL:MUSIC_ALBUM_TITLE", "@ptr2", "@ptr3", "@ptr4", "@ptr5", "@ptr6", "SL:MUSIC_ALBUM_TITLE]", "[SL:MUSIC_ARTIST_NAME", "@ptr8", "@ptr9", "@ptr10", "@ptr11", "@ptr12", "@ptr13", "SL:MUSIC_ARTIST_NAME]", "IN:PLAY_MUSIC]"], "predicted_tokens": ["[IN:PLAY_MUSIC", "[SL:MUSIC_TYPE", "@ptr1", "SL:MUSIC_TYPE]", "[SL:MUSIC_TRACK_TITLE", "@ptr2", "@ptr3", "@ptr4", "@ptr5", "@ptr6", "SL:MUSIC_TRACK_TITLE]", "[SL:MUSIC_ARTIST_NAME", "@ptr8", "@ptr9", "@ptr10", "@ptr11", "@ptr12", "@ptr13", "SL:MUSIC_ARTIST_NAME]", "IN:PLAY_MUSIC]"]}
{"loss": 4.303823947906494, "class_log_probabilities": [-0.16095003485679626, -7.558024883270264, -7.8637309074401855, -8.005146980285645], "predictions": [115, 116, 4], "target_tokens": ["[IN:GET_TIMER", "[SL:METHOD_TIMER", "@ptr1", "@ptr2", "@ptr3", "SL:METHOD_TIMER]", "IN:GET_TIMER]"], "predicted_tokens": ["[IN:GET_TIMER", "IN:GET_TIMER]"]}
{"loss": 4.307682514190674, "class_log_probabilities": [-1.2027227878570557, -1.665241003036499, -5.880320072174072, -6.459865093231201], "predictions": [63, 64, 398, 65, 66, 402, 403, 404, 405, 67, 68, 4], "target_tokens": ["[IN:PLAY_MUSIC", "[SL:MUSIC_ARTIST_NAME", "@ptr6", "@ptr7", "@ptr8", "SL:MUSIC_ARTIST_NAME]", "[SL:MUSIC_TYPE", "@ptr3", "SL:MUSIC_TYPE]", "IN:PLAY_MUSIC]"], "predicted_tokens": ["[IN:PLAY_MUSIC", "[SL:MUSIC_TYPE", "@ptr3", "SL:MUSIC_TYPE]", "[SL:MUSIC_ARTIST_NAME", "@ptr7", "@ptr8", "@ptr9", "@ptr10", "SL:MUSIC_ARTIST_NAME]", "IN:PLAY_MUSIC]"]}
{"loss": 2.449960231781006, "class_log_probabilities": [-1.4050625562667847, -2.2786366939544678, -5.414064884185791, -5.820976734161377], "predictions": [63, 64, 396, 65, 66, 397, 398, 399, 67, 68, 4], "target_tokens": ["[IN:PLAY_MUSIC", "[SL:MUSIC_PLAYLIST_TITLE", "@ptr2", "@ptr3", "@ptr4", "SL:MUSIC_PLAYLIST_TITLE]", "[SL:MUSIC_TYPE", "@ptr1", "SL:MUSIC_TYPE]", "IN:PLAY_MUSIC]"], "predicted_tokens": ["[IN:PLAY_MUSIC", "[SL:MUSIC_TYPE", "@ptr1", "SL:MUSIC_TYPE]", "[SL:MUSIC_ARTIST_NAME", "@ptr2", "@ptr3", "@ptr4", "SL:MUSIC_ARTIST_NAME]", "IN:PLAY_MUSIC]"]}
{"loss": 4.217957496643066, "class_log_probabilities": [-0.889692485332489, -3.4306800365448, -4.265368938446045, -6.765682220458984], "predictions": [63, 101, 396, 397, 398, 399, 400, 102, 66, 403, 404, 405, 406, 67, 68, 4, 4], "target_tokens": ["[IN:PLAY_MUSIC", "[SL:MUSIC_ARTIST_NAME", "@ptr6", "@ptr7", "@ptr8", "@ptr9", "@ptr10", "SL:MUSIC_ARTIST_NAME]", "[SL:MUSIC_TYPE", "@ptr1", "SL:MUSIC_TYPE]", "IN:PLAY_MUSIC]"], "predicted_tokens": ["[IN:PLAY_MUSIC", "[SL:MUSIC_TRACK_TITLE", "@ptr1", "@ptr2", "@ptr3", "@ptr4", "@ptr5", "SL:MUSIC_TRACK_TITLE]", "[SL:MUSIC_ARTIST_NAME", "@ptr8", "@ptr9", "@ptr10", "@ptr11", "SL:MUSIC_ARTIST_NAME]", "IN:PLAY_MUSIC]"]}
{"loss": 1.908154845237732, "class_log_probabilities": [-1.080721378326416, -2.741642951965332, -4.746700286865234, -5.001630783081055], "predictions": [287, 64, 396, 65, 288, 4], "target_tokens": ["[IN:RESUME_MUSIC", "[SL:MUSIC_TYPE", "@ptr1", "SL:MUSIC_TYPE]", "IN:RESUME_MUSIC]"], "predicted_tokens": ["[IN:REPLAY_MUSIC", "[SL:MUSIC_TYPE", "@ptr1", "SL:MUSIC_TYPE]", "IN:REPLAY_MUSIC]"]}
{"loss": 0.9763876795768738, "class_log_probabilities": [-0.31101828813552856, -6.815489768981934, -7.510674953460693, -7.559468746185303], "predictions": [287, 64, 396, 65, 288, 4], "target_tokens": ["[IN:REPLAY_MUSIC", "[SL:MUSIC_TYPE", "@ptr1", "SL:MUSIC_TYPE]", "IN:REPLAY_MUSIC]"], "predicted_tokens": ["[IN:REPLAY_MUSIC", "[SL:MUSIC_TYPE", "@ptr1", "SL:MUSIC_TYPE]", "IN:REPLAY_MUSIC]"]}
{"loss": 1.8472323417663574, "class_log_probabilities": [-0.7704731822013855, -3.4342451095581055, -5.119710445404053, -7.450295448303223], "predictions": [13, 14, 398, 399, 400, 401, 15, 18, 4], "target_tokens": ["[IN:GET_WEATHER", "[SL:LOCATION", "@ptr3", "@ptr4", "@ptr5", "SL:LOCATION]", "IN:GET_WEATHER]"], "predicted_tokens": ["[IN:GET_WEATHER", "[SL:LOCATION", "@ptr3", "@ptr4", "@ptr5", "@ptr6", "SL:LOCATION]", "IN:GET_WEATHER]"]}
{"loss": 2.8499181270599365, "class_log_probabilities": [-0.35293513536453247, -7.6958208084106445, -8.103256225585938, -8.946446418762207], "predictions": [183, 16, 396, 397, 17, 184, 4, 4], "target_tokens": ["[IN:ADD_TIME_TIMER", "[SL:DATE_TIME", "@ptr1", "@ptr2", "SL:DATE_TIME]", "[SL:METHOD_TIMER", "@ptr4", "@ptr5", "@ptr6", "SL:METHOD_TIMER]", "IN:ADD_TIME_TIMER]"], "predicted_tokens": ["[IN:ADD_TIME_TIMER", "[SL:DATE_TIME", "@ptr1", "@ptr2", "SL:DATE_TIME]", "IN:ADD_TIME_TIMER]"]}
{"loss": 3.652487277984619, "class_log_probabilities": [-0.4307251572608948, -6.606790542602539, -6.916374683380127, -7.190684795379639], "predictions": [89, 90, 398, 91, 92, 4], "target_tokens": ["[IN:CREATE_TIMER", "[SL:METHOD_TIMER", "@ptr1", "@ptr2", "@ptr3", "SL:METHOD_TIMER]", "IN:CREATE_TIMER]"], "predicted_tokens": ["[IN:CREATE_TIMER", "[SL:METHOD_TIMER", "@ptr3", "SL:METHOD_TIMER]", "IN:CREATE_TIMER]"]}
{"loss": 4.613743305206299, "class_log_probabilities": [-1.3053460121154785, -2.943225622177124, -4.030615329742432, -4.483704090118408], "predictions": [39, 40, 397, 41, 56, 399, 400, 57, 42, 4], "target_tokens": ["[IN:GET_STORIES_NEWS", "[SL:NEWS_CATEGORY", "@ptr3", "@ptr4", "SL:NEWS_CATEGORY]", "[SL:NEWS_TYPE", "@ptr1", "@ptr2", "SL:NEWS_TYPE]", "IN:GET_STORIES_NEWS]"], "predicted_tokens": ["[IN:GET_STORIES_NEWS", "[SL:NEWS_TYPE", "@ptr2", "SL:NEWS_TYPE]", "[SL:NEWS_TOPIC", "@ptr4", "@ptr5", "SL:NEWS_TOPIC]", "IN:GET_STORIES_NEWS]"]}
{"loss": 3.0243582725524902, "class_log_probabilities": [-0.5852330327033997, -3.41926646232605, -5.749029159545898, -6.116175651550293], "predictions": [273, 90, 398, 91, 274, 4, 4], "target_tokens": ["[IN:RESTART_TIMER", "[SL:METHOD_TIMER", "@ptr2", "@ptr3", "@ptr4", "SL:METHOD_TIMER]", "IN:RESTART_TIMER]"], "predicted_tokens": ["[IN:RESTART_TIMER", "[SL:METHOD_TIMER", "@ptr3", "SL:METHOD_TIMER]", "IN:RESTART_TIMER]"]}
{"loss": 2.803708791732788, "class_log_probabilities": [-1.215006709098816, -3.0400071144104004, -3.4566564559936523, -5.704402923583984], "predictions": [39, 40, 395, 41, 43, 396, 397, 44, 16, 399, 17, 42, 4, 4], "target_tokens": ["[IN:GET_STORIES_NEWS", "[SL:NEWS_CATEGORY", "@ptr1", "@ptr2", "SL:NEWS_CATEGORY]", "[SL:NEWS_TYPE", "@ptr0", "SL:NEWS_TYPE]", "IN:GET_STORIES_NEWS]"], "predicted_tokens": ["[IN:GET_STORIES_NEWS", "[SL:NEWS_TYPE", "@ptr0", "SL:NEWS_TYPE]", "[SL:NEWS_CATEGORY", "@ptr1", "@ptr2", "SL:NEWS_CATEGORY]", "[SL:DATE_TIME", "@ptr4", "SL:DATE_TIME]", "IN:GET_STORIES_NEWS]"]}
{"loss": 2.1899030208587646, "class_log_probabilities": [-0.6727790832519531, -6.802994728088379, -6.965754985809326, -7.58690071105957], "predictions": [45, 16, 402, 403, 404, 405, 406, 407, 408, 409, 17, 46, 4, 4], "target_tokens": ["[IN:CREATE_ALARM", "[SL:DATE_TIME", "@ptr6", "@ptr7", "@ptr8", "@ptr9", "@ptr10", "@ptr11", "@ptr12", "@ptr13", "SL:DATE_TIME]", "IN:CREATE_ALARM]"], "predicted_tokens": ["[IN:CREATE_ALARM", "[SL:DATE_TIME", "@ptr7", "@ptr8", "@ptr9", "@ptr10", "@ptr11", "@ptr12", "@ptr13", "@ptr14", "SL:DATE_TIME]", "IN:CREATE_ALARM]"]}
{"loss": 2.290196657180786, "class_log_probabilities": [-0.3513006865978241, -4.911681652069092, -5.801351070404053, -6.254901885986328], "predictions": [297, 64, 397, 65, 298, 4], "target_tokens": ["[IN:STOP_MUSIC", "[SL:MUSIC_TYPE", "@ptr1", "SL:MUSIC_TYPE]", "IN:STOP_MUSIC]"], "predicted_tokens": ["[IN:STOP_MUSIC", "[SL:MUSIC_TYPE", "@ptr2", "SL:MUSIC_TYPE]", "IN:STOP_MUSIC]"]}
{"loss": 2.864541530609131, "class_log_probabilities": [-0.6413205862045288, -3.6393392086029053, -5.590236186981201, -6.117195129394531], "predictions": [273, 90, 400, 91, 274, 4], "target_tokens": ["[IN:RESTART_TIMER", "[SL:METHOD_TIMER", "@ptr2", "@ptr3", "@ptr4", "SL:METHOD_TIMER]", "IN:RESTART_TIMER]"], "predicted_tokens": ["[IN:RESTART_TIMER", "[SL:METHOD_TIMER", "@ptr5", "SL:METHOD_TIMER]", "IN:RESTART_TIMER]"]}
{"loss": 2.8074190616607666, "class_log_probabilities": [-0.3475610017776489, -8.097448348999023, -8.204548835754395, -8.889034271240234], "predictions": [183, 16, 398, 399, 17, 184, 4, 4], "target_tokens": ["[IN:ADD_TIME_TIMER", "[SL:DATE_TIME", "@ptr3", "@ptr4", "SL:DATE_TIME]", "[SL:METHOD_TIMER", "@ptr6", "@ptr7", "@ptr8", "SL:METHOD_TIMER]", "IN:ADD_TIME_TIMER]"], "predicted_tokens": ["[IN:ADD_TIME_TIMER", "[SL:DATE_TIME", "@ptr3", "@ptr4", "SL:DATE_TIME]", "IN:ADD_TIME_TIMER]"]}
{"loss": 3.929265260696411, "class_log_probabilities": [-1.3034199476242065, -3.167470693588257, -5.079958915710449, -5.281332969665527], "predictions": [63, 64, 396, 65, 206, 397, 398, 399, 400, 401, 207, 68, 4, 4], "target_tokens": ["[IN:PLAY_MUSIC", "[SL:MUSIC_ALBUM_TITLE", "@ptr5", "@ptr6", "SL:MUSIC_ALBUM_TITLE]", "[SL:MUSIC_TYPE", "@ptr1", "@ptr2", "@ptr3", "SL:MUSIC_TYPE]", "IN:PLAY_MUSIC]"], "predicted_tokens": ["[IN:PLAY_MUSIC", "[SL:MUSIC_TYPE", "@ptr1", "SL:MUSIC_TYPE]", "[SL:MUSIC_ALBUM_TITLE", "@ptr2", "@ptr3", "@ptr4", "@ptr5", "@ptr6", "SL:MUSIC_ALBUM_TITLE]", "IN:PLAY_MUSIC]"]}
{"loss": 2.9597465991973877, "class_log_probabilities": [-0.7085955739021301, -4.504095554351807, -5.349009037017822, -5.358787536621094], "predictions": [89, 16, 398, 399, 17, 92, 4, 4], "target_tokens": ["[IN:CREATE_TIMER", "[SL:METHOD_TIMER", "@ptr0", "@ptr1", "SL:METHOD_TIMER]", "[SL:DATE_TIME", "@ptr3", "@ptr4", "@ptr5", "SL:DATE_TIME]", "IN:CREATE_TIMER]"], "predicted_tokens": ["[IN:CREATE_TIMER", "[SL:DATE_TIME", "@ptr3", "@ptr4", "SL:DATE_TIME]", "IN:CREATE_TIMER]"]}
{"loss": 5.174227237701416, "class_log_probabilities": [-1.8071895837783813, -2.2645742893218994, -3.6508164405822754, -4.742323875427246], "predictions": [63, 206, 397, 398, 399, 400, 401, 402, 403, 207, 68, 4], "target_tokens": ["[IN:REPLAY_MUSIC", "[SL:MUSIC_PLAYLIST_TITLE", "@ptr6", "@ptr7", "SL:MUSIC_PLAYLIST_TITLE]", "[SL:MUSIC_TYPE", "@ptr2", "@ptr3", "@ptr4", "@ptr5", "SL:MUSIC_TYPE]", "IN:REPLAY_MUSIC]"], "predicted_tokens": ["[IN:PLAY_MUSIC", "[SL:MUSIC_ALBUM_TITLE", "@ptr2", "@ptr3", "@ptr4", "@ptr5", "@ptr6", "@ptr7", "@ptr8", "SL:MUSIC_ALBUM_TITLE]", "IN:PLAY_MUSIC]"]}
{"loss": 0.9859853386878967, "class_log_probabilities": [-0.26616930961608887, -7.361968517303467, -7.3932647705078125, -7.699219226837158], "predictions": [51, 145, 399, 146, 54, 4], "target_tokens": ["[IN:GET_RECIPES", "[SL:RECIPES_TYPE", "@ptr4", "SL:RECIPES_TYPE]", "IN:GET_RECIPES]"], "predicted_tokens": ["[IN:GET_RECIPES", "[SL:RECIPES_TYPE", "@ptr4", "SL:RECIPES_TYPE]", "IN:GET_RECIPES]"]}
{"loss": 2.7745795249938965, "class_log_probabilities": [-0.9454779624938965, -4.138341903686523, -4.293031215667725, -5.486250877380371], "predictions": [165, 113, 396, 397, 398, 399, 400, 53, 166, 4], "target_tokens": ["[IN:IS_TRUE_RECIPES", "[SL:RECIPES_DISH", "@ptr2", "@ptr3", "@ptr4", "SL:RECIPES_DISH]", "IN:IS_TRUE_RECIPES]"], "predicted_tokens": ["[IN:IS_TRUE_RECIPES", "[SL:RECIPES_COOKING_METHOD", "@ptr1", "@ptr2", "@ptr3", "@ptr4", "@ptr5", "SL:RECIPES_DISH]", "IN:IS_TRUE_RECIPES]"]}
{"loss": 0.9704501032829285, "class_log_probabilities": [-0.45589885115623474, -6.72971248626709, -7.2767720222473145, -9.124957084655762], "predictions": [27, 52, 395, 396, 397, 398, 53, 30, 4, 4, 4], "target_tokens": ["[IN:GET_INFO_RECIPES", "[SL:RECIPES_DISH", "@ptr0", "@ptr1", "@ptr2", "@ptr3", "SL:RECIPES_DISH]", "IN:GET_INFO_RECIPES]"], "predicted_tokens": ["[IN:GET_INFO_RECIPES", "[SL:RECIPES_DISH", "@ptr0", "@ptr1", "@ptr2", "@ptr3", "SL:RECIPES_DISH]", "IN:GET_INFO_RECIPES]"]}
{"loss": 0.9676723480224609, "class_log_probabilities": [-0.7270520925521851, -4.052376747131348, -5.040634632110596, -5.188945293426514], "predictions": [51, 52, 397, 398, 399, 400, 401, 53, 54, 4], "target_tokens": ["[IN:GET_RECIPES", "[SL:RECIPES_DISH", "@ptr2", "@ptr3", "@ptr4", "@ptr5", "@ptr6", "SL:RECIPES_DISH]", "IN:GET_RECIPES]"], "predicted_tokens": ["[IN:GET_RECIPES", "[SL:RECIPES_DISH", "@ptr2", "@ptr3", "@ptr4", "@ptr5", "@ptr6", "SL:RECIPES_DISH]", "IN:GET_RECIPES]"]}
{"loss": 4.50685453414917, "class_log_probabilities": [-1.413077473640442, -1.4271718263626099, -4.857635021209717, -6.0659050941467285], "predictions": [27, 52, 401, 53, 30, 4, 4], "target_tokens": ["[IN:GET_RECIPES", "[SL:RECIPES_ATTRIBUTE", "@ptr9", "@ptr10", "SL:RECIPES_ATTRIBUTE]", "[SL:RECIPES_MEAL", "@ptr5", "@ptr6", "SL:RECIPES_MEAL]", "IN:GET_RECIPES]"], "predicted_tokens": ["[IN:GET_INFO_RECIPES", "[SL:RECIPES_DISH", "@ptr6", "SL:RECIPES_DISH]", "IN:GET_INFO_RECIPES]"]}
{"loss": 1.2104852199554443, "class_log_probabilities": [-0.9527478814125061, -2.5137007236480713, -6.716495990753174, -6.78579044342041], "predictions": [51, 52, 398, 399, 400, 53, 54, 4], "target_tokens": ["[IN:GET_RECIPES", "[SL:RECIPES_DISH", "@ptr3", "@ptr4", "SL:RECIPES_DISH]", "IN:GET_RECIPES]"], "predicted_tokens": ["[IN:GET_RECIPES", "[SL:RECIPES_DISH", "@ptr3", "@ptr4", "@ptr5", "SL:RECIPES_DISH]", "IN:GET_RECIPES]"]}
{"loss": 4.291830539703369, "class_log_probabilities": [-0.42644813656806946, -6.576992034912109, -6.698990345001221, -8.927396774291992], "predictions": [27, 129, 398, 130, 30, 4, 4, 4, 4], "target_tokens": ["[IN:GET_INFO_RECIPES", "[SL:RECIPES_ATTRIBUTE", "@ptr4", "@ptr5", "@ptr6", "SL:RECIPES_ATTRIBUTE]", "[SL:RECIPES_COOKING_METHOD", "@ptr2", "SL:RECIPES_COOKING_METHOD]", "[SL:RECIPES_INCLUDED_INGREDIENT", "@ptr3", "SL:RECIPES_INCLUDED_INGREDIENT]", "IN:GET_INFO_RECIPES]"], "predicted_tokens": ["[IN:GET_INFO_RECIPES", "[SL:RECIPES_INCLUDED_INGREDIENT", "@ptr3", "SL:RECIPES_INCLUDED_INGREDIENT]", "IN:GET_INFO_RECIPES]"]}
{"loss": 1.9796384572982788, "class_log_probabilities": [-0.32675719261169434, -7.064218044281006, -8.22045612335205, -8.412787437438965], "predictions": [51, 52, 398, 53, 54, 4], "target_tokens": ["[IN:GET_RECIPES", "[SL:RECIPES_DISH", "@ptr2", "SL:RECIPES_DISH]", "IN:GET_RECIPES]"], "predicted_tokens": ["[IN:GET_RECIPES", "[SL:RECIPES_DISH", "@ptr3", "SL:RECIPES_DISH]", "IN:GET_RECIPES]"]}
{"loss": 1.1612331867218018, "class_log_probabilities": [-0.8878418207168579, -2.4468750953674316, -6.6493754386901855, -6.866802215576172], "predictions": [51, 52, 398, 399, 53, 54, 4, 4], "target_tokens": ["[IN:GET_RECIPES", "[SL:RECIPES_DISH", "@ptr2", "@ptr3", "@ptr4", "SL:RECIPES_DISH]", "IN:GET_RECIPES]"], "predicted_tokens": ["[IN:GET_RECIPES", "[SL:RECIPES_DISH", "@ptr3", "@ptr4", "SL:RECIPES_DISH]", "IN:GET_RECIPES]"]}
{"loss": 3.2519595623016357, "class_log_probabilities": [-0.8539206981658936, -6.109203338623047, -6.382767200469971, -6.387216091156006], "predictions": [51, 129, 400, 401, 402, 403, 130, 129, 405, 406, 130, 54, 4, 4], "target_tokens": ["[IN:GET_RECIPES", "[SL:RECIPES_INCLUDED_INGREDIENT", "@ptr5", "SL:RECIPES_INCLUDED_INGREDIENT]", "[SL:RECIPES_INCLUDED_INGREDIENT", "@ptr6", "@ptr7", "SL:RECIPES_INCLUDED_INGREDIENT]", "[SL:RECIPES_INCLUDED_INGREDIENT", "@ptr9", "@ptr10", "SL:RECIPES_INCLUDED_INGREDIENT]", "IN:GET_RECIPES]"], "predicted_tokens": ["[IN:GET_RECIPES", "[SL:RECIPES_INCLUDED_INGREDIENT", "@ptr5", "@ptr6", "@ptr7", "@ptr8", "SL:RECIPES_INCLUDED_INGREDIENT]", "[SL:RECIPES_INCLUDED_INGREDIENT", "@ptr10", "@ptr11", "SL:RECIPES_INCLUDED_INGREDIENT]", "IN:GET_RECIPES]"]}
{"loss": 0.9667419195175171, "class_log_probabilities": [-0.4254145324230194, -6.79922342300415, -7.143294334411621, -7.891263961791992], "predictions": [51, 52, 398, 399, 400, 53, 54, 4, 4], "target_tokens": ["[IN:GET_RECIPES", "[SL:RECIPES_DISH", "@ptr3", "@ptr4", "@ptr5", "SL:RECIPES_DISH]", "IN:GET_RECIPES]"], "predicted_tokens": ["[IN:GET_RECIPES", "[SL:RECIPES_DISH", "@ptr3", "@ptr4", "@ptr5", "SL:RECIPES_DISH]", "IN:GET_RECIPES]"]}
{"loss": 4.311980247497559, "class_log_probabilities": [-1.1714798212051392, -2.1938929557800293, -5.436348915100098, -6.467392921447754], "predictions": [51, 52, 398, 399, 400, 53, 54, 4, 4], "target_tokens": ["[IN:GET_RECIPES", "[SL:RECIPES_TYPE", "@ptr4", "SL:RECIPES_TYPE]", "[SL:RECIPES_DISH", "@ptr2", "@ptr3", "SL:RECIPES_DISH]", "IN:GET_RECIPES]"], "predicted_tokens": ["[IN:GET_RECIPES", "[SL:RECIPES_DISH", "@ptr3", "@ptr4", "@ptr5", "SL:RECIPES_DISH]", "IN:GET_RECIPES]"]}
{"loss": 5.561702251434326, "class_log_probabilities": [-0.9158517122268677, -2.862795829772949, -5.118786811828613, -5.980284214019775], "predictions": [27, 129, 402, 403, 130, 129, 405, 406, 407, 130, 30, 4], "target_tokens": ["[IN:IS_TRUE_RECIPES", "[SL:RECIPES_INCLUDED_INGREDIENT", "@ptr6", "@ptr7", "SL:RECIPES_INCLUDED_INGREDIENT]", "[SL:RECIPES_INCLUDED_INGREDIENT", "@ptr9", "@ptr10", "SL:RECIPES_INCLUDED_INGREDIENT]", "[SL:METHOD_RECIPES", "@ptr0", "@ptr3", "SL:METHOD_RECIPES]", "IN:IS_TRUE_RECIPES]"], "predicted_tokens": ["[IN:GET_INFO_RECIPES", "[SL:RECIPES_INCLUDED_INGREDIENT", "@ptr7", "@ptr8", "SL:RECIPES_INCLUDED_INGREDIENT]", "[SL:RECIPES_INCLUDED_INGREDIENT", "@ptr10", "@ptr11", "@ptr12", "SL:RECIPES_INCLUDED_INGREDIENT]", "IN:GET_INFO_RECIPES]"]}
{"loss": 1.6450413465499878, "class_log_probabilities": [-1.9437471628189087, -2.349804639816284, -6.964532852172852, -7.134352207183838], "predictions": [165, 129, 396, 397, 130, 52, 400, 401, 53, 166, 4, 4], "target_tokens": ["[IN:IS_TRUE_RECIPES", "[SL:RECIPES_INCLUDED_INGREDIENT", "@ptr1", "@ptr2", "SL:RECIPES_INCLUDED_INGREDIENT]", "[SL:RECIPES_DISH", "@ptr4", "@ptr5", "SL:RECIPES_DISH]", "IN:IS_TRUE_RECIPES]"], "predicted_tokens": ["[IN:IS_TRUE_RECIPES", "[SL:RECIPES_INCLUDED_INGREDIENT", "@ptr1", "@ptr2", "SL:RECIPES_INCLUDED_INGREDIENT]", "[SL:RECIPES_DISH", "@ptr5", "@ptr6", "SL:RECIPES_DISH]", "IN:IS_TRUE_RECIPES]"]}
{"loss": 0.9664332270622253, "class_log_probabilities": [-0.47625792026519775, -5.118129253387451, -5.660576343536377, -6.362416744232178], "predictions": [51, 113, 401, 402, 114, 54, 4, 4], "target_tokens": ["[IN:GET_RECIPES", "[SL:RECIPES_COOKING_METHOD", "@ptr6", "@ptr7", "SL:RECIPES_COOKING_METHOD]", "IN:GET_RECIPES]"], "predicted_tokens": ["[IN:GET_RECIPES", "[SL:RECIPES_COOKING_METHOD", "@ptr6", "@ptr7", "SL:RECIPES_COOKING_METHOD]", "IN:GET_RECIPES]"]}
{"loss": 2.3564250469207764, "class_log_probabilities": [-0.8187485933303833, -3.154850721359253, -7.676209449768066, -7.996833801269531], "predictions": [51, 52, 398, 399, 400, 401, 53, 54, 4, 4, 4, 4], "target_tokens": ["[IN:GET_RECIPES", "[SL:RECIPES_DISH", "@ptr2", "@ptr3", "@ptr4", "@ptr5", "SL:RECIPES_DISH]", "IN:GET_RECIPES]"], "predicted_tokens": ["[IN:GET_RECIPES", "[SL:RECIPES_DISH", "@ptr3", "@ptr4", "@ptr5", "@ptr6", "SL:RECIPES_DISH]", "IN:GET_RECIPES]"]}
{"loss": 3.500844717025757, "class_log_probabilities": [-0.540320634841919, -2.786294937133789, -4.690793991088867, -7.315958499908447], "predictions": [27, 52, 406, 407, 53, 30, 4, 4], "target_tokens": ["[IN:GET_INFO_RECIPES", "[SL:RECIPES_ATTRIBUTE", "@ptr3", "@ptr4", "SL:RECIPES_ATTRIBUTE]", "[SL:RECIPES_DISH", "@ptr10", "@ptr11", "SL:RECIPES_DISH]", "IN:GET_INFO_RECIPES]"], "predicted_tokens": ["[IN:GET_INFO_RECIPES", "[SL:RECIPES_DISH", "@ptr11", "@ptr12", "SL:RECIPES_DISH]", "IN:GET_INFO_RECIPES]"]}
{"loss": 1.0018730163574219, "class_log_probabilities": [-1.515263557434082, -3.1981310844421387, -3.2586822509765625, -3.5520308017730713], "predictions": [27, 28, 395, 29, 52, 399, 400, 401, 53, 30, 4], "target_tokens": ["[IN:GET_INFO_RECIPES", "[SL:RECIPES_ATTRIBUTE", "@ptr0", "SL:RECIPES_ATTRIBUTE]", "[SL:RECIPES_DISH", "@ptr4", "@ptr5", "@ptr6", "SL:RECIPES_DISH]", "IN:GET_INFO_RECIPES]"], "predicted_tokens": ["[IN:GET_INFO_RECIPES", "[SL:RECIPES_ATTRIBUTE", "@ptr0", "SL:RECIPES_ATTRIBUTE]", "[SL:RECIPES_DISH", "@ptr4", "@ptr5", "@ptr6", "SL:RECIPES_DISH]", "IN:GET_INFO_RECIPES]"]}
{"loss": 0.9830345511436462, "class_log_probabilities": [-0.6807168126106262, -3.123988389968872, -3.734567403793335, -5.555469512939453], "predictions": [51, 52, 395, 396, 53, 54, 4], "target_tokens": ["[IN:GET_RECIPES", "[SL:RECIPES_DISH", "@ptr0", "@ptr1", "SL:RECIPES_DISH]", "IN:GET_RECIPES]"], "predicted_tokens": ["[IN:GET_RECIPES", "[SL:RECIPES_DISH", "@ptr0", "@ptr1", "SL:RECIPES_DISH]", "IN:GET_RECIPES]"]}
{"loss": 1.9107933044433594, "class_log_probabilities": [-0.7029109597206116, -4.60230016708374, -5.061668872833252, -5.228882789611816], "predictions": [27, 52, 397, 398, 53, 30, 4, 4, 4, 4, 4], "target_tokens": ["[IN:GET_RECIPES", "[SL:RECIPES_DISH", "@ptr2", "@ptr3", "SL:RECIPES_DISH]", "IN:GET_RECIPES]"], "predicted_tokens": ["[IN:GET_INFO_RECIPES", "[SL:RECIPES_DISH", "@ptr2", "@ptr3", "SL:RECIPES_DISH]", "IN:GET_INFO_RECIPES]"]}
{"loss": 0.9662241339683533, "class_log_probabilities": [-0.4826832711696625, -5.694370746612549, -5.893214225769043, -5.894899845123291], "predictions": [51, 52, 396, 397, 398, 53, 54, 4], "target_tokens": ["[IN:GET_RECIPES", "[SL:RECIPES_DISH", "@ptr1", "@ptr2", "@ptr3", "SL:RECIPES_DISH]", "IN:GET_RECIPES]"], "predicted_tokens": ["[IN:GET_RECIPES", "[SL:RECIPES_DISH", "@ptr1", "@ptr2", "@ptr3", "SL:RECIPES_DISH]", "IN:GET_RECIPES]"]}
{"loss": 3.7329585552215576, "class_log_probabilities": [-5.242729187011719, -5.586019992828369, -6.116023540496826, -7.349486827850342], "predictions": [51, 52, 396, 397, 53, 54, 4, 4, 4, 4, 4, 4, 4, 4, 4, 4, 4, 4, 4, 4, 4, 4], "target_tokens": ["[IN:GET_RECIPES", "[SL:RECIPES_TYPE", "@ptr7", "@ptr8", "@ptr9", "SL:RECIPES_TYPE]", "[SL:RECIPES_MEAL", "@ptr4", "@ptr5", "SL:RECIPES_MEAL]", "IN:GET_RECIPES]"], "predicted_tokens": ["[IN:GET_RECIPES", "[SL:RECIPES_DISH", "@ptr1", "@ptr2", "SL:RECIPES_DISH]", "IN:GET_RECIPES]"]}
{"loss": 1.8943779468536377, "class_log_probabilities": [-0.8770149350166321, -3.7400238513946533, -4.066128253936768, -4.970834255218506], "predictions": [27, 289, 397, 290, 113, 403, 404, 114, 30, 4, 4], "target_tokens": ["[IN:GET_INFO_RECIPES", "[SL:RECIPES_RATING", "@ptr2", "@ptr3", "SL:RECIPES_RATING]", "[SL:RECIPES_DISH", "@ptr8", "@ptr9", "SL:RECIPES_DISH]", "IN:GET_INFO_RECIPES]"], "predicted_tokens": ["[IN:GET_INFO_RECIPES", "[SL:RECIPES_RATING", "@ptr2", "SL:RECIPES_RATING]", "[SL:RECIPES_COOKING_METHOD", "@ptr8", "@ptr9", "SL:RECIPES_COOKING_METHOD]", "IN:GET_INFO_RECIPES]"]}
{"loss": 0.9662319421768188, "class_log_probabilities": [-0.5373219847679138, -7.561427593231201, -8.208649635314941, -8.431181907653809], "predictions": [27, 129, 396, 130, 52, 402, 403, 53, 30, 4], "target_tokens": ["[IN:GET_INFO_RECIPES", "[SL:RECIPES_INCLUDED_INGREDIENT", "@ptr1", "SL:RECIPES_INCLUDED_INGREDIENT]", "[SL:RECIPES_DISH", "@ptr7", "@ptr8", "SL:RECIPES_DISH]", "IN:GET_INFO_RECIPES]"], "predicted_tokens": ["[IN:GET_INFO_RECIPES", "[SL:RECIPES_INCLUDED_INGREDIENT", "@ptr1", "SL:RECIPES_INCLUDED_INGREDIENT]", "[SL:RECIPES_DISH", "@ptr7", "@ptr8", "SL:RECIPES_DISH]", "IN:GET_INFO_RECIPES]"]}
{"loss": 1.7908216714859009, "class_log_probabilities": [-1.0725396871566772, -1.9339665174484253, -7.561777591705322, -8.847354888916016], "predictions": [51, 52, 399, 400, 401, 402, 403, 53, 54, 4, 4, 4, 4, 4], "target_tokens": ["[IN:GET_RECIPES", "[SL:RECIPES_DISH", "@ptr3", "@ptr4", "@ptr5", "@ptr6", "@ptr7", "SL:RECIPES_DISH]", "IN:GET_RECIPES]"], "predicted_tokens": ["[IN:GET_RECIPES", "[SL:RECIPES_DISH", "@ptr4", "@ptr5", "@ptr6", "@ptr7", "@ptr8", "SL:RECIPES_DISH]", "IN:GET_RECIPES]"]}
{"loss": 1.960079550743103, "class_log_probabilities": [-0.8190508484840393, -1.673180341720581, -6.427722454071045, -7.18117094039917], "predictions": [51, 52, 399, 53, 54, 4], "target_tokens": ["[IN:GET_RECIPES", "[SL:RECIPES_TYPE", "@ptr3", "SL:RECIPES_TYPE]", "IN:GET_RECIPES]"], "predicted_tokens": ["[IN:GET_RECIPES", "[SL:RECIPES_DISH", "@ptr4", "SL:RECIPES_DISH]", "IN:GET_RECIPES]"]}
{"loss": 2.9056649208068848, "class_log_probabilities": [-0.38759392499923706, -6.521354675292969, -7.605197429656982, -8.01242446899414], "predictions": [27, 52, 405, 406, 53, 30, 4, 4], "target_tokens": ["[IN:GET_INFO_RECIPES", "[SL:RECIPES_DISH", "@ptr9", "@ptr10", "SL:RECIPES_DISH]", "IN:GET_INFO_RECIPES]"], "predicted_tokens": ["[IN:GET_INFO_RECIPES", "[SL:RECIPES_DISH", "@ptr10", "@ptr11", "SL:RECIPES_DISH]", "IN:GET_INFO_RECIPES]"]}
{"loss": 0.9709159135818481, "class_log_probabilities": [-0.3541048765182495, -7.186428546905518, -8.046009063720703, -8.138167381286621], "predictions": [51, 52, 396, 397, 53, 54, 4], "target_tokens": ["[IN:GET_RECIPES", "[SL:RECIPES_DISH", "@ptr1", "@ptr2", "SL:RECIPES_DISH]", "IN:GET_RECIPES]"], "predicted_tokens": ["[IN:GET_RECIPES", "[SL:RECIPES_DISH", "@ptr1", "@ptr2", "SL:RECIPES_DISH]", "IN:GET_RECIPES]"]}
{"loss": 1.5236226320266724, "class_log_probabilities": [-0.7522238492965698, -7.78209114074707, -8.085867881774902, -8.263587951660156], "predictions": [23, 10, 396, 11, 24, 398, 399, 400, 401, 402, 403, 25, 26, 4], "target_tokens": ["[IN:SEND_MESSAGE", "[SL:RECIPIENT", "@ptr1", "SL:RECIPIENT]", "[SL:CONTENT_EXACT", "@ptr3", "@ptr4", "@ptr5", "@ptr6", "@ptr7", "SL:CONTENT_EXACT]", "IN:SEND_MESSAGE]"], "predicted_tokens": ["[IN:SEND_MESSAGE", "[SL:RECIPIENT", "@ptr1", "SL:RECIPIENT]", "[SL:CONTENT_EXACT", "@ptr3", "@ptr4", "@ptr5", "@ptr6", "@ptr7", "@ptr8", "SL:CONTENT_EXACT]", "IN:SEND_MESSAGE]"]}
{"loss": 2.470273494720459, "class_log_probabilities": [-1.368094563484192, -2.0375430583953857, -5.261141777038574, -5.8361005783081055], "predictions": [47, 36, 405, 406, 407, 408, 409, 37, 48, 4, 4, 4], "target_tokens": ["[IN:GET_REMINDER", "[SL:TODO", "@ptr11", "@ptr12", "SL:TODO]", "IN:GET_REMINDER]"], "predicted_tokens": ["[IN:GET_REMINDER", "[SL:TODO", "@ptr10", "@ptr11", "@ptr12", "@ptr13", "@ptr14", "SL:TODO]", "IN:GET_REMINDER]"]}
{"loss": 2.2762670516967773, "class_log_probabilities": [-1.6595804691314697, -4.615736484527588, -5.095734119415283, -5.208132743835449], "predictions": [61, 156, 396, 397, 398, 399, 400, 401, 157, 62, 4, 4, 4], "target_tokens": ["[IN:GET_EVENT", "[SL:LOCATION", "@ptr1", "@ptr2", "@ptr3", "SL:LOCATION]", "IN:GET_EVENT]"], "predicted_tokens": ["[IN:GET_EVENT", "[SL:TITLE_EVENT", "@ptr1", "@ptr2", "@ptr3", "@ptr4", "@ptr5", "@ptr6", "SL:TITLE_EVENT]", "IN:GET_EVENT]"]}
{"loss": 3.1245734691619873, "class_log_probabilities": [-0.7434191703796387, -3.6794745922088623, -4.181703090667725, -4.2940850257873535], "predictions": [193, 6, 395, 7, 138, 399, 139, 196, 4], "target_tokens": ["[IN:GET_EMPLOYER", "[SL:CONTACT", "@ptr0", "SL:CONTACT]", "[SL:EMPLOYER", "@ptr3", "SL:EMPLOYER]", "[SL:DATE_TIME", "@ptr5", "SL:DATE_TIME]", "IN:GET_EMPLOYER]"], "predicted_tokens": ["[IN:GET_EMPLOYMENT_TIME", "[SL:CONTACT", "@ptr0", "SL:CONTACT]", "[SL:EMPLOYER", "@ptr4", "SL:EMPLOYER]", "IN:GET_EMPLOYMENT_TIME]"]}
{"loss": 3.116356134414673, "class_log_probabilities": [-0.45121312141418457, -6.808160781860352, -7.140129566192627, -7.220862865447998], "predictions": [147, 6, 395, 7, 257, 400, 401, 258, 150, 4], "target_tokens": ["[IN:GET_EDUCATION_TIME", "[SL:CONTACT", "@ptr0", "SL:CONTACT]", "[SL:SCHOOL", "@ptr4", "@ptr5", "SL:SCHOOL]", "IN:GET_EDUCATION_TIME]"], "predicted_tokens": ["[IN:GET_EDUCATION_TIME", "[SL:CONTACT", "@ptr0", "SL:CONTACT]", "[SL:SCHOOL", "@ptr5", "@ptr6", "SL:SCHOOL]", "IN:GET_EDUCATION_TIME]"]}
{"loss": 2.5602128505706787, "class_log_probabilities": [-1.5987428426742554, -1.9948036670684814, -4.166715145111084, -4.46297550201416], "predictions": [39, 40, 396, 41, 56, 403, 404, 405, 406, 57, 42, 4], "target_tokens": ["[IN:GET_STORIES_NEWS", "[SL:NEWS_TYPE", "@ptr1", "SL:NEWS_TYPE]", "[SL:NEWS_TOPIC", "@ptr7", "@ptr8", "@ptr9", "SL:NEWS_TOPIC]", "IN:GET_STORIES_NEWS]"], "predicted_tokens": ["[IN:GET_STORIES_NEWS", "[SL:NEWS_TYPE", "@ptr1", "SL:NEWS_TYPE]", "[SL:NEWS_TOPIC", "@ptr8", "@ptr9", "@ptr10", "@ptr11", "SL:NEWS_TOPIC]", "IN:GET_STORIES_NEWS]"]}
{"loss": 2.9453954696655273, "class_log_probabilities": [-0.5392694473266602, -7.040359020233154, -7.95863676071167, -8.041302680969238], "predictions": [63, 64, 396, 65, 66, 397, 398, 67, 68, 4], "target_tokens": ["[IN:PLAY_MUSIC", "[SL:MUSIC_GENRE", "@ptr2", "@ptr3", "SL:MUSIC_GENRE]", "[SL:MUSIC_TYPE", "@ptr1", "SL:MUSIC_TYPE]", "IN:PLAY_MUSIC]"], "predicted_tokens": ["[IN:PLAY_MUSIC", "[SL:MUSIC_TYPE", "@ptr1", "SL:MUSIC_TYPE]", "[SL:MUSIC_ARTIST_NAME", "@ptr2", "@ptr3", "SL:MUSIC_ARTIST_NAME]", "IN:PLAY_MUSIC]"]}
{"loss": 2.5697436332702637, "class_log_probabilities": [-1.5674071311950684, -2.838866710662842, -5.028501033782959, -5.92849588394165], "predictions": [63, 64, 396, 65, 66, 397, 67, 103, 399, 104, 68, 4], "target_tokens": ["[IN:PLAY_MUSIC", "[SL:MUSIC_GENRE", "@ptr2", "SL:MUSIC_GENRE]", "[SL:MUSIC_TYPE", "@ptr1", "SL:MUSIC_TYPE]", "[SL:MUSIC_PROVIDER_NAME", "@ptr4", "SL:MUSIC_PROVIDER_NAME]", "IN:PLAY_MUSIC]"], "predicted_tokens": ["[IN:PLAY_MUSIC", "[SL:MUSIC_TYPE", "@ptr1", "SL:MUSIC_TYPE]", "[SL:MUSIC_ARTIST_NAME", "@ptr2", "SL:MUSIC_ARTIST_NAME]", "[SL:MUSIC_PROVIDER_NAME", "@ptr4", "SL:MUSIC_PROVIDER_NAME]", "IN:PLAY_MUSIC]"]}
{"loss": 1.7370046377182007, "class_log_probabilities": [-1.029323935508728, -3.021867275238037, -4.997969627380371, -5.356839179992676], "predictions": [51, 52, 397, 398, 399, 400, 401, 53, 54, 4], "target_tokens": ["[IN:GET_RECIPES", "[SL:RECIPES_DISH", "@ptr3", "@ptr4", "@ptr5", "@ptr6", "SL:RECIPES_DISH]", "IN:GET_RECIPES]"], "predicted_tokens": ["[IN:GET_RECIPES", "[SL:RECIPES_DISH", "@ptr2", "@ptr3", "@ptr4", "@ptr5", "@ptr6", "SL:RECIPES_DISH]", "IN:GET_RECIPES]"]}
{"loss": 1.1233618259429932, "class_log_probabilities": [-0.9144635200500488, -3.351008653640747, -6.367245674133301, -7.26829719543457], "predictions": [61, 83, 400, 84, 16, 401, 402, 403, 17, 14, 405, 406, 407, 15, 62, 4], "target_tokens": ["[IN:GET_EVENT", "[SL:CATEGORY_EVENT", "@ptr5", "SL:CATEGORY_EVENT]", "[SL:DATE_TIME", "@ptr6", "@ptr7", "@ptr8", "SL:DATE_TIME]", "[SL:LOCATION", "@ptr10", "@ptr11", "SL:LOCATION]", "IN:GET_EVENT]"], "predicted_tokens": ["[IN:GET_EVENT", "[SL:CATEGORY_EVENT", "@ptr5", "SL:CATEGORY_EVENT]", "[SL:DATE_TIME", "@ptr6", "@ptr7", "@ptr8", "SL:DATE_TIME]", "[SL:LOCATION", "@ptr10", "@ptr11", "@ptr12", "SL:LOCATION]", "IN:GET_EVENT]"]}
{"loss": 1.3519665002822876, "class_log_probabilities": [-2.409125328063965, -2.8967716693878174, -3.590792417526245, -84.52547454833984], "predictions": [23, 10, 397, 398, 399, 11, 24, 402, 403, 404, 405, 406, 407, 408, 409, 410, 411, 412, 413, 415, 25, 26, 4, 4, 4, 4, 4, 4, 4, 4, 4, 4, 4, 4, 4, 4, 4, 4, 4, 4, 4, 4, 4, 4, 4, 4, 4, 4, 4, 4, 4, 4, 4, 4, 4, 4, 4, 4, 4, 4, 4, 4, 4, 4, 4, 4, 4, 4, 4, 4, 4, 4, 4, 4, 4, 4, 4, 4, 4, 4, 4, 4, 4, 4, 4, 4, 4, 4, 4, 4, 4, 4, 4, 4, 4, 4, 4, 4, 4, 4], "target_tokens": ["[IN:SEND_MESSAGE", "[SL:RECIPIENT", "@ptr2", "@ptr3", "@ptr4", "SL:RECIPIENT]", "[SL:CONTENT_EXACT", "@ptr7", "@ptr8", "@ptr9", "@ptr10", "@ptr11", "@ptr12", "@ptr13", "@ptr14", "@ptr15", "@ptr16", "@ptr17", "@ptr18", "@ptr19", "@ptr20", "@ptr21", "@ptr22", "@ptr23", "@ptr24", "SL:CONTENT_EXACT]", "IN:SEND_MESSAGE]"], "predicted_tokens": ["[IN:SEND_MESSAGE", "[SL:RECIPIENT", "@ptr2", "@ptr3", "@ptr4", "SL:RECIPIENT]", "[SL:CONTENT_EXACT", "@ptr7", "@ptr8", "@ptr9", "@ptr10", "@ptr11", "@ptr12", "@ptr13", "@ptr14", "@ptr15", "@ptr16", "@ptr17", "@ptr18", "@ptr20", "SL:CONTENT_EXACT]", "IN:SEND_MESSAGE]"]}
{"loss": 3.504091501235962, "class_log_probabilities": [-0.9701035022735596, -2.9849517345428467, -3.6570510864257812, -4.487700939178467], "predictions": [70, 71, 395, 72, 93, 397, 94, 257, 401, 402, 258, 73, 4], "target_tokens": ["[IN:GET_CONTACT", "[SL:CONTACT_RELATED", "@ptr1", "@ptr2", "SL:CONTACT_RELATED]", "[SL:TYPE_RELATION", "@ptr0", "SL:TYPE_RELATION]", "[SL:SCHOOL", "@ptr5", "SL:SCHOOL]", "IN:GET_CONTACT]"], "predicted_tokens": ["[IN:GET_CONTACT", "[SL:TYPE_RELATION", "@ptr0", "SL:TYPE_RELATION]", "[SL:CONTACT_RELATED", "@ptr2", "SL:CONTACT_RELATED]", "[SL:SCHOOL", "@ptr6", "@ptr7", "SL:SCHOOL]", "IN:GET_CONTACT]"]}
{"loss": 1.2665280103683472, "class_log_probabilities": [-1.6702510118484497, -2.424283981323242, -2.90309476852417, -3.838996648788452], "predictions": [55, 56, 395, 396, 57, 58, 4, 4, 4, 4, 4], "target_tokens": ["[IN:QUESTION_NEWS", "[SL:NEWS_TOPIC", "@ptr0", "@ptr1", "@ptr2", "@ptr3", "SL:NEWS_TOPIC]", "IN:QUESTION_NEWS]"], "predicted_tokens": ["[IN:QUESTION_NEWS", "[SL:NEWS_TOPIC", "@ptr0", "@ptr1", "SL:NEWS_TOPIC]", "IN:QUESTION_NEWS]"]}
{"loss": 4.627309799194336, "class_log_probabilities": [-0.6246592998504639, -3.3583292961120605, -5.568912029266357, -5.898536682128906], "predictions": [89, 16, 404, 405, 406, 17, 92, 4], "target_tokens": ["[IN:CREATE_TIMER", "[SL:METHOD_TIMER", "@ptr3", "@ptr4", "SL:METHOD_TIMER]", "[SL:DATE_TIME", "@ptr8", "@ptr9", "SL:DATE_TIME]", "IN:CREATE_TIMER]"], "predicted_tokens": ["[IN:CREATE_TIMER", "[SL:DATE_TIME", "@ptr9", "@ptr10", "@ptr11", "SL:DATE_TIME]", "IN:CREATE_TIMER]"]}
{"loss": 3.4118282794952393, "class_log_probabilities": [-0.995187520980835, -3.5307204723358154, -4.211892604827881, -5.997890949249268], "predictions": [5, 10, 399, 400, 401, 402, 11, 10, 405, 11, 12, 4], "target_tokens": ["[IN:GET_MESSAGE", "[SL:SENDER", "[IN:GET_CONTACT", "[SL:TYPE_RELATION", "@ptr3", "SL:TYPE_RELATION]", "[SL:CONTACT", "@ptr4", "@ptr5", "@ptr6", "SL:CONTACT]", "IN:GET_CONTACT]", "SL:SENDER]", "IN:GET_MESSAGE]"], "predicted_tokens": ["[IN:GET_MESSAGE", "[SL:RECIPIENT", "@ptr4", "@ptr5", "@ptr6", "@ptr7", "SL:RECIPIENT]", "[SL:RECIPIENT", "@ptr10", "SL:RECIPIENT]", "IN:GET_MESSAGE]"]}
{"loss": 0.9697509407997131, "class_log_probabilities": [-0.5598059892654419, -5.154520034790039, -6.1451921463012695, -6.409756660461426], "predictions": [23, 8, 397, 9, 10, 399, 11, 26, 4, 4], "target_tokens": ["[IN:SEND_MESSAGE", "[SL:TYPE_CONTENT", "@ptr2", "SL:TYPE_CONTENT]", "[SL:RECIPIENT", "@ptr4", "SL:RECIPIENT]", "IN:SEND_MESSAGE]"], "predicted_tokens": ["[IN:SEND_MESSAGE", "[SL:TYPE_CONTENT", "@ptr2", "SL:TYPE_CONTENT]", "[SL:RECIPIENT", "@ptr4", "SL:RECIPIENT]", "IN:SEND_MESSAGE]"]}
{"loss": 2.1608245372772217, "class_log_probabilities": [-1.450238823890686, -1.709637999534607, -6.2513861656188965, -6.394980430603027], "predictions": [49, 16, 401, 402, 403, 404, 405, 17, 50, 4, 4], "target_tokens": ["[IN:CREATE_ALARM", "[SL:DATE_TIME", "@ptr5", "@ptr6", "@ptr7", "@ptr8", "@ptr9", "SL:DATE_TIME]", "IN:CREATE_ALARM]"], "predicted_tokens": ["[IN:CREATE_REMINDER", "[SL:DATE_TIME", "@ptr6", "@ptr7", "@ptr8", "@ptr9", "@ptr10", "SL:DATE_TIME]", "IN:CREATE_REMINDER]"]}
{"loss": 1.6061371564865112, "class_log_probabilities": [-1.290911078453064, -3.0821948051452637, -5.584681510925293, -7.317819595336914], "predictions": [23, 10, 398, 399, 400, 11, 24, 402, 403, 404, 25, 26, 4], "target_tokens": ["[IN:SEND_MESSAGE", "[SL:RECIPIENT", "@ptr3", "@ptr4", "@ptr5", "SL:RECIPIENT]", "[SL:CONTENT_EXACT", "@ptr7", "@ptr8", "SL:CONTENT_EXACT]", "IN:SEND_MESSAGE]"], "predicted_tokens": ["[IN:SEND_MESSAGE", "[SL:RECIPIENT", "@ptr3", "@ptr4", "@ptr5", "SL:RECIPIENT]", "[SL:CONTENT_EXACT", "@ptr7", "@ptr8", "@ptr9", "SL:CONTENT_EXACT]", "IN:SEND_MESSAGE]"]}
{"loss": 2.231501340866089, "class_log_probabilities": [-0.7979794144630432, -6.8761162757873535, -7.185208320617676, -7.424352645874023], "predictions": [23, 10, 398, 11, 24, 401, 402, 403, 404, 405, 406, 407, 408, 25, 26, 4], "target_tokens": ["[IN:SEND_MESSAGE", "[SL:RECIPIENT", "@ptr3", "SL:RECIPIENT]", "[SL:CONTENT_EXACT", "@ptr5", "@ptr6", "@ptr7", "@ptr8", "@ptr9", "@ptr10", "@ptr11", "SL:CONTENT_EXACT]", "IN:SEND_MESSAGE]"], "predicted_tokens": ["[IN:SEND_MESSAGE", "[SL:RECIPIENT", "@ptr3", "SL:RECIPIENT]", "[SL:CONTENT_EXACT", "@ptr6", "@ptr7", "@ptr8", "@ptr9", "@ptr10", "@ptr11", "@ptr12", "@ptr13", "SL:CONTENT_EXACT]", "IN:SEND_MESSAGE]"]}
{"loss": 2.5342633724212646, "class_log_probabilities": [-1.4197008609771729, -1.9761943817138672, -4.986697196960449, -5.517924785614014], "predictions": [33, 36, 398, 399, 400, 37, 16, 401, 402, 403, 404, 405, 17, 38, 4], "target_tokens": ["[IN:DELETE_REMINDER", "[SL:TODO", "@ptr3", "@ptr4", "@ptr5", "@ptr6", "SL:TODO]", "[SL:DATE_TIME", "@ptr7", "@ptr8", "SL:DATE_TIME]", "IN:DELETE_REMINDER]"], "predicted_tokens": ["[IN:DELETE_REMINDER", "[SL:TODO", "@ptr3", "@ptr4", "@ptr5", "SL:TODO]", "[SL:DATE_TIME", "@ptr6", "@ptr7", "@ptr8", "@ptr9", "@ptr10", "SL:DATE_TIME]", "IN:DELETE_REMINDER]"]}
{"loss": 3.9050285816192627, "class_log_probabilities": [-0.6225054264068604, -4.666814804077148, -6.920866966247559, -7.655472755432129], "predictions": [61, 16, 395, 17, 14, 402, 403, 404, 15, 62, 4, 4], "target_tokens": ["[IN:GET_EVENT", "[SL:LOCATION", "@ptr6", "@ptr7", "@ptr8", "SL:LOCATION]", "[SL:DATE_TIME", "@ptr0", "SL:DATE_TIME]", "IN:GET_EVENT]"], "predicted_tokens": ["[IN:GET_EVENT", "[SL:DATE_TIME", "@ptr0", "SL:DATE_TIME]", "[SL:LOCATION", "@ptr7", "@ptr8", "@ptr9", "SL:LOCATION]", "IN:GET_EVENT]"]}
{"loss": 0.9629113078117371, "class_log_probabilities": [-0.3470814824104309, -7.132513046264648, -7.275274276733398, -7.69929313659668], "predictions": [211, 6, 395, 7, 212, 4], "target_tokens": ["[IN:GET_LOCATION", "[SL:CONTACT", "@ptr0", "SL:CONTACT]", "IN:GET_LOCATION]"], "predicted_tokens": ["[IN:GET_LOCATION", "[SL:CONTACT", "@ptr0", "SL:CONTACT]", "IN:GET_LOCATION]"]}
{"loss": 4.870031833648682, "class_log_probabilities": [-1.3323918581008911, -3.097136974334717, -3.730242967605591, -4.083489418029785], "predictions": [70, 71, 397, 72, 93, 399, 400, 94, 93, 403, 94, 73, 4], "target_tokens": ["[IN:GET_CONTACT", "[SL:CONTACT_RELATED", "@ptr3", "@ptr4", "SL:CONTACT_RELATED]", "[SL:TYPE_RELATION", "@ptr1", "SL:TYPE_RELATION]", "IN:GET_CONTACT]"], "predicted_tokens": ["[IN:GET_CONTACT", "[SL:TYPE_RELATION", "@ptr2", "SL:TYPE_RELATION]", "[SL:CONTACT_RELATED", "@ptr4", "@ptr5", "SL:CONTACT_RELATED]", "[SL:CONTACT_RELATED", "@ptr8", "SL:CONTACT_RELATED]", "IN:GET_CONTACT]"]}
{"loss": 1.398995280265808, "class_log_probabilities": [-0.956572949886322, -2.4005203247070312, -4.022375106811523, -5.004375457763672], "predictions": [70, 71, 397, 72, 93, 399, 94, 73, 4], "target_tokens": ["[IN:GET_CONTACT", "[SL:TYPE_RELATION", "@ptr1", "SL:TYPE_RELATION]", "[SL:CONTACT_RELATED", "@ptr3", "SL:CONTACT_RELATED]", "IN:GET_CONTACT]"], "predicted_tokens": ["[IN:GET_CONTACT", "[SL:TYPE_RELATION", "@ptr2", "SL:TYPE_RELATION]", "[SL:CONTACT_RELATED", "@ptr4", "SL:CONTACT_RELATED]", "IN:GET_CONTACT]"]}
{"loss": 1.591929316520691, "class_log_probabilities": [-1.139564037322998, -1.5772531032562256, -6.520705223083496, -6.773993968963623], "predictions": [70, 71, 396, 72, 93, 398, 399, 94, 73, 4], "target_tokens": ["[IN:GET_CONTACT", "[SL:TYPE_RELATION", "@ptr0", "SL:TYPE_RELATION]", "[SL:CONTACT_RELATED", "@ptr2", "@ptr3", "@ptr4", "SL:CONTACT_RELATED]", "IN:GET_CONTACT]"], "predicted_tokens": ["[IN:GET_CONTACT", "[SL:TYPE_RELATION", "@ptr1", "SL:TYPE_RELATION]", "[SL:CONTACT_RELATED", "@ptr3", "@ptr4", "SL:CONTACT_RELATED]", "IN:GET_CONTACT]"]}
{"loss": 3.496884346008301, "class_log_probabilities": [-1.6720249652862549, -2.1391053199768066, -3.2927639484405518, -4.150940418243408], "predictions": [63, 64, 396, 65, 151, 398, 152, 68, 4, 4], "target_tokens": ["[IN:PLAY_MUSIC", "[SL:MUSIC_GENRE", "@ptr3", "SL:MUSIC_GENRE]", "[SL:MUSIC_TYPE", "@ptr2", "SL:MUSIC_TYPE]", "[SL:MUSIC_TYPE", "@ptr1", "SL:MUSIC_TYPE]", "IN:PLAY_MUSIC]"], "predicted_tokens": ["[IN:PLAY_MUSIC", "[SL:MUSIC_TYPE", "@ptr1", "SL:MUSIC_TYPE]", "[SL:MUSIC_GENRE", "@ptr3", "SL:MUSIC_GENRE]", "IN:PLAY_MUSIC]"]}
{"loss": 2.4373159408569336, "class_log_probabilities": [-0.8234696984291077, -3.499300718307495, -6.324779033660889, -7.585214614868164], "predictions": [39, 40, 396, 41, 16, 397, 17, 56, 399, 57, 42, 4, 4, 4, 4], "target_tokens": ["[IN:GET_STORIES_NEWS", "[SL:DATE_TIME", "@ptr2", "SL:DATE_TIME]", "[SL:NEWS_TOPIC", "@ptr4", "SL:NEWS_TOPIC]", "[SL:NEWS_TYPE", "@ptr1", "SL:NEWS_TYPE]", "IN:GET_STORIES_NEWS]"], "predicted_tokens": ["[IN:GET_STORIES_NEWS", "[SL:NEWS_TYPE", "@ptr1", "SL:NEWS_TYPE]", "[SL:DATE_TIME", "@ptr2", "SL:DATE_TIME]", "[SL:NEWS_TOPIC", "@ptr4", "SL:NEWS_TOPIC]", "IN:GET_STORIES_NEWS]"]}
{"loss": 2.04427433013916, "class_log_probabilities": [-0.5528008937835693, -7.711848735809326, -8.239350318908691, -8.366157531738281], "predictions": [63, 103, 396, 104, 64, 399, 65, 66, 401, 67, 68, 4], "target_tokens": ["[IN:PLAY_MUSIC", "[SL:MUSIC_PROVIDER_NAME", "@ptr1", "SL:MUSIC_PROVIDER_NAME]", "[SL:MUSIC_ARTIST_NAME", "@ptr6", "SL:MUSIC_ARTIST_NAME]", "[SL:MUSIC_TYPE", "@ptr4", "SL:MUSIC_TYPE]", "IN:PLAY_MUSIC]"], "predicted_tokens": ["[IN:PLAY_MUSIC", "[SL:MUSIC_PROVIDER_NAME", "@ptr1", "SL:MUSIC_PROVIDER_NAME]", "[SL:MUSIC_TYPE", "@ptr4", "SL:MUSIC_TYPE]", "[SL:MUSIC_ARTIST_NAME", "@ptr6", "SL:MUSIC_ARTIST_NAME]", "IN:PLAY_MUSIC]"]}
{"loss": 4.487470626831055, "class_log_probabilities": [-0.8681396245956421, -3.3921854496002197, -5.012184143066406, -7.44614839553833], "predictions": [39, 40, 396, 41, 56, 399, 400, 57, 42, 4, 4, 4], "target_tokens": ["[IN:GET_STORIES_NEWS", "[SL:NEWS_REFERENCE", "@ptr2", "SL:NEWS_REFERENCE]", "[SL:NEWS_TYPE", "@ptr1", "SL:NEWS_TYPE]", "[SL:NEWS_TOPIC", "@ptr3", "@ptr4", "SL:NEWS_TOPIC]", "IN:GET_STORIES_NEWS]"], "predicted_tokens": ["[IN:GET_STORIES_NEWS", "[SL:NEWS_TYPE", "@ptr1", "SL:NEWS_TYPE]", "[SL:NEWS_TOPIC", "@ptr4", "@ptr5", "SL:NEWS_TOPIC]", "IN:GET_STORIES_NEWS]"]}
{"loss": 2.80747652053833, "class_log_probabilities": [-0.9506114721298218, -2.889648675918579, -6.527643203735352, -7.417960166931152], "predictions": [63, 64, 396, 65, 66, 399, 400, 401, 402, 403, 67, 68, 4, 4], "target_tokens": ["[IN:PLAY_MUSIC", "[SL:MUSIC_ARTIST_NAME", "@ptr4", "@ptr5", "@ptr6", "@ptr7", "@ptr8", "SL:MUSIC_ARTIST_NAME]", "[SL:MUSIC_TYPE", "@ptr1", "SL:MUSIC_TYPE]", "IN:PLAY_MUSIC]"], "predicted_tokens": ["[IN:PLAY_MUSIC", "[SL:MUSIC_TYPE", "@ptr1", "SL:MUSIC_TYPE]", "[SL:MUSIC_ARTIST_NAME", "@ptr4", "@ptr5", "@ptr6", "@ptr7", "@ptr8", "SL:MUSIC_ARTIST_NAME]", "IN:PLAY_MUSIC]"]}
{"loss": 1.4952722787857056, "class_log_probabilities": [-1.1186116933822632, -3.008554220199585, -4.474611759185791, -5.639119625091553], "predictions": [23, 8, 397, 9, 10, 399, 400, 401, 11, 26, 4], "target_tokens": ["[IN:SEND_MESSAGE", "[SL:TYPE_CONTENT", "@ptr2", "SL:TYPE_CONTENT]", "[SL:RECIPIENT", "@ptr4", "@ptr5", "SL:RECIPIENT]", "IN:SEND_MESSAGE]"], "predicted_tokens": ["[IN:SEND_MESSAGE", "[SL:TYPE_CONTENT", "@ptr2", "SL:TYPE_CONTENT]", "[SL:RECIPIENT", "@ptr4", "@ptr5", "@ptr6", "SL:RECIPIENT]", "IN:SEND_MESSAGE]"]}
{"loss": 0.9642128348350525, "class_log_probabilities": [-0.4877283573150635, -6.604319095611572, -7.589287757873535, -8.076009750366211], "predictions": [13, 16, 395, 396, 397, 398, 17, 18, 4, 4], "target_tokens": ["[IN:GET_WEATHER", "[SL:DATE_TIME", "@ptr0", "@ptr1", "@ptr2", "@ptr3", "SL:DATE_TIME]", "IN:GET_WEATHER]"], "predicted_tokens": ["[IN:GET_WEATHER", "[SL:DATE_TIME", "@ptr0", "@ptr1", "@ptr2", "@ptr3", "SL:DATE_TIME]", "IN:GET_WEATHER]"]}
{"loss": 3.48125958442688, "class_log_probabilities": [-0.6476993560791016, -4.015925407409668, -6.80490779876709, -7.150710582733154], "predictions": [137, 6, 397, 7, 138, 400, 401, 139, 140, 4], "target_tokens": ["[IN:GET_EMPLOYER", "[SL:CONTACT", "@ptr1", "SL:CONTACT]", "[SL:EMPLOYER", "@ptr4", "@ptr5", "SL:EMPLOYER]", "IN:GET_EMPLOYER]"], "predicted_tokens": ["[IN:GET_EMPLOYER", "[SL:CONTACT", "@ptr2", "SL:CONTACT]", "[SL:EMPLOYER", "@ptr5", "@ptr6", "SL:EMPLOYER]", "IN:GET_EMPLOYER]"]}
{"loss": 1.1565325260162354, "class_log_probabilities": [-1.182812213897705, -2.660834312438965, -6.2851128578186035, -6.920995235443115], "predictions": [70, 71, 397, 72, 138, 402, 139, 73, 4], "target_tokens": ["[IN:GET_CONTACT", "[SL:TYPE_RELATION", "@ptr1", "SL:TYPE_RELATION]", "[SL:EMPLOYER", "@ptr7", "SL:EMPLOYER]", "IN:GET_CONTACT]"], "predicted_tokens": ["[IN:GET_CONTACT", "[SL:TYPE_RELATION", "@ptr2", "SL:TYPE_RELATION]", "[SL:EMPLOYER", "@ptr7", "SL:EMPLOYER]", "IN:GET_CONTACT]"]}
{"loss": 4.163939476013184, "class_log_probabilities": [-0.6863610744476318, -4.729350566864014, -5.7587785720825195, -6.2914276123046875], "predictions": [13, 14, 396, 15, 79, 398, 80, 18, 4], "target_tokens": ["[IN:GET_WEATHER", "[SL:WEATHER_ATTRIBUTE", "@ptr2", "@ptr3", "SL:WEATHER_ATTRIBUTE]", "[SL:LOCATION", "@ptr1", "SL:LOCATION]", "IN:GET_WEATHER]"], "predicted_tokens": ["[IN:GET_WEATHER", "[SL:LOCATION", "@ptr1", "SL:LOCATION]", "[SL:WEATHER_ATTRIBUTE", "@ptr3", "SL:WEATHER_ATTRIBUTE]", "IN:GET_WEATHER]"]}
{"loss": 4.398873329162598, "class_log_probabilities": [-1.5176231861114502, -2.498415231704712, -3.3080461025238037, -4.394729137420654], "predictions": [63, 101, 397, 398, 399, 400, 401, 402, 403, 404, 102, 68, 4, 4, 4], "target_tokens": ["[IN:PLAY_MUSIC", "[SL:MUSIC_PROVIDER_NAME", "@ptr5", "@ptr6", "@ptr7", "SL:MUSIC_PROVIDER_NAME]", "[SL:MUSIC_TYPE", "@ptr3", "@ptr4", "SL:MUSIC_TYPE]", "IN:PLAY_MUSIC]"], "predicted_tokens": ["[IN:PLAY_MUSIC", "[SL:MUSIC_TRACK_TITLE", "@ptr2", "@ptr3", "@ptr4", "@ptr5", "@ptr6", "@ptr7", "@ptr8", "@ptr9", "SL:MUSIC_TRACK_TITLE]", "IN:PLAY_MUSIC]"]}
{"loss": 2.0625438690185547, "class_log_probabilities": [-3.781850576400757, -4.644013404846191, -4.984956741333008, -5.0375165939331055], "predictions": [235, 103, 397, 398, 399, 400, 104, 236, 4, 4], "target_tokens": ["[IN:SET_DEFAULT_PROVIDER_MUSIC", "[SL:MUSIC_PROVIDER_NAME", "@ptr2", "@ptr3", "@ptr4", "SL:MUSIC_PROVIDER_NAME]", "IN:SET_DEFAULT_PROVIDER_MUSIC]"], "predicted_tokens": ["[IN:SET_DEFAULT_PROVIDER_MUSIC", "[SL:MUSIC_PROVIDER_NAME", "@ptr2", "@ptr3", "@ptr4", "@ptr5", "SL:MUSIC_PROVIDER_NAME]", "IN:SET_DEFAULT_PROVIDER_MUSIC]"]}
{"loss": 0.9630846977233887, "class_log_probabilities": [-0.3263535499572754, -8.756998062133789, -8.795722007751465, -11.532407760620117], "predictions": [75, 6, 397, 7, 78, 4, 4, 4, 4, 4], "target_tokens": ["[IN:CREATE_CALL", "[SL:CONTACT", "@ptr2", "SL:CONTACT]", "IN:CREATE_CALL]"], "predicted_tokens": ["[IN:CREATE_CALL", "[SL:CONTACT", "@ptr2", "SL:CONTACT]", "IN:CREATE_CALL]"]}
{"loss": 0.9650793075561523, "class_log_probabilities": [-0.32713326811790466, -8.368170738220215, -8.510808944702148, -8.961383819580078], "predictions": [171, 6, 395, 7, 172, 4, 4, 4], "target_tokens": ["[IN:GET_AVAILABILITY", "[SL:CONTACT", "@ptr0", "SL:CONTACT]", "IN:GET_AVAILABILITY]"], "predicted_tokens": ["[IN:GET_AVAILABILITY", "[SL:CONTACT", "@ptr0", "SL:CONTACT]", "IN:GET_AVAILABILITY]"]}
{"loss": 0.9755793809890747, "class_log_probabilities": [-1.1720268726348877, -3.0409395694732666, -4.192018032073975, -8.335515975952148], "predictions": [49, 34, 397, 35, 36, 398, 399, 400, 401, 402, 403, 404, 37, 16, 405, 17, 50, 4, 4], "target_tokens": ["[IN:CREATE_REMINDER", "[SL:PERSON_REMINDED", "@ptr2", "SL:PERSON_REMINDED]", "[SL:TODO", "@ptr3", "@ptr4", "@ptr5", "@ptr6", "@ptr7", "@ptr8", "@ptr9", "SL:TODO]", "[SL:DATE_TIME", "@ptr10", "SL:DATE_TIME]", "IN:CREATE_REMINDER]"], "predicted_tokens": ["[IN:CREATE_REMINDER", "[SL:PERSON_REMINDED", "@ptr2", "SL:PERSON_REMINDED]", "[SL:TODO", "@ptr3", "@ptr4", "@ptr5", "@ptr6", "@ptr7", "@ptr8", "@ptr9", "SL:TODO]", "[SL:DATE_TIME", "@ptr10", "SL:DATE_TIME]", "IN:CREATE_REMINDER]"]}
{"loss": 2.729217767715454, "class_log_probabilities": [-0.5162934064865112, -7.497793197631836, -7.575580596923828, -7.709287166595459], "predictions": [70, 93, 395, 94, 257, 402, 403, 258, 73, 4, 4], "target_tokens": ["[IN:GET_CONTACT", "[SL:CONTACT_RELATED", "@ptr0", "SL:CONTACT_RELATED]", "[SL:SCHOOL", "@ptr6", "@ptr7", "SL:SCHOOL]", "IN:GET_CONTACT]"], "predicted_tokens": ["[IN:GET_CONTACT", "[SL:CONTACT_RELATED", "@ptr0", "SL:CONTACT_RELATED]", "[SL:SCHOOL", "@ptr7", "@ptr8", "SL:SCHOOL]", "IN:GET_CONTACT]"]}
{"loss": 1.2419209480285645, "class_log_probabilities": [-0.5614860653877258, -2.3800272941589355, -7.019231796264648, -7.946099758148193], "predictions": [13, 14, 400, 15, 18, 4, 4], "target_tokens": ["[IN:GET_WEATHER", "[SL:LOCATION", "@ptr4", "SL:LOCATION]", "IN:GET_WEATHER]"], "predicted_tokens": ["[IN:GET_WEATHER", "[SL:LOCATION", "@ptr5", "SL:LOCATION]", "IN:GET_WEATHER]"]}
{"loss": 1.275760531425476, "class_log_probabilities": [-2.3254833221435547, -2.8060357570648193, -6.199212551116943, -6.939717769622803], "predictions": [153, 6, 397, 7, 74, 4, 4, 4, 4], "target_tokens": ["[IN:GET_CALL_TIME", "[SL:CONTACT", "@ptr2", "SL:CONTACT]", "IN:GET_CALL_TIME]"], "predicted_tokens": ["[IN:ANSWER_CALL", "[SL:CONTACT", "@ptr2", "SL:CONTACT]", "IN:GET_CALL_TIME]"]}
{"loss": 3.9566924571990967, "class_log_probabilities": [-2.094965934753418, -3.658890724182129, -3.7700107097625732, -4.222618103027344], "predictions": [47, 199, 396, 200, 36, 402, 403, 404, 405, 406, 37, 34, 407, 35, 48, 4, 4], "target_tokens": ["[IN:GET_REMINDER", "[SL:METHOD_RETRIEVAL_REMINDER", "@ptr0", "SL:METHOD_RETRIEVAL_REMINDER]", "[SL:AMOUNT", "@ptr4", "SL:AMOUNT]", "[SL:PERSON_REMINDED", "@ptr9", "@ptr10", "SL:PERSON_REMINDED]", "[SL:TODO", "@ptr7", "@ptr8", "SL:TODO]", "IN:GET_REMINDER]"], "predicted_tokens": ["[IN:GET_REMINDER", "[SL:METHOD_RETRIEVAL_REMINDER", "@ptr1", "SL:METHOD_RETRIEVAL_REMINDER]", "[SL:TODO", "@ptr7", "@ptr8", "@ptr9", "@ptr10", "@ptr11", "SL:TODO]", "[SL:PERSON_REMINDED", "@ptr12", "SL:PERSON_REMINDED]", "IN:GET_REMINDER]"]}
{"loss": 1.7788245677947998, "class_log_probabilities": [-2.7228050231933594, -2.9715487957000732, -4.487991809844971, -5.033845901489258], "predictions": [49, 34, 396, 35, 36, 399, 400, 401, 402, 403, 37, 50, 4, 4, 4, 4, 4], "target_tokens": ["[IN:CREATE_REMINDER", "[SL:PERSON_REMINDED", "@ptr1", "SL:PERSON_REMINDED]", "[SL:TODO", "@ptr4", "@ptr5", "@ptr6", "SL:TODO]", "IN:CREATE_REMINDER]"], "predicted_tokens": ["[IN:CREATE_REMINDER", "[SL:PERSON_REMINDED", "@ptr1", "SL:PERSON_REMINDED]", "[SL:TODO", "@ptr4", "@ptr5", "@ptr6", "@ptr7", "@ptr8", "SL:TODO]", "IN:CREATE_REMINDER]"]}
{"loss": 3.2862324714660645, "class_log_probabilities": [-0.9871540069580078, -4.803069114685059, -5.104249000549316, -5.170705318450928], "predictions": [70, 71, 396, 72, 93, 398, 399, 400, 401, 94, 6, 403, 404, 7, 73, 4], "target_tokens": ["[IN:GET_MUTUAL_FRIENDS", "[SL:CONTACT_RELATED", "@ptr3", "@ptr4", "@ptr5", "@ptr6", "SL:CONTACT_RELATED]", "[SL:CONTACT_RELATED", "@ptr8", "@ptr9", "SL:CONTACT_RELATED]", "IN:GET_MUTUAL_FRIENDS]"], "predicted_tokens": ["[IN:GET_CONTACT", "[SL:TYPE_RELATION", "@ptr1", "SL:TYPE_RELATION]", "[SL:CONTACT_RELATED", "@ptr3", "@ptr4", "@ptr5", "@ptr6", "SL:CONTACT_RELATED]", "[SL:CONTACT", "@ptr8", "@ptr9", "SL:CONTACT]", "IN:GET_CONTACT]"]}
{"loss": 1.4026967287063599, "class_log_probabilities": [-0.8035004138946533, -7.019254207611084, -7.218935966491699, -7.220297813415527], "predictions": [39, 40, 396, 41, 56, 398, 399, 400, 401, 402, 403, 57, 42, 4], "target_tokens": ["[IN:GET_STORIES_NEWS", "[SL:NEWS_TYPE", "@ptr1", "SL:NEWS_TYPE]", "[SL:NEWS_TOPIC", "@ptr3", "@ptr4", "@ptr5", "@ptr6", "@ptr7", "SL:NEWS_TOPIC]", "IN:GET_STORIES_NEWS]"], "predicted_tokens": ["[IN:GET_STORIES_NEWS", "[SL:NEWS_TYPE", "@ptr1", "SL:NEWS_TYPE]", "[SL:NEWS_TOPIC", "@ptr3", "@ptr4", "@ptr5", "@ptr6", "@ptr7", "@ptr8", "SL:NEWS_TOPIC]", "IN:GET_STORIES_NEWS]"]}
{"loss": 3.1663315296173096, "class_log_probabilities": [-1.7373738288879395, -3.097947359085083, -5.081627368927002, -5.539215564727783], "predictions": [51, 52, 398, 399, 400, 401, 402, 403, 53, 54, 4, 4, 4, 4, 4], "target_tokens": ["[IN:GET_RECIPES", "[SL:RECIPES_RATING", "@ptr10", "SL:RECIPES_RATING]", "[SL:RECIPES_DISH", "@ptr2", "@ptr3", "@ptr4", "@ptr5", "@ptr6", "@ptr7", "@ptr8", "SL:RECIPES_DISH]", "IN:GET_RECIPES]"], "predicted_tokens": ["[IN:GET_RECIPES", "[SL:RECIPES_DISH", "@ptr3", "@ptr4", "@ptr5", "@ptr6", "@ptr7", "@ptr8", "SL:RECIPES_DISH]", "IN:GET_RECIPES]"]}
{"loss": 2.8772449493408203, "class_log_probabilities": [-0.46657779812812805, -7.618345260620117, -8.178191184997559, -8.311908721923828], "predictions": [63, 64, 396, 65, 151, 397, 152, 68, 4, 4, 4], "target_tokens": ["[IN:PLAY_MUSIC", "[SL:MUSIC_GENRE", "@ptr2", "SL:MUSIC_GENRE]", "[SL:MUSIC_TYPE", "@ptr1", "SL:MUSIC_TYPE]", "IN:PLAY_MUSIC]"], "predicted_tokens": ["[IN:PLAY_MUSIC", "[SL:MUSIC_TYPE", "@ptr1", "SL:MUSIC_TYPE]", "[SL:MUSIC_GENRE", "@ptr2", "SL:MUSIC_GENRE]", "IN:PLAY_MUSIC]"]}
{"loss": 3.281428098678589, "class_log_probabilities": [-2.128075122833252, -3.9369373321533203, -4.114720821380615, -4.212480545043945], "predictions": [63, 206, 397, 398, 399, 400, 401, 402, 403, 404, 207, 103, 406, 104, 68, 4, 4], "target_tokens": ["[IN:PLAY_MUSIC", "[SL:MUSIC_ARTIST_NAME", "@ptr4", "@ptr5", "@ptr6", "@ptr7", "@ptr8", "SL:MUSIC_ARTIST_NAME]", "[SL:MUSIC_TYPE", "@ptr2", "@ptr3", "SL:MUSIC_TYPE]", "[SL:MUSIC_PROVIDER_NAME", "@ptr10", "SL:MUSIC_PROVIDER_NAME]", "IN:PLAY_MUSIC]"], "predicted_tokens": ["[IN:PLAY_MUSIC", "[SL:MUSIC_ALBUM_TITLE", "@ptr2", "@ptr3", "@ptr4", "@ptr5", "@ptr6", "@ptr7", "@ptr8", "@ptr9", "SL:MUSIC_ALBUM_TITLE]", "[SL:MUSIC_PROVIDER_NAME", "@ptr11", "SL:MUSIC_PROVIDER_NAME]", "IN:PLAY_MUSIC]"]}
{"loss": 3.176034450531006, "class_log_probabilities": [-0.5795285701751709, -6.041971206665039, -6.914448261260986, -7.18481969833374], "predictions": [75, 6, 397, 398, 7, 6, 401, 402, 7, 78, 4], "target_tokens": ["[IN:CREATE_CALL", "[SL:CONTACT", "@ptr2", "@ptr3", "SL:CONTACT]", "[SL:NAME_APP", "@ptr5", "@ptr6", "SL:NAME_APP]", "IN:CREATE_CALL]"], "predicted_tokens": ["[IN:CREATE_CALL", "[SL:CONTACT", "@ptr2", "@ptr3", "SL:CONTACT]", "[SL:CONTACT", "@ptr6", "@ptr7", "SL:CONTACT]", "IN:CREATE_CALL]"]}
{"loss": 1.9061707258224487, "class_log_probabilities": [-0.8536308407783508, -5.904284954071045, -7.338103771209717, -7.407000541687012], "predictions": [13, 14, 397, 15, 16, 402, 403, 404, 405, 406, 407, 408, 409, 17, 18, 4, 4], "target_tokens": ["[IN:GET_WEATHER", "[SL:LOCATION", "@ptr2", "SL:LOCATION]", "[SL:DATE_TIME", "@ptr6", "@ptr7", "@ptr8", "@ptr9", "@ptr10", "@ptr11", "@ptr12", "@ptr13", "SL:DATE_TIME]", "IN:GET_WEATHER]"], "predicted_tokens": ["[IN:GET_WEATHER", "[SL:LOCATION", "@ptr2", "SL:LOCATION]", "[SL:DATE_TIME", "@ptr7", "@ptr8", "@ptr9", "@ptr10", "@ptr11", "@ptr12", "@ptr13", "@ptr14", "SL:DATE_TIME]", "IN:GET_WEATHER]"]}
{"loss": 3.0256786346435547, "class_log_probabilities": [-1.2782604694366455, -1.8818095922470093, -4.678614616394043, -6.436965465545654], "predictions": [63, 64, 397, 65, 66, 398, 399, 400, 401, 67, 68, 4], "target_tokens": ["[IN:PLAY_MUSIC", "[SL:MUSIC_GENRE", "@ptr3", "@ptr4", "@ptr5", "SL:MUSIC_GENRE]", "IN:PLAY_MUSIC]"], "predicted_tokens": ["[IN:PLAY_MUSIC", "[SL:MUSIC_TYPE", "@ptr2", "SL:MUSIC_TYPE]", "[SL:MUSIC_ARTIST_NAME", "@ptr3", "@ptr4", "@ptr5", "@ptr6", "SL:MUSIC_ARTIST_NAME]", "IN:PLAY_MUSIC]"]}
{"loss": 2.4604134559631348, "class_log_probabilities": [-1.1041873693466187, -4.085444450378418, -4.114581108093262, -5.673312664031982], "predictions": [63, 64, 396, 65, 66, 397, 398, 399, 400, 401, 402, 403, 404, 67, 68, 4, 4], "target_tokens": ["[IN:PLAY_MUSIC", "[SL:MUSIC_GENRE", "@ptr2", "@ptr3", "@ptr4", "@ptr5", "@ptr6", "@ptr7", "@ptr8", "@ptr9", "SL:MUSIC_GENRE]", "[SL:MUSIC_TYPE", "@ptr1", "SL:MUSIC_TYPE]", "IN:PLAY_MUSIC]"], "predicted_tokens": ["[IN:PLAY_MUSIC", "[SL:MUSIC_TYPE", "@ptr1", "SL:MUSIC_TYPE]", "[SL:MUSIC_ARTIST_NAME", "@ptr2", "@ptr3", "@ptr4", "@ptr5", "@ptr6", "@ptr7", "@ptr8", "@ptr9", "SL:MUSIC_ARTIST_NAME]", "IN:PLAY_MUSIC]"]}
{"loss": 1.6995686292648315, "class_log_probabilities": [-0.9723523855209351, -3.9930453300476074, -4.509684085845947, -5.871322154998779], "predictions": [61, 83, 395, 396, 84, 14, 398, 15, 16, 400, 401, 17, 62, 4, 4], "target_tokens": ["[IN:GET_EVENT", "[SL:CATEGORY_EVENT", "@ptr0", "@ptr1", "SL:CATEGORY_EVENT]", "[SL:LOCATION", "@ptr3", "SL:LOCATION]", "[SL:DATE_TIME", "@ptr4", "@ptr5", "SL:DATE_TIME]", "IN:GET_EVENT]"], "predicted_tokens": ["[IN:GET_EVENT", "[SL:CATEGORY_EVENT", "@ptr0", "@ptr1", "SL:CATEGORY_EVENT]", "[SL:LOCATION", "@ptr3", "SL:LOCATION]", "[SL:DATE_TIME", "@ptr5", "@ptr6", "SL:DATE_TIME]", "IN:GET_EVENT]"]}
{"loss": 3.8475866317749023, "class_log_probabilities": [-0.6522905230522156, -6.247692108154297, -7.927499294281006, -7.94991397857666], "predictions": [39, 40, 395, 41, 133, 398, 134, 16, 399, 400, 17, 42, 4], "target_tokens": ["[IN:GET_STORIES_NEWS", "[SL:NEWS_SOURCE", "@ptr0", "@ptr3", "SL:NEWS_SOURCE]", "[SL:NEWS_REFERENCE", "@ptr1", "SL:NEWS_REFERENCE]", "[SL:NEWS_TYPE", "@ptr0", "SL:NEWS_TYPE]", "[SL:DATE_TIME", "@ptr4", "SL:DATE_TIME]", "IN:GET_STORIES_NEWS]"], "predicted_tokens": ["[IN:GET_STORIES_NEWS", "[SL:NEWS_TYPE", "@ptr0", "SL:NEWS_TYPE]", "[SL:NEWS_SOURCE", "@ptr3", "SL:NEWS_SOURCE]", "[SL:DATE_TIME", "@ptr4", "@ptr5", "SL:DATE_TIME]", "IN:GET_STORIES_NEWS]"]}
{"loss": 2.5737810134887695, "class_log_probabilities": [-0.4380999803543091, -7.655442237854004, -7.948657989501953, -7.949429035186768], "predictions": [75, 6, 397, 398, 399, 7, 78, 4, 4], "target_tokens": ["[IN:CREATE_CALL", "[SL:GROUP", "@ptr2", "@ptr3", "@ptr4", "SL:GROUP]", "IN:CREATE_CALL]"], "predicted_tokens": ["[IN:CREATE_CALL", "[SL:CONTACT", "@ptr2", "@ptr3", "@ptr4", "SL:CONTACT]", "IN:CREATE_CALL]"]}
{"loss": 2.0632970333099365, "class_log_probabilities": [-1.8096944093704224, -2.1708593368530273, -4.914678573608398, -5.846924304962158], "predictions": [63, 64, 396, 65, 101, 397, 398, 399, 400, 401, 102, 66, 403, 404, 405, 406, 407, 67, 68, 4], "target_tokens": ["[IN:PLAY_MUSIC", "[SL:MUSIC_TRACK_TITLE", "@ptr1", "@ptr2", "@ptr3", "@ptr4", "@ptr5", "SL:MUSIC_TRACK_TITLE]", "[SL:MUSIC_ARTIST_NAME", "@ptr7", "@ptr8", "@ptr9", "@ptr10", "@ptr11", "SL:MUSIC_ARTIST_NAME]", "IN:PLAY_MUSIC]"], "predicted_tokens": ["[IN:PLAY_MUSIC", "[SL:MUSIC_TYPE", "@ptr1", "SL:MUSIC_TYPE]", "[SL:MUSIC_TRACK_TITLE", "@ptr2", "@ptr3", "@ptr4", "@ptr5", "@ptr6", "SL:MUSIC_TRACK_TITLE]", "[SL:MUSIC_ARTIST_NAME", "@ptr8", "@ptr9", "@ptr10", "@ptr11", "@ptr12", "SL:MUSIC_ARTIST_NAME]", "IN:PLAY_MUSIC]"]}
{"loss": 2.855468273162842, "class_log_probabilities": [-2.9910950660705566, -5.118925094604492, -6.284209728240967, -14.749451637268066], "predictions": [63, 66, 398, 399, 67, 66, 401, 402, 67, 68, 4, 4, 4, 4], "target_tokens": ["[IN:CREATE_CALL", "[SL:CONTACT", "@ptr6", "@ptr7", "SL:CONTACT]", "IN:CREATE_CALL]"], "predicted_tokens": ["[IN:PLAY_MUSIC", "[SL:MUSIC_ARTIST_NAME", "@ptr3", "@ptr4", "SL:MUSIC_ARTIST_NAME]", "[SL:MUSIC_ARTIST_NAME", "@ptr6", "@ptr7", "SL:MUSIC_ARTIST_NAME]", "IN:PLAY_MUSIC]"]}
{"loss": 3.1908910274505615, "class_log_probabilities": [-1.8969933986663818, -2.165313959121704, -3.138545274734497, -4.63909387588501], "predictions": [63, 64, 396, 65, 101, 397, 398, 399, 400, 401, 402, 102, 68, 4, 4], "target_tokens": ["[IN:PLAY_MUSIC", "[SL:MUSIC_ARTIST_NAME", "@ptr2", "@ptr3", "@ptr4", "@ptr5", "@ptr6", "@ptr7", "SL:MUSIC_ARTIST_NAME]", "[SL:MUSIC_TYPE", "@ptr1", "SL:MUSIC_TYPE]", "IN:PLAY_MUSIC]"], "predicted_tokens": ["[IN:PLAY_MUSIC", "[SL:MUSIC_TYPE", "@ptr1", "SL:MUSIC_TYPE]", "[SL:MUSIC_TRACK_TITLE", "@ptr2", "@ptr3", "@ptr4", "@ptr5", "@ptr6", "@ptr7", "SL:MUSIC_TRACK_TITLE]", "IN:PLAY_MUSIC]"]}
{"loss": 4.591516971588135, "class_log_probabilities": [-0.4567950963973999, -6.4098639488220215, -6.810914516448975, -7.017611503601074], "predictions": [75, 6, 403, 404, 7, 78, 4], "target_tokens": ["[IN:END_CALL", "[SL:CONTACT", "@ptr7", "@ptr8", "SL:CONTACT]", "IN:END_CALL]"], "predicted_tokens": ["[IN:CREATE_CALL", "[SL:CONTACT", "@ptr8", "@ptr9", "SL:CONTACT]", "IN:CREATE_CALL]"]}
{"loss": 1.7893266677856445, "class_log_probabilities": [-2.2217769622802734, -3.6181230545043945, -4.013535976409912, -4.459624290466309], "predictions": [23, 10, 398, 399, 11, 76, 403, 77, 24, 405, 406, 407, 408, 409, 411, 25, 26, 4], "target_tokens": ["[IN:SEND_MESSAGE", "[SL:RECIPIENT", "@ptr3", "@ptr4", "SL:RECIPIENT]", "[SL:NAME_APP", "@ptr7", "SL:NAME_APP]", "[SL:CONTENT_EXACT", "@ptr10", "@ptr11", "@ptr12", "@ptr13", "@ptr14", "SL:CONTENT_EXACT]", "IN:SEND_MESSAGE]"], "predicted_tokens": ["[IN:SEND_MESSAGE", "[SL:RECIPIENT", "@ptr3", "@ptr4", "SL:RECIPIENT]", "[SL:NAME_APP", "@ptr8", "SL:NAME_APP]", "[SL:CONTENT_EXACT", "@ptr10", "@ptr11", "@ptr12", "@ptr13", "@ptr14", "@ptr16", "SL:CONTENT_EXACT]", "IN:SEND_MESSAGE]"]}
{"loss": 3.418806552886963, "class_log_probabilities": [-1.0960888862609863, -3.194087266921997, -4.666808128356934, -6.0556254386901855], "predictions": [327, 8, 399, 9, 10, 401, 402, 403, 404, 11, 328, 4], "target_tokens": ["[IN:CANCEL_MESSAGE", "[SL:TYPE_CONTENT", "@ptr3", "SL:TYPE_CONTENT]", "[SL:RECIPIENT", "@ptr5", "@ptr6", "@ptr7", "SL:RECIPIENT]", "IN:CANCEL_MESSAGE]"], "predicted_tokens": ["[IN:CANCEL_MESSAGE", "[SL:TYPE_CONTENT", "@ptr4", "SL:TYPE_CONTENT]", "[SL:RECIPIENT", "@ptr6", "@ptr7", "@ptr8", "@ptr9", "SL:RECIPIENT]", "IN:CANCEL_MESSAGE]"]}
{"loss": 3.4239606857299805, "class_log_probabilities": [-1.9562889337539673, -3.4262306690216064, -3.6563448905944824, -4.6675333976745605], "predictions": [327, 8, 401, 9, 10, 403, 404, 405, 406, 11, 328, 4], "target_tokens": ["[IN:CANCEL_MESSAGE", "[SL:TYPE_CONTENT", "@ptr5", "SL:TYPE_CONTENT]", "[SL:RECIPIENT", "@ptr7", "@ptr8", "@ptr9", "SL:RECIPIENT]", "IN:CANCEL_MESSAGE]"], "predicted_tokens": ["[IN:CANCEL_MESSAGE", "[SL:TYPE_CONTENT", "@ptr6", "SL:TYPE_CONTENT]", "[SL:RECIPIENT", "@ptr8", "@ptr9", "@ptr10", "@ptr11", "SL:RECIPIENT]", "IN:CANCEL_MESSAGE]"]}
{"loss": 1.4157555103302002, "class_log_probabilities": [-2.0158932209014893, -2.6241350173950195, -2.678680181503296, -3.2872438430786133], "predictions": [75, 6, 397, 398, 399, 400, 401, 402, 7, 76, 408, 77, 78, 4], "target_tokens": ["[IN:CREATE_CALL", "[SL:CONTACT", "@ptr2", "@ptr3", "@ptr4", "@ptr5", "@ptr6", "@ptr7", "SL:CONTACT]", "[SL:NAME_APP", "@ptr12", "@ptr13", "SL:NAME_APP]", "IN:CREATE_CALL]"], "predicted_tokens": ["[IN:CREATE_CALL", "[SL:CONTACT", "@ptr2", "@ptr3", "@ptr4", "@ptr5", "@ptr6", "@ptr7", "SL:CONTACT]", "[SL:NAME_APP", "@ptr13", "SL:NAME_APP]", "IN:CREATE_CALL]"]}
{"loss": 3.051835060119629, "class_log_probabilities": [-1.5425992012023926, -3.278700113296509, -5.695366382598877, -5.870628356933594], "predictions": [23, 8, 399, 9, 10, 401, 402, 403, 404, 405, 11, 26, 4], "target_tokens": ["[IN:SEND_MESSAGE", "[SL:TYPE_CONTENT", "@ptr3", "SL:TYPE_CONTENT]", "[SL:RECIPIENT", "@ptr5", "@ptr6", "@ptr7", "@ptr8", "@ptr9", "SL:RECIPIENT]", "IN:SEND_MESSAGE]"], "predicted_tokens": ["[IN:SEND_MESSAGE", "[SL:TYPE_CONTENT", "@ptr4", "SL:TYPE_CONTENT]", "[SL:RECIPIENT", "@ptr6", "@ptr7", "@ptr8", "@ptr9", "@ptr10", "SL:RECIPIENT]", "IN:SEND_MESSAGE]"]}
{"loss": 1.7400075197219849, "class_log_probabilities": [-1.4563785791397095, -2.809500217437744, -4.49665641784668, -5.986492156982422], "predictions": [23, 8, 397, 9, 10, 399, 400, 401, 11, 26, 4], "target_tokens": ["[IN:SEND_MESSAGE", "[SL:TYPE_CONTENT", "@ptr1", "SL:TYPE_CONTENT]", "[SL:RECIPIENT", "@ptr3", "@ptr4", "@ptr5", "SL:RECIPIENT]", "IN:SEND_MESSAGE]"], "predicted_tokens": ["[IN:SEND_MESSAGE", "[SL:TYPE_CONTENT", "@ptr2", "SL:TYPE_CONTENT]", "[SL:RECIPIENT", "@ptr4", "@ptr5", "@ptr6", "SL:RECIPIENT]", "IN:SEND_MESSAGE]"]}
{"loss": 0.9852441549301147, "class_log_probabilities": [-1.2215131521224976, -4.2294392585754395, -4.339025974273682, -4.893665313720703], "predictions": [23, 8, 396, 9, 10, 398, 399, 400, 11, 26, 4], "target_tokens": ["[IN:SEND_MESSAGE", "[SL:TYPE_CONTENT", "@ptr1", "SL:TYPE_CONTENT]", "[SL:RECIPIENT", "@ptr3", "@ptr4", "@ptr5", "SL:RECIPIENT]", "IN:SEND_MESSAGE]"], "predicted_tokens": ["[IN:SEND_MESSAGE", "[SL:TYPE_CONTENT", "@ptr1", "SL:TYPE_CONTENT]", "[SL:RECIPIENT", "@ptr3", "@ptr4", "@ptr5", "SL:RECIPIENT]", "IN:SEND_MESSAGE]"]}
{"loss": 1.6001129150390625, "class_log_probabilities": [-1.231778860092163, -2.47373104095459, -4.694639205932617, -6.32822847366333], "predictions": [23, 8, 397, 9, 10, 399, 400, 401, 11, 26, 4], "target_tokens": ["[IN:SEND_MESSAGE", "[SL:TYPE_CONTENT", "@ptr2", "SL:TYPE_CONTENT]", "[SL:RECIPIENT", "@ptr4", "@ptr5", "SL:RECIPIENT]", "IN:SEND_MESSAGE]"], "predicted_tokens": ["[IN:SEND_MESSAGE", "[SL:TYPE_CONTENT", "@ptr2", "SL:TYPE_CONTENT]", "[SL:RECIPIENT", "@ptr4", "@ptr5", "@ptr6", "SL:RECIPIENT]", "IN:SEND_MESSAGE]"]}
{"loss": 2.7607765197753906, "class_log_probabilities": [-0.41595810651779175, -6.886029243469238, -7.741215705871582, -8.02975845336914], "predictions": [153, 6, 396, 397, 398, 7, 154, 4, 4], "target_tokens": ["[IN:CREATE_CALL", "[SL:CONTACT", "@ptr1", "@ptr2", "@ptr3", "SL:CONTACT]", "IN:CREATE_CALL]"], "predicted_tokens": ["[IN:ANSWER_CALL", "[SL:CONTACT", "@ptr1", "@ptr2", "@ptr3", "SL:CONTACT]", "IN:ANSWER_CALL]"]}
{"loss": 2.4960596561431885, "class_log_probabilities": [-3.5086634159088135, -4.106496334075928, -4.2197957038879395, -4.712769031524658], "predictions": [63, 64, 396, 65, 66, 398, 399, 67, 68, 4, 4, 4, 4, 4, 4, 4, 4, 4], "target_tokens": ["[IN:PLAY_MUSIC", "[SL:MUSIC_ARTIST_NAME", "@ptr3", "@ptr4", "SL:MUSIC_ARTIST_NAME]", "[SL:MUSIC_PROVIDER_NAME", "@ptr6", "@ptr7", "@ptr8", "@ptr9", "SL:MUSIC_PROVIDER_NAME]", "IN:PLAY_MUSIC]"], "predicted_tokens": ["[IN:PLAY_MUSIC", "[SL:MUSIC_TYPE", "@ptr1", "SL:MUSIC_TYPE]", "[SL:MUSIC_ARTIST_NAME", "@ptr3", "@ptr4", "SL:MUSIC_ARTIST_NAME]", "IN:PLAY_MUSIC]"]}
{"loss": 1.3891489505767822, "class_log_probabilities": [-1.214526653289795, -4.043294429779053, -4.253368377685547, -4.892401695251465], "predictions": [107, 108, 396, 109, 108, 398, 109, 110, 4, 4, 4, 4, 4, 4], "target_tokens": ["[IN:UPDATE_CALL", "[SL:CONTACT_ADDED", "@ptr1", "SL:CONTACT_ADDED]", "[SL:CONTACT_ADDED", "@ptr3", "SL:CONTACT_ADDED]", "[SL:CONTACT", "@ptr9", "@ptr10", "SL:CONTACT]", "IN:UPDATE_CALL]"], "predicted_tokens": ["[IN:UPDATE_CALL", "[SL:CONTACT_ADDED", "@ptr1", "SL:CONTACT_ADDED]", "[SL:CONTACT_ADDED", "@ptr3", "SL:CONTACT_ADDED]", "IN:UPDATE_CALL]"]}
{"loss": 1.4883923530578613, "class_log_probabilities": [-1.2481663227081299, -4.018171310424805, -4.28684663772583, -4.403065204620361], "predictions": [23, 10, 398, 399, 400, 401, 11, 24, 406, 407, 408, 409, 410, 411, 412, 25, 26, 4, 4], "target_tokens": ["[IN:SEND_MESSAGE", "[SL:RECIPIENT", "@ptr3", "@ptr4", "@ptr5", "@ptr6", "SL:RECIPIENT]", "[SL:CONTENT_EXACT", "@ptr10", "@ptr11", "@ptr12", "@ptr13", "@ptr14", "@ptr15", "SL:CONTENT_EXACT]", "IN:SEND_MESSAGE]"], "predicted_tokens": ["[IN:SEND_MESSAGE", "[SL:RECIPIENT", "@ptr3", "@ptr4", "@ptr5", "@ptr6", "SL:RECIPIENT]", "[SL:CONTENT_EXACT", "@ptr11", "@ptr12", "@ptr13", "@ptr14", "@ptr15", "@ptr16", "@ptr17", "SL:CONTENT_EXACT]", "IN:SEND_MESSAGE]"]}
{"loss": 1.864460825920105, "class_log_probabilities": [-1.2181271314620972, -3.50919246673584, -3.5117075443267822, -4.00672721862793], "predictions": [23, 10, 399, 11, 24, 404, 405, 406, 407, 408, 409, 410, 411, 412, 413, 414, 415, 25, 26, 4, 4], "target_tokens": ["[IN:SEND_MESSAGE", "[SL:RECIPIENT", "@ptr4", "SL:RECIPIENT]", "[SL:CONTENT_EXACT", "@ptr8", "@ptr9", "@ptr10", "@ptr11", "@ptr12", "@ptr13", "@ptr14", "@ptr15", "@ptr16", "@ptr17", "@ptr18", "SL:CONTENT_EXACT]", "IN:SEND_MESSAGE]"], "predicted_tokens": ["[IN:SEND_MESSAGE", "[SL:RECIPIENT", "@ptr4", "SL:RECIPIENT]", "[SL:CONTENT_EXACT", "@ptr9", "@ptr10", "@ptr11", "@ptr12", "@ptr13", "@ptr14", "@ptr15", "@ptr16", "@ptr17", "@ptr18", "@ptr19", "@ptr20", "SL:CONTENT_EXACT]", "IN:SEND_MESSAGE]"]}
{"loss": 1.2810513973236084, "class_log_probabilities": [-1.1998234987258911, -4.099909782409668, -5.1250834465026855, -6.320532321929932], "predictions": [23, 10, 396, 397, 11, 24, 399, 400, 401, 402, 403, 404, 405, 406, 407, 25, 26, 4, 4], "target_tokens": ["[IN:SEND_MESSAGE", "[SL:RECIPIENT", "@ptr1", "@ptr2", "SL:RECIPIENT]", "[SL:CONTENT_EXACT", "@ptr4", "@ptr5", "@ptr6", "@ptr7", "@ptr8", "@ptr9", "@ptr10", "@ptr11", "SL:CONTENT_EXACT]", "IN:SEND_MESSAGE]"], "predicted_tokens": ["[IN:SEND_MESSAGE", "[SL:RECIPIENT", "@ptr1", "@ptr2", "SL:RECIPIENT]", "[SL:CONTENT_EXACT", "@ptr4", "@ptr5", "@ptr6", "@ptr7", "@ptr8", "@ptr9", "@ptr10", "@ptr11", "@ptr12", "SL:CONTENT_EXACT]", "IN:SEND_MESSAGE]"]}
{"loss": 1.5145713090896606, "class_log_probabilities": [-1.7392277717590332, -1.8790966272354126, -6.911881923675537, -7.271474361419678], "predictions": [23, 10, 398, 399, 400, 11, 24, 402, 403, 404, 405, 406, 25, 26, 4], "target_tokens": ["[IN:SEND_MESSAGE", "[SL:RECIPIENT", "@ptr3", "@ptr4", "@ptr5", "SL:RECIPIENT]", "[SL:CONTENT_EXACT", "@ptr7", "@ptr8", "@ptr9", "@ptr10", "SL:CONTENT_EXACT]", "IN:SEND_MESSAGE]"], "predicted_tokens": ["[IN:SEND_MESSAGE", "[SL:RECIPIENT", "@ptr3", "@ptr4", "@ptr5", "SL:RECIPIENT]", "[SL:CONTENT_EXACT", "@ptr7", "@ptr8", "@ptr9", "@ptr10", "@ptr11", "SL:CONTENT_EXACT]", "IN:SEND_MESSAGE]"]}
{"loss": 2.250365972518921, "class_log_probabilities": [-2.467749834060669, -2.7666714191436768, -2.8277502059936523, -3.8469185829162598], "predictions": [23, 10, 399, 400, 11, 24, 405, 406, 407, 25, 26, 4, 4, 4], "target_tokens": ["[IN:SEND_MESSAGE", "[SL:RECIPIENT", "@ptr3", "@ptr4", "SL:RECIPIENT]", "[SL:CONTENT_EXACT", "@ptr9", "@ptr10", "@ptr11", "SL:CONTENT_EXACT]", "IN:SEND_MESSAGE]"], "predicted_tokens": ["[IN:SEND_MESSAGE", "[SL:RECIPIENT", "@ptr4", "@ptr5", "SL:RECIPIENT]", "[SL:CONTENT_EXACT", "@ptr10", "@ptr11", "@ptr12", "SL:CONTENT_EXACT]", "IN:SEND_MESSAGE]"]}
{"loss": 3.613292694091797, "class_log_probabilities": [-1.4668680429458618, -3.6027212142944336, -6.030953407287598, -6.128500461578369], "predictions": [49, 34, 401, 402, 35, 16, 404, 405, 406, 407, 408, 17, 50, 4], "target_tokens": ["[IN:CREATE_REMINDER", "[SL:TODO", "@ptr5", "@ptr6", "SL:TODO]", "[SL:DATE_TIME", "@ptr7", "@ptr8", "@ptr9", "@ptr10", "@ptr11", "SL:DATE_TIME]", "IN:CREATE_REMINDER]"], "predicted_tokens": ["[IN:CREATE_REMINDER", "[SL:PERSON_REMINDED", "@ptr6", "@ptr7", "SL:PERSON_REMINDED]", "[SL:DATE_TIME", "@ptr9", "@ptr10", "@ptr11", "@ptr12", "@ptr13", "SL:DATE_TIME]", "IN:CREATE_REMINDER]"]}
{"loss": 2.122124671936035, "class_log_probabilities": [-1.478920817375183, -3.6918091773986816, -3.7403478622436523, -4.15144681930542], "predictions": [107, 108, 397, 398, 399, 109, 108, 405, 109, 110, 4], "target_tokens": ["[IN:UPDATE_CALL", "[SL:CONTACT_ADDED", "@ptr1", "@ptr2", "@ptr3", "@ptr4", "SL:CONTACT_ADDED]", "[SL:CONTACT", "@ptr10", "SL:CONTACT]", "IN:UPDATE_CALL]"], "predicted_tokens": ["[IN:UPDATE_CALL", "[SL:CONTACT_ADDED", "@ptr2", "@ptr3", "@ptr4", "SL:CONTACT_ADDED]", "[SL:CONTACT_ADDED", "@ptr10", "SL:CONTACT_ADDED]", "IN:UPDATE_CALL]"]}
{"loss": 2.84950590133667, "class_log_probabilities": [-1.733998417854309, -2.451138973236084, -5.364590167999268, -5.511207580566406], "predictions": [61, 16, 395, 17, 83, 398, 84, 14, 401, 402, 15, 62, 4, 4], "target_tokens": ["[IN:GET_EVENT", "[SL:CATEGORY_EVENT", "@ptr3", "SL:CATEGORY_EVENT]", "[SL:DATE_TIME", "@ptr0", "SL:DATE_TIME]", "[SL:LOCATION", "@ptr5", "@ptr6", "SL:LOCATION]", "IN:GET_EVENT]"], "predicted_tokens": ["[IN:GET_EVENT", "[SL:DATE_TIME", "@ptr0", "SL:DATE_TIME]", "[SL:CATEGORY_EVENT", "@ptr3", "SL:CATEGORY_EVENT]", "[SL:LOCATION", "@ptr6", "@ptr7", "SL:LOCATION]", "IN:GET_EVENT]"]}
{"loss": 1.2773663997650146, "class_log_probabilities": [-1.4191073179244995, -3.3640835285186768, -3.8486151695251465, -5.80515193939209], "predictions": [211, 6, 395, 396, 397, 7, 6, 400, 7, 212, 4], "target_tokens": ["[IN:GET_LOCATION", "[SL:CONTACT", "@ptr0", "@ptr1", "@ptr2", "SL:CONTACT]", "IN:GET_LOCATION]"], "predicted_tokens": ["[IN:GET_LOCATION", "[SL:CONTACT", "@ptr0", "@ptr1", "@ptr2", "SL:CONTACT]", "[SL:CONTACT", "@ptr5", "SL:CONTACT]", "IN:GET_LOCATION]"]}
{"loss": 2.7490243911743164, "class_log_probabilities": [-3.5259268283843994, -4.208310127258301, -4.435980319976807, -5.156116962432861], "predictions": [70, 71, 398, 399, 400, 72, 93, 401, 402, 403, 94, 73, 4, 4], "target_tokens": ["[IN:GET_CONTACT", "[SL:CONTACT_RELATED", "@ptr6", "@ptr7", "@ptr8", "SL:CONTACT_RELATED]", "[SL:TYPE_RELATION", "@ptr3", "@ptr4", "SL:TYPE_RELATION]", "IN:GET_CONTACT]"], "predicted_tokens": ["[IN:GET_CONTACT", "[SL:TYPE_RELATION", "@ptr3", "@ptr4", "@ptr5", "SL:TYPE_RELATION]", "[SL:CONTACT_RELATED", "@ptr6", "@ptr7", "@ptr8", "SL:CONTACT_RELATED]", "IN:GET_CONTACT]"]}
{"loss": 2.1575381755828857, "class_log_probabilities": [-0.7166745066642761, -2.382678985595703, -4.544984817504883, -7.345338821411133], "predictions": [70, 93, 395, 94, 257, 404, 405, 258, 73, 4, 4], "target_tokens": ["[IN:GET_CONTACT", "[SL:CONTACT_RELATED", "@ptr0", "SL:CONTACT_RELATED]", "[SL:SCHOOL", "@ptr7", "@ptr8", "SL:SCHOOL]", "IN:GET_CONTACT]"], "predicted_tokens": ["[IN:GET_CONTACT", "[SL:CONTACT_RELATED", "@ptr0", "SL:CONTACT_RELATED]", "[SL:SCHOOL", "@ptr9", "@ptr10", "SL:SCHOOL]", "IN:GET_CONTACT]"]}
{"loss": 3.128246307373047, "class_log_probabilities": [-1.5222750902175903, -3.338456630706787, -3.424974203109741, -4.4640326499938965], "predictions": [165, 52, 397, 398, 53, 52, 399, 400, 401, 53, 166, 4, 4], "target_tokens": ["[IN:IS_TRUE_RECIPES", "[SL:RECIPES_COOKING_METHOD", "@ptr2", "SL:RECIPES_COOKING_METHOD]", "[SL:RECIPES_DISH", "@ptr3", "@ptr4", "@ptr5", "SL:RECIPES_DISH]", "IN:IS_TRUE_RECIPES]"], "predicted_tokens": ["[IN:IS_TRUE_RECIPES", "[SL:RECIPES_DISH", "@ptr2", "@ptr3", "SL:RECIPES_DISH]", "[SL:RECIPES_DISH", "@ptr4", "@ptr5", "@ptr6", "SL:RECIPES_DISH]", "IN:IS_TRUE_RECIPES]"]}
{"loss": 0.9660401940345764, "class_log_probabilities": [-0.6192396879196167, -5.320416450500488, -7.823034763336182, -8.125031471252441], "predictions": [63, 64, 396, 65, 66, 399, 400, 401, 67, 68, 4, 4, 4, 4, 4], "target_tokens": ["[IN:PLAY_MUSIC", "[SL:MUSIC_TYPE", "@ptr1", "SL:MUSIC_TYPE]", "[SL:MUSIC_ARTIST_NAME", "@ptr4", "@ptr5", "@ptr6", "SL:MUSIC_ARTIST_NAME]", "IN:PLAY_MUSIC]"], "predicted_tokens": ["[IN:PLAY_MUSIC", "[SL:MUSIC_TYPE", "@ptr1", "SL:MUSIC_TYPE]", "[SL:MUSIC_ARTIST_NAME", "@ptr4", "@ptr5", "@ptr6", "SL:MUSIC_ARTIST_NAME]", "IN:PLAY_MUSIC]"]}
{"loss": 2.8400096893310547, "class_log_probabilities": [-0.9173140525817871, -3.8850271701812744, -4.791864395141602, -6.1942057609558105], "predictions": [63, 151, 397, 152, 66, 399, 400, 401, 402, 67, 68, 4, 4], "target_tokens": ["[IN:PLAY_MUSIC", "[SL:MUSIC_GENRE", "@ptr2", "SL:MUSIC_GENRE]", "[SL:MUSIC_TYPE", "@ptr1", "SL:MUSIC_TYPE]", "[SL:MUSIC_PROVIDER_NAME", "@ptr4", "@ptr5", "@ptr6", "SL:MUSIC_PROVIDER_NAME]", "IN:PLAY_MUSIC]"], "predicted_tokens": ["[IN:PLAY_MUSIC", "[SL:MUSIC_GENRE", "@ptr2", "SL:MUSIC_GENRE]", "[SL:MUSIC_ARTIST_NAME", "@ptr4", "@ptr5", "@ptr6", "@ptr7", "SL:MUSIC_ARTIST_NAME]", "IN:PLAY_MUSIC]"]}
{"loss": 4.28969144821167, "class_log_probabilities": [-4.611118793487549, -5.62948751449585, -6.040450096130371, -6.906085014343262], "predictions": [255, 101, 399, 102, 256, 4], "target_tokens": ["[IN:PAUSE_MUSIC", "[SL:MUSIC_TYPE", "@ptr3", "SL:MUSIC_TYPE]", "IN:PAUSE_MUSIC]"], "predicted_tokens": ["[IN:PAUSE_TIMER", "[SL:MUSIC_TRACK_TITLE", "@ptr4", "SL:MUSIC_TRACK_TITLE]", "IN:PAUSE_TIMER]"]}
{"loss": 2.8040130138397217, "class_log_probabilities": [-0.47036096453666687, -8.25869369506836, -8.311064720153809, -8.368167877197266], "predictions": [63, 64, 396, 65, 151, 397, 152, 68, 4], "target_tokens": ["[IN:PLAY_MUSIC", "[SL:MUSIC_GENRE", "@ptr2", "SL:MUSIC_GENRE]", "[SL:MUSIC_TYPE", "@ptr1", "SL:MUSIC_TYPE]", "IN:PLAY_MUSIC]"], "predicted_tokens": ["[IN:PLAY_MUSIC", "[SL:MUSIC_TYPE", "@ptr1", "SL:MUSIC_TYPE]", "[SL:MUSIC_GENRE", "@ptr2", "SL:MUSIC_GENRE]", "IN:PLAY_MUSIC]"]}
{"loss": 2.7784788608551025, "class_log_probabilities": [-0.8864488005638123, -2.892759084701538, -5.871585369110107, -8.399523735046387], "predictions": [63, 64, 396, 65, 66, 397, 398, 399, 67, 68, 4, 4, 4, 4, 4, 4, 4, 4, 4], "target_tokens": ["[IN:PLAY_MUSIC", "[SL:MUSIC_ARTIST_NAME", "@ptr2", "@ptr3", "@ptr4", "SL:MUSIC_ARTIST_NAME]", "[SL:MUSIC_TYPE", "@ptr1", "SL:MUSIC_TYPE]", "IN:PLAY_MUSIC]"], "predicted_tokens": ["[IN:PLAY_MUSIC", "[SL:MUSIC_TYPE", "@ptr1", "SL:MUSIC_TYPE]", "[SL:MUSIC_ARTIST_NAME", "@ptr2", "@ptr3", "@ptr4", "SL:MUSIC_ARTIST_NAME]", "IN:PLAY_MUSIC]"]}
{"loss": 0.9648796916007996, "class_log_probabilities": [-0.3384702205657959, -7.285205841064453, -8.231138229370117, -8.394240379333496], "predictions": [39, 40, 397, 41, 42, 4], "target_tokens": ["[IN:GET_STORIES_NEWS", "[SL:NEWS_TYPE", "@ptr2", "SL:NEWS_TYPE]", "IN:GET_STORIES_NEWS]"], "predicted_tokens": ["[IN:GET_STORIES_NEWS", "[SL:NEWS_TYPE", "@ptr2", "SL:NEWS_TYPE]", "IN:GET_STORIES_NEWS]"]}
{"loss": 1.3523941040039062, "class_log_probabilities": [-0.48574185371398926, -3.8130009174346924, -6.716986656188965, -7.235626220703125], "predictions": [51, 52, 396, 397, 398, 399, 53, 54, 4], "target_tokens": ["[IN:GET_RECIPES", "[SL:RECIPES_DISH", "@ptr1", "@ptr2", "@ptr3", "SL:RECIPES_DISH]", "IN:GET_RECIPES]"], "predicted_tokens": ["[IN:GET_RECIPES", "[SL:RECIPES_DISH", "@ptr1", "@ptr2", "@ptr3", "@ptr4", "SL:RECIPES_DISH]", "IN:GET_RECIPES]"]}
{"loss": 3.503525495529175, "class_log_probabilities": [-2.5326364040374756, -2.8563625812530518, -3.268829345703125, -5.089068412780762], "predictions": [27, 52, 398, 53, 28, 401, 29, 30, 4, 4, 4, 4], "target_tokens": ["[IN:GET_INFO_RECIPES", "[SL:RECIPES_ATTRIBUTE", "@ptr5", "SL:RECIPES_ATTRIBUTE]", "[SL:RECIPES_COOKING_METHOD", "@ptr2", "SL:RECIPES_COOKING_METHOD]", "[SL:RECIPES_DISH", "@ptr3", "SL:RECIPES_DISH]", "IN:GET_INFO_RECIPES]"], "predicted_tokens": ["[IN:GET_INFO_RECIPES", "[SL:RECIPES_DISH", "@ptr3", "SL:RECIPES_DISH]", "[SL:RECIPES_ATTRIBUTE", "@ptr6", "SL:RECIPES_ATTRIBUTE]", "IN:GET_INFO_RECIPES]"]}
